1.0 0.0
1.0 0.000577367205543
1.0 0.00115473441109
0.666666666667 0.00115473441109
0.75 0.00173210161663
0.8 0.00230946882217
0.833333333333 0.00288683602771
0.714285714286 0.00288683602771
0.75 0.00346420323326
0.666666666667 0.00346420323326
0.7 0.0040415704388
0.727272727273 0.00461893764434
0.75 0.00519630484988
0.692307692308 0.00519630484988
0.642857142857 0.00519630484988
0.666666666667 0.00577367205543
0.6875 0.00635103926097
0.647058823529 0.00635103926097
0.666666666667 0.00692840646651
0.684210526316 0.00750577367206
0.7 0.0080831408776
0.666666666667 0.0080831408776
0.681818181818 0.00866050808314
0.695652173913 0.00923787528868
0.708333333333 0.00981524249423
0.68 0.00981524249423
0.692307692308 0.0103926096998
0.703703703704 0.0109699769053
0.678571428571 0.0109699769053
0.689655172414 0.0115473441109
0.7 0.0121247113164
0.709677419355 0.0127020785219
0.71875 0.0132794457275
0.727272727273 0.013856812933
0.735294117647 0.0144341801386
0.714285714286 0.0144341801386
0.694444444444 0.0144341801386
0.702702702703 0.0150115473441
0.710526315789 0.0155889145497
0.692307692308 0.0155889145497
0.675 0.0155889145497
0.682926829268 0.0161662817552
0.690476190476 0.0167436489607
0.697674418605 0.0173210161663
0.704545454545 0.0178983833718
0.711111111111 0.0184757505774
0.695652173913 0.0184757505774
0.702127659574 0.0190531177829
0.708333333333 0.0196304849885
0.69387755102 0.0196304849885
0.7 0.020207852194
0.686274509804 0.020207852194
0.692307692308 0.0207852193995
0.679245283019 0.0207852193995
0.685185185185 0.0213625866051
0.690909090909 0.0219399538106
0.678571428571 0.0219399538106
0.666666666667 0.0219399538106
0.672413793103 0.0225173210162
0.661016949153 0.0225173210162
0.666666666667 0.0230946882217
0.672131147541 0.0236720554273
0.661290322581 0.0236720554273
0.666666666667 0.0242494226328
0.671875 0.0248267898383
0.661538461538 0.0248267898383
0.666666666667 0.0254041570439
0.65671641791 0.0254041570439
0.647058823529 0.0254041570439
0.63768115942 0.0254041570439
0.642857142857 0.0259815242494
0.647887323944 0.026558891455
0.638888888889 0.026558891455
0.643835616438 0.0271362586605
0.648648648649 0.0277136258661
0.653333333333 0.0282909930716
0.657894736842 0.0288683602771
0.649350649351 0.0288683602771
0.653846153846 0.0294457274827
0.645569620253 0.0294457274827
0.65 0.0300230946882
0.654320987654 0.0306004618938
0.658536585366 0.0311778290993
0.66265060241 0.0317551963048
0.666666666667 0.0323325635104
0.670588235294 0.0329099307159
0.674418604651 0.0334872979215
0.666666666667 0.0334872979215
0.670454545455 0.034064665127
0.674157303371 0.0346420323326
0.666666666667 0.0346420323326
0.67032967033 0.0352193995381
0.673913043478 0.0357967667436
0.666666666667 0.0357967667436
0.659574468085 0.0357967667436
0.652631578947 0.0357967667436
0.65625 0.0363741339492
0.659793814433 0.0369515011547
0.663265306122 0.0375288683603
0.656565656566 0.0375288683603
0.66 0.0381062355658
0.653465346535 0.0381062355658
0.656862745098 0.0386836027714
0.650485436893 0.0386836027714
0.644230769231 0.0386836027714
0.647619047619 0.0392609699769
0.641509433962 0.0392609699769
0.635514018692 0.0392609699769
0.62962962963 0.0392609699769
0.633027522936 0.0398383371824
0.627272727273 0.0398383371824
0.630630630631 0.040415704388
0.625 0.040415704388
0.619469026549 0.040415704388
0.622807017544 0.0409930715935
0.617391304348 0.0409930715935
0.620689655172 0.0415704387991
0.615384615385 0.0415704387991
0.610169491525 0.0415704387991
0.605042016807 0.0415704387991
0.608333333333 0.0421478060046
0.611570247934 0.0427251732102
0.614754098361 0.0433025404157
0.617886178862 0.0438799076212
0.620967741935 0.0444572748268
0.624 0.0450346420323
0.619047619048 0.0450346420323
0.622047244094 0.0456120092379
0.625 0.0461893764434
0.62015503876 0.0461893764434
0.615384615385 0.0461893764434
0.610687022901 0.0461893764434
0.606060606061 0.0461893764434
0.601503759398 0.0461893764434
0.60447761194 0.046766743649
0.607407407407 0.0473441108545
0.610294117647 0.04792147806
0.605839416058 0.04792147806
0.608695652174 0.0484988452656
0.604316546763 0.0484988452656
0.6 0.0484988452656
0.595744680851 0.0484988452656
0.598591549296 0.0490762124711
0.601398601399 0.0496535796767
0.604166666667 0.0502309468822
0.606896551724 0.0508083140878
0.602739726027 0.0508083140878
0.598639455782 0.0508083140878
0.594594594595 0.0508083140878
0.590604026846 0.0508083140878
0.586666666667 0.0508083140878
0.582781456954 0.0508083140878
0.585526315789 0.0513856812933
0.581699346405 0.0513856812933
0.577922077922 0.0513856812933
0.574193548387 0.0513856812933
0.570512820513 0.0513856812933
0.566878980892 0.0513856812933
0.569620253165 0.0519630484988
0.572327044025 0.0525404157044
0.56875 0.0525404157044
0.565217391304 0.0525404157044
0.561728395062 0.0525404157044
0.564417177914 0.0531177829099
0.567073170732 0.0536951501155
0.563636363636 0.0536951501155
0.560240963855 0.0536951501155
0.562874251497 0.054272517321
0.565476190476 0.0548498845266
0.562130177515 0.0548498845266
0.564705882353 0.0554272517321
0.561403508772 0.0554272517321
0.558139534884 0.0554272517321
0.560693641618 0.0560046189376
0.563218390805 0.0565819861432
0.565714285714 0.0571593533487
0.568181818182 0.0577367205543
0.564971751412 0.0577367205543
0.561797752809 0.0577367205543
0.558659217877 0.0577367205543
0.555555555556 0.0577367205543
0.552486187845 0.0577367205543
0.549450549451 0.0577367205543
0.546448087432 0.0577367205543
0.548913043478 0.0583140877598
0.551351351351 0.0588914549654
0.548387096774 0.0588914549654
0.545454545455 0.0588914549654
0.547872340426 0.0594688221709
0.550264550265 0.0600461893764
0.547368421053 0.0600461893764
0.544502617801 0.0600461893764
0.541666666667 0.0600461893764
0.538860103627 0.0600461893764
0.541237113402 0.060623556582
0.538461538462 0.060623556582
0.535714285714 0.060623556582
0.53807106599 0.0612009237875
0.540404040404 0.0617782909931
0.537688442211 0.0617782909931
0.535 0.0617782909931
0.537313432836 0.0623556581986
0.539603960396 0.0629330254042
0.536945812808 0.0629330254042
0.53431372549 0.0629330254042
0.531707317073 0.0629330254042
0.533980582524 0.0635103926097
0.531400966184 0.0635103926097
0.528846153846 0.0635103926097
0.526315789474 0.0635103926097
0.52380952381 0.0635103926097
0.521327014218 0.0635103926097
0.518867924528 0.0635103926097
0.516431924883 0.0635103926097
0.514018691589 0.0635103926097
0.511627906977 0.0635103926097
0.509259259259 0.0635103926097
0.506912442396 0.0635103926097
0.504587155963 0.0635103926097
0.502283105023 0.0635103926097
0.504545454545 0.0640877598152
0.502262443439 0.0640877598152
0.5 0.0640877598152
0.497757847534 0.0640877598152
0.495535714286 0.0640877598152
0.497777777778 0.0646651270208
0.495575221239 0.0646651270208
0.493392070485 0.0646651270208
0.495614035088 0.0652424942263
0.493449781659 0.0652424942263
0.495652173913 0.0658198614319
0.493506493506 0.0658198614319
0.495689655172 0.0663972286374
0.497854077253 0.066974595843
0.495726495726 0.066974595843
0.493617021277 0.066974595843
0.495762711864 0.0675519630485
0.497890295359 0.068129330254
0.5 0.0687066974596
0.497907949791 0.0687066974596
0.495833333333 0.0687066974596
0.49377593361 0.0687066974596
0.49173553719 0.0687066974596
0.489711934156 0.0687066974596
0.491803278689 0.0692840646651
0.489795918367 0.0692840646651
0.487804878049 0.0692840646651
0.485829959514 0.0692840646651
0.483870967742 0.0692840646651
0.481927710843 0.0692840646651
0.48 0.0692840646651
0.482071713147 0.0698614318707
0.480158730159 0.0698614318707
0.482213438735 0.0704387990762
0.48031496063 0.0704387990762
0.478431372549 0.0704387990762
0.48046875 0.0710161662818
0.47859922179 0.0710161662818
0.476744186047 0.0710161662818
0.474903474903 0.0710161662818
0.476923076923 0.0715935334873
0.475095785441 0.0715935334873
0.477099236641 0.0721709006928
0.475285171103 0.0721709006928
0.477272727273 0.0727482678984
0.475471698113 0.0727482678984
0.473684210526 0.0727482678984
0.475655430712 0.0733256351039
0.473880597015 0.0733256351039
0.472118959108 0.0733256351039
0.47037037037 0.0733256351039
0.468634686347 0.0733256351039
0.470588235294 0.0739030023095
0.468864468864 0.0739030023095
0.467153284672 0.0739030023095
0.465454545455 0.0739030023095
0.463768115942 0.0739030023095
0.462093862816 0.0739030023095
0.460431654676 0.0739030023095
0.462365591398 0.074480369515
0.464285714286 0.0750577367206
0.462633451957 0.0750577367206
0.460992907801 0.0750577367206
0.462897526502 0.0756351039261
0.464788732394 0.0762124711316
0.466666666667 0.0767898383372
0.465034965035 0.0767898383372
0.463414634146 0.0767898383372
0.465277777778 0.0773672055427
0.463667820069 0.0773672055427
0.462068965517 0.0773672055427
0.463917525773 0.0779445727483
0.462328767123 0.0779445727483
0.464163822526 0.0785219399538
0.462585034014 0.0785219399538
0.461016949153 0.0785219399538
0.459459459459 0.0785219399538
0.461279461279 0.0790993071594
0.463087248322 0.0796766743649
0.461538461538 0.0796766743649
0.46 0.0796766743649
0.461794019934 0.0802540415704
0.46357615894 0.080831408776
0.465346534653 0.0814087759815
0.463815789474 0.0814087759815
0.462295081967 0.0814087759815
0.464052287582 0.0819861431871
0.465798045603 0.0825635103926
0.467532467532 0.0831408775982
0.466019417476 0.0831408775982
0.464516129032 0.0831408775982
0.463022508039 0.0831408775982
0.464743589744 0.0837182448037
0.466453674121 0.0842956120092
0.464968152866 0.0842956120092
0.466666666667 0.0848729792148
0.465189873418 0.0848729792148
0.466876971609 0.0854503464203
0.465408805031 0.0854503464203
0.467084639498 0.0860277136259
0.465625 0.0860277136259
0.464174454829 0.0860277136259
0.462732919255 0.0860277136259
0.46439628483 0.0866050808314
0.462962962963 0.0866050808314
0.461538461538 0.0866050808314
0.460122699387 0.0866050808314
0.45871559633 0.0866050808314
0.457317073171 0.0866050808314
0.455927051672 0.0866050808314
0.454545454545 0.0866050808314
0.453172205438 0.0866050808314
0.451807228916 0.0866050808314
0.45045045045 0.0866050808314
0.449101796407 0.0866050808314
0.44776119403 0.0866050808314
0.449404761905 0.087182448037
0.448071216617 0.087182448037
0.44674556213 0.087182448037
0.448377581121 0.0877598152425
0.45 0.088337182448
0.448680351906 0.088337182448
0.450292397661 0.0889145496536
0.448979591837 0.0889145496536
0.447674418605 0.0889145496536
0.446376811594 0.0889145496536
0.447976878613 0.0894919168591
0.446685878963 0.0894919168591
0.448275862069 0.0900692840647
0.446991404011 0.0900692840647
0.445714285714 0.0900692840647
0.444444444444 0.0900692840647
0.443181818182 0.0900692840647
0.444759206799 0.0906466512702
0.443502824859 0.0906466512702
0.442253521127 0.0906466512702
0.441011235955 0.0906466512702
0.442577030812 0.0912240184758
0.444134078212 0.0918013856813
0.442896935933 0.0918013856813
0.441666666667 0.0918013856813
0.440443213296 0.0918013856813
0.439226519337 0.0918013856813
0.438016528926 0.0918013856813
0.436813186813 0.0918013856813
0.435616438356 0.0918013856813
0.434426229508 0.0918013856813
0.435967302452 0.0923787528868
0.4375 0.0929561200924
0.436314363144 0.0929561200924
0.437837837838 0.0935334872979
0.43935309973 0.0941108545035
0.438172043011 0.0941108545035
0.436997319035 0.0941108545035
0.438502673797 0.094688221709
0.44 0.0952655889145
0.441489361702 0.0958429561201
0.442970822281 0.0964203233256
0.441798941799 0.0964203233256
0.440633245383 0.0964203233256
0.442105263158 0.0969976905312
0.44094488189 0.0969976905312
0.442408376963 0.0975750577367
0.441253263708 0.0975750577367
0.440104166667 0.0975750577367
0.438961038961 0.0975750577367
0.437823834197 0.0975750577367
0.43669250646 0.0975750577367
0.435567010309 0.0975750577367
0.434447300771 0.0975750577367
0.433333333333 0.0975750577367
0.432225063939 0.0975750577367
0.43112244898 0.0975750577367
0.432569974555 0.0981524249423
0.431472081218 0.0981524249423
0.430379746835 0.0981524249423
0.431818181818 0.0987297921478
0.430730478589 0.0987297921478
0.43216080402 0.0993071593533
0.4335839599 0.0998845265589
0.4325 0.0998845265589
0.431421446384 0.0998845265589
0.430348258706 0.0998845265589
0.429280397022 0.0998845265589
0.428217821782 0.0998845265589
0.427160493827 0.0998845265589
0.426108374384 0.0998845265589
0.427518427518 0.100461893764
0.426470588235 0.100461893764
0.427872860636 0.10103926097
0.426829268293 0.10103926097
0.425790754258 0.10103926097
0.424757281553 0.10103926097
0.423728813559 0.10103926097
0.42270531401 0.10103926097
0.421686746988 0.10103926097
0.423076923077 0.101616628176
0.42206235012 0.101616628176
0.423444976077 0.102193995381
0.422434367542 0.102193995381
0.421428571429 0.102193995381
0.422802850356 0.102771362587
0.421800947867 0.102771362587
0.420803782506 0.102771362587
0.422169811321 0.103348729792
0.421176470588 0.103348729792
0.420187793427 0.103348729792
0.419203747073 0.103348729792
0.418224299065 0.103348729792
0.417249417249 0.103348729792
0.416279069767 0.103348729792
0.415313225058 0.103348729792
0.414351851852 0.103348729792
0.413394919169 0.103348729792
0.412442396313 0.103348729792
0.411494252874 0.103348729792
0.410550458716 0.103348729792
0.409610983982 0.103348729792
0.408675799087 0.103348729792
0.407744874715 0.103348729792
0.406818181818 0.103348729792
0.40589569161 0.103348729792
0.407239819005 0.103926096998
0.408577878104 0.104503464203
0.407657657658 0.104503464203
0.406741573034 0.104503464203
0.405829596413 0.104503464203
0.404921700224 0.104503464203
0.404017857143 0.104503464203
0.403118040089 0.104503464203
0.402222222222 0.104503464203
0.40133037694 0.104503464203
0.402654867257 0.105080831409
0.401766004415 0.105080831409
0.400881057269 0.105080831409
0.402197802198 0.105658198614
0.401315789474 0.105658198614
0.400437636761 0.105658198614
0.401746724891 0.10623556582
0.400871459695 0.10623556582
0.4 0.10623556582
0.401301518438 0.106812933025
0.400432900433 0.106812933025
0.399568034557 0.106812933025
0.400862068966 0.107390300231
0.4 0.107390300231
0.399141630901 0.107390300231
0.398286937901 0.107390300231
0.397435897436 0.107390300231
0.398720682303 0.107967667436
0.4 0.108545034642
0.3991507431 0.108545034642
0.398305084746 0.108545034642
0.397463002114 0.108545034642
0.396624472574 0.108545034642
0.397894736842 0.109122401848
0.399159663866 0.109699769053
0.400419287212 0.110277136259
0.399581589958 0.110277136259
0.398747390397 0.110277136259
0.397916666667 0.110277136259
0.397089397089 0.110277136259
0.396265560166 0.110277136259
0.395445134576 0.110277136259
0.394628099174 0.110277136259
0.39381443299 0.110277136259
0.395061728395 0.110854503464
0.394250513347 0.110854503464
0.393442622951 0.110854503464
0.39263803681 0.110854503464
0.39387755102 0.11143187067
0.395112016293 0.112009237875
0.396341463415 0.112586605081
0.395537525355 0.112586605081
0.396761133603 0.113163972286
0.39595959596 0.113163972286
0.397177419355 0.113741339492
0.396378269618 0.113741339492
0.397590361446 0.114318706697
0.39879759519 0.114896073903
0.4 0.115473441109
0.399201596806 0.115473441109
0.398406374502 0.115473441109
0.397614314115 0.115473441109
0.396825396825 0.115473441109
0.39801980198 0.116050808314
0.397233201581 0.116050808314
0.396449704142 0.116050808314
0.395669291339 0.116050808314
0.39489194499 0.116050808314
0.394117647059 0.116050808314
0.39530332681 0.11662817552
0.396484375 0.117205542725
0.395711500975 0.117205542725
0.394941634241 0.117205542725
0.394174757282 0.117205542725
0.393410852713 0.117205542725
0.392649903288 0.117205542725
0.391891891892 0.117205542725
0.391136801541 0.117205542725
0.392307692308 0.117782909931
0.393474088292 0.118360277136
0.392720306513 0.118360277136
0.391969407266 0.118360277136
0.391221374046 0.118360277136
0.390476190476 0.118360277136
0.389733840304 0.118360277136
0.3889943074 0.118360277136
0.388257575758 0.118360277136
0.389413988658 0.118937644342
0.388679245283 0.118937644342
0.389830508475 0.119515011547
0.389097744361 0.119515011547
0.388367729831 0.119515011547
0.387640449438 0.119515011547
0.388785046729 0.120092378753
0.389925373134 0.120669745958
0.391061452514 0.121247113164
0.39219330855 0.12182448037
0.39332096475 0.122401847575
0.392592592593 0.122401847575
0.393715341959 0.122979214781
0.392988929889 0.122979214781
0.39226519337 0.122979214781
0.393382352941 0.123556581986
0.392660550459 0.123556581986
0.391941391941 0.123556581986
0.391224862888 0.123556581986
0.392335766423 0.124133949192
0.391621129326 0.124133949192
0.392727272727 0.124711316397
0.392014519056 0.124711316397
0.391304347826 0.124711316397
0.392405063291 0.125288683603
0.391696750903 0.125288683603
0.392792792793 0.125866050808
0.393884892086 0.126443418014
0.393177737882 0.126443418014
0.394265232975 0.127020785219
0.393559928444 0.127020785219
0.392857142857 0.127020785219
0.393939393939 0.127598152425
0.395017793594 0.12817551963
0.396092362345 0.128752886836
0.397163120567 0.129330254042
0.396460176991 0.129330254042
0.395759717314 0.129330254042
0.396825396825 0.129907621247
0.396126760563 0.129907621247
0.397188049209 0.130484988453
0.398245614035 0.131062355658
0.397548161121 0.131062355658
0.398601398601 0.131639722864
0.397905759162 0.131639722864
0.398954703833 0.132217090069
0.398260869565 0.132217090069
0.399305555556 0.132794457275
0.398613518198 0.132794457275
0.397923875433 0.132794457275
0.397236614853 0.132794457275
0.398275862069 0.13337182448
0.397590361446 0.13337182448
0.396907216495 0.13337182448
0.397941680961 0.133949191686
0.39897260274 0.134526558891
0.398290598291 0.134526558891
0.399317406143 0.135103926097
0.39863713799 0.135103926097
0.399659863946 0.135681293303
0.400679117148 0.136258660508
0.4 0.136258660508
0.399323181049 0.136258660508
0.400337837838 0.136836027714
0.399662731872 0.136836027714
0.39898989899 0.136836027714
0.398319327731 0.136836027714
0.397651006711 0.136836027714
0.398659966499 0.137413394919
0.397993311037 0.137413394919
0.398998330551 0.137990762125
0.398333333333 0.137990762125
0.397670549085 0.137990762125
0.397009966777 0.137990762125
0.396351575456 0.137990762125
0.397350993377 0.13856812933
0.398347107438 0.139145496536
0.397689768977 0.139145496536
0.397034596376 0.139145496536
0.396381578947 0.139145496536
0.395730706076 0.139145496536
0.395081967213 0.139145496536
0.394435351882 0.139145496536
0.393790849673 0.139145496536
0.394779771615 0.139722863741
0.394136807818 0.139722863741
0.39512195122 0.140300230947
0.394480519481 0.140300230947
0.393841166937 0.140300230947
0.394822006472 0.140877598152
0.394184168013 0.140877598152
0.393548387097 0.140877598152
0.392914653784 0.140877598152
0.392282958199 0.140877598152
0.393258426966 0.141454965358
0.394230769231 0.142032332564
0.3936 0.142032332564
0.392971246006 0.142032332564
0.393939393939 0.142609699769
0.393312101911 0.142609699769
0.392686804452 0.142609699769
0.392063492063 0.142609699769
0.393026941363 0.143187066975
0.392405063291 0.143187066975
0.391785150079 0.143187066975
0.392744479495 0.14376443418
0.392125984252 0.14376443418
0.391509433962 0.14376443418
0.390894819466 0.14376443418
0.391849529781 0.144341801386
0.391236306729 0.144341801386
0.390625 0.144341801386
0.390015600624 0.144341801386
0.389408099688 0.144341801386
0.388802488336 0.144341801386
0.388198757764 0.144341801386
0.389147286822 0.144919168591
0.388544891641 0.144919168591
0.389489953632 0.145496535797
0.388888888889 0.145496535797
0.388289676425 0.145496535797
0.389230769231 0.146073903002
0.390168970814 0.146651270208
0.389570552147 0.146651270208
0.390505359877 0.147228637413
0.391437308869 0.147806004619
0.390839694656 0.147806004619
0.390243902439 0.147806004619
0.391171993912 0.148383371824
0.390577507599 0.148383371824
0.389984825493 0.148383371824
0.389393939394 0.148383371824
0.38880484115 0.148383371824
0.389728096677 0.14896073903
0.389140271493 0.14896073903
0.390060240964 0.149538106236
0.389473684211 0.149538106236
0.39039039039 0.150115473441
0.389805097451 0.150115473441
0.389221556886 0.150115473441
0.388639760837 0.150115473441
0.388059701493 0.150115473441
0.387481371088 0.150115473441
0.388392857143 0.150692840647
0.387815750371 0.150692840647
0.387240356083 0.150692840647
0.386666666667 0.150692840647
0.386094674556 0.150692840647
0.38552437223 0.150692840647
0.384955752212 0.150692840647
0.384388807069 0.150692840647
0.383823529412 0.150692840647
0.384728340675 0.151270207852
0.384164222874 0.151270207852
0.383601756955 0.151270207852
0.384502923977 0.151847575058
0.383941605839 0.151847575058
0.383381924198 0.151847575058
0.382823871907 0.151847575058
0.38226744186 0.151847575058
0.383164005806 0.152424942263
0.382608695652 0.152424942263
0.382054992764 0.152424942263
0.381502890173 0.152424942263
0.380952380952 0.152424942263
0.380403458213 0.152424942263
0.381294964029 0.153002309469
0.380747126437 0.153002309469
0.380200860832 0.153002309469
0.379656160458 0.153002309469
0.379113018598 0.153002309469
0.378571428571 0.153002309469
0.379457917261 0.153579676674
0.378917378917 0.153579676674
0.379800853485 0.15415704388
0.380681818182 0.154734411085
0.381560283688 0.155311778291
0.382436260623 0.155889145497
0.38189533239 0.155889145497
0.382768361582 0.156466512702
0.383638928068 0.157043879908
0.383098591549 0.157043879908
0.383966244726 0.157621247113
0.384831460674 0.158198614319
0.384291725105 0.158198614319
0.383753501401 0.158198614319
0.383216783217 0.158198614319
0.384078212291 0.158775981524
0.383542538354 0.158775981524
0.383008356546 0.158775981524
0.38247566064 0.158775981524
0.381944444444 0.158775981524
0.382801664355 0.15935334873
0.383656509695 0.159930715935
0.383125864454 0.159930715935
0.382596685083 0.159930715935
0.382068965517 0.159930715935
0.381542699725 0.159930715935
0.381017881706 0.159930715935
0.380494505495 0.159930715935
0.379972565158 0.159930715935
0.379452054795 0.159930715935
0.378932968536 0.159930715935
0.379781420765 0.160508083141
0.379263301501 0.160508083141
0.380108991826 0.161085450346
0.380952380952 0.161662817552
0.380434782609 0.161662817552
0.381275440977 0.162240184758
0.380758807588 0.162240184758
0.381596752368 0.162817551963
0.381081081081 0.162817551963
0.380566801619 0.162817551963
0.381401617251 0.163394919169
0.380888290713 0.163394919169
0.380376344086 0.163394919169
0.379865771812 0.163394919169
0.380697050938 0.163972286374
0.380187416332 0.163972286374
0.379679144385 0.163972286374
0.37917222964 0.163972286374
0.38 0.16454965358
0.380825565912 0.165127020785
0.380319148936 0.165127020785
0.379814077025 0.165127020785
0.379310344828 0.165127020785
0.380132450331 0.165704387991
0.37962962963 0.165704387991
0.379128137384 0.165704387991
0.378627968338 0.165704387991
0.37812911726 0.165704387991
0.377631578947 0.165704387991
0.377135348226 0.165704387991
0.376640419948 0.165704387991
0.376146788991 0.165704387991
0.375654450262 0.165704387991
0.376470588235 0.166281755196
0.375979112272 0.166281755196
0.376792698827 0.166859122402
0.377604166667 0.167436489607
0.37711313394 0.167436489607
0.376623376623 0.167436489607
0.376134889754 0.167436489607
0.376943005181 0.168013856813
0.376455368693 0.168013856813
0.375968992248 0.168013856813
0.375483870968 0.168013856813
0.375 0.168013856813
0.375804375804 0.168591224018
0.376606683805 0.169168591224
0.376123234917 0.169168591224
0.375641025641 0.169168591224
0.375160051216 0.169168591224
0.374680306905 0.169168591224
0.375478927203 0.16974595843
0.376275510204 0.170323325635
0.377070063694 0.170900692841
0.376590330789 0.170900692841
0.376111817027 0.170900692841
0.375634517766 0.170900692841
0.37515842839 0.170900692841
0.374683544304 0.170900692841
0.374209860936 0.170900692841
0.375 0.171478060046
0.374527112232 0.171478060046
0.374055415617 0.171478060046
0.37358490566 0.171478060046
0.374371859296 0.172055427252
0.375156838143 0.172632794457
0.374686716792 0.172632794457
0.374217772215 0.172632794457
0.375 0.173210161663
0.374531835206 0.173210161663
0.375311720698 0.173787528868
0.374844333748 0.173787528868
0.375621890547 0.174364896074
0.375155279503 0.174364896074
0.375930521092 0.174942263279
0.376703841388 0.175519630485
0.376237623762 0.175519630485
0.375772558714 0.175519630485
0.375308641975 0.175519630485
0.37607891492 0.176096997691
0.375615763547 0.176096997691
0.376383763838 0.176674364896
0.37714987715 0.177251732102
0.377914110429 0.177829099307
0.378676470588 0.178406466513
0.379436964504 0.178983833718
0.380195599022 0.179561200924
0.380952380952 0.180138568129
0.380487804878 0.180138568129
0.380024360536 0.180138568129
0.379562043796 0.180138568129
0.379100850547 0.180138568129
0.378640776699 0.180138568129
0.379393939394 0.180715935335
0.378934624697 0.180715935335
0.379685610641 0.18129330254
0.37922705314 0.18129330254
0.37876960193 0.18129330254
0.378313253012 0.18129330254
0.377858002407 0.18129330254
0.377403846154 0.18129330254
0.376950780312 0.18129330254
0.376498800959 0.18129330254
0.376047904192 0.18129330254
0.375598086124 0.18129330254
0.376344086022 0.181870669746
0.375894988067 0.181870669746
0.375446960667 0.181870669746
0.375 0.181870669746
0.375743162901 0.182448036952
0.375296912114 0.182448036952
0.376037959668 0.183025404157
0.375592417062 0.183025404157
0.375147928994 0.183025404157
0.375886524823 0.183602771363
0.375442739079 0.183602771363
0.376179245283 0.184180138568
0.375736160188 0.184180138568
0.375294117647 0.184180138568
0.374853113984 0.184180138568
0.37441314554 0.184180138568
0.373974208675 0.184180138568
0.373536299766 0.184180138568
0.373099415205 0.184180138568
0.372663551402 0.184180138568
0.372228704784 0.184180138568
0.371794871795 0.184180138568
0.371362048894 0.184180138568
0.370930232558 0.184180138568
0.37049941928 0.184180138568
0.370069605568 0.184180138568
0.369640787949 0.184180138568
0.37037037037 0.184757505774
0.369942196532 0.184757505774
0.370669745958 0.185334872979
0.370242214533 0.185334872979
0.369815668203 0.185334872979
0.370540851554 0.185912240185
0.371264367816 0.18648960739
0.371986222732 0.187066974596
0.371559633028 0.187066974596
0.371134020619 0.187066974596
0.370709382151 0.187066974596
0.370285714286 0.187066974596
0.369863013699 0.187066974596
0.369441277081 0.187066974596
0.369020501139 0.187066974596
0.368600682594 0.187066974596
0.368181818182 0.187066974596
0.368898978434 0.187644341801
0.368480725624 0.187644341801
0.368063420159 0.187644341801
0.367647058824 0.187644341801
0.367231638418 0.187644341801
0.366817155756 0.187644341801
0.366403607666 0.187644341801
0.367117117117 0.188221709007
0.36670416198 0.188221709007
0.366292134831 0.188221709007
0.367003367003 0.188799076212
0.366591928251 0.188799076212
0.366181410974 0.188799076212
0.365771812081 0.188799076212
0.365363128492 0.188799076212
0.364955357143 0.188799076212
0.364548494983 0.188799076212
0.365256124722 0.189376443418
0.364849833148 0.189376443418
0.364444444444 0.189376443418
0.365149833518 0.189953810624
0.364745011086 0.189953810624
0.364341085271 0.189953810624
0.363938053097 0.189953810624
0.364640883978 0.190531177829
0.364238410596 0.190531177829
0.363836824697 0.190531177829
0.363436123348 0.190531177829
0.364136413641 0.191108545035
0.363736263736 0.191108545035
0.364434687157 0.19168591224
0.364035087719 0.19168591224
0.363636363636 0.19168591224
0.363238512035 0.19168591224
0.362841530055 0.19168591224
0.362445414847 0.19168591224
0.363140676118 0.192263279446
0.362745098039 0.192263279446
0.362350380849 0.192263279446
0.361956521739 0.192263279446
0.361563517915 0.192263279446
0.361171366594 0.192263279446
0.360780065005 0.192263279446
0.36038961039 0.192263279446
0.36 0.192263279446
0.359611231102 0.192263279446
0.359223300971 0.192263279446
0.358836206897 0.192263279446
0.358449946179 0.192263279446
0.358064516129 0.192263279446
0.357679914071 0.192263279446
0.357296137339 0.192263279446
0.35691318328 0.192263279446
0.356531049251 0.192263279446
0.35614973262 0.192263279446
0.355769230769 0.192263279446
0.355389541089 0.192263279446
0.355010660981 0.192263279446
0.354632587859 0.192263279446
0.354255319149 0.192263279446
0.354941551541 0.192840646651
0.354564755839 0.192840646651
0.354188759279 0.192840646651
0.353813559322 0.192840646651
0.354497354497 0.193418013857
0.355179704017 0.193995381062
0.354804646251 0.193995381062
0.354430379747 0.193995381062
0.354056902002 0.193995381062
0.353684210526 0.193995381062
0.353312302839 0.193995381062
0.353991596639 0.194572748268
0.354669464848 0.195150115473
0.35534591195 0.195727482679
0.35497382199 0.195727482679
0.35460251046 0.195727482679
0.355276907001 0.196304849885
0.35490605428 0.196304849885
0.354535974974 0.196304849885
0.354166666667 0.196304849885
0.353798126951 0.196304849885
0.35446985447 0.19688221709
0.354101765317 0.19688221709
0.353734439834 0.19688221709
0.353367875648 0.19688221709
0.353002070393 0.19688221709
0.352637021717 0.19688221709
0.353305785124 0.197459584296
0.353973168215 0.198036951501
0.353608247423 0.198036951501
0.35324407827 0.198036951501
0.352880658436 0.198036951501
0.352517985612 0.198036951501
0.35318275154 0.198614318707
0.352820512821 0.198614318707
0.352459016393 0.198614318707
0.35209825998 0.198614318707
0.351738241309 0.198614318707
0.351378958121 0.198614318707
0.351020408163 0.198614318707
0.351681957187 0.199191685912
0.351323828921 0.199191685912
0.351983723296 0.199769053118
0.35162601626 0.199769053118
0.352284263959 0.200346420323
0.351926977688 0.200346420323
0.3515704154 0.200346420323
0.351214574899 0.200346420323
0.350859453994 0.200346420323
0.350505050505 0.200346420323
0.351160443996 0.200923787529
0.350806451613 0.200923787529
0.350453172205 0.200923787529
0.351106639839 0.201501154734
0.350753768844 0.201501154734
0.350401606426 0.201501154734
0.350050150451 0.201501154734
0.349699398798 0.201501154734
0.349349349349 0.201501154734
0.349 0.201501154734
0.34965034965 0.20207852194
0.349301397206 0.20207852194
0.349950149551 0.202655889145
0.350597609562 0.203233256351
0.350248756219 0.203233256351
0.349900596421 0.203233256351
0.350546176763 0.203810623557
0.35119047619 0.204387990762
0.350842418236 0.204387990762
0.350495049505 0.204387990762
0.351137487636 0.204965357968
0.350790513834 0.204965357968
0.350444225074 0.204965357968
0.350098619329 0.204965357968
0.350738916256 0.205542725173
0.351377952756 0.206120092379
0.352015732547 0.206697459584
0.351669941061 0.206697459584
0.351324828263 0.206697459584
0.351960784314 0.20727482679
0.352595494613 0.207852193995
0.352250489237 0.207852193995
0.351906158358 0.207852193995
0.3525390625 0.208429561201
0.352195121951 0.208429561201
0.351851851852 0.208429561201
0.352482960078 0.209006928406
0.352140077821 0.209006928406
0.3527696793 0.209584295612
0.353398058252 0.210161662818
0.354025218235 0.210739030023
0.353682170543 0.210739030023
0.353339787028 0.210739030023
0.352998065764 0.210739030023
0.352657004831 0.210739030023
0.352316602317 0.210739030023
0.351976856316 0.210739030023
0.351637764933 0.210739030023
0.351299326275 0.210739030023
0.350961538462 0.210739030023
0.351585014409 0.211316397229
0.351247600768 0.211316397229
0.350910834132 0.211316397229
0.350574712644 0.211316397229
0.35023923445 0.211316397229
0.349904397706 0.211316397229
0.349570200573 0.211316397229
0.349236641221 0.211316397229
0.348903717827 0.211316397229
0.348571428571 0.211316397229
0.348239771646 0.211316397229
0.348859315589 0.211893764434
0.348528015195 0.211893764434
0.348197343454 0.211893764434
0.347867298578 0.211893764434
0.347537878788 0.211893764434
0.347209082308 0.211893764434
0.346880907372 0.211893764434
0.346553352219 0.211893764434
0.346226415094 0.211893764434
0.345900094251 0.211893764434
0.345574387947 0.211893764434
0.346190028222 0.21247113164
0.345864661654 0.21247113164
0.345539906103 0.21247113164
0.34521575985 0.21247113164
0.344892221181 0.21247113164
0.34456928839 0.21247113164
0.344246959775 0.21247113164
0.344859813084 0.213048498845
0.344537815126 0.213048498845
0.34421641791 0.213048498845
0.343895619758 0.213048498845
0.343575418994 0.213048498845
0.344186046512 0.213625866051
0.344795539033 0.214203233256
0.344475394615 0.214203233256
0.344155844156 0.214203233256
0.343836886006 0.214203233256
0.343518518519 0.214203233256
0.343200740056 0.214203233256
0.343807763401 0.214780600462
0.344413665743 0.215357967667
0.345018450185 0.215935334873
0.344700460829 0.215935334873
0.34438305709 0.215935334873
0.344066237351 0.215935334873
0.34375 0.215935334873
0.343434343434 0.215935334873
0.343119266055 0.215935334873
0.342804766269 0.215935334873
0.343406593407 0.216512702079
0.343092406221 0.216512702079
0.343692870201 0.217090069284
0.344292237443 0.21766743649
0.34397810219 0.21766743649
0.343664539654 0.21766743649
0.34335154827 0.21766743649
0.343039126479 0.21766743649
0.343636363636 0.218244803695
0.344232515895 0.218822170901
0.343920145191 0.218822170901
0.344514959202 0.219399538106
0.344202898551 0.219399538106
0.34479638009 0.219976905312
0.344484629295 0.219976905312
0.344173441734 0.219976905312
0.343862815884 0.219976905312
0.343552750225 0.219976905312
0.343243243243 0.219976905312
0.343834383438 0.220554272517
0.344424460432 0.221131639723
0.344115004492 0.221131639723
0.344703770197 0.221709006928
0.344394618834 0.221709006928
0.344086021505 0.221709006928
0.343777976723 0.221709006928
0.343470483005 0.221709006928
0.343163538874 0.221709006928
0.34375 0.222286374134
0.343443354148 0.222286374134
0.343137254902 0.222286374134
0.343722172752 0.222863741339
0.343416370107 0.222863741339
0.344 0.223441108545
0.34458259325 0.224018475751
0.345164152618 0.224595842956
0.344858156028 0.224595842956
0.344552701506 0.224595842956
0.344247787611 0.224595842956
0.343943412909 0.224595842956
0.343639575972 0.224595842956
0.343336275375 0.224595842956
0.3430335097 0.224595842956
0.342731277533 0.224595842956
0.342429577465 0.224595842956
0.342128408091 0.224595842956
0.342706502636 0.225173210162
0.342405618964 0.225173210162
0.34298245614 0.225750577367
0.342681858019 0.225750577367
0.34238178634 0.225750577367
0.34208223972 0.225750577367
0.342657342657 0.226327944573
0.342358078603 0.226327944573
0.342059336824 0.226327944573
0.341761115955 0.226327944573
0.341463414634 0.226327944573
0.341166231506 0.226327944573
0.340869565217 0.226327944573
0.340573414422 0.226327944573
0.341145833333 0.226905311778
0.341717259324 0.227482678984
0.341421143847 0.227482678984
0.341125541126 0.227482678984
0.340830449827 0.227482678984
0.340535868626 0.227482678984
0.3402417962 0.227482678984
0.339948231234 0.227482678984
0.339655172414 0.227482678984
0.339362618432 0.227482678984
0.339070567986 0.227482678984
0.338779019776 0.227482678984
0.339347079038 0.228060046189
0.339055793991 0.228060046189
0.339622641509 0.228637413395
0.339331619537 0.228637413395
0.339897260274 0.2292147806
0.339606501283 0.2292147806
0.339316239316 0.2292147806
0.339880444065 0.229792147806
0.339590443686 0.229792147806
0.339300937766 0.229792147806
0.339011925043 0.229792147806
0.338723404255 0.229792147806
0.33843537415 0.229792147806
0.338147833475 0.229792147806
0.337860780985 0.229792147806
0.337574215437 0.229792147806
0.337288135593 0.229792147806
0.33700254022 0.229792147806
0.336717428088 0.229792147806
0.337278106509 0.230369515012
0.336993243243 0.230369515012
0.336708860759 0.230369515012
0.336424957841 0.230369515012
0.336141533277 0.230369515012
0.335858585859 0.230369515012
0.336417157275 0.230946882217
0.336134453782 0.230946882217
0.335852225021 0.230946882217
0.335570469799 0.230946882217
0.335289186924 0.230946882217
0.335008375209 0.230946882217
0.334728033473 0.230946882217
0.334448160535 0.230946882217
0.335004177109 0.231524249423
0.334724540902 0.231524249423
0.334445371143 0.231524249423
0.334166666667 0.231524249423
0.333888426311 0.231524249423
0.333610648918 0.231524249423
0.334164588529 0.232101616628
0.333887043189 0.232101616628
0.334439834025 0.232678983834
0.33416252073 0.232678983834
0.333885666943 0.232678983834
0.333609271523 0.232678983834
0.333333333333 0.232678983834
0.33305785124 0.232678983834
0.332782824112 0.232678983834
0.332508250825 0.232678983834
0.332234130256 0.232678983834
0.331960461285 0.232678983834
0.331687242798 0.232678983834
0.332236842105 0.233256351039
0.331963845522 0.233256351039
0.332512315271 0.233833718245
0.332239540607 0.233833718245
0.332786885246 0.23441108545
0.332514332514 0.23441108545
0.333060556465 0.234988452656
0.332788225675 0.234988452656
0.332516339869 0.234988452656
0.33306122449 0.235565819861
0.332789559543 0.235565819861
0.333333333333 0.236143187067
0.333061889251 0.236143187067
0.33360455655 0.236720554273
0.333333333333 0.236720554273
0.333062550772 0.236720554273
0.332792207792 0.236720554273
0.332522303325 0.236720554273
0.332252836305 0.236720554273
0.331983805668 0.236720554273
0.331715210356 0.236720554273
0.331447049313 0.236720554273
0.331179321486 0.236720554273
0.330912025827 0.236720554273
0.33064516129 0.236720554273
0.331184528606 0.237297921478
0.330917874396 0.237297921478
0.330651649236 0.237297921478
0.33038585209 0.237297921478
0.330923694779 0.237875288684
0.330658105939 0.237875288684
0.330392943063 0.237875288684
0.330128205128 0.237875288684
0.329863891113 0.237875288684
0.3296 0.237875288684
0.329336530775 0.237875288684
0.329872204473 0.238452655889
0.329608938547 0.238452655889
0.329346092504 0.238452655889
0.329083665339 0.238452655889
0.328821656051 0.238452655889
0.328560063644 0.238452655889
0.328298887122 0.238452655889
0.328038125496 0.238452655889
0.327777777778 0.238452655889
0.327517842982 0.238452655889
0.327258320127 0.238452655889
0.326999208234 0.238452655889
0.326740506329 0.238452655889
0.326482213439 0.238452655889
0.326224328594 0.238452655889
0.325966850829 0.238452655889
0.32570977918 0.238452655889
0.325453112687 0.238452655889
0.325196850394 0.238452655889
0.324940991345 0.238452655889
0.324685534591 0.238452655889
0.324430479183 0.238452655889
0.324175824176 0.238452655889
0.323921568627 0.238452655889
0.323667711599 0.238452655889
0.323414252153 0.238452655889
0.323161189358 0.238452655889
0.322908522283 0.238452655889
0.32265625 0.238452655889
0.322404371585 0.238452655889
0.322152886115 0.238452655889
0.321901792673 0.238452655889
0.321651090343 0.238452655889
0.32140077821 0.238452655889
0.321150855365 0.238452655889
0.320901320901 0.238452655889
0.320652173913 0.238452655889
0.320403413499 0.238452655889
0.32015503876 0.238452655889
0.320681642138 0.239030023095
0.320433436533 0.239030023095
0.320185614849 0.239030023095
0.319938176198 0.239030023095
0.320463320463 0.2396073903
0.320216049383 0.2396073903
0.319969159599 0.2396073903
0.319722650231 0.2396073903
0.3194765204 0.2396073903
0.319230769231 0.2396073903
0.318985395849 0.2396073903
0.318740399386 0.2396073903
0.31926323868 0.240184757506
0.319018404908 0.240184757506
0.31877394636 0.240184757506
0.318529862175 0.240184757506
0.318286151492 0.240184757506
0.318042813456 0.240184757506
0.317799847212 0.240184757506
0.317557251908 0.240184757506
0.317315026697 0.240184757506
0.317073170732 0.240184757506
0.317593297791 0.240762124711
0.317351598174 0.240762124711
0.31711026616 0.240762124711
0.316869300912 0.240762124711
0.316628701595 0.240762124711
0.316388467375 0.240762124711
0.316148597422 0.240762124711
0.316666666667 0.241339491917
0.316426949281 0.241339491917
0.316944024206 0.241916859122
0.316704459562 0.241916859122
0.316465256798 0.241916859122
0.316226415094 0.241916859122
0.315987933635 0.241916859122
0.315749811605 0.241916859122
0.315512048193 0.241916859122
0.315274642588 0.241916859122
0.315789473684 0.242494226328
0.315552216379 0.242494226328
0.315315315315 0.242494226328
0.315078769692 0.242494226328
0.314842578711 0.242494226328
0.314606741573 0.242494226328
0.314371257485 0.242494226328
0.314884068811 0.243071593533
0.314648729447 0.243071593533
0.314413741598 0.243071593533
0.314179104478 0.243071593533
0.313944817301 0.243071593533
0.314456035768 0.243648960739
0.314221891288 0.243648960739
0.313988095238 0.243648960739
0.31375464684 0.243648960739
0.313521545319 0.243648960739
0.313288789903 0.243648960739
0.313798219585 0.244226327945
0.313565604151 0.244226327945
0.313333333333 0.244226327945
0.313101406366 0.244226327945
0.312869822485 0.244226327945
0.312638580931 0.244226327945
0.312407680945 0.244226327945
0.312915129151 0.24480369515
0.312684365782 0.24480369515
0.31245394252 0.24480369515
0.312223858616 0.24480369515
0.311994113319 0.24480369515
0.3125 0.245381062356
0.313005143277 0.245958429561
0.312775330396 0.245958429561
0.312545854732 0.245958429561
0.312316715543 0.245958429561
0.312087912088 0.245958429561
0.311859443631 0.245958429561
0.311631309437 0.245958429561
0.311403508772 0.245958429561
0.311176040906 0.245958429561
0.311678832117 0.246535796767
0.312180889861 0.247113163972
0.31195335277 0.247113163972
0.311726147123 0.247113163972
0.312227074236 0.247690531178
0.312 0.247690531178
0.311773255814 0.247690531178
0.311546840959 0.247690531178
0.311320754717 0.247690531178
0.311820159536 0.248267898383
0.311594202899 0.248267898383
0.311368573497 0.248267898383
0.311866859624 0.248845265589
0.311641359364 0.248845265589
0.312138728324 0.249422632794
0.311913357401 0.249422632794
0.31240981241 0.25
0.312184571017 0.25
0.311959654179 0.25
0.311735061195 0.25
0.312230215827 0.250577367206
0.312724658519 0.251154734411
0.3125 0.251154734411
0.312275664034 0.251154734411
0.312051649928 0.251154734411
0.311827956989 0.251154734411
0.311604584527 0.251154734411
0.311381531854 0.251154734411
0.311158798283 0.251154734411
0.310936383131 0.251154734411
0.311428571429 0.251732101617
0.311206281228 0.251732101617
0.310984308131 0.251732101617
0.310762651461 0.251732101617
0.310541310541 0.251732101617
0.310320284698 0.251732101617
0.310099573257 0.251732101617
0.310589907605 0.252309468822
0.310369318182 0.252309468822
0.310149041874 0.252309468822
0.309929078014 0.252309468822
0.309709425939 0.252309468822
0.309490084986 0.252309468822
0.309271054494 0.252309468822
0.309759547383 0.252886836028
0.309540636042 0.252886836028
0.309322033898 0.252886836028
0.309103740296 0.252886836028
0.309590973202 0.253464203233
0.309372797745 0.253464203233
0.309154929577 0.253464203233
0.308937368051 0.253464203233
0.308720112518 0.253464203233
0.308503162333 0.253464203233
0.308286516854 0.253464203233
0.308070175439 0.253464203233
0.307854137447 0.253464203233
0.307638402242 0.253464203233
0.307422969188 0.253464203233
0.307907627712 0.254041570439
0.307692307692 0.254041570439
0.307477288609 0.254041570439
0.307262569832 0.254041570439
0.307745987439 0.254618937644
0.307531380753 0.254618937644
0.307317073171 0.254618937644
0.307799442897 0.25519630485
0.308281141267 0.255773672055
0.308066759388 0.255773672055
0.307852675469 0.255773672055
0.307638888889 0.255773672055
0.307425399028 0.255773672055
0.30721220527 0.255773672055
0.306999306999 0.255773672055
0.306786703601 0.255773672055
0.306574394464 0.255773672055
0.306362378976 0.255773672055
0.306150656531 0.255773672055
0.305939226519 0.255773672055
0.305728088337 0.255773672055
0.305517241379 0.255773672055
0.305306685045 0.255773672055
0.305096418733 0.255773672055
0.30557467309 0.256351039261
0.305364511692 0.256351039261
0.305841924399 0.256928406467
0.305631868132 0.256928406467
0.306108442004 0.257505773672
0.305898491084 0.257505773672
0.305688827964 0.257505773672
0.305479452055 0.257505773672
0.305270362765 0.257505773672
0.305061559508 0.257505773672
0.304853041695 0.257505773672
0.305327868852 0.258083140878
0.305119453925 0.258083140878
0.304911323329 0.258083140878
0.304703476483 0.258083140878
0.305177111717 0.258660508083
0.304969366916 0.258660508083
0.304761904762 0.258660508083
0.304554724677 0.258660508083
0.304347826087 0.258660508083
0.304820095044 0.259237875289
0.304613297151 0.259237875289
0.304406779661 0.259237875289
0.304200542005 0.259237875289
0.304671631686 0.259815242494
0.304465493911 0.259815242494
0.30493576741 0.2603926097
0.30472972973 0.2603926097
0.30452397029 0.2603926097
0.304318488529 0.2603926097
0.304113283884 0.2603926097
0.303908355795 0.2603926097
0.303703703704 0.2603926097
0.303499327052 0.2603926097
0.303295225286 0.2603926097
0.303091397849 0.2603926097
0.302887844191 0.2603926097
0.303355704698 0.260969976905
0.303152246814 0.260969976905
0.303619302949 0.261547344111
0.303415941058 0.261547344111
0.303212851406 0.261547344111
0.303010033445 0.261547344111
0.302807486631 0.261547344111
0.303273213093 0.262124711316
0.303070761015 0.262124711316
0.30353569046 0.262702078522
0.303333333333 0.262702078522
0.303131245836 0.262702078522
0.303595206391 0.263279445727
0.303393213573 0.263279445727
0.303191489362 0.263279445727
0.302990033223 0.263279445727
0.302788844622 0.263279445727
0.303251493033 0.263856812933
0.303050397878 0.263856812933
0.303512259775 0.264434180139
0.303311258278 0.264434180139
0.303110522833 0.264434180139
0.30291005291 0.264434180139
0.303370786517 0.265011547344
0.303170409511 0.265011547344
0.30297029703 0.265011547344
0.302770448549 0.265011547344
0.302570863546 0.265011547344
0.302371541502 0.265011547344
0.302172481896 0.265011547344
0.301973684211 0.265011547344
0.301775147929 0.265011547344
0.301576872536 0.265011547344
0.301378857518 0.265011547344
0.301181102362 0.265011547344
0.300983606557 0.265011547344
0.300786369594 0.265011547344
0.300589390963 0.265011547344
0.300392670157 0.265011547344
0.300196206671 0.265011547344
0.3 0.265011547344
0.299804049641 0.265011547344
0.299608355091 0.265011547344
0.299412915851 0.265011547344
0.299869621904 0.26558891455
0.299674267101 0.26558891455
0.299479166667 0.26558891455
0.299284320104 0.26558891455
0.299089726918 0.26558891455
0.298895386615 0.26558891455
0.298701298701 0.26558891455
0.298507462687 0.26558891455
0.29831387808 0.26558891455
0.298120544394 0.26558891455
0.29792746114 0.26558891455
0.297734627832 0.26558891455
0.297542043984 0.26558891455
0.297349709114 0.26558891455
0.297803617571 0.266166281755
0.297611362169 0.266166281755
0.297419354839 0.266166281755
0.2972275951 0.266166281755
0.297036082474 0.266166281755
0.296844816484 0.266166281755
0.297297297297 0.266743648961
0.297106109325 0.266743648961
0.296915167095 0.266743648961
0.296724470135 0.266743648961
0.296534017972 0.266743648961
0.296343810135 0.266743648961
0.296153846154 0.266743648961
0.295964125561 0.266743648961
0.296414852753 0.267321016166
0.296225207933 0.267321016166
0.296035805627 0.267321016166
0.295846645367 0.267321016166
0.295657726692 0.267321016166
0.295469049138 0.267321016166
0.295280612245 0.267321016166
0.295092415551 0.267321016166
0.294904458599 0.267321016166
0.294716740929 0.267321016166
0.294529262087 0.267321016166
0.294342021615 0.267321016166
0.294790343075 0.267898383372
0.294603174603 0.267898383372
0.294416243655 0.267898383372
0.294863665187 0.268475750577
0.295310519645 0.269053117783
0.295123495883 0.269053117783
0.294936708861 0.269053117783
0.294750158128 0.269053117783
0.294563843236 0.269053117783
0.29437776374 0.269053117783
0.294191919192 0.269053117783
0.294006309148 0.269053117783
0.294451450189 0.269630484988
0.294896030246 0.270207852194
0.294710327456 0.270207852194
0.294524858402 0.270207852194
0.294339622642 0.270207852194
0.294154619736 0.270207852194
0.293969849246 0.270207852194
0.293785310734 0.270207852194
0.294228356336 0.2707852194
0.294043887147 0.2707852194
0.294486215539 0.271362586605
0.294301815905 0.271362586605
0.294117647059 0.271362586605
0.294559099437 0.271939953811
0.294375 0.271939953811
0.294191130543 0.271939953811
0.294007490637 0.271939953811
0.29382407985 0.271939953811
0.293640897756 0.271939953811
0.293457943925 0.271939953811
0.293275217933 0.271939953811
0.293092719353 0.271939953811
0.292910447761 0.271939953811
0.292728402735 0.271939953811
0.292546583851 0.271939953811
0.292364990689 0.271939953811
0.292803970223 0.272517321016
0.293242405456 0.273094688222
0.293060718711 0.273094688222
0.292879256966 0.273094688222
0.292698019802 0.273094688222
0.292517006803 0.273094688222
0.292336217553 0.273094688222
0.292155651637 0.273094688222
0.291975308642 0.273094688222
0.291795188155 0.273094688222
0.291615289766 0.273094688222
0.291435613062 0.273094688222
0.291256157635 0.273094688222
0.291076923077 0.273094688222
0.290897908979 0.273094688222
0.290719114935 0.273094688222
0.290540540541 0.273094688222
0.29036218539 0.273094688222
0.29018404908 0.273094688222
0.290006131208 0.273094688222
0.289828431373 0.273094688222
0.289650949173 0.273094688222
0.290085679315 0.273672055427
0.289908256881 0.273672055427
0.289731051345 0.273672055427
0.289554062309 0.273672055427
0.289377289377 0.273672055427
0.289200732154 0.273672055427
0.289024390244 0.273672055427
0.288848263254 0.273672055427
0.288672350792 0.273672055427
0.288496652465 0.273672055427
0.288321167883 0.273672055427
0.288145896657 0.273672055427
0.287970838396 0.273672055427
0.288403157256 0.274249422633
0.28822815534 0.274249422633
0.288659793814 0.274826789838
0.288484848485 0.274826789838
0.288310115082 0.274826789838
0.28813559322 0.274826789838
0.287961282517 0.274826789838
0.287787182588 0.274826789838
0.287613293051 0.274826789838
0.287439613527 0.274826789838
0.287266143633 0.274826789838
0.2876960193 0.275404157044
0.287522603978 0.275404157044
0.287951807229 0.275981524249
0.287778446719 0.275981524249
0.287605294826 0.275981524249
0.287432351173 0.275981524249
0.287259615385 0.275981524249
0.287687687688 0.276558891455
0.287515006002 0.276558891455
0.287342531494 0.276558891455
0.287170263789 0.276558891455
0.286998202516 0.276558891455
0.287425149701 0.277136258661
0.287253141831 0.277136258661
0.287679425837 0.277713625866
0.287507471608 0.277713625866
0.28733572282 0.277713625866
0.287164179104 0.277713625866
0.286992840095 0.277713625866
0.286821705426 0.277713625866
0.286650774732 0.277713625866
0.286480047647 0.277713625866
0.28630952381 0.277713625866
0.286139202855 0.277713625866
0.286563614744 0.278290993072
0.286393345217 0.278290993072
0.28622327791 0.278290993072
0.286646884273 0.278868360277
0.286476868327 0.278868360277
0.286307053942 0.278868360277
0.286137440758 0.278868360277
0.285968028419 0.278868360277
0.285798816568 0.278868360277
0.285629804849 0.278868360277
0.285460992908 0.278868360277
0.28529238039 0.278868360277
0.285123966942 0.278868360277
0.285545722714 0.279445727483
0.285377358491 0.279445727483
0.285209192693 0.279445727483
0.285041224971 0.279445727483
0.284873454974 0.279445727483
0.284705882353 0.279445727483
0.284538506761 0.279445727483
0.28437132785 0.279445727483
0.284204345273 0.279445727483
0.284037558685 0.279445727483
0.283870967742 0.279445727483
0.283704572098 0.279445727483
0.284124194493 0.280023094688
0.283957845433 0.280023094688
0.283791691047 0.280023094688
0.283625730994 0.280023094688
0.283459964933 0.280023094688
0.283294392523 0.280023094688
0.283129013427 0.280023094688
0.282963827305 0.280023094688
0.282798833819 0.280023094688
0.282634032634 0.280023094688
0.282469423413 0.280023094688
0.282305005821 0.280023094688
0.282140779523 0.280023094688
0.281976744186 0.280023094688
0.281812899477 0.280023094688
0.281649245064 0.280023094688
0.281485780615 0.280023094688
0.2813225058 0.280023094688
0.281739130435 0.280600461894
0.28157589803 0.280600461894
0.281412854661 0.280600461894
0.28125 0.280600461894
0.281087333719 0.280600461894
0.280924855491 0.280600461894
0.280762564991 0.280600461894
0.280600461894 0.280600461894
0.280438545874 0.280600461894
0.280276816609 0.280600461894
0.280115273775 0.280600461894
0.280529953917 0.281177829099
0.280944156592 0.281755196305
0.281357882624 0.28233256351
0.281196089707 0.28233256351
0.281034482759 0.28233256351
0.280873061459 0.28233256351
0.280711825488 0.28233256351
0.280550774527 0.28233256351
0.280389908257 0.28233256351
0.280229226361 0.28233256351
0.280068728522 0.28233256351
0.279908414425 0.28233256351
0.279748283753 0.28233256351
0.280160091481 0.282909930716
0.280571428571 0.283487297921
0.280411193604 0.283487297921
0.280821917808 0.284064665127
0.280661722761 0.284064665127
0.280501710376 0.284064665127
0.280341880342 0.284064665127
0.280182232346 0.284064665127
0.280022766079 0.284064665127
0.279863481229 0.284064665127
0.279704377487 0.284064665127
0.280113636364 0.284642032333
0.279954571266 0.284642032333
0.27979568672 0.284642032333
0.280204197391 0.285219399538
0.280045351474 0.285219399538
0.279886685552 0.285219399538
0.27972819932 0.285219399538
0.279569892473 0.285219399538
0.279411764706 0.285219399538
0.279253815715 0.285219399538
0.279096045198 0.285219399538
0.278938452851 0.285219399538
0.278781038375 0.285219399538
0.278623801466 0.285219399538
0.278466741826 0.285219399538
0.278309859155 0.285219399538
0.278153153153 0.285219399538
0.277996623523 0.285219399538
0.277840269966 0.285219399538
0.278246205734 0.285796766744
0.27808988764 0.285796766744
0.277933745087 0.285796766744
0.278338945006 0.286374133949
0.278743690409 0.286951501155
0.278587443946 0.286951501155
0.278431372549 0.286951501155
0.278275475924 0.286951501155
0.278679350867 0.28752886836
0.279082774049 0.288106235566
0.278926774734 0.288106235566
0.278770949721 0.288106235566
0.278615298716 0.288106235566
0.278459821429 0.288106235566
0.278304517568 0.288106235566
0.278149386845 0.288106235566
0.277994428969 0.288106235566
0.277839643653 0.288106235566
0.277685030607 0.288106235566
0.27808676307 0.288683602771
0.278488048916 0.289260969977
0.278333333333 0.289260969977
0.278734036646 0.289838337182
0.279134295228 0.290415704388
0.278979478647 0.290415704388
0.278824833703 0.290415704388
0.278670360111 0.290415704388
0.278516057586 0.290415704388
0.278361925844 0.290415704388
0.278761061947 0.290993071594
0.278606965174 0.290993071594
0.278453038674 0.290993071594
0.278299282165 0.290993071594
0.278145695364 0.290993071594
0.277992277992 0.290993071594
0.277839029768 0.290993071594
0.277685950413 0.290993071594
0.277533039648 0.290993071594
0.277380297193 0.290993071594
0.277777777778 0.291570438799
0.277625068719 0.291570438799
0.277472527473 0.291570438799
0.277320153762 0.291570438799
0.277716794731 0.292147806005
0.277564454196 0.292147806005
0.277412280702 0.292147806005
0.277260273973 0.292147806005
0.277108433735 0.292147806005
0.276956759715 0.292147806005
0.276805251641 0.292147806005
0.27665390924 0.292147806005
0.27650273224 0.292147806005
0.276351720371 0.292147806005
0.276746724891 0.29272517321
0.277141298418 0.293302540416
0.276990185387 0.293302540416
0.277384196185 0.293879907621
0.277233115468 0.293879907621
0.277082199238 0.293879907621
0.277475516866 0.294457274827
0.277868406743 0.295034642032
0.277717391304 0.295034642032
0.277566539924 0.295034642032
0.277415852334 0.295034642032
0.277807921867 0.295612009238
0.277657266811 0.295612009238
0.277506775068 0.295612009238
0.27789815818 0.296189376443
0.277747698971 0.296189376443
0.277597402597 0.296189376443
0.277447268794 0.296189376443
0.277297297297 0.296189376443
0.277147487844 0.296189376443
0.276997840173 0.296189376443
0.276848354021 0.296189376443
0.277238403452 0.296766743649
0.277088948787 0.296766743649
0.276939655172 0.296766743649
0.276790522348 0.296766743649
0.276641550054 0.296766743649
0.276492738031 0.296766743649
0.276344086022 0.296766743649
0.276195593767 0.296766743649
0.27604726101 0.296766743649
0.275899087493 0.296766743649
0.275751072961 0.296766743649
0.276139410188 0.297344110855
0.275991425509 0.297344110855
0.275843599357 0.297344110855
0.276231263383 0.29792147806
0.276083467095 0.29792147806
0.275935828877 0.29792147806
0.275788348477 0.29792147806
0.276175213675 0.298498845266
0.276027762947 0.298498845266
0.275880469584 0.298498845266
0.275733333333 0.298498845266
0.276119402985 0.299076212471
0.275972296217 0.299076212471
0.275825346113 0.299076212471
0.275678552422 0.299076212471
0.275531914894 0.299076212471
0.27538543328 0.299076212471
0.275239107333 0.299076212471
0.275624004249 0.299653579677
0.275477707006 0.299653579677
0.275862068966 0.300230946882
0.275715800636 0.300230946882
0.275569687334 0.300230946882
0.275953389831 0.300808314088
0.275807305453 0.300808314088
0.275661375661 0.300808314088
0.275515600212 0.300808314088
0.275369978858 0.300808314088
0.275224511358 0.300808314088
0.275079197466 0.300808314088
0.274934036939 0.300808314088
0.274789029536 0.300808314088
0.274644175013 0.300808314088
0.27449947313 0.300808314088
0.274354923644 0.300808314088
0.274736842105 0.301385681293
0.274592319832 0.301385681293
0.274447949527 0.301385681293
0.274829217026 0.301963048499
0.27468487395 0.301963048499
0.274540682415 0.301963048499
0.274396642183 0.301963048499
0.274252753015 0.301963048499
0.27463312369 0.302540415704
0.274489261393 0.302540415704
0.274345549738 0.302540415704
0.274201988488 0.302540415704
0.274058577406 0.302540415704
0.273915316257 0.302540415704
0.273772204807 0.302540415704
0.274151436031 0.30311778291
0.274008350731 0.30311778291
0.27386541471 0.30311778291
0.274244004171 0.303695150115
0.274622199062 0.304272517321
0.274479166667 0.304272517321
0.274336283186 0.304272517321
0.27471383975 0.304849884527
0.274570982839 0.304849884527
0.274428274428 0.304849884527
0.274285714286 0.304849884527
0.274143302181 0.304849884527
0.274001037883 0.304849884527
0.273858921162 0.304849884527
0.273716951788 0.304849884527
0.273575129534 0.304849884527
0.273433454169 0.304849884527
0.27380952381 0.305427251732
0.273667873771 0.305427251732
0.273526370217 0.305427251732
0.27338501292 0.305427251732
0.273243801653 0.305427251732
0.27310273619 0.305427251732
0.272961816305 0.305427251732
0.272821041774 0.305427251732
0.272680412371 0.305427251732
0.273055126224 0.306004618938
0.272914521112 0.306004618938
0.27328872877 0.306581986143
0.27366255144 0.307159353349
0.274035989717 0.307736720554
0.273895169579 0.307736720554
0.273754494093 0.307736720554
0.273613963039 0.307736720554
0.273473576193 0.307736720554
0.273846153846 0.30831408776
0.273705791902 0.30831408776
0.27356557377 0.30831408776
0.273425499232 0.30831408776
0.273285568066 0.30831408776
0.273145780051 0.30831408776
0.273006134969 0.30831408776
0.272866632601 0.30831408776
0.272727272727 0.30831408776
0.273098519653 0.308891454965
0.272959183673 0.308891454965
0.272819989801 0.308891454965
0.272680937819 0.308891454965
0.272542027509 0.308891454965
0.272403258656 0.308891454965
0.272264631043 0.308891454965
0.272126144456 0.308891454965
0.271987798678 0.308891454965
0.271849593496 0.308891454965
0.271711528695 0.308891454965
0.271573604061 0.308891454965
0.271943176053 0.309468822171
0.271805273834 0.309468822171
0.271667511404 0.309468822171
0.272036474164 0.310046189376
0.272405063291 0.310623556582
0.272267206478 0.310623556582
0.272635306019 0.311200923788
0.273003033367 0.311778290993
0.272865083375 0.311778290993
0.272727272727 0.311778290993
0.272589601212 0.311778290993
0.272452068618 0.311778290993
0.272314674735 0.311778290993
0.272177419355 0.311778290993
0.272040302267 0.311778290993
0.271903323263 0.311778290993
0.271766482134 0.311778290993
0.271629778672 0.311778290993
0.27149321267 0.311778290993
0.27135678392 0.311778290993
0.271722752386 0.312355658199
0.271586345382 0.312355658199
0.271450075263 0.312355658199
0.271313941825 0.312355658199
0.271177944862 0.312355658199
0.271042084168 0.312355658199
0.270906359539 0.312355658199
0.270770770771 0.312355658199
0.270635317659 0.312355658199
0.2705 0.312355658199
0.270364817591 0.312355658199
0.27022977023 0.312355658199
0.270094857713 0.312355658199
0.26996007984 0.312355658199
0.269825436409 0.312355658199
0.269690927218 0.312355658199
0.269556552068 0.312355658199
0.269422310757 0.312355658199
0.269288203086 0.312355658199
0.269154228856 0.312355658199
0.269517652909 0.312933025404
0.269383697813 0.312933025404
0.269249875807 0.312933025404
0.269116186693 0.312933025404
0.268982630273 0.312933025404
0.268849206349 0.312933025404
0.269211700545 0.31351039261
0.269078295342 0.31351039261
0.268945022288 0.31351039261
0.268811881188 0.31351039261
0.269173676398 0.314087759815
0.269535113749 0.314665127021
0.269401878398 0.314665127021
