58500 1 0.995516240597
634 1 0.994288146496
25872 1 0.993174850941
88783 1 0.992626130581
20917 1 0.990133047104
22257 1 0.98722755909
5231 1 0.986542105675
19589 1 0.985426425934
9460 1 0.982366919518
91210 1 0.978587567806
88137 1 0.978445291519
18460 1 0.976122021675
5248 1 0.975965976715
62894 1 0.973775804043
14082 4 0.972978293896
76245 1 0.972368776798
12810 1 0.972008943558
51715 1 0.971583247185
2067 1 0.971428871155
20804 1 0.970850646496
37761 1 0.969589233398
82299 1 0.969126403332
371 1 0.968340277672
80608 1 0.968189656734
21852 1 0.96773403883
26715 1 0.966621935368
53638 1 0.964603424072
22177 4 0.96419274807
5356 1 0.962056815624
55877 1 0.961303591728
64010 1 0.959299206734
81104 1 0.959223508835
52820 1 0.958720624447
60907 1 0.95781981945
26497 1 0.956776440144
72198 1 0.95645993948
89000 1 0.956399619579
57243 1 0.955557823181
76717 1 0.954768776894
5661 1 0.954213023186
45000 1 0.95384824276
89266 1 0.952938079834
708 1 0.952403247356
12657 1 0.951883971691
62682 1 0.95123642683
78322 1 0.950270175934
13538 1 0.950224757195
55134 1 0.948315262794
87927 1 0.947259306908
69665 1 0.94708698988
76572 1 0.94705170393
58418 1 0.947011590004
57651 1 0.946822524071
89796 1 0.946489214897
21548 1 0.946340978146
27028 1 0.94594347477
53230 1 0.945371448994
46201 1 0.944075763226
5585 1 0.944025874138
10038 1 0.94390720129
1913 4 0.943895637989
91609 1 0.943360090256
38955 1 0.94327121973
19227 1 0.943150818348
52262 4 0.942867994308
59721 1 0.942266881466
26790 1 0.941927433014
85153 1 0.941856682301
7243 1 0.940770745277
79453 1 0.940731585026
11801 4 0.940106928349
60763 4 0.939570963383
2155 1 0.939453423023
3527 1 0.938100159168
40502 1 0.937920093536
64637 3 0.937675178051
43894 1 0.935502827168
28736 1 0.935077667236
10153 1 0.934971034527
38092 1 0.934849143028
66591 1 0.934414207935
87308 1 0.934100985527
21937 1 0.934097766876
23356 1 0.933368265629
19330 1 0.933094799519
24163 1 0.931934177876
47616 1 0.931917488575
1852 1 0.931580543518
34156 1 0.931036770344
55623 4 0.929794609547
5384 1 0.92902046442
82160 4 0.927769899368
30298 1 0.927757322788
8745 1 0.925971269608
57882 3 0.924982190132
70760 1 0.924899458885
19747 1 0.923843204975
30880 1 0.92354118824
48387 1 0.923472821712
5914 1 0.923255205154
41789 1 0.923093855381
46512 1 0.923011779785
22247 1 0.922250986099
38247 1 0.922208547592
2356 1 0.921806693077
59697 1 0.921744525433
18976 1 0.921735405922
2364 1 0.921698272228
1958 1 0.921480953693
32660 1 0.920832276344
57739 1 0.920205593109
38374 1 0.919880986214
50241 1 0.919735312462
23150 1 0.919406294823
3852 1 0.918597877026
34334 1 0.91767346859
89585 3 0.917415082455
60483 1 0.916960656643
17333 1 0.916186690331
84797 1 0.913482666016
36052 1 0.91335940361
50546 4 0.912906646729
37843 1 0.912579238415
1304 1 0.912308454514
44997 1 0.911675393581
3236 1 0.911505103111
66592 1 0.911069214344
10306 4 0.911060631275
43375 1 0.910724699497
74567 1 0.909887135029
4331 1 0.908932209015
90633 1 0.908335268497
48181 4 0.90818464756
69181 1 0.907769799232
71006 1 0.907184898853
42415 1 0.906983435154
55507 4 0.90629953146
48689 1 0.905823707581
67140 1 0.905207812786
66775 1 0.905064344406
900 1 0.904447317123
9676 1 0.903987765312
16093 1 0.903820335865
38094 1 0.903713047504
43256 1 0.903326630592
10307 4 0.903190374374
50334 1 0.903047323227
36616 1 0.902989387512
22239 1 0.902881681919
1321 4 0.902072608471
50190 1 0.900254189968
34094 1 0.900215804577
2973 1 0.899724543095
56049 1 0.8997220397
90383 1 0.898926258087
7976 1 0.898548483849
18427 1 0.897764980793
49018 1 0.896578013897
38957 1 0.896513640881
76575 1 0.896475017071
35197 1 0.895814359188
29398 4 0.895200133324
66444 1 0.894389331341
3160 1 0.894099533558
3137 1 0.893255054951
67141 1 0.893217146397
34256 1 0.893184840679
83491 3 0.889781951904
41696 1 0.889113485813
39831 1 0.888918817043
91277 4 0.888375461102
48117 4 0.888330221176
67029 1 0.887993097305
62181 4 0.887540638447
78189 4 0.886985063553
88379 1 0.886482000351
7240 1 0.885631740093
8692 1 0.885513067245
57171 1 0.884630441666
3226 1 0.88447278738
73947 1 0.884323716164
78216 1 0.883936226368
39710 1 0.883762180805
65433 4 0.883740901947
79503 4 0.88341987133
42812 4 0.882193148136
81082 1 0.882108807564
87338 1 0.881635904312
46513 1 0.880962431431
17387 1 0.880923330784
27539 1 0.879889547825
16049 1 0.879734396935
54305 1 0.878235042095
50965 1 0.877945363522
64040 1 0.877747535706
74303 1 0.876495957375
60218 1 0.876091063023
20801 1 0.87574416399
5563 1 0.87554371357
66956 1 0.874955534935
76475 1 0.874847829342
89669 1 0.874511122704
35795 1 0.874360442162
59029 1 0.87417858839
26133 1 0.87348985672
82559 1 0.873426914215
4880 1 0.873381018639
72207 4 0.872067928314
18652 1 0.870631992817
78741 1 0.870064079762
3090 1 0.868130683899
66010 1 0.867965757847
85006 4 0.866624116898
70562 1 0.866531670094
20501 1 0.865957856178
40405 1 0.8659247756
47717 4 0.86562114954
34665 4 0.865327954292
68642 1 0.865243911743
35703 1 0.864747464657
46565 1 0.864676952362
34090 1 0.864666521549
83262 3 0.864475667477
65577 4 0.862873077393
28634 1 0.862621545792
27944 1 0.861133873463
31959 1 0.860629022121
90863 1 0.860598564148
55578 1 0.860500156879
7307 1 0.860022425652
46745 1 0.859988152981
54976 1 0.859939455986
642 1 0.8597022295
18571 1 0.858855843544
62370 1 0.858608186245
44676 1 0.858301401138
8770 3 0.85812908411
32859 1 0.857965290546
80144 1 0.857469141483
4265 1 0.857352972031
30926 1 0.857188403606
89731 1 0.85676908493
67504 3 0.856592774391
28616 1 0.85594689846
32044 1 0.855838119984
23399 1 0.854679048061
7699 1 0.85451567173
35410 1 0.854338884354
87498 1 0.854166865349
7539 1 0.854014098644
1737 1 0.85370439291
70943 1 0.853171229362
44020 1 0.852866590023
29148 1 0.852778732777
51192 4 0.852655291557
16647 4 0.851821184158
5475 1 0.851277649403
71279 1 0.851210474968
20045 4 0.851120233536
64789 1 0.850604057312
11123 3 0.850255846977
41670 1 0.85000538826
62554 1 0.849627971649
76606 1 0.848937511444
62098 4 0.848722040653
40197 1 0.848583936691
7393 1 0.848338067532
46526 1 0.848209142685
66030 1 0.847820818424
25828 4 0.84713691473
22836 3 0.846441626549
25891 1 0.846094071865
21930 1 0.845828413963
22171 1 0.845503091812
8518 4 0.844949364662
86133 1 0.84487503767
45492 1 0.844521522522
84936 1 0.843937695026
32110 4 0.843237519264
78650 1 0.843214929104
76866 4 0.843076944351
65238 1 0.842541456223
41718 1 0.841260552406
12463 1 0.841053009033
71468 1 0.840424597263
68658 1 0.840301394463
34787 1 0.839248299599
15614 1 0.838983356953
34792 1 0.838741958141
8680 1 0.838368356228
22721 1 0.838162720203
40980 1 0.83783107996
3157 1 0.837821125984
17784 1 0.83751142025
42426 1 0.837223470211
26105 1 0.837156772614
10956 1 0.837103068829
17501 1 0.835389077663
18170 1 0.834021627903
60726 1 0.833363771439
71725 1 0.832489430904
5784 7 0.832125723362
66901 1 0.831990242004
84960 4 0.831880569458
48908 1 0.831477224827
41801 1 0.831420183182
63937 1 0.829986393452
90352 4 0.829706132412
78215 1 0.828618347645
32904 1 0.82818877697
82521 1 0.827608168125
76784 1 0.827215194702
48702 4 0.826748669147
42711 1 0.826266050339
20713 1 0.82620126009
83543 1 0.825686991215
81508 1 0.824108183384
15305 1 0.824068129063
85804 1 0.823632240295
54255 1 0.823519229889
24146 1 0.823016107082
65431 4 0.8227891922
33782 1 0.822362720966
69817 1 0.82109361887
71726 1 0.821011781693
50496 1 0.820710361004
64562 1 0.820680618286
4849 1 0.819603264332
61917 1 0.819192171097
23701 1 0.819120705128
89664 1 0.818344175816
40156 1 0.818058490753
32622 4 0.817290723324
73200 1 0.816955924034
89191 4 0.816655635834
78566 3 0.816116034985
83301 1 0.815157413483
84911 1 0.814323306084
629 1 0.813934206963
8445 1 0.813648104668
49616 1 0.811129808426
50469 1 0.811060011387
79467 1 0.80956029892
76887 1 0.809152126312
18509 1 0.808859705925
54679 1 0.808339595795
82904 1 0.807306587696
45122 1 0.807290494442
46007 1 0.807229042053
13027 1 0.806223869324
21635 4 0.8061003685
70281 1 0.805787086487
43580 1 0.80502218008
28666 1 0.804268717766
23003 1 0.804049193859
66772 4 0.803599953651
34091 3 0.802554726601
70410 1 0.802176296711
83506 1 0.802146196365
80828 1 0.801875174046
5932 1 0.801683962345
31204 1 0.801550328732
66282 1 0.801454603672
25580 1 0.80125272274
41233 1 0.800500631332
52357 1 0.800427556038
59841 1 0.800407230854
52821 7 0.800202250481
10432 1 0.798867881298
74246 4 0.798799991608
1285 1 0.798556506634
9210 1 0.798205196857
40227 3 0.796272873878
50967 1 0.796220421791
9012 1 0.795124650002
66441 1 0.794942140579
79621 1 0.793493449688
14063 1 0.793380200863
68555 4 0.792927622795
72592 1 0.792792022228
4095 1 0.79231184721
73337 1 0.791865646839
31568 1 0.791761398315
62182 4 0.791350841522
3706 1 0.791343152523
3918 1 0.791122794151
63153 1 0.790913760662
24176 1 0.790776431561
25672 1 0.789359509945
64152 1 0.78929245472
31915 1 0.788943052292
15793 1 0.788904249668
4113 1 0.788627386093
49076 1 0.787854254246
20511 1 0.787532150745
5558 1 0.786518514156
53924 1 0.786450505257
20509 1 0.784454286098
86336 1 0.784007310867
11595 1 0.783687412739
49084 1 0.781767249107
6357 1 0.781476318836
60088 1 0.78107458353
54265 1 0.780672609806
9304 1 0.779754757881
22367 1 0.778752744198
36888 1 0.777577519417
11462 1 0.777507603168
40733 1 0.777098715305
30471 1 0.77692425251
78834 1 0.776728928089
60801 3 0.775969386101
78630 1 0.775336921215
43610 1 0.775142133236
31906 4 0.774878919125
6971 2 0.774877905846
325 1 0.774559020996
2102 1 0.773984372616
53240 4 0.773876011372
46779 1 0.773510575294
20746 1 0.773373126984
90607 1 0.773157417774
90510 1 0.772735595703
66068 1 0.772494912148
35668 1 0.772474646568
30371 1 0.772045373917
7750 1 0.771414041519
46551 1 0.7710288167
77331 1 0.77088111639
86949 1 0.769972801208
8665 1 0.769413113594
4415 1 0.769252359867
2773 1 0.768805325031
44361 1 0.768639564514
66150 1 0.768305957317
54560 1 0.766713142395
48372 4 0.765926420689
37914 1 0.764868199825
38370 1 0.763183057308
62046 1 0.762640237808
10162 1 0.762490451336
46690 4 0.7619561553
28451 1 0.761371016502
59772 1 0.761104881763
6709 2 0.760875225067
6801 1 0.760614514351
5783 1 0.760461509228
90475 1 0.760168135166
51581 4 0.759914815426
76861 1 0.759779453278
55668 1 0.759464025497
5911 1 0.759060680866
68717 1 0.758958697319
91062 2 0.758791863918
63133 1 0.758701682091
30179 1 0.757205188274
39938 1 0.756819188595
85306 1 0.756227612495
27428 1 0.756095170975
78567 3 0.755141437054
45625 1 0.755063295364
25426 1 0.755021095276
21349 1 0.755012452602
90848 1 0.75488692522
62552 1 0.754531025887
59334 1 0.754132091999
55913 1 0.754018068314
1173 1 0.753972113132
28460 1 0.752997219563
42522 1 0.75297999382
60106 1 0.752606868744
51074 4 0.752333283424
59280 1 0.751708865166
3138 1 0.750886917114
16004 2 0.750435173512
8715 4 0.749161720276
19175 4 0.748761236668
63900 1 0.748159527779
74254 4 0.747633159161
48389 1 0.747543931007
12234 4 0.747076749802
71394 1 0.746846675873
63523 1 0.746595084667
73338 1 0.746592402458
15916 1 0.745581805706
44286 1 0.744239449501
44223 3 0.74415153265
64638 1 0.743935525417
84887 3 0.743331670761
69263 1 0.742320239544
69940 1 0.741819858551
47714 1 0.741458058357
80969 1 0.741063833237
13026 1 0.740926027298
36922 1 0.74057841301
32807 1 0.740178227425
73888 1 0.740175545216
19730 1 0.739496529102
67389 1 0.739192664623
9327 4 0.7390640378
5476 1 0.7390396595
6592 1 0.73895329237
17473 1 0.738641619682
55464 1 0.738049268723
89678 1 0.737504541874
39959 1 0.737407684326
34679 1 0.737184047699
51699 1 0.73463588953
33326 4 0.734397828579
77568 4 0.734335660934
24100 4 0.734050929546
40985 1 0.732828438282
3690 1 0.732482194901
19745 1 0.731622338295
13882 2 0.731431007385
50090 1 0.731254160404
36405 4 0.730695486069
23278 1 0.730367600918
26235 1 0.73011380434
16051 1 0.729523777962
21032 1 0.728926181793
58485 1 0.728592097759
78651 1 0.728007614613
26236 1 0.727220892906
1174 1 0.727063894272
34367 3 0.726237535477
59471 1 0.726089298725
66356 1 0.72521084547
17091 2 0.724956691265
11143 1 0.724760115147
6837 1 0.72448849678
33603 1 0.724095106125
88938 1 0.724091827869
62213 1 0.724007129669
10397 4 0.723788261414
49090 1 0.723706781864
11152 2 0.723689854145
14156 1 0.723669350147
38742 1 0.723223865032
54586 1 0.723113238811
79477 1 0.722765862942
25798 1 0.721765756607
21804 1 0.721318900585
69300 1 0.720983922482
17468 3 0.720489919186
4841 1 0.719875633717
8230 1 0.719518482685
47618 1 0.718217134476
21924 1 0.71781796217
6578 4 0.717471718788
1610 4 0.715905964375
32139 1 0.715873122215
8786 3 0.71586304903
57463 1 0.715092301369
51668 1 0.714327573776
20369 4 0.714311540127
52211 1 0.713795959949
12190 4 0.713647842407
3159 1 0.713448405266
43157 1 0.713435590267
25204 4 0.712952494621
22704 1 0.712699472904
81143 1 0.712397634983
49161 1 0.712266206741
18704 1 0.712089598179
22219 1 0.711967945099
89443 1 0.711673557758
17774 1 0.711517035961
1919 4 0.710113048553
12093 1 0.709993541241
57661 1 0.709222257137
45875 1 0.708573877811
62683 1 0.708285272121
4679 1 0.707813501358
19645 1 0.70776450634
53396 1 0.707462966442
34553 1 0.707064628601
7537 1 0.706796526909
85896 1 0.706206738949
81447 1 0.706059634686
45773 4 0.705650746822
20283 4 0.705502092838
53921 1 0.705367088318
22526 1 0.704330861568
60135 1 0.704080879688
420 1 0.703909039497
28799 1 0.703244924545
25168 4 0.702471673489
2257 1 0.702420771122
48791 4 0.702328085899
68024 4 0.701860129833
61596 1 0.701552689075
38227 1 0.701389372349
62056 1 0.701365888119
16945 2 0.701230466366
83997 4 0.700972616673
90873 1 0.700893998146
30830 1 0.700593709946
712 1 0.700193822384
6704 1 0.699788272381
62518 3 0.699721634388
20747 1 0.699342310429
16301 1 0.699322521687
26145 1 0.698717415333
6973 2 0.698638021946
27041 1 0.697091937065
61751 4 0.697007596493
42594 1 0.696781814098
66711 1 0.696382343769
74243 4 0.696333408356
61043 1 0.695393979549
47900 1 0.695347249508
68720 1 0.695217072964
28744 1 0.694923758507
69938 1 0.694704174995
28455 1 0.69291728735
7975 1 0.692617595196
77254 1 0.691682517529
22693 1 0.691630780697
89668 1 0.691532433033
55463 1 0.691382229328
69816 1 0.690332651138
79011 1 0.690091311932
66548 1 0.689537644386
26357 1 0.689450562
36505 1 0.688920915127
24177 1 0.686736941338
55194 1 0.686563670635
87013 3 0.685631930828
7409 1 0.684360206127
62216 4 0.683768510818
53332 1 0.683342278004
82154 1 0.683103859425
8762 2 0.68231523037
60685 1 0.682128369808
38784 1 0.682123541832
56913 2 0.681937456131
10511 4 0.681478142738
4064 1 0.680789291859
21197 1 0.67994260788
81131 4 0.678496360779
34791 1 0.678155660629
61250 1 0.678001999855
43202 1 0.677356004715
90061 1 0.676320075989
54235 1 0.675827741623
35785 1 0.674982249737
46052 1 0.674543678761
88594 1 0.674355566502
20213 1 0.67381554842
25695 1 0.673771083355
79629 1 0.673721253872
18011 1 0.672858119011
55884 1 0.672684788704
16174 1 0.672287166119
5916 1 0.671604335308
36939 1 0.671234428883
77983 4 0.67085814476
20203 1 0.67065268755
65147 1 0.669490993023
7394 1 0.669311106205
26386 1 0.668366014957
60136 1 0.668072879314
52350 1 0.667988240719
76751 1 0.667602002621
63130 1 0.667257964611
42076 1 0.665779948235
49845 1 0.665698707104
87941 1 0.665324985981
35032 4 0.665126144886
71962 1 0.665077388287
74775 1 0.665009319782
54278 2 0.664909899235
70564 1 0.664530754089
83931 1 0.664336919785
32808 1 0.664133548737
50117 1 0.663921058178
25890 1 0.663851559162
50997 2 0.663815617561
65082 1 0.663720309734
1947 1 0.663371443748
21022 1 0.663308978081
23195 1 0.663225769997
67627 1 0.662757098675
34260 1 0.662471294403
63155 1 0.662090957165
84841 1 0.661817610264
1176 1 0.661156117916
38380 1 0.66083073616
41721 1 0.660763382912
67184 1 0.660752236843
83201 1 0.660606324673
43578 1 0.660217523575
57652 1 0.660142660141
83933 1 0.660088479519
64639 1 0.659751236439
12353 1 0.659484744072
34729 2 0.659471929073
45979 1 0.659129202366
90632 1 0.659049391747
40433 1 0.65839445591
83807 1 0.657914221287
73474 3 0.657353520393
27835 1 0.657224535942
68714 1 0.657094597816
88844 4 0.656704723835
10233 1 0.656519293785
8175 1 0.656233549118
10427 2 0.656168043613
4429 4 0.655947327614
4493 1 0.654953837395
4447 10 0.654575645924
1252 1 0.654208481312
10467 1 0.653849184513
59276 1 0.653761565685
20963 1 0.653446555138
76714 1 0.652881979942
59825 1 0.652784585953
27691 1 0.652004241943
30873 4 0.651947975159
87612 1 0.651902794838
17436 1 0.651835799217
48585 1 0.650955915451
17284 4 0.650694131851
14103 1 0.649744570255
90137 1 0.649672806263
16350 1 0.64966583252
39582 3 0.649431169033
22211 1 0.649411678314
13380 1 0.648912370205
21339 1 0.648870706558
60479 1 0.648230731487
42675 1 0.648215174675
16046 3 0.648208558559
58158 4 0.648064613342
40127 4 0.647511482239
41720 1 0.64735096693
5913 1 0.64708340168
7385 1 0.646326899529
61727 1 0.646265625954
59442 2 0.646182715893
45977 1 0.64599019289
64765 1 0.645763576031
46562 1 0.645387530327
23176 1 0.645245313644
40721 1 0.644490480423
35727 1 0.644473612309
44267 1 0.644413888454
15302 1 0.643916606903
78730 1 0.643796265125
5885 1 0.643689215183
42227 4 0.643576800823
72889 1 0.643359363079
3865 1 0.64281052351
8105 1 0.642726659775
6572 4 0.642626404762
11041 1 0.642494499683
33953 1 0.642158925533
23903 1 0.640949785709
69299 1 0.640605926514
20732 1 0.639953076839
269 1 0.639811754227
68560 1 0.639809310436
1419 4 0.639599502087
67478 1 0.638978660107
34996 1 0.638762295246
11341 1 0.638427019119
4391 2 0.637774169445
71957 4 0.637769639492
28462 1 0.637178659439
84800 1 0.636965870857
48813 3 0.636162817478
73473 3 0.636115252972
924 1 0.636065542698
71477 1 0.63566672802
76285 1 0.635524272919
32138 1 0.634713590145
79329 1 0.634161353111
72879 1 0.634066939354
28049 4 0.633960127831
68425 1 0.633716404438
51621 3 0.633428514004
4525 4 0.633382737637
3170 1 0.632918357849
84822 1 0.632831335068
25807 1 0.632735669613
29409 1 0.631975710392
64146 1 0.631750762463
51712 1 0.631584346294
49688 1 0.63001292944
40390 4 0.630001068115
841 1 0.629631400108
62824 1 0.629439890385
38120 1 0.629003763199
36792 1 0.628997266293
53930 1 0.628880620003
28739 1 0.62843978405
5521 1 0.628178358078
83982 3 0.628034710884
76958 4 0.627983868122
10439 1 0.627977371216
3249 1 0.627435982227
57306 1 0.627126514912
563 3 0.626785337925
45982 1 0.626617968082
49493 3 0.62648242712
33781 1 0.62560904026
38938 1 0.625521659851
5697 1 0.625271201134
9956 1 0.625123620033
23254 1 0.625043094158
4048 1 0.624959468842
40983 1 0.62344545126
57653 1 0.62303519249
56135 1 0.622932374477
85459 1 0.622336268425
480 1 0.621976733208
66753 1 0.621273517609
18768 1 0.621009647846
13881 1 0.620334804058
91099 1 0.620280444622
1043 1 0.620208442211
84940 1 0.619636893272
21233 1 0.619067966938
75236 1 0.618725478649
19088 1 0.618708133698
88737 4 0.618667960167
19655 1 0.618151068687
50962 1 0.618116497993
51124 1 0.617438077927
1996 1 0.617171466351
44713 4 0.617017149925
4526 4 0.616729676723
6953 1 0.616436719894
37173 4 0.616330802441
78785 1 0.615755319595
89679 1 0.61565643549
63145 1 0.615414261818
42763 4 0.615329742432
44730 1 0.615142703056
34116 4 0.615045189857
52617 3 0.614997506142
82025 1 0.614864170551
62168 4 0.614400446415
37330 1 0.614374697208
38093 1 0.61426025629
86329 1 0.61416965723
62786 1 0.613894820213
74382 1 0.613693237305
12868 3 0.613063812256
12051 3 0.612849831581
46600 1 0.612627744675
18219 1 0.61261922121
5398 4 0.612584888935
6552 4 0.612564086914
26137 4 0.611433506012
10036 1 0.611101567745
33696 1 0.611042320728
26767 1 0.611005067825
49853 2 0.610362529755
72626 1 0.609677195549
62517 3 0.609635233879
9921 1 0.609571456909
86230 1 0.609550058842
6586 2 0.608926653862
76638 1 0.608770787716
1448 1 0.608630716801
69316 1 0.60847479105
87067 1 0.608468711376
87366 1 0.608067989349
43719 1 0.607706487179
58146 1 0.607462644577
13247 1 0.607079386711
7935 1 0.607053279877
72839 3 0.60705268383
1178 1 0.606820106506
7268 1 0.606789946556
57706 1 0.606229662895
65165 1 0.605968534946
8597 1 0.605907678604
86981 1 0.605551242828
375 1 0.605071008205
3171 1 0.604907214642
22253 1 0.604667782784
57626 1 0.604583024979
20459 1 0.604222595692
59589 1 0.60353320837
72591 1 0.60240226984
22538 1 0.601793944836
53470 1 0.601439118385
54773 1 0.601280927658
56385 1 0.600826561451
67394 1 0.600713849068
58781 4 0.600376665592
1851 1 0.60001039505
54468 1 0.599830389023
89099 1 0.599330484867
6706 1 0.599291622639
2575 1 0.599203705788
56548 3 0.599133372307
74584 4 0.599011957645
25772 1 0.598748743534
64005 1 0.598521351814
55778 2 0.598404526711
40422 2 0.598200678825
35929 1 0.597847521305
21634 4 0.597764015198
72836 3 0.597629010677
82920 1 0.597525835037
23196 1 0.597467780113
13884 2 0.597422301769
76910 4 0.597135365009
87119 1 0.597091197968
11534 1 0.597009718418
6652 4 0.596822857857
11166 1 0.596802353859
60816 1 0.596685230732
20743 1 0.596632003784
3754 4 0.596537768841
76844 1 0.596498429775
12662 2 0.595838546753
47550 1 0.595209240913
60843 1 0.595181941986
3231 1 0.595181941986
55165 1 0.595097064972
69937 1 0.594841063023
23999 1 0.594234108925
36878 1 0.59421223402
45121 1 0.593907296658
728 2 0.593855977058
75664 1 0.593707740307
40038 1 0.593047916889
89666 1 0.592671990395
1013 1 0.592373907566
2350 2 0.592347085476
78864 1 0.592096090317
46409 3 0.591991841793
44993 2 0.591775357723
32419 1 0.591496109962
62789 1 0.590953230858
46563 1 0.590754449368
38229 1 0.590739250183
32164 1 0.590153038502
29559 1 0.589765846729
49127 1 0.58971375227
27304 1 0.589455246925
1420 4 0.58937227726
78214 1 0.589291274548
67849 4 0.589103579521
33695 4 0.588561892509
58487 1 0.588435173035
3548 3 0.587693333626
54 1 0.585592031479
32042 1 0.585103154182
34373 2 0.584978401661
43067 1 0.584864854813
74523 1 0.584138929844
48435 1 0.583927094936
23633 1 0.58345413208
28808 1 0.583191752434
79296 1 0.58286601305
64488 2 0.582333445549
27173 1 0.581922650337
37508 1 0.581681072712
28388 1 0.581410527229
73889 1 0.581390321255
50464 1 0.580899834633
12582 1 0.580747902393
39712 3 0.579841911793
68907 4 0.579804062843
40036 1 0.579423248768
70185 2 0.579415738583
21659 1 0.57928442955
43136 1 0.579121589661
2313 2 0.578191757202
911 1 0.577247440815
65114 3 0.576986312866
30444 3 0.576836824417
69911 4 0.576631486416
50349 1 0.576353490353
5700 1 0.576288938522
17221 1 0.576027691364
21218 1 0.575930595398
74592 1 0.575724124908
49833 1 0.575421750546
85741 1 0.575412988663
22551 2 0.575313031673
84620 1 0.575125038624
5910 1 0.574696958065
45817 1 0.574488639832
5059 1 0.573857784271
44661 1 0.573712229729
51754 1 0.573093175888
72953 1 0.573052346706
25411 1 0.572436273098
69051 1 0.572376012802
36183 3 0.57210111618
25354 1 0.57199627161
41755 1 0.571668565273
1914 4 0.571610450745
24179 1 0.571129798889
80327 1 0.570743441582
20440 1 0.570671260357
30470 1 0.570372521877
35078 1 0.570239067078
42531 1 0.570186495781
4681 1 0.569973289967
46747 1 0.56996846199
55166 1 0.569732069969
87910 4 0.569314301014
41956 2 0.568710684776
41064 3 0.568019032478
4653 1 0.567922353745
25971 1 0.567042291164
23354 1 0.56669074297
44165 1 0.566408097744
33436 1 0.566371560097
44174 3 0.566313803196
16343 1 0.566148817539
20649 1 0.565770208836
12980 4 0.565579116344
72579 4 0.564727306366
81742 4 0.564090073109
66779 1 0.563790440559
85799 1 0.563588917255
26144 1 0.562823593616
19755 1 0.56282043457
18218 1 0.56263923645
85088 1 0.562146127224
1313 1 0.562021136284
46838 1 0.561938405037
33904 1 0.561670362949
3191 1 0.561655938625
84126 3 0.561598062515
17886 1 0.56147146225
68213 1 0.560981571674
9361 2 0.560825228691
48907 1 0.560761332512
29687 4 0.560507774353
12330 1 0.560203313828
18045 1 0.56018525362
80988 2 0.560170948505
27072 1 0.55988997221
60554 1 0.559224784374
21386 1 0.558816850185
18244 1 0.558591604233
62787 1 0.558470904827
60803 1 0.558310508728
90413 1 0.558203220367
22198 2 0.558070361614
70531 4 0.557322859764
63413 1 0.556930065155
25018 4 0.556824743748
373 1 0.556799948215
90374 1 0.556555688381
29853 1 0.556551337242
9295 1 0.556396722794
53637 1 0.556248188019
7797 1 0.556161344051
16660 1 0.555911242962
37567 2 0.555804491043
25007 1 0.555625140667
29149 7 0.554868459702
79636 1 0.554717838764
45972 1 0.554577291012
76499 1 0.554496586323
15471 4 0.554434776306
39029 1 0.554316818714
37412 1 0.554244995117
41260 2 0.553993284702
25969 1 0.553979694843
75247 1 0.553808987141
90870 1 0.553305387497
47319 1 0.553248882294
28905 1 0.553024768829
47043 4 0.552505075932
628 1 0.552299916744
37711 1 0.552267611027
19075 1 0.551880300045
663 1 0.551481425762
49199 3 0.551464855671
39054 1 0.551061034203
67077 1 0.550891399384
88735 4 0.550727307796
31584 1 0.550709247589
10244 2 0.5504322052
34968 1 0.550349295139
28072 1 0.549739956856
10164 1 0.549467980862
24027 1 0.548984467983
89074 4 0.548890709877
76574 1 0.548829555511
49525 1 0.548152446747
89667 1 0.547768771648
44164 1 0.547720432281
85758 1 0.5476552248
90380 3 0.547342836857
19646 1 0.547101020813
18974 1 0.546918869019
81777 1 0.54676669836
86484 1 0.546348392963
65391 7 0.545278728008
71281 1 0.545228242874
19082 4 0.54502338171
83279 1 0.544827222824
19894 1 0.54482293129
88400 1 0.544534385204
5144 3 0.544322371483
52583 1 0.544247865677
82634 1 0.54404270649
8981 3 0.543853759766
10509 4 0.543789744377
42425 1 0.541755974293
39377 1 0.541660964489
44355 1 0.541651785374
34813 1 0.541447877884
61858 1 0.541183292866
66443 1 0.541123151779
81175 1 0.54032689333
16634 1 0.539919614792
1959 1 0.539575397968
15554 1 0.539501607418
7888 1 0.539477169514
91626 10 0.539451539516
37166 1 0.539311885834
41719 1 0.539265036583
4646 1 0.538997471333
23374 4 0.538786292076
18436 1 0.538699507713
33298 1 0.538462758064
59793 1 0.538426935673
476 2 0.538102030754
8779 3 0.53802472353
14021 2 0.537642240524
2557 1 0.537620723248
51065 4 0.53760176897
83653 3 0.537058830261
17148 1 0.536738991737
7336 3 0.536418199539
82825 1 0.536357700825
68911 4 0.536187887192
57451 1 0.536066651344
11160 1 0.535951733589
37499 1 0.535859882832
37906 1 0.535834550858
84910 1 0.535546720028
23020 1 0.535499036312
16817 1 0.53539454937
45070 1 0.534787356853
20396 1 0.534731805325
65526 1 0.534629762173
81153 1 0.53462523222
83935 1 0.534602642059
54712 4 0.53449177742
38952 1 0.534061551094
65685 1 0.534041404724
27113 1 0.533988177776
70885 4 0.533851146698
37785 1 0.53356385231
76261 1 0.533356845379
26687 1 0.532664358616
79996 1 0.532615065575
6840 1 0.532501757145
36940 1 0.53234487772
820 1 0.532273113728
69156 1 0.530639708042
86982 1 0.530321896076
52337 3 0.530320942402
29774 1 0.530178904533
74340 4 0.53016012907
30061 1 0.529895484447
2802 2 0.529881298542
5098 1 0.529522120953
21549 1 0.529349923134
76860 1 0.529208064079
68536 1 0.529199540615
14260 3 0.529139041901
43116 1 0.528973340988
5275 1 0.528595149517
17435 1 0.528173446655
2700 3 0.528075873852
60458 1 0.5274746418
16816 1 0.527128815651
20800 1 0.526883602142
11269 2 0.526745557785
43041 1 0.526735782623
85643 1 0.52657866478
39181 1 0.52597540617
51690 1 0.525744974613
85800 1 0.52572876215
70388 4 0.525489807129
20745 2 0.52533274889
25820 4 0.525234937668
67138 1 0.524673044682
41695 1 0.524667739868
68660 1 0.524605751038
24169 1 0.524605035782
83932 1 0.524512350559
61241 4 0.524316489697
82457 1 0.523954153061
89525 2 0.523871839046
12298 4 0.523772895336
36904 1 0.523206412792
90359 1 0.523170292377
46865 1 0.522959411144
3306 3 0.522921025753
20394 1 0.522882342339
56712 1 0.522876322269
61213 2 0.522804558277
65748 3 0.52248942852
43169 1 0.522428035736
64042 1 0.522182285786
5635 1 0.522069454193
45981 1 0.521808862686
59066 1 0.521667718887
29618 1 0.521667063236
10165 1 0.521608769894
34458 7 0.521557748318
43996 3 0.521359503269
32222 1 0.521113812923
43170 1 0.520974695683
47859 1 0.520924687386
4297 1 0.520160317421
65390 7 0.519720196724
36921 1 0.519615769386
37596 1 0.519575297832
27782 1 0.519442439079
839 1 0.519155263901
7806 1 0.519110560417
85864 1 0.518911898136
33385 1 0.518619000912
40140 2 0.518588960171
35120 3 0.518038570881
27250 4 0.517907321453
18999 3 0.517661392689
29481 2 0.517604827881
11208 1 0.517528414726
1244 4 0.516518831253
31559 3 0.516212105751
51665 1 0.515715122223
87749 1 0.515563011169
67512 1 0.515283167362
21801 1 0.515266776085
64186 1 0.515014588833
8325 1 0.514808833599
43068 1 0.514740169048
7310 1 0.514737188816
41675 1 0.514656960964
57726 3 0.514529526234
37880 1 0.51399576664
46209 4 0.513957321644
4726 1 0.51365506649
52236 1 0.51365095377
88658 1 0.513589322567
86741 1 0.513440668583
16011 1 0.512434124947
827 1 0.512256205082
1671 1 0.512237966061
28960 1 0.512070536613
23001 4 0.511565029621
3534 4 0.511316180229
55755 1 0.511138796806
90173 1 0.510935425758
35077 1 0.510859966278
77 1 0.510693430901
18237 1 0.510612130165
21851 7 0.510343849659
55001 1 0.509752810001
28649 1 0.509435772896
51251 1 0.508008599281
52351 1 0.50798791647
7341 1 0.507884204388
68156 4 0.507738411427
7852 1 0.507495343685
43351 1 0.507212758064
54578 1 0.506802082062
60154 1 0.506652712822
3139 1 0.506645619869
38992 1 0.506618618965
57328 1 0.506503760815
28079 1 0.506490170956
9506 1 0.506485700607
35938 1 0.506248354912
18983 1 0.506244659424
51693 1 0.505818903446
46515 1 0.505789875984
5939 1 0.505345821381
55457 1 0.505152761936
70282 1 0.505139172077
72607 1 0.503778755665
9419 1 0.503670215607
52415 1 0.503618717194
81592 1 0.503306746483
1260 1 0.503244757652
49044 4 0.503165304661
66771 10 0.502972602844
46567 1 0.502822160721
25345 2 0.502795577049
5766 3 0.502389013767
12686 3 0.50206130743
12035 1 0.501779913902
51592 1 0.501662790775
58464 1 0.501110374928
20435 2 0.500883281231
68313 2 0.500665783882
88464 1 0.50022739172
30308 1 0.4998678267
49556 10 0.49963966012
69138 1 0.499509572983
34638 1 0.499248087406
10345 4 0.499097853899
74568 1 0.498921215534
61513 1 0.49888959527
81820 1 0.498366951942
58062 1 0.498342186213
2697 1 0.498084753752
47221 4 0.496882498264
81062 1 0.496484845877
18109 1 0.496454298496
56310 4 0.495503157377
83988 3 0.495464354753
74354 1 0.495343595743
21311 1 0.495247721672
9461 1 0.495092064142
4358 1 0.494984656572
83806 4 0.493386417627
2807 1 0.493063122034
50966 3 0.49298915267
57650 1 0.490688294172
16649 4 0.489545285702
73938 2 0.488674789667
90312 1 0.48806527257
45924 2 0.48735716939
81757 7 0.486039996147
63589 4 0.485139876604
47569 4 0.485011309385
10163 1 0.484712004662
83903 4 0.484204858541
42674 1 0.484108835459
33644 3 0.482872337103
21051 3 0.481804192066
33308 1 0.481294006109
55695 2 0.480895698071
15488 10 0.480772942305
24314 3 0.480210989714
83955 4 0.479200571775
1374 2 0.47908565402
23869 4 0.478639483452
81758 1 0.478342592716
67880 2 0.477825760841
68874 1 0.47744384408
37167 2 0.47598400712
73365 4 0.473317176104
42424 1 0.472471505404
5408 1 0.472355246544
50348 1 0.470864117146
76718 1 0.467898100615
57829 1 0.467266738415
42423 1 0.46495115757
85923 1 0.463354051113
91113 4 0.463289707899
4788 2 0.462460458279
55970 1 0.462172687054
1779 2 0.461768716574
1743 2 0.457345545292
83775 5 0.457083433867
28519 1 0.456341087818
16175 3 0.454684555531
65353 2 0.452646404505
5232 8 0.451755732298
62556 7 0.451657801867
1879 3 0.451580882072
55935 4 0.450473278761
55750 3 0.450009584427
30544 1 0.449958890676
80096 1 0.449496507645
47211 2 0.44915291667
41698 1 0.449064731598
87536 3 0.447332769632
11051 2 0.447295606136
66491 4 0.445235967636
78878 2 0.444967955351
23507 3 0.444498091936
79167 2 0.443924874067
17280 3 0.44285812974
45754 2 0.441460967064
32651 3 0.438841372728
72603 2 0.438508421183
30336 4 0.438346505165
78727 2 0.437564343214
33268 2 0.435960441828
75906 3 0.435091167688
25829 4 0.432380646467
19774 2 0.432355493307
3961 1 0.431734263897
43080 10 0.431593120098
73509 1 0.430084377527
58874 3 0.430064558983
8537 3 0.428286939859
5897 2 0.424113631248
19226 1 0.423972338438
10238 2 0.422444492579
3821 4 0.420483112335
39180 1 0.419586062431
87447 2 0.418581008911
46213 1 0.417665213346
43115 1 0.416633963585
83582 4 0.415335267782
67918 3 0.41513183713
45153 4 0.41350492835
4179 4 0.411850869656
52508 4 0.411060839891
83480 3 0.398778766394
73434 2 0.398692905903
25669 2 0.396820366383
12705 5 0.396548420191
75964 3 0.393400460482
9038 3 0.391753584146
89262 2 0.387715697289
969 3 0.387477487326
4356 2 0.384478569031
2754 2 0.384021967649
50687 4 0.382753789425
75963 5 0.380778700113
10837 3 0.379641443491
26143 2 0.377418905497
74621 2 0.3768671453
30494 3 0.374264031649
33441 5 0.372932195663
30630 3 0.372860699892
74793 5 0.37197458744
33309 1 0.371042460203
57759 3 0.36904335022
45490 2 0.367269337177
55467 2 0.366326928139
57449 5 0.356882333755
79107 10 0.354730904102
4416 2 0.353894323111
37927 5 0.349556088448
55104 3 0.349406063557
72574 5 0.340386718512
50738 2 0.339868962765
84498 2 0.338034003973
33576 3 0.337649583817
8028 2 0.337373197079
29832 5 0.334605395794
83505 2 0.333651095629
28709 2 0.333247572184
67870 2 0.332001268864
85128 5 0.331088334322
59516 4 0.321764826775
8490 3 0.320914566517
41934 5 0.320062398911
27125 5 0.31153678894
51404 2 0.307531714439
59770 2 0.303137481213
18428 2 0.302117526531
18656 5 0.295120954514
4355 2 0.285273045301
22774 6 0.284255385399
654 2 0.284049242735
15340 2 0.282607108355
67934 5 0.282119005919
77523 2 0.281922638416
65527 1 0.281708866358
33207 6 0.275282263756
3117 2 0.272812843323
27668 6 0.269153356552
56223 2 0.268825292587
10181 2 0.267305314541
88728 5 0.262586027384
91112 2 0.258742451668
76765 5 0.257737010717
52559 3 0.257359355688
5654 5 0.250561594963
81145 5 0.245694220066
9814 2 0.232778340578
9510 6 0.210468232632
