58500 1 0.982592344284
14082 4 0.968573749065
22257 1 0.956670999527
22177 4 0.952456235886
5248 1 0.951041579247
69665 1 0.948247611523
634 1 0.940156757832
88137 1 0.938243687153
89000 1 0.936492919922
2067 1 0.935290277004
48689 1 0.934335410595
52262 4 0.931236505508
72198 1 0.929895341396
27028 1 0.92826128006
57243 1 0.928011715412
88783 1 0.927021443844
85153 1 0.924866437912
52820 1 0.922753989697
60763 4 0.917396247387
37843 1 0.913207769394
25872 1 0.911646068096
22721 1 0.911300420761
12657 1 0.909027814865
38092 1 0.908286571503
76245 1 0.907171070576
28736 1 0.905492544174
20917 1 0.90493273735
87927 1 0.903566658497
65433 4 0.90269100666
51715 1 0.898176252842
11801 4 0.898105978966
81104 1 0.896274626255
85896 1 0.888026177883
31959 1 0.886738359928
19589 1 0.885943830013
89266 1 0.885629951954
82299 1 0.885008513927
21548 1 0.883994758129
58418 1 0.883989334106
57651 1 0.882450938225
70281 1 0.879348278046
76717 1 0.879056930542
37761 1 0.878479778767
23356 1 0.878184199333
2356 1 0.876800656319
17501 1 0.875842630863
55507 4 0.873055577278
55877 1 0.872701108456
29398 4 0.872368991375
53638 1 0.871545612812
88379 1 0.871542155743
42711 1 0.869033932686
71725 1 0.868211388588
76784 1 0.867880940437
32660 1 0.866815507412
371 1 0.865946948528
5231 1 0.865311563015
34792 1 0.863698244095
20804 1 0.863197624683
76866 4 0.86291873455
1304 1 0.861269950867
5384 1 0.860853016376
7393 1 0.8597022295
80608 1 0.859508752823
76606 1 0.858891606331
66956 1 0.856532931328
78189 4 0.855668008327
50241 1 0.855579614639
86336 1 0.852685213089
35197 1 0.851662278175
82160 4 0.85074621439
79503 4 0.850457549095
9460 1 0.84891730547
48117 4 0.847949743271
10306 4 0.845965147018
55623 4 0.84556466341
65577 4 0.844833076
44997 1 0.844263553619
45000 1 0.84150159359
91210 1 0.839913904667
26497 1 0.839729726315
46690 4 0.838678777218
3137 1 0.838673293591
50334 1 0.836337924004
79453 1 0.836149573326
54255 1 0.835590064526
1321 4 0.834376871586
4064 1 0.833327651024
20045 4 0.833206653595
40502 1 0.830223560333
23150 1 0.829964101315
71726 1 0.829123318195
11595 1 0.827468395233
18460 1 0.826735496521
26715 1 0.825486123562
19227 1 0.825384557247
8518 4 0.822112321854
25828 4 0.821781218052
70760 1 0.821254432201
12810 1 0.820768535137
64637 3 0.820361375809
7539 1 0.819976568222
59772 1 0.819815158844
32110 4 0.819276750088
36052 1 0.819200396538
50546 4 0.819034457207
900 1 0.818344712257
62181 4 0.817306041718
91609 1 0.816664516926
2102 1 0.81650185585
5356 1 0.814665615559
18427 1 0.812313556671
10153 1 0.810591518879
9676 1 0.809356331825
13538 1 0.808091282845
7240 1 0.80797201395
54560 1 0.807797670364
46201 1 0.807034611702
60106 1 0.806979596615
18509 1 0.805670380592
10307 4 0.805431842804
49616 1 0.805366039276
19747 1 0.804097473621
54679 1 0.803835809231
7976 1 0.803320169449
85006 4 0.802842020988
43375 1 0.80257755518
65431 4 0.800601363182
60907 1 0.799841880798
20732 1 0.799644529819
3527 1 0.798692345619
88594 1 0.798572659492
87308 1 0.797160863876
10956 1 0.795353889465
60483 1 0.794451594353
21930 1 0.793483138084
62098 4 0.793021023273
32622 4 0.792788147926
66772 4 0.792285084724
5563 1 0.791855752468
60136 1 0.791345179081
5661 1 0.789390563965
1913 4 0.789378106594
4415 1 0.788719117641
13027 1 0.788577020168
38957 1 0.786780357361
89731 1 0.786319613457
20459 1 0.786067903042
91277 4 0.784778594971
38955 1 0.783984780312
46512 1 0.783161044121
1996 1 0.782541811466
67140 1 0.781678676605
3160 1 0.78132712841
53230 1 0.780331254005
46007 1 0.780188500881
72879 1 0.780078828335
66010 1 0.779602169991
47717 4 0.778614699841
22247 1 0.778576016426
49018 1 0.778147757053
80828 1 0.777757942677
44286 1 0.777208566666
73337 1 0.777095973492
77568 4 0.776001870632
39959 1 0.775614380836
21937 1 0.77456176281
64554 1 0.774241805077
36505 1 0.773370563984
62894 1 0.773323655128
59697 1 0.772047936916
1852 1 0.771282076836
20501 1 0.770923674107
80144 1 0.770414710045
64789 1 0.770091474056
86981 1 0.769813895226
10038 1 0.769064486027
65238 1 0.767206192017
7394 1 0.766755998135
43256 1 0.765965819359
38094 1 0.765310823917
60218 1 0.76264244318
43894 1 0.762592077255
89585 3 0.762523770332
19082 4 0.762062847614
30880 1 0.76199889183
48181 4 0.761933684349
38742 1 0.761310398579
5585 1 0.760647654533
5700 1 0.759743869305
14156 1 0.759706020355
7243 1 0.759367108345
68642 1 0.759127736092
89191 4 0.757715940475
59721 1 0.757185935974
4331 1 0.756364524364
5914 1 0.75606572628
83491 3 0.75589287281
57739 1 0.755395710468
60726 1 0.754502654076
34094 1 0.754278242588
5475 1 0.75362354517
60685 1 0.753107368946
76572 1 0.752988755703
78216 1 0.752268791199
3138 1 0.752232372761
17333 1 0.751425743103
5932 1 0.751382410526
51192 4 0.74996894598
19330 1 0.749961853027
89443 1 0.749598681927
59029 1 0.74914932251
55134 1 0.748489916325
82521 1 0.74842351675
69181 1 0.748124063015
90352 4 0.747750997543
28451 1 0.745527803898
24163 1 0.743926763535
5697 1 0.742676198483
73338 1 0.74156075716
48585 1 0.741355061531
74303 1 0.741209626198
25672 1 0.74100881815
36616 1 0.74027711153
5783 1 0.740010261536
41789 1 0.739263415337
26790 1 0.737268447876
62682 1 0.736854910851
48387 1 0.736102700233
34256 1 0.735574066639
2155 1 0.735198497772
81521 1 0.73301422596
29148 1 0.732095122337
32859 1 0.731628596783
51712 1 0.730435073376
28634 1 0.728733420372
1174 1 0.727699041367
60088 1 0.72709774971
33326 4 0.726031661034
60135 1 0.725695729256
66775 1 0.724993884563
78650 1 0.72463196516
78741 1 0.72359508276
78322 1 0.723331451416
62182 4 0.723130643368
37914 1 0.722513079643
38374 1 0.722428321838
39710 1 0.722196578979
67504 3 0.721298873425
83543 1 0.720787286758
7385 1 0.720619261265
17148 1 0.720562338829
16647 4 0.720001101494
64040 1 0.717932224274
89669 1 0.717335581779
87498 1 0.717291653156
89796 1 0.716899931431
81508 1 0.716760993004
71279 1 0.716585576534
12463 1 0.715664803982
60479 1 0.715228438377
46513 1 0.714065074921
86146 1 0.713753819466
19175 4 0.713372647762
8175 1 0.713341116905
70943 1 0.713154017925
57463 1 0.713150382042
11123 3 0.713121950626
30926 1 0.712774038315
37173 4 0.712549507618
4113 1 0.712305605412
57882 3 0.710810542107
45492 1 0.71079236269
78651 1 0.710495531559
35032 4 0.710029482841
2364 1 0.708363890648
5784 7 0.707805633545
34334 1 0.706679821014
4880 1 0.705666184425
55194 1 0.704734325409
8715 4 0.70449501276
30298 1 0.704262256622
48372 4 0.703984200954
90475 1 0.703751444817
58146 1 0.703132688999
6971 2 0.702896296978
84960 4 0.702883899212
84797 1 0.702646553516
54265 1 0.702530741692
47616 1 0.702034235001
42415 1 0.701552689075
1958 1 0.701172173023
66592 1 0.699410498142
34665 4 0.699257552624
36405 4 0.698111355305
41670 1 0.697551190853
42812 4 0.696974337101
1919 4 0.69656586647
49090 1 0.695888757706
74567 1 0.695302605629
79629 1 0.695257306099
13247 1 0.695007741451
76958 4 0.694536864758
8745 1 0.694290399551
90633 1 0.692867517471
81447 1 0.691766023636
325 1 0.69144064188
27539 1 0.691371977329
71006 1 0.691103339195
50967 1 0.690972805023
19247 1 0.690777599812
63937 1 0.690703749657
4526 4 0.690440654755
16093 1 0.690205693245
63133 1 0.688372790813
83262 3 0.688119888306
8445 1 0.688020050526
12298 4 0.687058329582
54305 1 0.684426605701
41675 1 0.683571279049
1252 1 0.683486461639
57171 1 0.683133304119
66901 1 0.683075010777
61917 1 0.6826826334
15793 1 0.682640910149
51699 1 0.68252748251
51065 4 0.681855022907
18652 1 0.681719660759
4429 4 0.681472122669
62554 1 0.680241107941
62213 1 0.680223107338
81131 4 0.680163502693
4265 1 0.680159926414
18976 1 0.679792582989
4095 1 0.679099082947
34156 1 0.678462445736
79467 1 0.678426086903
83506 1 0.677545845509
22239 1 0.677019178867
66591 1 0.676342844963
72592 1 0.675865113735
420 1 0.675607264042
44020 1 0.675580441952
51581 4 0.673839330673
91062 2 0.673446118832
23196 1 0.67304879427
23399 1 0.673042237759
90607 1 0.672767102718
48702 4 0.670670568943
32044 1 0.670374155045
46252 1 0.67022806406
33782 1 0.669904351234
17886 1 0.668754041195
42522 1 0.668623149395
2973 1 0.66769361496
24146 1 0.66740655899
67141 1 0.665965437889
73200 1 0.664984464645
1610 4 0.664706528187
16004 2 0.664481163025
62370 1 0.663918614388
66282 1 0.663172841072
642 1 0.662579715252
3226 1 0.662373661995
59276 1 0.661897659302
50469 1 0.661706507206
78215 1 0.661607563496
31906 4 0.660636365414
18571 1 0.660479187965
16049 1 0.660419166088
20440 1 0.660096585751
11152 2 0.659684181213
12234 4 0.65874505043
18170 1 0.657764494419
10397 4 0.657743394375
4048 1 0.657742679119
5913 1 0.657616615295
51754 1 0.657510042191
6709 2 0.657389700413
34090 1 0.65625077486
85306 1 0.655906975269
22638 1 0.655317723751
66030 1 0.655300438404
7268 1 0.653883814812
5476 1 0.653268575668
52821 7 0.651439964771
1313 1 0.651419639587
41696 1 0.65052318573
58158 4 0.649741351604
13026 1 0.649499237537
12190 4 0.648908793926
50965 1 0.6479575634
35410 1 0.647818207741
76475 1 0.647375762463
54586 1 0.647123217583
58485 1 0.646791517735
46242 1 0.646636128426
25580 1 0.646078050137
55463 1 0.645628094673
15305 1 0.645419836044
31568 1 0.644779443741
8692 1 0.64475184679
34091 3 0.644612848759
33603 1 0.644361376762
19645 1 0.644162118435
40227 3 0.64306306839
9327 4 0.642673790455
27835 1 0.642208695412
19745 1 0.640667378902
20283 4 0.640457630157
41233 1 0.640387535095
84936 1 0.640115261078
55578 1 0.640007197857
35703 1 0.63944196701
8680 1 0.63927590847
48435 1 0.639272093773
66444 1 0.637582302094
59442 2 0.636029243469
78730 1 0.6358050704
22367 1 0.635492265224
23003 1 0.634979486465
25807 1 0.634786486626
23701 1 0.634422779083
91254 1 0.634236633778
8665 1 0.634204030037
24100 4 0.634192049503
39831 1 0.634168922901
28814 1 0.632692217827
89664 1 0.63255995512
76714 1 0.6324390769
7975 1 0.632033824921
87612 1 0.631757318974
38784 1 0.630595326424
73947 1 0.630221366882
15916 1 0.629535853863
70562 1 0.629507064819
82904 1 0.629347324371
59841 1 0.628332078457
7852 1 0.627360463142
62216 4 0.627223610878
46865 1 0.62721401453
628 1 0.626905024052
42076 1 0.626472055912
6953 1 0.626394748688
68555 4 0.626030504704
15471 4 0.625881910324
70388 4 0.625634074211
17468 3 0.625552654266
13343 1 0.625529587269
48791 4 0.62478441
53548 1 0.624634563923
74246 4 0.624454498291
5558 1 0.624364674091
5933 1 0.6242659688
17091 2 0.624089717865
70353 1 0.623649120331
72953 1 0.622526049614
65147 1 0.622483730316
1667 1 0.622243106365
48908 1 0.622118413448
62046 1 0.621686935425
27173 1 0.621353268623
46745 1 0.621315300465
40156 1 0.621197044849
20511 1 0.621057033539
3231 1 0.620915234089
71394 1 0.620738089085
25204 4 0.620377004147
4681 1 0.619142413139
16945 2 0.618717372417
10432 1 0.618329942226
65777 1 0.617920637131
35668 1 0.617791771889
66150 1 0.617713928223
6837 1 0.616986691952
68425 1 0.61598944664
45121 1 0.615028321743
12868 3 0.614683032036
16660 1 0.613959372044
4726 1 0.613920927048
30471 1 0.613723278046
90510 1 0.61359000206
74382 1 0.613330364227
26137 4 0.613223135471
84822 1 0.613108515739
73113 1 0.612634897232
65082 1 0.61201608181
19730 1 0.611832857132
33781 1 0.611785292625
12980 4 0.611731171608
90061 1 0.61099177599
11596 1 0.610584616661
70410 1 0.609859406948
46052 1 0.609716296196
88844 4 0.609269440174
40733 1 0.607918560505
63949 1 0.607345640659
17284 4 0.607312440872
50190 1 0.607059180737
63153 1 0.606907129288
7750 1 0.606533288956
24176 1 0.606061816216
21635 4 0.605904400349
60803 1 0.605211555958
40405 1 0.604931294918
20747 1 0.604724228382
12300 1 0.604344785213
66753 1 0.60317838192
86133 1 0.603028833866
1594 1 0.602723121643
69938 1 0.602429270744
40197 1 0.601674437523
7699 1 0.601555109024
43610 1 0.601377308369
4493 1 0.601294755936
5910 1 0.601177334785
1959 1 0.599834859371
28744 1 0.599801540375
51074 4 0.599592924118
35929 1 0.598125755787
18998 1 0.597989618778
12450 1 0.597479641438
6973 2 0.597051560879
49274 1 0.59675103426
65165 1 0.596586763859
62552 1 0.596378326416
19894 1 0.595841109753
83201 1 0.595792591572
26386 1 0.595295667648
34116 4 0.59513771534
82520 1 0.594398677349
37166 1 0.594161331654
46209 4 0.59354698658
51711 1 0.592939317226
32164 1 0.592553198338
78566 3 0.592035830021
13246 1 0.591331839561
81082 1 0.590582728386
54976 1 0.589696824551
25820 4 0.588431596756
22836 3 0.588280200958
10439 1 0.587974429131
50349 1 0.587747395039
53396 1 0.587521851063
21659 1 0.58735448122
56049 1 0.586767137051
25772 1 0.586562633514
35795 1 0.586525559425
55415 1 0.586470842361
53240 4 0.58643424511
68720 1 0.586329102516
45122 1 0.585840761662
49044 4 0.585663676262
52357 1 0.585473001003
86484 1 0.584880590439
26105 1 0.584517896175
52402 4 0.584420502186
73756 1 0.584098100662
88115 1 0.583250105381
27691 1 0.582842767239
64152 1 0.582085311413
8770 3 0.581541359425
89121 4 0.581368684769
40127 4 0.581161737442
37766 1 0.581134557724
77205 1 0.580520868301
25426 1 0.579812884331
3690 1 0.579514563084
45875 1 0.579373657703
21759 1 0.578862249851
21804 1 0.576897859573
20713 1 0.576583147049
67029 1 0.576256990433
22171 1 0.576079785824
34729 2 0.575702250004
87366 1 0.575675487518
43580 1 0.575336813927
21022 1 0.575204193592
32807 1 0.575175642967
72889 1 0.574780225754
46526 1 0.574391722679
45773 4 0.573184251785
57706 1 0.573042333126
28739 1 0.572689116001
55913 1 0.572102248669
20509 1 0.572053790092
44223 3 0.571990430355
2697 1 0.571380734444
22704 1 0.571343243122
43077 1 0.571185350418
21197 1 0.570654034615
3706 1 0.570573747158
4391 2 0.57042491436
44676 1 0.569929122925
57328 1 0.569573819637
21349 1 0.569333612919
17784 1 0.569330096245
46779 1 0.569164037704
14063 1 0.568670749664
10162 1 0.568587720394
1244 4 0.568560421467
59280 1 0.568428099155
64562 1 0.568124294281
78569 1 0.56802970171
22526 1 0.567619085312
62056 1 0.567615449429
18983 1 0.56688195467
6357 1 0.566785514355
4025 1 0.566104531288
52236 1 0.565895557404
6572 4 0.565891027451
61727 1 0.565370798111
85459 1 0.564719617367
33302 1 0.564096212387
50997 2 0.563544929028
31915 1 0.563305675983
69051 1 0.562900722027
34791 1 0.562812268734
90374 1 0.56270813942
51124 1 0.562357783318
18109 1 0.56182551384
23195 1 0.561783134937
25798 1 0.561699390411
69263 1 0.560925424099
2773 1 0.560819149017
78824 1 0.560640215874
33904 1 0.560139417648
5398 4 0.559875488281
84911 1 0.559526324272
83105 1 0.559448242188
80969 1 0.559192717075
45380 1 0.558793127537
63523 1 0.55790913105
84368 4 0.557604014874
8762 2 0.556431651115
38992 1 0.555968880653
28079 1 0.555746972561
13380 1 0.555698335171
38208 1 0.555358231068
39061 1 0.554716289043
23278 1 0.554555773735
712 1 0.554117798805
51668 1 0.552911221981
32904 1 0.551578164101
69940 1 0.551422476768
84887 3 0.551260054111
57306 1 0.550924062729
54489 1 0.550807535648
20746 1 0.550805747509
9304 1 0.550805151463
51690 1 0.55076944828
54774 1 0.550560295582
10244 2 0.550514996052
39583 1 0.550341069698
44164 1 0.550333976746
64488 2 0.549980342388
44993 2 0.549731075764
83997 4 0.549116671085
72591 1 0.548231720924
8105 1 0.548086941242
4930 1 0.548027515411
28462 1 0.547881186008
49076 1 0.547844588757
57650 1 0.547700583935
71957 4 0.547537505627
16301 1 0.547156214714
66548 1 0.547123908997
72061 1 0.547116994858
10766 1 0.546965718269
56913 2 0.54687333107
53930 1 0.54680287838
61596 1 0.545877933502
25695 1 0.545748472214
39938 1 0.545005738735
15653 1 0.544270575047
85250 1 0.543805658817
2557 1 0.543394207954
49832 1 0.543236017227
66711 1 0.542354285717
33695 4 0.54212975502
34373 2 0.541464626789
72207 4 0.541298806667
59471 1 0.540940105915
34787 1 0.540817856789
1285 1 0.540780007839
6552 4 0.540608584881
37880 1 0.540271759033
59773 1 0.540139853954
36888 1 0.539975166321
1180 1 0.53990906477
26357 1 0.53934276104
35785 1 0.539059102535
41217 1 0.538813531399
38938 1 0.538634777069
28616 1 0.538188159466
5059 1 0.537841081619
59727 1 0.537637650967
44713 4 0.537530243397
61751 4 0.537493169308
81592 1 0.537337303162
82896 1 0.537243902683
66441 1 0.536945164204
89050 1 0.536927640438
63145 1 0.536667227745
35727 1 0.535950481892
25007 1 0.535815536976
9813 1 0.535809636116
52350 1 0.535015523434
8656 1 0.534707844257
59825 1 0.5344825387
28808 1 0.533820390701
17774 1 0.533581018448
25345 2 0.533385455608
57591 1 0.53316783905
55884 1 0.532560229301
88735 4 0.532267212868
32222 1 0.531801044941
34553 1 0.531425118446
32108 1 0.531316101551
55668 1 0.531310915947
57451 1 0.531246304512
7797 1 0.531193554401
2796 1 0.530993044376
45625 1 0.530948996544
11032 1 0.530622005463
21801 1 0.530280649662
53924 1 0.530203521252
10427 2 0.530167937279
43706 1 0.529917001724
33308 1 0.529805719852
76887 1 0.529453754425
68658 1 0.528887808323
5521 1 0.528701722622
25168 4 0.528663635254
62518 3 0.528600811958
89678 1 0.528405785561
79996 1 0.528078556061
76499 1 0.527600049973
45979 1 0.527494490147
7935 1 0.527304291725
7537 1 0.527115464211
13882 2 0.527078032494
73891 1 0.526807487011
1178 1 0.526745080948
37785 1 0.526617705822
42978 4 0.526378929615
58548 1 0.525450646877
63900 1 0.525421380997
78214 1 0.525106847286
22219 1 0.525014460087
37711 1 0.52491825819
30470 1 0.523930728436
40433 1 0.523558437824
74254 4 0.523060083389
37928 1 0.522955715656
54278 2 0.522906303406
22253 1 0.522829055786
82559 1 0.522571206093
63155 1 0.522175133228
28905 1 0.52208417654
13884 2 0.52200615406
70103 1 0.521859228611
83301 1 0.521853327751
64146 1 0.521847426891
32042 1 0.521493732929
60801 3 0.521385967731
82825 1 0.5213072896
38093 1 0.520619988441
38370 1 0.520478069782
53332 1 0.520057380199
83279 1 0.52001541853
10165 1 0.519842505455
87067 1 0.519608914852
84620 1 0.519476950169
25829 4 0.519422769547
21549 1 0.519286334515
28772 1 0.519178807735
24869 1 0.518498957157
46838 1 0.518315494061
11394 1 0.518170118332
89444 1 0.517726838589
21233 1 0.517403185368
49876 1 0.517062366009
51665 1 0.515478074551
53937 1 0.515372157097
42227 4 0.515179872513
49161 1 0.515082657337
28455 1 0.515070080757
12662 2 0.514668464661
79477 1 0.513636946678
67627 1 0.513388514519
39712 3 0.513064980507
1173 1 0.51299482584
89683 1 0.512813448906
83315 1 0.512713134289
62683 1 0.512475609779
28049 4 0.512387096882
7628 4 0.512095034122
22538 1 0.511596560478
41064 3 0.511469364166
30479 1 0.511247098446
43116 1 0.511198580265
43202 1 0.511084496975
85804 1 0.509968698025
9210 1 0.509931921959
76743 1 0.508884608746
89666 1 0.508829593658
32412 1 0.508668720722
12217 1 0.508584320545
28460 1 0.508482515812
78729 1 0.508202672005
74743 1 0.507824659348
80988 2 0.507611632347
24513 1 0.507502675056
43170 1 0.506855726242
36433 1 0.506736040115
79479 1 0.506712377071
12557 1 0.506696045399
3171 1 0.506596267223
29323 1 0.506216049194
3250 1 0.506038963795
48813 3 0.505823373795
42531 1 0.505791604519
34968 1 0.505728185177
917 1 0.505594968796
44285 1 0.505592405796
32291 1 0.505371570587
65390 1 0.505289435387
64116 1 0.504937887192
28109 1 0.50464040041
15614 1 0.504252016544
76261 1 0.503972709179
37178 4 0.503803193569
23354 1 0.503650665283
53921 1 0.503401696682
56712 1 0.503217697144
1420 4 0.502841353416
12564 1 0.502800762653
629 1 0.50258487463
40422 2 0.5025588274
45817 1 0.501848399639
60937 4 0.501530885696
67184 1 0.501252233982
45981 1 0.500831365585
23020 1 0.499687045813
7409 1 0.499607622623
82821 1 0.499591678381
41260 2 0.499373137951
3852 1 0.499208211899
11462 1 0.498942762613
85643 1 0.498865157366
62387 1 0.498826891184
2350 2 0.498680382967
2802 2 0.498020529747
57661 1 0.49760890007
30873 4 0.497571408749
47043 4 0.497193098068
86982 1 0.49645704031
18284 1 0.496263682842
20369 4 0.496028572321
14021 2 0.494747489691
68230 4 0.49412715435
26687 1 0.493839919567
69937 1 0.493573874235
29437 1 0.49331009388
66443 1 0.493150353432
81758 1 0.492169499397
68717 1 0.491840422153
1419 4 0.491773545742
20745 2 0.491727173328
2313 2 0.491711258888
55778 2 0.490901947021
67478 1 0.490835249424
42426 1 0.490533709526
6586 2 0.49022731185
61213 2 0.48912909627
476 2 0.488117575645
7307 1 0.488089621067
4679 1 0.487684369087
3754 4 0.48723205924
89525 2 0.486941307783
36922 1 0.48628360033
55464 1 0.485980927944
74243 4 0.484030455351
86949 1 0.483929663897
83595 4 0.483679533005
42763 4 0.483497440815
48389 1 0.483373582363
88737 4 0.483268022537
11269 2 0.483206838369
40140 2 0.482812583447
29149 7 0.482675135136
38247 1 0.48173481226
23617 4 0.480642199516
31427 4 0.479889690876
8981 3 0.47808149457
6578 4 0.477426052094
69817 1 0.47686907649
25688 4 0.476613640785
22198 2 0.476115077734
90632 1 0.475375920534
21218 1 0.473798662424
62379 4 0.472520232201
32139 1 0.472438782454
12686 3 0.471923977137
49853 2 0.470506370068
67138 1 0.469593197107
90380 3 0.46922942996
72199 1 0.468059062958
67880 2 0.466764420271
1013 1 0.463969737291
88914 4 0.463667005301
31204 1 0.463580876589
5911 1 0.461988866329
63589 4 0.460351139307
4788 2 0.460133075714
3856 4 0.457570016384
1743 2 0.456831872463
70680 3 0.453769952059
74340 4 0.453084766865
68907 4 0.45139580965
55165 1 0.451119661331
10345 4 0.449889063835
73474 3 0.448232769966
9361 2 0.444848179817
83955 4 0.438571542501
83806 4 0.438255727291
47569 4 0.43812635541
19386 2 0.438120990992
18999 3 0.437979727983
30906 2 0.43688672781
9983 2 0.434297323227
563 3 0.433501243591
36183 3 0.431757867336
87910 4 0.431550592184
20435 2 0.429793834686
83988 3 0.429677516222
79167 2 0.427886515856
21838 2 0.427556544542
62529 4 0.424902379513
5766 3 0.42478749156
47991 2 0.423942476511
9227 2 0.419732689857
22551 2 0.418793588877
30336 4 0.418758869171
8779 3 0.41805434227
73473 3 0.417930692434
68313 2 0.416026711464
78487 3 0.415183991194
81757 7 0.413668245077
41956 2 0.40944892168
50687 4 0.4092669487
27250 4 0.406191051006
10238 2 0.404448896646
37567 2 0.404351472855
57726 3 0.403602600098
19774 2 0.400555312634
51621 3 0.397259116173
34458 7 0.39491763711
73938 2 0.394357532263
7336 3 0.394004493952
91113 4 0.3911023736
39582 3 0.391031384468
11509 4 0.380813330412
728 2 0.377767980099
65353 2 0.376601904631
34367 3 0.375996381044
1879 3 0.365989953279
78878 2 0.364879459143
29687 4 0.363709658384
37167 2 0.358627408743
72758 3 0.358407437801
83582 4 0.353876292706
65391 7 0.343500941992
33268 2 0.342115014791
73434 2 0.33840572834
12051 4 0.313946932554
72603 2 0.313663095236
55467 2 0.302455484867
4356 2 0.295906335115
26143 2 0.284210979939
2754 2 0.281059771776
57449 2 0.279602080584
83505 2 0.270600914955
3117 5 0.269139200449
51404 5 0.263593554497
27125 5 0.248814508319
22774 5 0.247491508722
27668 6 0.246775239706
56223 5 0.239387199283
654 2 0.231295511127
33207 6 0.22504298389
9510 6 0.206426113844
10181 5 0.193286702037
