1.0 0.0
1.0 0.000577367205543
0.5 0.000577367205543
0.666666666667 0.00115473441109
0.75 0.00173210161663
0.8 0.00230946882217
0.833333333333 0.00288683602771
0.857142857143 0.00346420323326
0.75 0.00346420323326
0.777777777778 0.0040415704388
0.8 0.00461893764434
0.818181818182 0.00519630484988
0.833333333333 0.00577367205543
0.846153846154 0.00635103926097
0.857142857143 0.00692840646651
0.866666666667 0.00750577367206
0.875 0.0080831408776
0.882352941176 0.00866050808314
0.833333333333 0.00866050808314
0.842105263158 0.00923787528868
0.85 0.00981524249423
0.857142857143 0.0103926096998
0.818181818182 0.0103926096998
0.782608695652 0.0103926096998
0.791666666667 0.0109699769053
0.76 0.0109699769053
0.769230769231 0.0115473441109
0.777777777778 0.0121247113164
0.785714285714 0.0127020785219
0.793103448276 0.0132794457275
0.8 0.013856812933
0.774193548387 0.013856812933
0.78125 0.0144341801386
0.787878787879 0.0150115473441
0.764705882353 0.0150115473441
0.742857142857 0.0150115473441
0.722222222222 0.0150115473441
0.702702702703 0.0150115473441
0.710526315789 0.0155889145497
0.717948717949 0.0161662817552
0.725 0.0167436489607
0.707317073171 0.0167436489607
0.714285714286 0.0173210161663
0.697674418605 0.0173210161663
0.681818181818 0.0173210161663
0.666666666667 0.0173210161663
0.673913043478 0.0178983833718
0.659574468085 0.0178983833718
0.666666666667 0.0184757505774
0.673469387755 0.0190531177829
0.66 0.0190531177829
0.666666666667 0.0196304849885
0.673076923077 0.020207852194
0.660377358491 0.020207852194
0.666666666667 0.0207852193995
0.672727272727 0.0213625866051
0.678571428571 0.0219399538106
0.684210526316 0.0225173210162
0.672413793103 0.0225173210162
0.677966101695 0.0230946882217
0.683333333333 0.0236720554273
0.688524590164 0.0242494226328
0.693548387097 0.0248267898383
0.68253968254 0.0248267898383
0.6875 0.0254041570439
0.692307692308 0.0259815242494
0.681818181818 0.0259815242494
0.671641791045 0.0259815242494
0.676470588235 0.026558891455
0.666666666667 0.026558891455
0.657142857143 0.026558891455
0.661971830986 0.0271362586605
0.666666666667 0.0277136258661
0.657534246575 0.0277136258661
0.648648648649 0.0277136258661
0.64 0.0277136258661
0.644736842105 0.0282909930716
0.649350649351 0.0288683602771
0.653846153846 0.0294457274827
0.645569620253 0.0294457274827
0.6375 0.0294457274827
0.641975308642 0.0300230946882
0.646341463415 0.0306004618938
0.650602409639 0.0311778290993
0.654761904762 0.0317551963048
0.647058823529 0.0317551963048
0.651162790698 0.0323325635104
0.64367816092 0.0323325635104
0.647727272727 0.0329099307159
0.640449438202 0.0329099307159
0.644444444444 0.0334872979215
0.648351648352 0.034064665127
0.652173913043 0.0346420323326
0.655913978495 0.0352193995381
0.659574468085 0.0357967667436
0.663157894737 0.0363741339492
0.666666666667 0.0369515011547
0.670103092784 0.0375288683603
0.663265306122 0.0375288683603
0.656565656566 0.0375288683603
0.65 0.0375288683603
0.643564356436 0.0375288683603
0.647058823529 0.0381062355658
0.650485436893 0.0386836027714
0.644230769231 0.0386836027714
0.647619047619 0.0392609699769
0.641509433962 0.0392609699769
0.644859813084 0.0398383371824
0.638888888889 0.0398383371824
0.633027522936 0.0398383371824
0.636363636364 0.040415704388
0.63963963964 0.0409930715935
0.633928571429 0.0409930715935
0.628318584071 0.0409930715935
0.622807017544 0.0409930715935
0.617391304348 0.0409930715935
0.620689655172 0.0415704387991
0.615384615385 0.0415704387991
0.618644067797 0.0421478060046
0.621848739496 0.0427251732102
0.616666666667 0.0427251732102
0.619834710744 0.0433025404157
0.622950819672 0.0438799076212
0.626016260163 0.0444572748268
0.629032258065 0.0450346420323
0.624 0.0450346420323
0.619047619048 0.0450346420323
0.614173228346 0.0450346420323
0.6171875 0.0456120092379
0.612403100775 0.0456120092379
0.607692307692 0.0456120092379
0.610687022901 0.0461893764434
0.606060606061 0.0461893764434
0.609022556391 0.046766743649
0.611940298507 0.0473441108545
0.607407407407 0.0473441108545
0.610294117647 0.04792147806
0.605839416058 0.04792147806
0.608695652174 0.0484988452656
0.611510791367 0.0490762124711
0.607142857143 0.0490762124711
0.602836879433 0.0490762124711
0.605633802817 0.0496535796767
0.601398601399 0.0496535796767
0.597222222222 0.0496535796767
0.593103448276 0.0496535796767
0.595890410959 0.0502309468822
0.591836734694 0.0502309468822
0.594594594595 0.0508083140878
0.597315436242 0.0513856812933
0.593333333333 0.0513856812933
0.58940397351 0.0513856812933
0.585526315789 0.0513856812933
0.581699346405 0.0513856812933
0.577922077922 0.0513856812933
0.58064516129 0.0519630484988
0.583333333333 0.0525404157044
0.579617834395 0.0525404157044
0.575949367089 0.0525404157044
0.572327044025 0.0525404157044
0.56875 0.0525404157044
0.571428571429 0.0531177829099
0.574074074074 0.0536951501155
0.576687116564 0.054272517321
0.573170731707 0.054272517321
0.569696969697 0.054272517321
0.566265060241 0.054272517321
0.568862275449 0.0548498845266
0.571428571429 0.0554272517321
0.568047337278 0.0554272517321
0.564705882353 0.0554272517321
0.567251461988 0.0560046189376
0.563953488372 0.0560046189376
0.560693641618 0.0560046189376
0.557471264368 0.0560046189376
0.554285714286 0.0560046189376
0.556818181818 0.0565819861432
0.559322033898 0.0571593533487
0.556179775281 0.0571593533487
0.553072625698 0.0571593533487
0.555555555556 0.0577367205543
0.552486187845 0.0577367205543
0.549450549451 0.0577367205543
0.546448087432 0.0577367205543
0.548913043478 0.0583140877598
0.551351351351 0.0588914549654
0.548387096774 0.0588914549654
0.545454545455 0.0588914549654
0.542553191489 0.0588914549654
0.544973544974 0.0594688221709
0.542105263158 0.0594688221709
0.544502617801 0.0600461893764
0.541666666667 0.0600461893764
0.544041450777 0.060623556582
0.541237113402 0.060623556582
0.54358974359 0.0612009237875
0.540816326531 0.0612009237875
0.543147208122 0.0617782909931
0.545454545455 0.0623556581986
0.542713567839 0.0623556581986
0.54 0.0623556581986
0.542288557214 0.0629330254042
0.539603960396 0.0629330254042
0.536945812808 0.0629330254042
0.539215686275 0.0635103926097
0.541463414634 0.0640877598152
0.538834951456 0.0640877598152
0.536231884058 0.0640877598152
0.538461538462 0.0646651270208
0.540669856459 0.0652424942263
0.542857142857 0.0658198614319
0.545023696682 0.0663972286374
0.547169811321 0.066974595843
0.549295774648 0.0675519630485
0.551401869159 0.068129330254
0.553488372093 0.0687066974596
0.550925925926 0.0687066974596
0.552995391705 0.0692840646651
0.550458715596 0.0692840646651
0.552511415525 0.0698614318707
0.55 0.0698614318707
0.552036199095 0.0704387990762
0.54954954955 0.0704387990762
0.551569506726 0.0710161662818
0.549107142857 0.0710161662818
0.546666666667 0.0710161662818
0.544247787611 0.0710161662818
0.546255506608 0.0715935334873
0.548245614035 0.0721709006928
0.545851528384 0.0721709006928
0.54347826087 0.0721709006928
0.541125541126 0.0721709006928
0.538793103448 0.0721709006928
0.536480686695 0.0721709006928
0.534188034188 0.0721709006928
0.531914893617 0.0721709006928
0.533898305085 0.0727482678984
0.535864978903 0.0733256351039
0.533613445378 0.0733256351039
0.535564853556 0.0739030023095
0.533333333333 0.0739030023095
0.535269709544 0.074480369515
0.537190082645 0.0750577367206
0.539094650206 0.0756351039261
0.536885245902 0.0756351039261
0.538775510204 0.0762124711316
0.536585365854 0.0762124711316
0.534412955466 0.0762124711316
0.536290322581 0.0767898383372
0.534136546185 0.0767898383372
0.532 0.0767898383372
0.533864541833 0.0773672055427
0.531746031746 0.0773672055427
0.529644268775 0.0773672055427
0.531496062992 0.0779445727483
0.529411764706 0.0779445727483
0.52734375 0.0779445727483
0.525291828794 0.0779445727483
0.523255813953 0.0779445727483
0.521235521236 0.0779445727483
0.519230769231 0.0779445727483
0.521072796935 0.0785219399538
0.519083969466 0.0785219399538
0.51711026616 0.0785219399538
0.518939393939 0.0790993071594
0.516981132075 0.0790993071594
0.518796992481 0.0796766743649
0.520599250936 0.0802540415704
0.518656716418 0.0802540415704
0.516728624535 0.0802540415704
0.514814814815 0.0802540415704
0.516605166052 0.080831408776
0.514705882353 0.080831408776
0.512820512821 0.080831408776
0.514598540146 0.0814087759815
0.512727272727 0.0814087759815
0.514492753623 0.0819861431871
0.516245487365 0.0825635103926
0.517985611511 0.0831408775982
0.516129032258 0.0831408775982
0.514285714286 0.0831408775982
0.516014234875 0.0837182448037
0.514184397163 0.0837182448037
0.512367491166 0.0837182448037
0.510563380282 0.0837182448037
0.508771929825 0.0837182448037
0.51048951049 0.0842956120092
0.512195121951 0.0848729792148
0.510416666667 0.0848729792148
0.508650519031 0.0848729792148
0.506896551724 0.0848729792148
0.505154639175 0.0848729792148
0.503424657534 0.0848729792148
0.505119453925 0.0854503464203
0.503401360544 0.0854503464203
0.501694915254 0.0854503464203
0.5 0.0854503464203
0.501683501684 0.0860277136259
0.503355704698 0.0866050808314
0.505016722408 0.087182448037
0.503333333333 0.087182448037
0.504983388704 0.0877598152425
0.503311258278 0.0877598152425
0.50495049505 0.088337182448
0.503289473684 0.088337182448
0.504918032787 0.0889145496536
0.503267973856 0.0889145496536
0.501628664495 0.0889145496536
0.5 0.0889145496536
0.501618122977 0.0894919168591
0.503225806452 0.0900692840647
0.501607717042 0.0900692840647
0.5 0.0900692840647
0.498402555911 0.0900692840647
0.496815286624 0.0900692840647
0.498412698413 0.0906466512702
0.496835443038 0.0906466512702
0.495268138801 0.0906466512702
0.496855345912 0.0912240184758
0.495297805643 0.0912240184758
0.49375 0.0912240184758
0.495327102804 0.0918013856813
0.493788819876 0.0918013856813
0.49226006192 0.0918013856813
0.490740740741 0.0918013856813
0.489230769231 0.0918013856813
0.490797546012 0.0923787528868
0.492354740061 0.0929561200924
0.490853658537 0.0929561200924
0.489361702128 0.0929561200924
0.487878787879 0.0929561200924
0.486404833837 0.0929561200924
0.487951807229 0.0935334872979
0.489489489489 0.0941108545035
0.488023952096 0.0941108545035
0.486567164179 0.0941108545035
0.485119047619 0.0941108545035
0.483679525223 0.0941108545035
0.485207100592 0.094688221709
0.483775811209 0.094688221709
0.482352941176 0.094688221709
0.480938416422 0.094688221709
0.479532163743 0.094688221709
0.481049562682 0.0952655889145
0.482558139535 0.0958429561201
0.48115942029 0.0958429561201
0.482658959538 0.0964203233256
0.484149855908 0.0969976905312
0.48275862069 0.0969976905312
0.481375358166 0.0969976905312
0.482857142857 0.0975750577367
0.48433048433 0.0981524249423
0.482954545455 0.0981524249423
0.481586402266 0.0981524249423
0.480225988701 0.0981524249423
0.478873239437 0.0981524249423
0.477528089888 0.0981524249423
0.47619047619 0.0981524249423
0.474860335196 0.0981524249423
0.473537604457 0.0981524249423
0.472222222222 0.0981524249423
0.470914127424 0.0981524249423
0.472375690608 0.0987297921478
0.471074380165 0.0987297921478
0.472527472527 0.0993071593533
0.471232876712 0.0993071593533
0.472677595628 0.0998845265589
0.474114441417 0.100461893764
0.472826086957 0.100461893764
0.474254742547 0.10103926097
0.472972972973 0.10103926097
0.474393530997 0.101616628176
0.47311827957 0.101616628176
0.474530831099 0.102193995381
0.473262032086 0.102193995381
0.472 0.102193995381
0.473404255319 0.102771362587
0.472148541114 0.102771362587
0.473544973545 0.103348729792
0.474934036939 0.103926096998
0.476315789474 0.104503464203
0.475065616798 0.104503464203
0.473821989529 0.104503464203
0.475195822454 0.105080831409
0.473958333333 0.105080831409
0.475324675325 0.105658198614
0.474093264249 0.105658198614
0.472868217054 0.105658198614
0.474226804124 0.10623556582
0.47557840617 0.106812933025
0.474358974359 0.106812933025
0.473145780051 0.106812933025
0.474489795918 0.107390300231
0.47582697201 0.107967667436
0.47461928934 0.107967667436
0.473417721519 0.107967667436
0.474747474747 0.108545034642
0.476070528967 0.109122401848
0.474874371859 0.109122401848
0.473684210526 0.109122401848
0.475 0.109699769053
0.473815461347 0.109699769053
0.47263681592 0.109699769053
0.471464019851 0.109699769053
0.470297029703 0.109699769053
0.471604938272 0.110277136259
0.470443349754 0.110277136259
0.469287469287 0.110277136259
0.470588235294 0.110854503464
0.469437652812 0.110854503464
0.468292682927 0.110854503464
0.469586374696 0.11143187067
0.470873786408 0.112009237875
0.469733656174 0.112009237875
0.468599033816 0.112009237875
0.467469879518 0.112009237875
0.46875 0.112586605081
0.467625899281 0.112586605081
0.466507177033 0.112586605081
0.467780429594 0.113163972286
0.466666666667 0.113163972286
0.465558194774 0.113163972286
0.464454976303 0.113163972286
0.465721040189 0.113741339492
0.466981132075 0.114318706697
0.465882352941 0.114318706697
0.467136150235 0.114896073903
0.466042154567 0.114896073903
0.464953271028 0.114896073903
0.463869463869 0.114896073903
0.462790697674 0.114896073903
0.46403712297 0.115473441109
0.465277777778 0.116050808314
0.466512702079 0.11662817552
0.465437788018 0.11662817552
0.464367816092 0.11662817552
0.463302752294 0.11662817552
0.464530892449 0.117205542725
0.465753424658 0.117782909931
0.466970387244 0.118360277136
0.468181818182 0.118937644342
0.467120181406 0.118937644342
0.468325791855 0.119515011547
0.467268623025 0.119515011547
0.468468468468 0.120092378753
0.469662921348 0.120669745958
0.468609865471 0.120669745958
0.469798657718 0.121247113164
0.46875 0.121247113164
0.467706013363 0.121247113164
0.466666666667 0.121247113164
0.467849223947 0.12182448037
0.466814159292 0.12182448037
0.467991169978 0.122401847575
0.469162995595 0.122979214781
0.468131868132 0.122979214781
0.469298245614 0.123556581986
0.468271334792 0.123556581986
0.46943231441 0.124133949192
0.470588235294 0.124711316397
0.469565217391 0.124711316397
0.468546637744 0.124711316397
0.467532467532 0.124711316397
0.466522678186 0.124711316397
0.465517241379 0.124711316397
0.466666666667 0.125288683603
0.465665236052 0.125288683603
0.464668094218 0.125288683603
0.463675213675 0.125288683603
0.462686567164 0.125288683603
0.46170212766 0.125288683603
0.462845010616 0.125866050808
0.46186440678 0.125866050808
0.463002114165 0.126443418014
0.462025316456 0.126443418014
0.461052631579 0.126443418014
0.460084033613 0.126443418014
0.459119496855 0.126443418014
0.458158995816 0.126443418014
0.459290187891 0.127020785219
0.458333333333 0.127020785219
0.45738045738 0.127020785219
0.458506224066 0.127598152425
0.459627329193 0.12817551963
0.460743801653 0.128752886836
0.459793814433 0.128752886836
0.458847736626 0.128752886836
0.459958932238 0.129330254042
0.46106557377 0.129907621247
0.460122699387 0.129907621247
0.459183673469 0.129907621247
0.458248472505 0.129907621247
0.457317073171 0.129907621247
0.456389452333 0.129907621247
0.455465587045 0.129907621247
0.456565656566 0.130484988453
0.45564516129 0.130484988453
0.454728370221 0.130484988453
0.455823293173 0.131062355658
0.456913827655 0.131639722864
0.458 0.132217090069
0.457085828343 0.132217090069
0.456175298805 0.132217090069
0.455268389662 0.132217090069
0.454365079365 0.132217090069
0.455445544554 0.132794457275
0.45652173913 0.13337182448
0.455621301775 0.13337182448
0.456692913386 0.133949191686
0.4557956778 0.133949191686
0.454901960784 0.133949191686
0.454011741683 0.133949191686
0.453125 0.133949191686
0.4522417154 0.133949191686
0.451361867704 0.133949191686
0.450485436893 0.133949191686
0.451550387597 0.134526558891
0.450676982592 0.134526558891
0.451737451737 0.135103926097
0.450867052023 0.135103926097
0.45 0.135103926097
0.449136276392 0.135103926097
0.448275862069 0.135103926097
0.44741873805 0.135103926097
0.448473282443 0.135681293303
0.449523809524 0.136258660508
0.448669201521 0.136258660508
0.447817836812 0.136258660508
0.448863636364 0.136836027714
0.448015122873 0.136836027714
0.449056603774 0.137413394919
0.448210922787 0.137413394919
0.447368421053 0.137413394919
0.446529080675 0.137413394919
0.445692883895 0.137413394919
0.444859813084 0.137413394919
0.444029850746 0.137413394919
0.445065176909 0.137990762125
0.444237918216 0.137990762125
0.443413729128 0.137990762125
0.442592592593 0.137990762125
0.441774491682 0.137990762125
0.440959409594 0.137990762125
0.441988950276 0.13856812933
0.441176470588 0.13856812933
0.440366972477 0.13856812933
0.441391941392 0.139145496536
0.440585009141 0.139145496536
0.439781021898 0.139145496536
0.43897996357 0.139145496536
0.438181818182 0.139145496536
0.437386569873 0.139145496536
0.436594202899 0.139145496536
0.435804701627 0.139145496536
0.435018050542 0.139145496536
0.434234234234 0.139145496536
0.43345323741 0.139145496536
0.432675044883 0.139145496536
0.431899641577 0.139145496536
0.432915921288 0.139722863741
0.433928571429 0.140300230947
0.433155080214 0.140300230947
0.434163701068 0.140877598152
0.433392539964 0.140877598152
0.432624113475 0.140877598152
0.43185840708 0.140877598152
0.43109540636 0.140877598152
0.430335097002 0.140877598152
0.429577464789 0.140877598152
0.428822495606 0.140877598152
0.428070175439 0.140877598152
0.427320490368 0.140877598152
0.426573426573 0.140877598152
0.425828970332 0.140877598152
0.426829268293 0.141454965358
0.427826086957 0.142032332564
0.427083333333 0.142032332564
0.426343154246 0.142032332564
0.425605536332 0.142032332564
0.424870466321 0.142032332564
0.424137931034 0.142032332564
0.42512908778 0.142609699769
0.426116838488 0.143187066975
0.42538593482 0.143187066975
0.426369863014 0.14376443418
0.42735042735 0.144341801386
0.42662116041 0.144341801386
0.425894378194 0.144341801386
0.425170068027 0.144341801386
0.424448217317 0.144341801386
0.423728813559 0.144341801386
0.424703891709 0.144919168591
0.423986486486 0.144919168591
0.423271500843 0.144919168591
0.422558922559 0.144919168591
0.423529411765 0.145496535797
0.422818791946 0.145496535797
0.422110552764 0.145496535797
0.423076923077 0.146073903002
0.422370617696 0.146073903002
0.421666666667 0.146073903002
0.420965058236 0.146073903002
0.421926910299 0.146651270208
0.421227197347 0.146651270208
0.422185430464 0.147228637413
0.421487603306 0.147228637413
0.420792079208 0.147228637413
0.420098846787 0.147228637413
0.421052631579 0.147806004619
0.422003284072 0.148383371824
0.42131147541 0.148383371824
0.42062193126 0.148383371824
0.419934640523 0.148383371824
0.42088091354 0.14896073903
0.421824104235 0.149538106236
0.421138211382 0.149538106236
0.420454545455 0.149538106236
0.419773095624 0.149538106236
0.419093851133 0.149538106236
0.418416801292 0.149538106236
0.417741935484 0.149538106236
0.417069243156 0.149538106236
0.418006430868 0.150115473441
0.417335473515 0.150115473441
0.416666666667 0.150115473441
0.416 0.150115473441
0.415335463259 0.150115473441
0.414673046252 0.150115473441
0.415605095541 0.150692840647
0.414944356121 0.150692840647
0.414285714286 0.150692840647
0.413629160063 0.150692840647
0.412974683544 0.150692840647
0.413902053712 0.151270207852
0.413249211356 0.151270207852
0.414173228346 0.151847575058
0.415094339623 0.152424942263
0.414442700157 0.152424942263
0.415360501567 0.153002309469
0.414710485133 0.153002309469
0.4140625 0.153002309469
0.413416536661 0.153002309469
0.414330218069 0.153579676674
0.413685847589 0.153579676674
0.413043478261 0.153579676674
0.412403100775 0.153579676674
0.413312693498 0.15415704388
0.412673879444 0.15415704388
0.412037037037 0.15415704388
0.411402157165 0.15415704388
0.410769230769 0.15415704388
0.410138248848 0.15415704388
0.411042944785 0.154734411085
0.411944869832 0.155311778291
0.411314984709 0.155311778291
0.412213740458 0.155889145497
0.413109756098 0.156466512702
0.41400304414 0.157043879908
0.413373860182 0.157043879908
0.412746585736 0.157043879908
0.412121212121 0.157043879908
0.411497730711 0.157043879908
0.410876132931 0.157043879908
0.411764705882 0.157621247113
0.411144578313 0.157621247113
0.410526315789 0.157621247113
0.40990990991 0.157621247113
0.409295352324 0.157621247113
0.408682634731 0.157621247113
0.408071748879 0.157621247113
0.407462686567 0.157621247113
0.406855439642 0.157621247113
0.40625 0.157621247113
0.405646359584 0.157621247113
0.405044510386 0.157621247113
0.404444444444 0.157621247113
0.403846153846 0.157621247113
0.403249630724 0.157621247113
0.402654867257 0.157621247113
0.40353460972 0.158198614319
0.404411764706 0.158775981524
0.405286343612 0.15935334873
0.404692082111 0.15935334873
0.404099560761 0.15935334873
0.40350877193 0.15935334873
0.402919708029 0.15935334873
0.402332361516 0.15935334873
0.401746724891 0.15935334873
0.401162790698 0.15935334873
0.400580551524 0.15935334873
0.401449275362 0.159930715935
0.400868306802 0.159930715935
0.400289017341 0.159930715935
0.399711399711 0.159930715935
0.400576368876 0.160508083141
0.401438848921 0.161085450346
0.402298850575 0.161662817552
0.401721664275 0.161662817552
0.402578796562 0.162240184758
0.40200286123 0.162240184758
0.401428571429 0.162240184758
0.400855920114 0.162240184758
0.400284900285 0.162240184758
0.399715504979 0.162240184758
0.399147727273 0.162240184758
0.398581560284 0.162240184758
0.398016997167 0.162240184758
0.397454031117 0.162240184758
0.396892655367 0.162240184758
0.397743300423 0.162817551963
0.398591549296 0.163394919169
0.399437412096 0.163972286374
0.398876404494 0.163972286374
0.398316970547 0.163972286374
0.397759103641 0.163972286374
0.397202797203 0.163972286374
0.396648044693 0.163972286374
0.396094839609 0.163972286374
0.396935933148 0.16454965358
0.396383866481 0.16454965358
0.395833333333 0.16454965358
0.395284327323 0.16454965358
0.394736842105 0.16454965358
0.395573997234 0.165127020785
0.395027624309 0.165127020785
0.395862068966 0.165704387991
0.396694214876 0.166281755196
0.397524071527 0.166859122402
0.396978021978 0.166859122402
0.396433470508 0.166859122402
0.395890410959 0.166859122402
0.396716826265 0.167436489607
0.396174863388 0.167436489607
0.395634379263 0.167436489607
0.395095367847 0.167436489607
0.394557823129 0.167436489607
0.39402173913 0.167436489607
0.393487109905 0.167436489607
0.392953929539 0.167436489607
0.392422192152 0.167436489607
0.391891891892 0.167436489607
0.391363022942 0.167436489607
0.390835579515 0.167436489607
0.390309555855 0.167436489607
0.389784946237 0.167436489607
0.389261744966 0.167436489607
0.390080428954 0.168013856813
0.389558232932 0.168013856813
0.390374331551 0.168591224018
0.389853137517 0.168591224018
0.389333333333 0.168591224018
0.388814913449 0.168591224018
0.389627659574 0.169168591224
0.389110225764 0.169168591224
0.388594164456 0.169168591224
0.388079470199 0.169168591224
0.387566137566 0.169168591224
0.387054161162 0.169168591224
0.38654353562 0.169168591224
0.386034255599 0.169168591224
0.385526315789 0.169168591224
0.385019710907 0.169168591224
0.385826771654 0.16974595843
0.385321100917 0.16974595843
0.384816753927 0.16974595843
0.38431372549 0.16974595843
0.383812010444 0.16974595843
0.383311603651 0.16974595843
0.3828125 0.16974595843
0.383615084525 0.170323325635
0.384415584416 0.170900692841
0.383916990921 0.170900692841
0.384715025907 0.171478060046
0.384217335058 0.171478060046
0.385012919897 0.172055427252
0.384516129032 0.172055427252
0.384020618557 0.172055427252
0.383526383526 0.172055427252
0.383033419023 0.172055427252
0.382541720154 0.172055427252
0.382051282051 0.172055427252
0.381562099872 0.172055427252
0.381074168798 0.172055427252
0.380587484036 0.172055427252
0.380102040816 0.172055427252
0.380891719745 0.172632794457
0.381679389313 0.173210161663
0.381194409149 0.173210161663
0.380710659898 0.173210161663
0.380228136882 0.173210161663
0.379746835443 0.173210161663
0.380530973451 0.173787528868
0.380050505051 0.173787528868
0.379571248424 0.173787528868
0.379093198992 0.173787528868
0.378616352201 0.173787528868
0.378140703518 0.173787528868
0.378920953576 0.174364896074
0.378446115288 0.174364896074
0.377972465582 0.174364896074
0.3775 0.174364896074
0.377028714107 0.174364896074
0.376558603491 0.174364896074
0.377334993773 0.174942263279
0.376865671642 0.174942263279
0.376397515528 0.174942263279
0.375930521092 0.174942263279
0.375464684015 0.174942263279
0.375 0.174942263279
0.374536464771 0.174942263279
0.375308641975 0.175519630485
0.37607891492 0.176096997691
0.375615763547 0.176096997691
0.375153751538 0.176096997691
0.375921375921 0.176674364896
0.375460122699 0.176674364896
0.375 0.176674364896
0.37576499388 0.177251732102
0.375305623472 0.177251732102
0.376068376068 0.177829099307
0.375609756098 0.177829099307
0.37515225335 0.177829099307
0.374695863747 0.177829099307
0.374240583232 0.177829099307
0.373786407767 0.177829099307
0.374545454545 0.178406466513
0.374092009685 0.178406466513
0.373639661427 0.178406466513
0.374396135266 0.178983833718
0.37394451146 0.178983833718
0.374698795181 0.179561200924
0.374247894103 0.179561200924
0.373798076923 0.179561200924
0.373349339736 0.179561200924
0.374100719424 0.180138568129
0.373652694611 0.180138568129
0.374401913876 0.180715935335
0.373954599761 0.180715935335
0.373508353222 0.180715935335
0.373063170441 0.180715935335
0.37380952381 0.18129330254
0.373365041617 0.18129330254
0.372921615202 0.18129330254
0.372479240807 0.18129330254
0.372037914692 0.18129330254
0.371597633136 0.18129330254
0.371158392435 0.18129330254
0.371900826446 0.181870669746
0.372641509434 0.182448036952
0.372202591284 0.182448036952
0.372941176471 0.183025404157
0.37250293772 0.183025404157
0.3720657277 0.183025404157
0.37162954279 0.183025404157
0.372365339578 0.183602771363
0.373099415205 0.184180138568
0.372663551402 0.184180138568
0.373395565928 0.184757505774
0.37296037296 0.184757505774
0.373690337602 0.185334872979
0.373255813953 0.185334872979
0.373983739837 0.185912240185
0.374709976798 0.18648960739
0.374275782155 0.18648960739
0.373842592593 0.18648960739
0.373410404624 0.18648960739
0.372979214781 0.18648960739
0.372549019608 0.18648960739
0.372119815668 0.18648960739
0.37169159954 0.18648960739
0.371264367816 0.18648960739
0.370838117107 0.18648960739
0.370412844037 0.18648960739
0.369988545246 0.18648960739
0.369565217391 0.18648960739
0.369142857143 0.18648960739
0.368721461187 0.18648960739
0.368301026226 0.18648960739
0.367881548975 0.18648960739
0.367463026166 0.18648960739
0.367045454545 0.18648960739
0.366628830874 0.18648960739
0.367346938776 0.187066974596
0.366930917327 0.187066974596
0.367647058824 0.187644341801
0.367231638418 0.187644341801
0.367945823928 0.188221709007
0.367531003382 0.188221709007
0.367117117117 0.188221709007
0.36670416198 0.188221709007
0.366292134831 0.188221709007
0.365881032548 0.188221709007
0.365470852018 0.188221709007
0.365061590146 0.188221709007
0.365771812081 0.188799076212
0.365363128492 0.188799076212
0.364955357143 0.188799076212
0.365663322185 0.189376443418
0.365256124722 0.189376443418
0.364849833148 0.189376443418
0.365555555556 0.189953810624
0.365149833518 0.189953810624
0.364745011086 0.189953810624
0.364341085271 0.189953810624
0.363938053097 0.189953810624
0.363535911602 0.189953810624
0.363134657837 0.189953810624
0.362734288864 0.189953810624
0.362334801762 0.189953810624
0.36303630363 0.190531177829
0.363736263736 0.191108545035
0.363336992316 0.191108545035
0.362938596491 0.191108545035
0.363636363636 0.19168591224
0.363238512035 0.19168591224
0.36393442623 0.192263279446
0.363537117904 0.192263279446
0.363140676118 0.192263279446
0.363834422658 0.192840646651
0.363438520131 0.192840646651
0.363043478261 0.192840646651
0.362649294245 0.192840646651
0.363340563991 0.193418013857
0.362946912243 0.193418013857
0.362554112554 0.193418013857
0.362162162162 0.193418013857
0.361771058315 0.193418013857
0.361380798274 0.193418013857
0.36099137931 0.193418013857
0.360602798708 0.193418013857
0.360215053763 0.193418013857
0.359828141783 0.193418013857
0.359442060086 0.193418013857
0.359056806002 0.193418013857
0.358672376874 0.193418013857
0.358288770053 0.193418013857
0.357905982906 0.193418013857
0.358591248666 0.193995381062
0.359275053305 0.194572748268
0.358892438765 0.194572748268
0.358510638298 0.194572748268
0.358129649309 0.194572748268
0.35881104034 0.195150115473
0.358430540827 0.195150115473
0.358050847458 0.195150115473
0.35873015873 0.195727482679
0.358350951374 0.195727482679
0.357972544879 0.195727482679
0.357594936709 0.195727482679
0.358271865121 0.196304849885
0.357894736842 0.196304849885
0.357518401682 0.196304849885
0.357142857143 0.196304849885
0.357817418678 0.19688221709
0.357442348008 0.19688221709
0.357068062827 0.19688221709
0.356694560669 0.19688221709
0.35632183908 0.19688221709
0.355949895616 0.19688221709
0.355578727842 0.19688221709
0.355208333333 0.19688221709
0.354838709677 0.19688221709
0.355509355509 0.197459584296
0.355140186916 0.197459584296
0.354771784232 0.197459584296
0.354404145078 0.197459584296
0.354037267081 0.197459584296
0.35367114788 0.197459584296
0.354338842975 0.198036951501
0.353973168215 0.198036951501
0.354639175258 0.198614318707
0.354273944387 0.198614318707
0.353909465021 0.198614318707
0.353545734841 0.198614318707
0.35318275154 0.198614318707
0.352820512821 0.198614318707
0.353483606557 0.199191685912
0.354145342886 0.199769053118
0.353783231084 0.199769053118
0.354443309499 0.200346420323
0.355102040816 0.200923787529
0.354740061162 0.200923787529
0.354378818737 0.200923787529
0.35503560529 0.201501154734
0.355691056911 0.20207852194
0.356345177665 0.202655889145
0.355983772819 0.202655889145
0.355623100304 0.202655889145
0.355263157895 0.202655889145
0.354903943377 0.202655889145
0.354545454545 0.202655889145
0.354187689203 0.202655889145
0.354838709677 0.203233256351
0.354481369587 0.203233256351
0.354124748491 0.203233256351
0.354773869347 0.203810623557
0.355421686747 0.204387990762
0.355065195587 0.204387990762
0.355711422846 0.204965357968
0.355355355355 0.204965357968
0.355 0.204965357968
0.354645354645 0.204965357968
0.354291417166 0.204965357968
0.353938185444 0.204965357968
0.353585657371 0.204965357968
0.353233830846 0.204965357968
0.352882703777 0.204965357968
0.353525322741 0.205542725173
0.353174603175 0.205542725173
0.352824578791 0.205542725173
0.352475247525 0.205542725173
0.352126607319 0.205542725173
0.351778656126 0.205542725173
0.351431391905 0.205542725173
0.351084812623 0.205542725173
0.350738916256 0.205542725173
0.350393700787 0.205542725173
0.350049164208 0.205542725173
0.349705304519 0.205542725173
0.349362119725 0.205542725173
0.349019607843 0.205542725173
0.348677766895 0.205542725173
0.348336594912 0.205542725173
0.347996089932 0.205542725173
0.34765625 0.205542725173
0.347317073171 0.205542725173
0.346978557505 0.205542725173
0.346640701071 0.205542725173
0.346303501946 0.205542725173
0.345966958212 0.205542725173
0.345631067961 0.205542725173
0.345295829292 0.205542725173
0.34496124031 0.205542725173
0.34559535334 0.206120092379
0.345261121857 0.206120092379
0.344927536232 0.206120092379
0.34555984556 0.206697459584
0.345226615236 0.206697459584
0.344894026975 0.206697459584
0.344562078922 0.206697459584
0.344230769231 0.206697459584
0.343900096061 0.206697459584
0.343570057582 0.206697459584
0.344199424736 0.20727482679
0.343869731801 0.20727482679
0.343540669856 0.20727482679
0.343212237094 0.20727482679
0.34288443171 0.20727482679
0.342557251908 0.20727482679
0.342230695901 0.20727482679
0.341904761905 0.20727482679
0.341579448145 0.20727482679
0.341254752852 0.20727482679
0.340930674264 0.20727482679
0.34155597723 0.207852193995
0.341232227488 0.207852193995
0.340909090909 0.207852193995
0.340586565752 0.207852193995
0.340264650284 0.207852193995
0.339943342776 0.207852193995
0.339622641509 0.207852193995
0.339302544769 0.207852193995
0.338983050847 0.207852193995
0.338664158043 0.207852193995
0.338345864662 0.207852193995
0.33896713615 0.208429561201
0.338649155722 0.208429561201
0.338331771321 0.208429561201
0.338014981273 0.208429561201
0.338634237605 0.209006928406
0.338317757009 0.209006928406
0.338001867414 0.209006928406
0.337686567164 0.209006928406
0.337371854613 0.209006928406
0.337057728119 0.209006928406
0.336744186047 0.209006928406
0.336431226766 0.209006928406
0.33704735376 0.209584295612
0.337662337662 0.210161662818
0.33734939759 0.210161662818
0.337037037037 0.210161662818
0.337650323774 0.210739030023
0.337338262477 0.210739030023
0.33702677747 0.210739030023
0.336715867159 0.210739030023
0.336405529954 0.210739030023
0.336095764273 0.210739030023
0.335786568537 0.210739030023
0.335477941176 0.210739030023
0.335169880624 0.210739030023
0.335779816514 0.211316397229
0.33638863428 0.211893764434
0.336080586081 0.211893764434
0.336688014639 0.21247113164
0.336380255941 0.21247113164
0.336073059361 0.21247113164
0.335766423358 0.21247113164
0.336371923428 0.213048498845
0.33606557377 0.213048498845
0.33575978162 0.213048498845
0.335454545455 0.213048498845
0.33514986376 0.213048498845
0.334845735027 0.213048498845
0.334542157752 0.213048498845
0.334239130435 0.213048498845
0.333936651584 0.213048498845
0.333634719711 0.213048498845
0.3342366757 0.213625866051
0.333935018051 0.213625866051
0.333633904418 0.213625866051
0.334234234234 0.214203233256
0.333933393339 0.214203233256
0.333633093525 0.214203233256
0.333333333333 0.214203233256
0.333034111311 0.214203233256
0.332735426009 0.214203233256
0.333333333333 0.214780600462
0.333034914951 0.214780600462
0.332737030411 0.214780600462
0.333333333333 0.215357967667
0.333035714286 0.215357967667
0.332738626227 0.215357967667
0.332442067736 0.215357967667
0.3321460374 0.215357967667
0.331850533808 0.215357967667
0.332444444444 0.215935334873
0.333037300178 0.216512702079
0.332741792369 0.216512702079
0.332446808511 0.216512702079
0.333038086802 0.217090069284
0.332743362832 0.217090069284
0.332449160035 0.217090069284
0.332155477032 0.217090069284
0.331862312445 0.217090069284
0.331569664903 0.217090069284
0.33127753304 0.217090069284
0.330985915493 0.217090069284
0.330694810906 0.217090069284
0.330404217926 0.217090069284
0.330114135206 0.217090069284
0.329824561404 0.217090069284
0.32953549518 0.217090069284
0.329246935201 0.217090069284
0.32895888014 0.217090069284
0.329545454545 0.21766743649
0.329257641921 0.21766743649
0.328970331588 0.21766743649
0.329555361813 0.218244803695
0.330139372822 0.218822170901
0.329852045257 0.218822170901
0.329565217391 0.218822170901
0.330147697654 0.219399538106
0.329861111111 0.219399538106
0.329575021683 0.219399538106
0.330155979203 0.219976905312
0.32987012987 0.219976905312
0.329584775087 0.219976905312
0.32929991357 0.219976905312
0.329015544041 0.219976905312
0.328731665229 0.219976905312
0.328448275862 0.219976905312
0.328165374677 0.219976905312
0.327882960413 0.219976905312
0.327601031814 0.219976905312
0.327319587629 0.219976905312
0.327896995708 0.220554272517
0.327615780446 0.220554272517
0.327335047129 0.220554272517
0.327054794521 0.220554272517
0.326775021386 0.220554272517
0.326495726496 0.220554272517
0.326216908625 0.220554272517
0.325938566553 0.220554272517
0.325660699062 0.220554272517
0.32538330494 0.220554272517
0.325106382979 0.220554272517
0.324829931973 0.220554272517
0.324553950722 0.220554272517
0.324278438031 0.220554272517
0.324003392706 0.220554272517
0.323728813559 0.220554272517
0.324301439458 0.221131639723
0.324027072758 0.221131639723
0.323753169907 0.221131639723
0.32347972973 0.221131639723
0.323206751055 0.221131639723
0.322934232715 0.221131639723
0.32350463353 0.221709006928
0.323232323232 0.221709006928
0.322960470984 0.221709006928
0.323529411765 0.222286374134
0.324097397145 0.222863741339
0.32466442953 0.223441108545
0.325230511316 0.224018475751
0.325795644891 0.224595842956
0.326359832636 0.225173210162
0.326086956522 0.225173210162
0.325814536341 0.225173210162
0.326377295492 0.225750577367
0.32693911593 0.226327944573
0.326666666667 0.226327944573
0.326394671107 0.226327944573
0.326955074875 0.226905311778
0.326683291771 0.226905311778
0.326411960133 0.226905311778
0.326970954357 0.227482678984
0.326699834163 0.227482678984
0.327257663629 0.228060046189
0.327814569536 0.228637413395
0.327543424318 0.228637413395
0.328099173554 0.2292147806
0.327828241123 0.2292147806
0.327557755776 0.2292147806
0.327287716406 0.2292147806
0.327018121911 0.2292147806
0.326748971193 0.2292147806
0.326480263158 0.2292147806
0.326211996713 0.2292147806
0.325944170772 0.2292147806
0.325676784249 0.2292147806
0.325409836066 0.2292147806
0.325143325143 0.2292147806
0.324877250409 0.2292147806
0.324611610793 0.2292147806
0.324346405229 0.2292147806
0.324081632653 0.2292147806
0.324632952692 0.229792147806
0.324368378158 0.229792147806
0.324918566775 0.230369515012
0.324654190399 0.230369515012
0.325203252033 0.230946882217
0.325751421608 0.231524249423
0.325487012987 0.231524249423
0.325223033252 0.231524249423
0.324959481361 0.231524249423
0.324696356275 0.231524249423
0.325242718447 0.232101616628
0.325788197251 0.232678983834
0.325525040388 0.232678983834
0.325262308313 0.232678983834
0.325 0.232678983834
0.324738114424 0.232678983834
0.325281803543 0.233256351039
0.325020112631 0.233256351039
0.324758842444 0.233256351039
0.325301204819 0.233833718245
0.325040128411 0.233833718245
0.32477947073 0.233833718245
0.324519230769 0.233833718245
0.324259407526 0.233833718245
0.3248 0.23441108545
0.324540367706 0.23441108545
0.32428115016 0.23441108545
0.324022346369 0.23441108545
0.323763955343 0.23441108545
0.324302788845 0.234988452656
0.324044585987 0.234988452656
0.323786793954 0.234988452656
0.323529411765 0.234988452656
0.323272438443 0.234988452656
0.323015873016 0.234988452656
0.323552735924 0.235565819861
0.324088748019 0.236143187067
0.323832145685 0.236143187067
0.323575949367 0.236143187067
0.323320158103 0.236143187067
0.323854660348 0.236720554273
0.323599052881 0.236720554273
0.324132492114 0.237297921478
0.323877068558 0.237297921478
0.323622047244 0.237297921478
0.323367427223 0.237297921478
0.323113207547 0.237297921478
0.322859387274 0.237297921478
0.322605965463 0.237297921478
0.322352941176 0.237297921478
0.32210031348 0.237297921478
0.321848081441 0.237297921478
0.322378716745 0.237875288684
0.322126661454 0.237875288684
0.321875 0.237875288684
0.32162373146 0.237875288684
0.321372854914 0.237875288684
0.321122369447 0.237875288684
0.320872274143 0.237875288684
0.320622568093 0.237875288684
0.320373250389 0.237875288684
0.320124320124 0.237875288684
0.320652173913 0.238452655889
0.320403413499 0.238452655889
0.320930232558 0.239030023095
0.320681642138 0.239030023095
0.320433436533 0.239030023095
0.320185614849 0.239030023095
0.320710973725 0.2396073903
0.320463320463 0.2396073903
0.320216049383 0.2396073903
0.319969159599 0.2396073903
0.320493066256 0.240184757506
0.320246343341 0.240184757506
0.320769230769 0.240762124711
0.321291314374 0.241339491917
0.321812596006 0.241916859122
0.321565617805 0.241916859122
0.321319018405 0.241916859122
0.321072796935 0.241916859122
0.320826952527 0.241916859122
0.320581484315 0.241916859122
0.320336391437 0.241916859122
0.320091673033 0.241916859122
0.319847328244 0.241916859122
0.319603356217 0.241916859122
0.32012195122 0.242494226328
0.31987814166 0.242494226328
0.319634703196 0.242494226328
0.319391634981 0.242494226328
0.31914893617 0.242494226328
0.318906605923 0.242494226328
0.318664643399 0.242494226328
0.318423047763 0.242494226328
0.318181818182 0.242494226328
0.318697956094 0.243071593533
0.31845688351 0.243071593533
0.318216175359 0.243071593533
0.317975830816 0.243071593533
0.317735849057 0.243071593533
0.317496229261 0.243071593533
0.31725697061 0.243071593533
0.317018072289 0.243071593533
0.316779533484 0.243071593533
0.316541353383 0.243071593533
0.31630353118 0.243071593533
0.316816816817 0.243648960739
0.316579144786 0.243648960739
0.317091454273 0.244226327945
0.316853932584 0.244226327945
0.316616766467 0.244226327945
0.316379955123 0.244226327945
0.316143497758 0.244226327945
0.315907393577 0.244226327945
0.316417910448 0.24480369515
0.316927665921 0.245381062356
0.316691505216 0.245381062356
0.316455696203 0.245381062356
0.316964285714 0.245958429561
0.317472118959 0.246535796767
0.317236255572 0.246535796767
0.317743132888 0.247113163972
0.317507418398 0.247113163972
0.317272053373 0.247113163972
0.317037037037 0.247113163972
0.316802368616 0.247113163972
0.317307692308 0.247690531178
0.317073170732 0.247690531178
0.316838995569 0.247690531178
0.317343173432 0.248267898383
0.317109144543 0.248267898383
0.317612380251 0.248845265589
0.317378497791 0.248845265589
0.317144959529 0.248845265589
0.316911764706 0.248845265589
0.316678912564 0.248845265589
0.316446402349 0.248845265589
0.316947909024 0.249422632794
0.316715542522 0.249422632794
0.316483516484 0.249422632794
0.316983894583 0.25
0.316752011704 0.25
0.316520467836 0.25
0.316289262235 0.25
0.316058394161 0.25
0.315827862874 0.25
0.315597667638 0.25
0.31536780772 0.25
0.315138282387 0.25
0.314909090909 0.25
0.314680232558 0.25
0.315177923021 0.250577367206
0.314949201742 0.250577367206
0.314720812183 0.250577367206
0.314492753623 0.250577367206
0.314265025344 0.250577367206
0.314037626628 0.250577367206
0.31453362256 0.251154734411
0.314306358382 0.251154734411
0.314079422383 0.251154734411
0.314574314574 0.251732101617
0.314347512617 0.251732101617
0.314121037464 0.251732101617
0.313894888409 0.251732101617
0.314388489209 0.252309468822
0.314162473041 0.252309468822
0.314655172414 0.252886836028
0.314429289304 0.252886836028
0.314203730273 0.252886836028
0.313978494624 0.252886836028
0.313753581662 0.252886836028
0.313528990694 0.252886836028
0.31330472103 0.252886836028
0.31308077198 0.252886836028
0.313571428571 0.253464203233
0.313347608851 0.253464203233
0.313124108417 0.253464203233
0.313613684961 0.254041570439
0.314102564103 0.254618937644
0.314590747331 0.25519630485
0.314366998578 0.25519630485
0.314143567875 0.25519630485
0.313920454545 0.25519630485
0.313697657913 0.25519630485
0.313475177305 0.25519630485
0.313253012048 0.25519630485
0.313031161473 0.25519630485
0.312809624912 0.25519630485
0.312588401697 0.25519630485
0.312367491166 0.25519630485
0.312146892655 0.25519630485
0.311926605505 0.25519630485
0.311706629055 0.25519630485
0.312191684285 0.255773672055
0.311971830986 0.255773672055
0.311752287122 0.255773672055
0.311533052039 0.255773672055
0.312016865777 0.256351039261
0.311797752809 0.256351039261
0.312280701754 0.256928406467
0.31206171108 0.256928406467
0.31184302733 0.256928406467
0.31162464986 0.256928406467
0.311406578027 0.256928406467
0.311188811189 0.256928406467
0.310971348707 0.256928406467
0.310754189944 0.256928406467
0.310537334264 0.256928406467
0.310320781032 0.256928406467
0.310801393728 0.257505773672
0.310584958217 0.257505773672
0.310368823939 0.257505773672
0.310152990264 0.257505773672
0.309937456567 0.257505773672
0.309722222222 0.257505773672
