14082 4 0.980896353722
22177 4 0.971674799919
634 1 0.968516945839
65433 4 0.96563410759
67140 1 0.964150547981
18976 1 0.961529493332
38092 1 0.960432350636
12657 1 0.959315955639
25872 1 0.957919299603
60763 4 0.954826951027
1852 1 0.951256155968
21548 1 0.947437703609
11801 4 0.942888379097
32660 1 0.941038489342
28736 1 0.940498113632
52262 4 0.938002765179
48689 1 0.937895953655
57243 1 0.936466872692
82160 4 0.936043441296
58500 1 0.935601830482
69665 1 0.934316158295
88137 1 0.932022988796
49616 1 0.926467180252
80608 1 0.926099002361
55623 4 0.925850093365
91210 1 0.925047278404
52820 1 0.923404276371
27028 1 0.921880304813
37914 1 0.921532332897
44997 1 0.921148717403
1913 4 0.917907118797
62181 4 0.917808651924
32044 1 0.916573524475
50241 1 0.915286719799
82299 1 0.914149999619
85006 4 0.91348028183
13027 1 0.913383245468
65431 4 0.912211179733
10306 4 0.911775529385
59029 1 0.911704897881
9460 1 0.911513507366
5475 1 0.909390807152
26497 1 0.908523857594
21937 1 0.907680809498
10307 4 0.906886279583
72879 1 0.906575679779
87308 1 0.905833005905
8518 4 0.904772162437
58418 1 0.903814673424
46690 4 0.901717662811
66772 4 0.901423454285
45000 1 0.901280999184
91277 4 0.901180267334
9676 1 0.900956392288
89443 1 0.900051355362
51754 1 0.899948000908
46512 1 0.899695038795
57651 1 0.898832857609
5914 1 0.898629546165
35197 1 0.8975238204
34792 1 0.897138774395
51715 1 0.895983815193
76245 1 0.894913613796
59276 1 0.894415199757
22257 1 0.894006550312
79503 4 0.89339274168
37761 1 0.893331944942
81104 1 0.892336070538
4331 1 0.891133725643
20804 1 0.890846431255
85153 1 0.88985979557
76866 4 0.889740049839
5248 1 0.88947725296
50546 4 0.887048363686
66956 1 0.886847138405
18460 1 0.885493338108
44361 1 0.885313630104
1321 4 0.883876025677
1610 4 0.882454872131
3527 1 0.882354974747
72198 1 0.881696224213
7243 1 0.880990564823
40502 1 0.878709673882
32110 4 0.878061532974
62894 1 0.876610279083
19227 1 0.876238942146
66444 1 0.875406622887
65577 4 0.875143706799
88783 1 0.873291194439
60136 1 0.873145341873
48585 1 0.87309473753
28079 1 0.872730672359
20501 1 0.87230938673
37843 1 0.870930671692
53638 1 0.870886027813
5932 1 0.870361089706
72607 1 0.870198011398
52508 4 0.869308769703
26715 1 0.868847131729
66150 1 0.868000984192
10153 1 0.867164671421
1174 1 0.865190386772
20917 1 0.862827479839
68717 1 0.862250864506
70943 1 0.861914515495
87338 1 0.861410677433
62098 4 0.861275732517
81131 4 0.86061578989
25828 4 0.860615372658
36052 1 0.860318779945
86484 1 0.859924137592
70281 1 0.858782291412
76717 1 0.858727931976
52402 4 0.857293486595
5384 1 0.857056260109
64152 1 0.856685996056
36505 1 0.856538414955
51192 4 0.856068074703
8715 4 0.855978906155
12810 1 0.854718267918
89000 1 0.853136777878
25772 1 0.852363467216
55507 4 0.851982057095
25807 1 0.850589811802
71725 1 0.850239813328
19175 4 0.84970510006
60218 1 0.848705470562
90137 1 0.84859585762
65238 1 0.848046660423
20045 4 0.846969842911
4095 1 0.84664696455
19082 4 0.84446233511
59721 1 0.844438135624
90352 4 0.844210803509
34665 4 0.843834161758
50967 1 0.842401385307
62182 4 0.841641485691
5585 1 0.841112613678
89731 1 0.840814232826
86981 1 0.840282201767
48372 4 0.839143693447
4429 4 0.838585615158
12190 4 0.838503479958
49018 1 0.838095605373
78216 1 0.837971389294
89050 1 0.837938964367
48389 1 0.836623251438
4646 1 0.836027085781
50334 1 0.835879266262
39959 1 0.835180401802
19589 1 0.835117697716
84797 1 0.833749473095
2973 1 0.833397507668
78322 1 0.832859277725
78215 1 0.831711232662
12234 4 0.831610321999
55877 1 0.831215500832
78651 1 0.830463528633
3231 1 0.829512894154
5913 1 0.829422950745
83543 1 0.829198181629
21635 4 0.829135656357
72207 4 0.828284978867
87258 1 0.827162146568
371 1 0.826715350151
38955 1 0.82613992691
22247 1 0.824451744556
68024 4 0.824362576008
60483 1 0.824300765991
74303 1 0.824197590351
5661 1 0.823739945889
53230 1 0.823444187641
57739 1 0.823345959187
900 1 0.822818219662
89266 1 0.822674453259
58146 1 0.821786761284
23356 1 0.820967495441
64146 1 0.820171415806
45977 1 0.819165527821
90061 1 0.818635940552
66441 1 0.81773430109
33326 4 0.817119240761
43894 1 0.816489636898
1173 1 0.816312789917
13247 1 0.815981209278
10038 1 0.81571662426
38957 1 0.815687537193
48387 1 0.815417468548
55464 1 0.815047204494
2067 1 0.81496244669
24163 1 0.814017534256
54265 1 0.813699960709
60907 1 0.813607394695
29398 4 0.813152253628
16049 1 0.813100516796
46007 1 0.812545597553
53930 1 0.811811625957
13538 1 0.811744451523
89681 1 0.811447739601
62216 4 0.809723854065
48117 4 0.80925911665
23003 1 0.809081494808
7806 1 0.808715343475
30298 1 0.80736964941
42076 1 0.807171821594
43256 1 0.805845677853
26790 1 0.805416285992
4064 1 0.804338335991
82521 1 0.803602516651
41789 1 0.802821218967
87612 1 0.802568495274
5697 1 0.802380979061
54586 1 0.800681054592
22367 1 0.799965798855
66591 1 0.799763798714
79453 1 0.799071729183
3690 1 0.79792881012
55970 1 0.796691477299
55165 1 0.7965092659
2102 1 0.796125710011
12450 1 0.795763850212
37173 4 0.794961988926
31102 1 0.794678688049
5700 1 0.794433653355
11716 1 0.793818593025
45773 4 0.792821645737
89669 1 0.792287290096
2364 1 0.791628181934
85896 1 0.79138302803
55134 1 0.790808141232
24513 1 0.790222883224
88844 4 0.790154516697
29148 1 0.789182186127
78650 1 0.78863543272
19747 1 0.78860193491
19745 1 0.787982583046
25672 1 0.787820398808
47616 1 0.786836087704
30462 1 0.785932481289
16634 1 0.785835981369
27173 1 0.785380601883
87366 1 0.784993112087
89191 4 0.784748494625
5885 1 0.784558773041
55415 1 0.783846139908
20283 4 0.783837497234
10345 4 0.783459305763
10956 1 0.782900452614
20440 1 0.782517135143
7699 1 0.782184839249
76784 1 0.781950712204
34116 4 0.779878377914
61513 1 0.779692649841
21386 1 0.778693497181
24165 1 0.778318405151
18975 1 0.777227044106
32622 4 0.776957571507
13026 1 0.77592498064
70410 1 0.775577306747
81143 1 0.775155544281
44020 1 0.774419724941
3137 1 0.774293065071
67849 4 0.774115979671
74254 4 0.773070454597
70760 1 0.77286785841
46242 1 0.772094964981
49688 1 0.770845830441
25204 4 0.769513607025
30926 1 0.769490301609
91099 1 0.769194483757
6357 1 0.768814206123
79329 1 0.768221139908
60088 1 0.768186032772
1244 4 0.768135607243
86336 1 0.768114328384
4526 4 0.768098831177
66901 1 0.767909646034
46201 1 0.767480611801
68555 4 0.766702711582
32859 1 0.76626676321
35032 4 0.765907049179
5939 1 0.765823543072
83201 1 0.76561653614
20074 1 0.765613555908
46513 1 0.765315175056
67139 1 0.764669001102
78189 4 0.763962447643
60071 1 0.763486683369
5558 1 0.76333552599
325 1 0.763291656971
41670 1 0.763244569302
74382 1 0.762852907181
51065 4 0.761556446552
5476 1 0.761026918888
37508 1 0.760715603828
76572 1 0.760021150112
18170 1 0.759782791138
24100 4 0.759497284889
32108 1 0.759012937546
23150 1 0.75900375843
67141 1 0.757849752903
23196 1 0.75700956583
642 1 0.756986320019
21762 1 0.755490541458
3160 1 0.754508078098
63937 1 0.754296779633
1958 1 0.753687381744
5563 1 0.752676963806
70388 4 0.752582728863
28666 1 0.749896645546
26137 4 0.749600172043
91609 1 0.749188899994
69181 1 0.749174118042
27428 1 0.748913168907
42978 4 0.748830080032
27835 1 0.74815505743
90475 1 0.7479621768
55194 1 0.747433483601
83344 1 0.746689796448
76575 1 0.746126234531
69938 1 0.745840847492
18237 1 0.745790064335
48181 4 0.745273292065
76606 1 0.744816958904
1420 4 0.744167089462
28451 1 0.744091808796
54560 1 0.744016945362
82402 1 0.743834733963
86982 1 0.743591487408
67346 1 0.742922365665
51699 1 0.742308497429
20511 1 0.741612315178
2705 1 0.740424454212
7341 1 0.739408016205
36616 1 0.739329814911
20203 1 0.73813533783
15471 4 0.737811326981
34090 1 0.736469686031
39181 1 0.736310243607
35077 1 0.735444664955
37506 1 0.735048234463
49274 1 0.734900653362
88914 4 0.734840273857
34553 1 0.734546840191
40983 1 0.732946693897
62554 1 0.73132365942
13313 4 0.730629861355
31906 4 0.730531275272
68642 1 0.729664087296
65165 1 0.729524254799
54489 1 0.728355050087
21634 4 0.728255629539
50349 1 0.728192806244
66010 1 0.728109538555
48020 1 0.727896332741
17221 1 0.727606296539
4292 1 0.727566897869
84960 4 0.727238535881
33107 1 0.726162612438
69952 1 0.725106358528
38992 1 0.725050151348
34156 1 0.724601566792
84800 1 0.72452890873
1919 4 0.723453164101
10397 4 0.723301231861
40127 4 0.721792161465
4415 1 0.721687734127
43116 1 0.721386790276
45121 1 0.721159398556
9327 4 0.720988333225
87927 1 0.720809400082
68560 1 0.720715999603
3865 1 0.720660865307
22704 1 0.720464169979
36940 1 0.720093429089
10274 1 0.720008850098
28109 1 0.719597697258
51074 4 0.719105958939
5356 1 0.718661725521
69962 1 0.718418896198
41233 1 0.71830779314
49044 4 0.717959105968
26687 1 0.717848002911
6958 1 0.717043876648
46052 1 0.714561998844
19730 1 0.71357613802
55001 1 0.713189721107
45981 1 0.712769985199
21233 1 0.712766349316
78214 1 0.712590038776
3706 1 0.712568998337
44286 1 0.712559103966
59066 1 0.712197422981
17501 1 0.71211874485
64040 1 0.711529910564
64789 1 0.711440563202
69937 1 0.710981309414
62552 1 0.710928440094
54976 1 0.709823250771
51124 1 0.708724319935
8680 1 0.708571314812
7240 1 0.708300769329
32139 1 0.707698643208
71006 1 0.706945180893
32920 1 0.706482231617
21930 1 0.706468522549
77209 1 0.706438839436
27691 1 0.706006228924
55463 1 0.705357134342
46209 4 0.704862833023
7852 1 0.704526543617
62682 1 0.703958630562
17223 1 0.703496277332
90134 1 0.70340514183
38742 1 0.703061878681
1996 1 0.702447831631
21659 1 0.701594591141
89796 1 0.701518654823
52899 1 0.701377332211
46745 1 0.701376616955
16647 4 0.701253712177
87365 1 0.701146304607
62370 1 0.700858414173
35407 1 0.699996888638
89678 1 0.699927985668
86133 1 0.698545098305
18394 1 0.698097646236
41675 1 0.697720825672
42812 4 0.697293281555
74592 1 0.696028530598
17329 1 0.695813119411
76958 4 0.695650339127
82904 1 0.695508897305
62786 1 0.695485115051
60106 1 0.695454001427
35795 1 0.695121645927
88735 4 0.694902539253
49556 4 0.694824099541
41718 1 0.694474101067
56651 1 0.69446760416
4726 1 0.69398522377
43610 1 0.693540751934
64116 1 0.693351745605
62683 1 0.692136049271
90969 1 0.691916465759
4048 1 0.691866278648
45625 1 0.691665172577
81175 1 0.691471934319
38374 1 0.691468775272
32412 1 0.691388428211
42522 1 0.691337823868
34256 1 0.691242694855
87498 1 0.691142082214
8692 1 0.690649807453
41755 1 0.690342068672
13017 1 0.689689815044
67345 1 0.68936496973
57650 1 0.68920570612
50190 1 0.688554465771
24135 1 0.688463509083
6552 4 0.688293457031
23898 1 0.688166797161
71726 1 0.688032329082
22693 1 0.68800508976
28049 4 0.687931895256
76475 1 0.687928617001
30085 1 0.687829732895
69943 1 0.686796963215
35929 1 0.686749279499
40156 1 0.686414778233
54679 1 0.686325907707
31568 1 0.685948252678
13257 1 0.685861647129
4525 4 0.685634076595
40405 1 0.685535907745
45334 1 0.685497701168
78019 1 0.685448348522
61749 1 0.68525147438
48702 4 0.685045599937
19894 1 0.684819936752
23701 1 0.684380233288
16350 1 0.683996796608
69027 1 0.683706998825
23374 4 0.683657884598
3852 1 0.683340728283
25774 1 0.683215498924
9813 1 0.682892918587
14156 1 0.682448983192
33904 1 0.682251691818
18262 1 0.682197809219
6837 1 0.682049930096
80144 1 0.681978225708
73113 1 0.681614220142
38229 1 0.681119740009
42227 4 0.681014120579
35703 1 0.680310606956
17148 1 0.680164277554
8492 1 0.679780006409
55578 1 0.67895501852
44930 1 0.678902685642
6971 2 0.678833663464
30191 1 0.678621828556
3171 1 0.678497850895
28649 1 0.678313732147
70999 1 0.676989138126
45492 1 0.676782131195
18244 1 0.67666643858
43077 1 0.676192879677
9921 1 0.675422310829
82520 1 0.675397217274
34381 4 0.675102829933
12298 4 0.674841284752
19330 1 0.674741923809
69816 1 0.674696922302
49525 1 0.674505114555
43202 1 0.674344778061
73200 1 0.674113631248
63153 1 0.673848390579
50492 1 0.673561096191
2163 4 0.673539221287
21152 1 0.67311668396
64554 1 0.672181785107
43711 1 0.672138929367
55575 1 0.671916425228
1175 1 0.671768546104
84936 1 0.671472728252
54544 1 0.670778512955
60351 1 0.669712007046
76234 4 0.669174790382
75236 1 0.668759524822
1178 1 0.668616175652
56310 4 0.668592393398
51668 1 0.6683370471
86146 1 0.66766089201
63949 1 0.667634665966
39710 1 0.667342483997
20747 1 0.66713565588
60154 1 0.667030870914
4265 1 0.666863501072
34094 1 0.666693866253
1023 1 0.666451454163
1304 1 0.666275858879
50469 1 0.665970504284
45122 1 0.665447115898
88379 1 0.665433585644
71477 1 0.665290594101
44164 1 0.664909899235
49832 1 0.664821982384
82586 1 0.663009345531
30923 1 0.662527620792
44165 1 0.662263691425
24176 1 0.661823093891
66282 1 0.661631166935
11045 1 0.661033809185
78741 1 0.660938918591
82825 1 0.660918414593
54255 1 0.660702645779
60479 1 0.660197734833
32164 1 0.659676015377
33619 1 0.659044146538
76844 1 0.658919095993
12463 1 0.658774375916
5783 1 0.658645153046
68720 1 0.658592104912
55698 1 0.658098757267
1252 1 0.657908856869
20822 1 0.657735109329
7975 1 0.657728850842
8325 1 0.657709777355
68179 1 0.657504498959
33695 4 0.657497227192
79296 1 0.657217085361
50348 1 0.657014071941
26357 1 0.656701743603
67138 1 0.656022548676
39938 1 0.655934989452
16910 4 0.655828654766
91062 2 0.65568202734
10432 1 0.655514955521
5011 1 0.655392587185
26386 1 0.655367195606
37915 1 0.655122160912
65390 1 0.654000401497
90510 1 0.653808474541
39029 1 0.653480648994
50473 1 0.652256667614
29149 1 0.652073025703
82271 1 0.65189987421
22211 1 0.651886403561
81776 1 0.651771485806
26264 1 0.65173214674
85088 1 0.651377499104
30336 4 0.651301980019
66711 1 0.650949120522
1313 1 0.649841189384
4358 1 0.649776399136
74380 1 0.649441897869
12451 1 0.649295508862
47859 1 0.649001836777
71394 1 0.648769855499
56890 1 0.648717582226
83806 4 0.648658573627
34679 1 0.648146271706
82922 4 0.647777080536
89733 1 0.647742152214
51581 4 0.647370517254
73947 1 0.647294521332
79467 1 0.646972417831
64638 1 0.646821796894
41009 1 0.646279454231
40985 1 0.645438730717
30880 1 0.645258426666
13380 1 0.645245909691
74567 1 0.645015478134
67627 1 0.644941210747
20396 1 0.644312083721
36918 1 0.643615186214
27833 1 0.643480956554
30077 1 0.643131017685
82265 1 0.642406463623
2157 1 0.642114400864
41674 1 0.641770482063
2258 1 0.641194522381
18974 1 0.640645980835
841 1 0.640612244606
87910 4 0.640401184559
28739 1 0.640320301056
90848 1 0.640135347843
85763 1 0.6400847435
7393 1 0.640075266361
87367 1 0.640065789223
54941 1 0.640051066875
46747 1 0.639953970909
4023 1 0.639668107033
87225 1 0.639351963997
9425 4 0.639159798622
41403 1 0.639027535915
69208 1 0.63880944252
71465 1 0.638678967953
4192 1 0.6382573843
66443 1 0.638056397438
37912 1 0.637542247772
81521 1 0.63743686676
7608 1 0.636792063713
35727 1 0.636784493923
77568 4 0.636683523655
66779 1 0.63662391901
81777 1 0.636074781418
67343 1 0.635404109955
85394 1 0.635380208492
8162 1 0.635165274143
17886 1 0.634375333786
78785 1 0.634046137333
86329 1 0.633775055408
1030 1 0.633411705494
64147 1 0.633066892624
83595 4 0.632686138153
25426 1 0.632648944855
85804 1 0.631939291954
90383 1 0.631581962109
16660 1 0.63108921051
84730 1 0.630938589573
51218 1 0.630856394768
10439 1 0.630792498589
10165 1 0.630647540092
64562 1 0.630611419678
78730 1 0.630364835262
50104 1 0.630290865898
62379 4 0.630147337914
5059 1 0.629898190498
69687 1 0.629265010357
70220 4 0.629138410091
47567 1 0.62912863493
47647 1 0.628956019878
53841 4 0.628830075264
31152 4 0.62876367569
56694 1 0.628445386887
63133 1 0.628353953362
20823 1 0.628045141697
61053 1 0.627704143524
7935 1 0.627532482147
72592 1 0.627401292324
26265 1 0.62731719017
75919 1 0.627043783665
90999 1 0.626865565777
33781 1 0.626427531242
54774 1 0.625920593739
69300 1 0.625839412212
3090 1 0.625668287277
15832 4 0.625434458256
23399 1 0.625343978405
50277 1 0.624908268452
1285 1 0.624767839909
70946 1 0.624657213688
70353 1 0.623840689659
66030 1 0.623772978783
73337 1 0.623652756214
50117 1 0.62352514267
9207 1 0.623470723629
22255 1 0.623176455498
55668 1 0.622772455215
65754 4 0.622511804104
8665 1 0.622429072857
68425 1 0.622347593307
420 1 0.621321976185
46563 1 0.620904803276
7861 4 0.620525479317
44676 1 0.620325028896
79629 1 0.620148301125
20732 1 0.619754731655
47717 4 0.619732677937
31204 1 0.619078636169
27695 1 0.619053602219
29687 4 0.618816375732
69803 4 0.618681609631
90633 1 0.61825978756
25629 1 0.618228375912
22253 1 0.617833375931
52415 1 0.617423772812
9210 1 0.617400884628
28616 1 0.616431355476
18109 1 0.616221249104
37711 1 0.616164147854
41802 1 0.616088867188
27250 4 0.615815162659
70885 4 0.615669310093
28744 1 0.615592479706
70937 1 0.615485608578
45982 1 0.615429520607
22638 1 0.615098595619
14748 1 0.614780604839
50102 1 0.613042354584
12457 1 0.613026618958
34334 1 0.612940967083
69802 4 0.612568557262
13070 4 0.612500309944
43706 1 0.612397015095
19532 1 0.611666798592
23903 1 0.611404418945
21183 1 0.611358821392
88658 1 0.611125648022
91522 1 0.610839426517
15793 1 0.610835552216
22721 1 0.610461592674
18436 1 0.609940946102
74755 1 0.609746754169
59727 1 0.609621286392
51712 1 0.60939848423
34813 1 0.609234392643
27072 1 0.608977675438
40155 1 0.608876347542
11462 1 0.608680605888
89664 1 0.608547270298
82559 1 0.608543276787
48719 4 0.608462512493
43024 1 0.608160257339
35410 1 0.608120918274
629 1 0.607624232769
21549 1 0.607579708099
42763 4 0.606609761715
66753 1 0.606380701065
10472 1 0.606318771839
12353 1 0.606311738491
34140 1 0.605842649937
58485 1 0.605687499046
5759 1 0.605561673641
66548 1 0.604752600193
44019 1 0.604141533375
61917 1 0.604113936424
8656 1 0.60400646925
83301 1 0.603978514671
18509 1 0.603634178638
51665 1 0.603277683258
8105 1 0.602973401546
26649 1 0.602812230587
73634 1 0.602484166622
50965 1 0.602285027504
86230 1 0.602109372616
85392 1 0.601955771446
29437 1 0.601889312267
80969 1 0.601505756378
37498 1 0.601315915585
7976 1 0.601170778275
20459 1 0.601052641869
30470 1 0.601035714149
50915 1 0.600742161274
39027 1 0.600703299046
59672 1 0.600511848927
73888 1 0.600263297558
35668 1 0.600179672241
30471 1 0.599992275238
2155 1 0.599083483219
32807 1 0.599036753178
50173 1 0.598548591137
20509 1 0.59852296114
57605 1 0.597984135151
42674 1 0.597833693027
85472 1 0.5978089571
32042 1 0.597729504108
77960 1 0.59764289856
4294 4 0.596901297569
42675 1 0.596808195114
37178 4 0.59673345089
76261 1 0.59656137228
69940 1 0.596535980701
10431 1 0.596418321133
60778 1 0.596075594425
40819 1 0.596019268036
30830 1 0.595876812935
9304 1 0.595040619373
62213 1 0.594852924347
45178 4 0.594783008099
70562 1 0.594632804394
50240 1 0.594355523586
20369 4 0.594088971615
56386 4 0.593935668468
52357 1 0.593867957592
36405 4 0.593742489815
34791 1 0.593735098839
3170 1 0.593578934669
7750 1 0.593298316002
18571 1 0.593277573586
48791 4 0.593193411827
37252 1 0.59281951189
34552 1 0.59280538559
59841 1 0.592765450478
58487 1 0.592670977116
21197 1 0.592305779457
67264 1 0.592149972916
11595 1 0.591820716858
26072 1 0.591774046421
16301 1 0.591747403145
57706 1 0.591715693474
5916 1 0.591502428055
23278 1 0.591441214085
85459 1 0.591073453426
9295 1 0.590962469578
54773 1 0.59088987112
4025 1 0.59088742733
38093 1 0.590833365917
78630 1 0.590731501579
6533 1 0.590259790421
34091 3 0.590147435665
13922 1 0.589788734913
3021 1 0.589512825012
50278 1 0.589049100876
4681 1 0.588540256023
70273 1 0.588434398174
52218 1 0.588396370411
25214 1 0.588293612003
18427 1 0.588171541691
51775 1 0.587748110294
42126 1 0.587720811367
12557 1 0.587364375591
50084 1 0.586198449135
9462 1 0.586115300655
52351 1 0.586097955704
45140 1 0.585336208344
27488 4 0.584734201431
45979 1 0.584467470646
6706 1 0.583852827549
60937 4 0.583774209023
22219 1 0.583662688732
10164 1 0.583478271961
12660 1 0.58343142271
45817 1 0.583069145679
29802 1 0.583052456379
27539 1 0.58273601532
76196 4 0.582734942436
1013 1 0.582565546036
8322 1 0.582542836666
67029 1 0.582414865494
16945 2 0.582254171371
19755 1 0.58203959465
88738 4 0.581743299961
25688 4 0.581635475159
48162 1 0.581564486027
16056 1 0.581370055676
40025 1 0.5803129673
7933 1 0.579281806946
90183 1 0.57914096117
43375 1 0.578981041908
83582 4 0.5788423419
46510 1 0.578822135925
68052 4 0.57845056057
37163 1 0.57778275013
23195 1 0.576786518097
6652 4 0.576654076576
82585 1 0.576569139957
16004 2 0.576395571232
11509 4 0.576119244099
11038 1 0.576027095318
65147 1 0.575981259346
42425 1 0.575949251652
16051 1 0.575447678566
37403 1 0.574878275394
85799 1 0.574620723724
14179 1 0.574583411217
17624 1 0.574267566204
63145 1 0.57410210371
59442 2 0.57401317358
20213 1 0.573923170567
82920 1 0.573759794235
59018 1 0.573675990105
82915 4 0.573649764061
9000 1 0.573529183865
26767 1 0.573435008526
54516 1 0.573014616966
55166 1 0.572513222694
50484 1 0.572263360023
82026 1 0.572121143341
57753 4 0.57202231884
17099 1 0.571643531322
51711 1 0.571593403816
53924 1 0.570976495743
26935 4 0.570719659328
22254 1 0.570522427559
85643 1 0.570422649384
18748 1 0.570268452168
59157 1 0.570207595825
88046 1 0.570189654827
47569 4 0.570146918297
90607 1 0.569913744926
75246 1 0.569865882397
44905 1 0.569442033768
3236 1 0.569033265114
30737 1 0.568959534168
31959 1 0.568596482277
29777 4 0.567711889744
77417 1 0.567420899868
44661 1 0.566827535629
83997 4 0.566737473011
28634 1 0.566396951675
68170 1 0.565882563591
61728 1 0.565866708755
69200 1 0.56573843956
5398 4 0.565695464611
3138 1 0.565492093563
43136 1 0.565378844738
49076 1 0.565220355988
7628 4 0.565052986145
79621 1 0.564576148987
11041 1 0.56435239315
6572 4 0.56376683712
77961 1 0.563608825207
78228 1 0.56335657835
31377 4 0.563066482544
11386 1 0.562810301781
2356 1 0.56236153841
47029 1 0.562313139439
58890 1 0.562207221985
35904 1 0.562147378922
5521 1 0.56200927496
15916 1 0.561744987965
11396 1 0.561418354511
25777 1 0.561353027821
25411 1 0.561284244061
7545 1 0.561233460903
41049 1 0.560944795609
47618 1 0.560755252838
55588 1 0.560623764992
63928 1 0.560056388378
2706 1 0.55960470438
41931 1 0.559355676174
6756 1 0.559032201767
89074 4 0.558761775494
28635 1 0.558736741543
3689 1 0.558673322201
56135 1 0.558218300343
22198 2 0.557990729809
32666 1 0.557969331741
21155 1 0.557754933834
26490 1 0.557514309883
1176 1 0.557244479656
68989 1 0.557179689407
43351 1 0.557113289833
19529 1 0.556217432022
44463 4 0.555854022503
30371 1 0.555754065514
54051 1 0.555573403835
65964 4 0.555438280106
12980 4 0.555209100246
31915 1 0.554824948311
23869 4 0.553033947945
33302 1 0.552813947201
67129 1 0.552588939667
63167 1 0.552553653717
88736 4 0.552552223206
28460 1 0.552366554737
78824 1 0.551814615726
1003 4 0.551770210266
75789 1 0.551504433155
74246 4 0.55144995451
59772 1 0.551216185093
12414 1 0.551158964634
40197 1 0.550893902779
16093 1 0.550659120083
38094 1 0.550525605679
22179 4 0.550221264362
38231 1 0.54991954565
78834 1 0.549667835236
66781 1 0.549480378628
78013 1 0.549281179905
20746 1 0.549180686474
68650 1 0.548711121082
4679 1 0.54843634367
71045 1 0.548421978951
68189 4 0.548240661621
61751 4 0.547497272491
37167 2 0.547229230404
27666 1 0.546911299229
17180 4 0.546793699265
46282 1 0.545847654343
82411 1 0.545359134674
24169 1 0.545284211636
42711 1 0.543442726135
33951 1 0.542990207672
62789 1 0.542595744133
80982 1 0.542440056801
18858 4 0.542349636555
44946 1 0.542268931866
56888 1 0.542141318321
19749 1 0.541731774807
4493 1 0.541218280792
50 4 0.541174054146
31427 4 0.54107439518
81152 1 0.541022121906
6541 1 0.541004002094
13246 1 0.540934681892
8960 1 0.540879070759
83955 4 0.540776312351
33385 1 0.540556430817
62299 1 0.540498077869
77 1 0.54023951292
42415 1 0.540011703968
924 1 0.539988636971
22583 1 0.539982497692
23198 1 0.539938509464
10163 1 0.539802670479
21416 1 0.539714753628
18914 1 0.539697229862
22296 1 0.539555549622
65082 1 0.539443910122
37140 1 0.539314627647
58548 1 0.539014279842
70705 1 0.538570523262
46568 1 0.53810352087
4297 1 0.537234485149
17091 2 0.537167429924
12217 1 0.537008941174
6496 1 0.536840677261
11341 1 0.536777317524
81062 1 0.536552071571
79095 1 0.53650444746
55638 1 0.536493837833
30544 1 0.536305010319
5231 1 0.535968899727
40397 1 0.535849452019
1180 1 0.53564953804
64186 1 0.535483837128
59825 1 0.5350689888
62056 1 0.53500109911
53396 1 0.534943640232
37766 1 0.534798264503
76976 1 0.534622728825
20697 1 0.534341990948
18138 1 0.533280134201
89444 1 0.533129394054
80143 1 0.533015906811
63107 1 0.533005535603
26640 1 0.532975673676
7268 1 0.532619476318
42342 1 0.532513618469
26513 1 0.532494008541
55844 1 0.532200813293
27656 1 0.532099425793
20890 1 0.531977236271
63334 1 0.531667888165
15326 1 0.531401634216
62289 1 0.53138667345
53921 1 0.531372606754
5910 1 0.531256973743
50791 1 0.531243026257
62824 1 0.53118032217
85306 1 0.531012415886
87614 1 0.530706822872
24051 1 0.53063249588
55490 1 0.530147433281
91254 1 0.529978215694
28799 1 0.529891133308
1661 1 0.52966594696
37936 1 0.529554128647
81447 1 0.529470682144
9371 4 0.529294848442
55169 1 0.529122531414
22640 1 0.528969109058
3089 1 0.52873313427
4173 4 0.52870631218
73338 1 0.528675317764
18630 1 0.528522014618
20713 1 0.528418958187
38454 1 0.527857661247
44607 1 0.527856886387
76339 1 0.52780520916
8324 1 0.527610838413
21924 1 0.52760642767
6709 2 0.527600944042
76499 1 0.527467131615
69911 4 0.527319967747
56379 1 0.527224004269
85741 1 0.527131199837
49072 1 0.526860237122
29440 4 0.526824891567
6877 1 0.526823759079
1914 4 0.526443600655
74381 1 0.526403784752
90374 1 0.526200532913
69299 1 0.525961577892
21801 1 0.525365352631
51690 1 0.52533018589
36939 1 0.525258600712
50466 1 0.525216341019
89605 4 0.525136113167
28072 1 0.524942219257
28462 1 0.524928808212
60135 1 0.524581611156
85754 1 0.524542748928
56288 1 0.52437120676
48315 1 0.524297952652
288 1 0.524254500866
46252 1 0.524224758148
70938 1 0.524017512798
11059 1 0.523759186268
65353 2 0.523738086224
89445 1 0.523716747761
19647 1 0.5235273242
55646 1 0.52308344841
82031 1 0.523036420345
59516 4 0.522579431534
67265 1 0.522572815418
48825 1 0.522353231907
21546 1 0.522327423096
6049 1 0.521925926208
342 4 0.520973145962
35411 4 0.520573377609
19646 1 0.520570874214
8175 1 0.520556509495
45691 1 0.520233333111
55265 1 0.519584715366
3856 4 0.5194658041
3142 1 0.519059836864
9956 1 0.519010961056
67880 2 0.518919348717
42531 1 0.518901884556
965 4 0.518805861473
74886 1 0.518415212631
58839 1 0.518339276314
34219 1 0.518302440643
25938 1 0.51810079813
22239 1 0.517597973347
49161 1 0.517129123211
25612 1 0.517100512981
71975 4 0.517070353031
29794 1 0.516978859901
34674 4 0.516961157322
15614 1 0.516544997692
9012 1 0.516474962234
54324 1 0.516289770603
73365 4 0.516275048256
21388 1 0.51617616415
4930 1 0.51587831974
46511 1 0.515602052212
3914 1 0.51557123661
74243 4 0.515394449234
79701 1 0.51533395052
1273 1 0.515322029591
23506 1 0.514884412289
57655 1 0.514740169048
5278 1 0.514738559723
28262 1 0.514433562756
20350 1 0.5144328475
66797 1 0.514130711555
10765 1 0.513949751854
57081 4 0.51329022646
71954 4 0.513206839561
64005 1 0.513093352318
36922 1 0.513009905815
11698 4 0.512997508049
9011 1 0.512973070145
23151 1 0.512693226337
37785 1 0.512653112411
37596 1 0.512185335159
13012 1 0.512017726898
50708 1 0.511714160442
40734 1 0.511653661728
8333 1 0.511581420898
83934 1 0.511452615261
28960 1 0.511443912983
50082 1 0.511398673058
58582 4 0.511021912098
42424 1 0.510974943638
7844 4 0.510930776596
39712 3 0.510854065418
70103 1 0.510819733143
55484 1 0.510518074036
30542 1 0.510459721088
79479 1 0.510397791862
28455 1 0.509983062744
11596 1 0.509823739529
46600 1 0.509808897972
25838 4 0.508946597576
7409 1 0.508872032166
33017 1 0.508863806725
89667 1 0.508395016193
41721 1 0.508285403252
86818 1 0.508275568485
45972 1 0.507887482643
1179 1 0.507693469524
44285 1 0.507624804974
61213 2 0.506622970104
13665 1 0.506564378738
62046 1 0.506494164467
78864 1 0.506408810616
23176 1 0.506388902664
56241 1 0.506114184856
89668 1 0.505877673626
17774 1 0.505806028843
41013 1 0.505765497684
38509 1 0.505665719509
7537 1 0.505239069462
25695 1 0.505177617073
34009 1 0.505066454411
83903 4 0.504920125008
33782 1 0.504765808582
22237 1 0.504702568054
89673 1 0.504619956017
67504 3 0.504491686821
55170 1 0.504359185696
28390 1 0.504315853119
1799 1 0.504250049591
4031 1 0.504106581211
64145 1 0.503874242306
5933 1 0.503735482693
17634 4 0.50356811285
60801 3 0.503245174885
233 1 0.502984642982
86949 1 0.502395987511
8377 1 0.501903414726
89666 1 0.50188344717
76776 1 0.501730144024
12564 1 0.501672565937
49090 1 0.501554727554
77205 1 0.501547515392
42742 1 0.501282036304
51918 1 0.501017868519
19655 1 0.500775873661
27185 1 0.500474631786
80667 1 0.500332772732
12582 1 0.500321805477
73170 1 0.499918788671
62814 1 0.499291956425
47043 4 0.498896747828
69817 1 0.498857825994
50485 1 0.498766064644
24380 4 0.498759388924
85864 1 0.498502224684
10039 1 0.49822640419
38208 1 0.498153477907
11152 2 0.497619211674
23633 1 0.497618317604
15690 1 0.49751880765
25025 1 0.496494144201
9217 1 0.49618640542
2557 1 0.495997965336
13924 1 0.495733320713
50266 1 0.495447516441
38020 1 0.495373666286
2350 2 0.495157659054
269 1 0.49485000968
40390 4 0.493400394917
82896 1 0.492621123791
24243 4 0.490701764822
43115 1 0.489286094904
89121 4 0.488004624844
28001 2 0.487554341555
10036 1 0.487535148859
42521 1 0.487162262201
44993 2 0.48712977767
2807 1 0.486971050501
6973 2 0.48599088192
35108 1 0.485878646374
38887 1 0.483689725399
60906 1 0.483606249094
899 1 0.483535856009
17473 1 0.483220696449
80988 2 0.481413304806
88646 3 0.481244832277
33097 4 0.481014251709
68911 4 0.480323731899
64488 2 0.479951888323
89730 1 0.477899581194
69941 1 0.477811068296
25168 4 0.476387917995
43464 4 0.476142704487
36921 1 0.475999414921
20649 1 0.475998938084
1702 4 0.474823564291
27027 1 0.474188715219
66592 1 0.472056895494
43068 1 0.472050368786
80122 4 0.465562909842
78878 2 0.464104473591
74340 4 0.463271051645
5911 1 0.462893098593
40373 4 0.461953550577
87013 3 0.459552437067
54488 1 0.45912873745
25147 4 0.458936035633
33308 1 0.455534875393
38743 2 0.454001039267
63789 4 0.451558113098
65060 4 0.450967013836
89585 3 0.450850725174
38247 1 0.450768142939
13882 2 0.449052274227
728 2 0.447766512632
2754 2 0.447147876024
64637 3 0.445686757565
12623 1 0.444748818874
26143 2 0.440672278404
44223 3 0.439062952995
73434 2 0.436630547047
9227 2 0.435945272446
80317 4 0.435937792063
12051 4 0.435925245285
12686 3 0.435509592295
87269 4 0.435319423676
59019 4 0.43452450633
45151 4 0.431098848581
8770 3 0.430026233196
23001 4 0.42817991972
67255 4 0.427935540676
54821 4 0.427827835083
30361 2 0.423192054033
55778 2 0.419637441635
25345 2 0.417899310589
3754 4 0.417527526617
10427 2 0.416472822428
5784 1 0.415189981461
39936 2 0.410896331072
12705 2 0.406924366951
4356 2 0.402180790901
3117 2 0.40158957243
50687 4 0.39689925313
65527 1 0.396186977625
11123 3 0.392555594444
72758 4 0.390618383884
91112 2 0.390138983727
47991 2 0.390072494745
20745 2 0.389536350965
74793 2 0.388260662556
64098 2 0.387445598841
68313 2 0.382499366999
83262 3 0.382046759129
4355 2 0.381916463375
51404 2 0.375354498625
55467 2 0.369815379381
51621 3 0.361638665199
67038 4 0.358361721039
41956 4 0.358237445354
68907 4 0.357690274715
39582 3 0.356422096491
57449 4 0.3501919806
79112 2 0.349442660809
67870 2 0.347095727921
19083 2 0.347083628178
79593 2 0.346901983023
33441 2 0.346174925566
73473 4 0.328769236803
33268 2 0.32754394412
91635 2 0.325969278812
59770 2 0.319161772728
56223 2 0.31573626399
73938 4 0.315619140863
37927 2 0.311408191919
10181 2 0.295772343874
50352 4 0.287089109421
9814 2 0.284216195345
47211 2 0.278193384409
83505 2 0.253750503063
76765 2 0.245073050261
27125 2 0.230188205838
