14082 4 0.975095152855
12657 1 0.972258329391
67140 1 0.968367218971
18976 1 0.967966079712
38092 1 0.965230822563
48689 1 0.964185059071
22177 4 0.960556685925
634 1 0.960401415825
72879 1 0.954219162464
21548 1 0.952872693539
28736 1 0.952227592468
32660 1 0.950953781605
65433 4 0.949249327183
59276 1 0.948915719986
44997 1 0.94823718071
1852 1 0.948177874088
57243 1 0.948036670685
45000 1 0.946177065372
60763 4 0.946039319038
51754 1 0.9453997612
49616 1 0.943117856979
59029 1 0.941626250744
37914 1 0.939673960209
11801 4 0.939395844936
25872 1 0.938037216663
32044 1 0.936917662621
9460 1 0.934637367725
52820 1 0.932376801968
4095 1 0.931985557079
13027 1 0.930338084698
58500 1 0.928549945354
34792 1 0.926890730858
5475 1 0.926085233688
46512 1 0.924287557602
28079 1 0.923872470856
80608 1 0.922901690006
71725 1 0.922834813595
27028 1 0.921693146229
69665 1 0.921497642994
9676 1 0.920491993427
57651 1 0.919752120972
85153 1 0.919212579727
55623 4 0.919002473354
91210 1 0.918731868267
49018 1 0.918254673481
52262 4 0.91824555397
76245 1 0.917487740517
88137 1 0.916032195091
23356 1 0.915744185448
51715 1 0.91528493166
50241 1 0.911421775818
4064 1 0.910436034203
35197 1 0.910170257092
85006 4 0.910141527653
60136 1 0.910010635853
46007 1 0.909838497639
37843 1 0.908050239086
66956 1 0.907557487488
31102 1 0.907504022121
76866 4 0.906984508038
18460 1 0.90566265583
19227 1 0.90555536747
7243 1 0.905357301235
36505 1 0.905289769173
82299 1 0.905262053013
66150 1 0.904602169991
22257 1 0.903017222881
8518 4 0.902329981327
20804 1 0.902138710022
82160 4 0.901692271233
26715 1 0.901356101036
5248 1 0.900641202927
91277 4 0.900116145611
70281 1 0.899977862835
3527 1 0.899745881557
26497 1 0.899066627026
54265 1 0.898752510548
38955 1 0.898034930229
26790 1 0.897822618484
72607 1 0.896557748318
64152 1 0.895872831345
65577 4 0.895311117172
1174 1 0.895236670971
85896 1 0.894541680813
46690 4 0.893462061882
62181 4 0.892992675304
50967 1 0.892590761185
25807 1 0.891448259354
20917 1 0.890182316303
37761 1 0.88859719038
36052 1 0.888500154018
4331 1 0.887984931469
90137 1 0.887076556683
50546 4 0.887020409107
81104 1 0.886026263237
55507 4 0.884121060371
89050 1 0.883002698421
53230 1 0.881474375725
38742 1 0.881209254265
21937 1 0.880838274956
60218 1 0.880655944347
10306 4 0.880390048027
50334 1 0.880183756351
32110 4 0.879984498024
66772 4 0.879886627197
2973 1 0.879508376122
79503 4 0.879275023937
3231 1 0.878317892551
89000 1 0.875731289387
57739 1 0.875166535378
72198 1 0.874822020531
53638 1 0.874501764774
27428 1 0.873479485512
64146 1 0.872237861156
43894 1 0.871606111526
87258 1 0.870659053326
83543 1 0.870383560658
11716 1 0.870250880718
89443 1 0.870250880718
87338 1 0.869880616665
39959 1 0.869353652
7806 1 0.868156909943
53930 1 0.86812877655
64116 1 0.867665588856
45977 1 0.86761033535
40502 1 0.866939246655
54586 1 0.866119205952
900 1 0.866115748882
48585 1 0.866021692753
10307 4 0.865863204002
12810 1 0.865408539772
20045 4 0.864733994007
5914 1 0.864572167397
87308 1 0.864222764969
59721 1 0.864199697971
58418 1 0.862780928612
5932 1 0.862317860126
20074 1 0.861652910709
81131 4 0.861649990082
20501 1 0.861497700214
4646 1 0.86147660017
25772 1 0.861437439919
78651 1 0.859666526318
1321 4 0.858583748341
88783 1 0.858547508717
48389 1 0.858093380928
13538 1 0.856293261051
25828 4 0.855980336666
74382 1 0.855486094952
55877 1 0.854871511459
29398 4 0.854478597641
66444 1 0.853997468948
62098 4 0.852959692478
89266 1 0.852481663227
12190 4 0.852014005184
1610 4 0.851360619068
46242 1 0.851295173168
10153 1 0.850749790668
55464 1 0.850414812565
65431 4 0.850212454796
19589 1 0.849967181683
74303 1 0.849899351597
5384 1 0.848575413227
19175 4 0.847685217857
60071 1 0.847218751907
90061 1 0.847204327583
89681 1 0.846737682819
52402 4 0.846476972103
82521 1 0.846352934837
13247 1 0.846301913261
42076 1 0.844509661198
2102 1 0.843711495399
54560 1 0.841798663139
44361 1 0.841688215733
66441 1 0.839751601219
41233 1 0.839735031128
12234 4 0.838488280773
22247 1 0.838332116604
9813 1 0.837925195694
5661 1 0.837424755096
79329 1 0.836578667164
91609 1 0.83568829298
65238 1 0.834547936916
1913 4 0.833620846272
34090 1 0.833395659924
23003 1 0.832542836666
78216 1 0.832035005093
62894 1 0.831803619862
29148 1 0.830071866512
68717 1 0.827746748924
87612 1 0.827441453934
48372 4 0.827014386654
66901 1 0.826136231422
70410 1 0.82610809803
49274 1 0.825917124748
3690 1 0.823991954327
86484 1 0.823732852936
2067 1 0.823632478714
89731 1 0.822867453098
24165 1 0.822718203068
5913 1 0.82190322876
23150 1 0.821850419044
2705 1 0.821703970432
37173 4 0.821356654167
371 1 0.820253074169
72207 4 0.819921910763
60483 1 0.819885790348
10956 1 0.819638669491
37508 1 0.81844997406
8656 1 0.817537605762
78215 1 0.817456424236
68024 4 0.816531538963
22367 1 0.81643307209
19330 1 0.81545060873
76575 1 0.81507641077
32859 1 0.814484775066
46201 1 0.814075410366
24100 4 0.813974797726
7933 1 0.813144385815
88844 4 0.812130451202
41789 1 0.811530053616
18170 1 0.811376810074
89669 1 0.810822427273
84797 1 0.810647428036
40983 1 0.810448467731
19745 1 0.810190558434
41670 1 0.809554517269
22638 1 0.809155404568
46513 1 0.808822393417
54941 1 0.808728694916
1173 1 0.808446288109
67139 1 0.808104157448
52357 1 0.807431817055
86336 1 0.806399345398
35407 1 0.80560874939
32622 4 0.805603325367
76606 1 0.805426895618
54976 1 0.805212378502
20511 1 0.804647862911
5585 1 0.80459022522
41675 1 0.804366409779
38957 1 0.804216206074
62182 4 0.803928136826
12450 1 0.803568065166
3137 1 0.803483247757
71726 1 0.803231239319
69181 1 0.803018450737
32108 1 0.802919328213
33107 1 0.802790701389
20440 1 0.802372276783
25672 1 0.802068829536
34156 1 0.80205053091
69952 1 0.801640748978
7699 1 0.801139771938
34665 4 0.8011277318
27835 1 0.798589169979
642 1 0.798430979252
76784 1 0.797310471535
51065 4 0.797296106815
69962 1 0.796946227551
89191 4 0.795449972153
18975 1 0.795296430588
58146 1 0.795221865177
4429 4 0.794741272926
76958 4 0.794702231884
48117 4 0.794271469116
78741 1 0.793235599995
1023 1 0.7928211689
43706 1 0.792285323143
32920 1 0.7920165658
64554 1 0.791956543922
8715 4 0.791797995567
25774 1 0.791730642319
67029 1 0.791720747948
50492 1 0.791531801224
87498 1 0.791440308094
21233 1 0.791081130505
51124 1 0.790808022022
28109 1 0.790580034256
66591 1 0.790415942669
28451 1 0.78998041153
43711 1 0.78974956274
78650 1 0.789470136166
44286 1 0.78834348917
86981 1 0.78716057539
21930 1 0.787087976933
55194 1 0.787012517452
55698 1 0.786790847778
78189 4 0.786644876003
68642 1 0.786603629589
325 1 0.786396980286
7852 1 0.786379814148
14156 1 0.786368012428
48387 1 0.784873068333
3706 1 0.783669352531
13026 1 0.783488929272
85459 1 0.782800078392
23898 1 0.782540678978
50965 1 0.782448351383
78322 1 0.782155573368
51192 4 0.780991196632
90999 1 0.778862535954
90352 4 0.778398633003
62216 4 0.776728749275
5476 1 0.775790929794
10439 1 0.775460243225
4415 1 0.775103390217
47616 1 0.773869097233
26687 1 0.773569047451
70388 4 0.773481011391
62554 1 0.772411704063
62683 1 0.772335708141
87366 1 0.771972358227
76572 1 0.771764993668
35032 4 0.771292030811
61513 1 0.770871162415
70760 1 0.770680963993
43610 1 0.769960343838
16350 1 0.769616246223
18748 1 0.769587576389
10345 4 0.768612623215
79453 1 0.768392622471
1996 1 0.76788944006
23196 1 0.767747342587
66030 1 0.767690122128
9000 1 0.767372667789
24163 1 0.767280876637
21762 1 0.767158031464
60907 1 0.766955256462
5697 1 0.766439199448
64040 1 0.76585149765
43077 1 0.765848457813
78730 1 0.765587151051
30077 1 0.764497578144
70943 1 0.763234436512
15471 4 0.762958467007
79296 1 0.762516200542
66010 1 0.762126505375
90510 1 0.760788500309
10397 4 0.760224819183
5885 1 0.760171473026
1030 1 0.760099649429
52899 1 0.760060071945
4726 1 0.759948253632
50349 1 0.759678065777
67346 1 0.759597361088
67264 1 0.75935447216
22704 1 0.758509516716
73113 1 0.757511198521
30926 1 0.75739467144
30298 1 0.756956279278
1304 1 0.756685137749
42711 1 0.756107032299
27691 1 0.756010174751
63153 1 0.75581651926
924 1 0.755642831326
30923 1 0.755445837975
8162 1 0.755173563957
60106 1 0.755011975765
22721 1 0.754692077637
19747 1 0.754648625851
37915 1 0.753892302513
35795 1 0.753885567188
60154 1 0.753803610802
89796 1 0.753426373005
68555 4 0.75297087431
87927 1 0.75294315815
62552 1 0.752923488617
55134 1 0.752463877201
55415 1 0.751753985882
8665 1 0.751252174377
43256 1 0.750310242176
39710 1 0.750278115273
10038 1 0.749786376953
86230 1 0.749317824841
90134 1 0.749237060547
48702 4 0.748986899853
11595 1 0.748785853386
6552 4 0.748590767384
82402 1 0.747603476048
44930 1 0.747474610806
34116 4 0.747377216816
42812 4 0.747345983982
2364 1 0.746874392033
86146 1 0.746585071087
30191 1 0.746434986591
38992 1 0.7463991642
35929 1 0.745971024036
44676 1 0.74522292614
19894 1 0.744147837162
60351 1 0.743648350239
82520 1 0.743439972401
5059 1 0.743202626705
82904 1 0.742404699326
57605 1 0.741402208805
84730 1 0.74090474844
41403 1 0.740266978741
8492 1 0.740218639374
44165 1 0.739686131477
63937 1 0.739662587643
17329 1 0.739571273327
16634 1 0.739197611809
31906 4 0.739192605019
24135 1 0.738827705383
42415 1 0.738786637783
27173 1 0.738025307655
91099 1 0.737755954266
55001 1 0.737408041954
54679 1 0.737217247486
13257 1 0.736773908138
85804 1 0.736295282841
33904 1 0.735810816288
63949 1 0.73551261425
43375 1 0.73517626524
4526 4 0.734698235989
17148 1 0.73450833559
14179 1 0.734486579895
85394 1 0.734087347984
44020 1 0.733896136284
56651 1 0.733589112759
55970 1 0.733399391174
40156 1 0.733387887478
52508 4 0.732933402061
17501 1 0.732907652855
9327 4 0.732680380344
9921 1 0.732470571995
5563 1 0.732137441635
55463 1 0.73185890913
16049 1 0.731806397438
84800 1 0.73136395216
4048 1 0.730908453465
85799 1 0.730303108692
83201 1 0.729201376438
62370 1 0.728873193264
37506 1 0.727411448956
46600 1 0.727340638638
65390 1 0.727171003819
6357 1 0.727069675922
62046 1 0.726851046085
34094 1 0.72667580843
51699 1 0.726624429226
82586 1 0.725958764553
75789 1 0.725120186806
43202 1 0.723954856396
49688 1 0.723590493202
4292 1 0.723026514053
89733 1 0.722583889961
46052 1 0.722550213337
71477 1 0.722519516945
38374 1 0.722506821156
60479 1 0.722167253494
17886 1 0.722155630589
68560 1 0.721840202808
83344 1 0.721701085567
67141 1 0.721425056458
1420 4 0.721387863159
62682 1 0.721210956573
66779 1 0.721149921417
49832 1 0.721114516258
19082 4 0.721050262451
55509 1 0.720889627934
34553 1 0.720853090286
30462 1 0.719586610794
55575 1 0.719403445721
56241 1 0.718888700008
64147 1 0.718655526638
90607 1 0.718349158764
86329 1 0.717787384987
5700 1 0.717589497566
39877 1 0.717272281647
62786 1 0.717228710651
40405 1 0.716872036457
8105 1 0.716772258282
13017 1 0.716686427593
26137 4 0.71640253067
33781 1 0.716209292412
20396 1 0.715648472309
33326 4 0.715483546257
45773 4 0.714865267277
15916 1 0.714738130569
81521 1 0.714472413063
58548 1 0.714141666889
31568 1 0.713689625263
88914 4 0.713661909103
67345 1 0.713601827621
24176 1 0.713490068913
64789 1 0.713163256645
3160 1 0.712295889854
81776 1 0.712162077427
13380 1 0.711299598217
20203 1 0.711180388927
79629 1 0.711150527
19730 1 0.710352420807
1244 4 0.709419667721
17221 1 0.709227919579
16093 1 0.708821177483
45492 1 0.708762586117
7341 1 0.708327412605
90969 1 0.708322525024
81175 1 0.707884788513
20283 4 0.70779633522
36616 1 0.707035422325
43116 1 0.706822097301
18244 1 0.70652794838
35727 1 0.706288039684
46209 4 0.706118702888
57650 1 0.706094264984
5521 1 0.705963432789
16660 1 0.705961108208
71006 1 0.705955028534
16647 4 0.705859482288
35703 1 0.705363988876
3865 1 0.704318583012
78214 1 0.70391190052
1313 1 0.703723371029
21386 1 0.703117072582
40127 4 0.703042924404
59066 1 0.702461481094
20509 1 0.701961934566
41674 1 0.701948642731
21635 4 0.701759338379
71394 1 0.70173484087
5783 1 0.701296269894
7240 1 0.701231777668
45121 1 0.700090587139
17243 1 0.699997782707
70937 1 0.699901998043
11045 1 0.699851870537
44463 4 0.69882953167
51218 1 0.698777318001
88046 1 0.69868350029
34334 1 0.698550105095
13246 1 0.698546230793
28666 1 0.698503553867
12557 1 0.69836628437
85392 1 0.698132455349
64005 1 0.69805341959
50102 1 0.697568833828
2258 1 0.697525620461
35904 1 0.697381615639
73634 1 0.697332203388
85088 1 0.696839630604
48181 4 0.696438133717
37403 1 0.695976257324
33695 4 0.695923864841
34140 1 0.695473492146
46282 1 0.695453822613
77568 4 0.695250809193
30336 4 0.695227086544
61802 1 0.694869041443
69027 1 0.693783581257
3090 1 0.693729758263
76976 1 0.693427681923
50117 1 0.693178296089
21197 1 0.693012595177
56890 1 0.692885458469
84936 1 0.692880272865
54489 1 0.692438185215
70999 1 0.691655695438
91455 1 0.691593527794
38094 1 0.691076278687
18436 1 0.690855026245
66753 1 0.690540611744
24513 1 0.690235435963
76475 1 0.689890861511
68989 1 0.68988019228
70353 1 0.689820468426
2157 1 0.689586102962
48020 1 0.689454734325
12980 4 0.689340114594
48162 1 0.688890218735
71465 1 0.688750445843
46745 1 0.688621282578
60135 1 0.688544511795
34256 1 0.688277602196
85800 1 0.688232421875
39735 1 0.687943100929
78630 1 0.686914741993
27539 1 0.686782836914
30470 1 0.68663161993
70016 1 0.686481595039
66282 1 0.68624651432
15690 1 0.686019539833
54255 1 0.685637831688
1252 1 0.684915781021
80969 1 0.684810638428
5558 1 0.684132099152
70103 1 0.683923304081
1178 1 0.683828175068
42342 1 0.683770060539
59018 1 0.683656334877
18914 1 0.683538019657
37163 1 0.683294415474
55169 1 0.683153748512
62056 1 0.683147311211
44164 1 0.682832419872
52218 1 0.682456195354
75919 1 0.682357907295
28049 4 0.682104766369
14748 1 0.682089328766
3852 1 0.682052731514
89678 1 0.681573331356
41718 1 0.680653810501
8367 1 0.680470943451
39938 1 0.680276572704
21152 1 0.680091798306
45122 1 0.679945409298
58485 1 0.679920315742
64469 1 0.679751396179
1919 4 0.679709434509
49044 4 0.679006874561
75236 1 0.678944587708
74567 1 0.678944468498
39029 1 0.678545176983
67265 1 0.678528428078
1958 1 0.678414463997
74743 1 0.677850008011
75247 1 0.677829086781
51712 1 0.677322149277
68052 4 0.677234470844
52911 1 0.677143394947
68179 1 0.677076995373
51668 1 0.676790297031
89664 1 0.676395535469
70562 1 0.67599105835
8680 1 0.675304293633
37766 1 0.675161004066
76743 1 0.675129652023
80144 1 0.674748897552
50469 1 0.674384117126
6837 1 0.674136519432
67627 1 0.673623740673
90848 1 0.673542261124
86133 1 0.672844052315
35668 1 0.672559916973
420 1 0.671961545944
87365 1 0.671857655048
64562 1 0.671629726887
4109 1 0.671473145485
18427 1 0.671013772488
74775 1 0.670683383942
66443 1 0.670373976231
21659 1 0.67026078701
10274 1 0.670134007931
13313 4 0.670131802559
78019 1 0.669947445393
11462 1 0.669858276844
41755 1 0.668566048145
1285 1 0.668249487877
15793 1 0.668215930462
73200 1 0.668059051037
4493 1 0.667941510677
8325 1 0.667383909225
50348 1 0.66713643074
45972 1 0.666736006737
5939 1 0.665948331356
74254 4 0.665706515312
78824 1 0.664651155472
29149 1 0.664492309093
82265 1 0.66437959671
59280 1 0.663881123066
85763 1 0.663719892502
38938 1 0.663563430309
27072 1 0.663454949856
10765 1 0.662004292011
85643 1 0.66136097908
22693 1 0.660955011845
57753 4 0.660653471947
73337 1 0.66064876318
26640 1 0.66055303812
32807 1 0.660469293594
35746 1 0.660073339939
74592 1 0.659761965275
67849 4 0.65925270319
37912 1 0.658954739571
10472 1 0.658715188503
79701 1 0.658669710159
45625 1 0.658660650253
54773 1 0.658552825451
55165 1 0.658398807049
82825 1 0.658063411713
32412 1 0.657830536366
22255 1 0.657228887081
22211 1 0.657178282738
26357 1 0.657163321972
5356 1 0.656673431396
25204 4 0.65619212389
26513 1 0.656177103519
55646 1 0.656138420105
3914 1 0.655778348446
6706 1 0.65576171875
1014 1 0.655259847641
90383 1 0.654698550701
37984 1 0.654425978661
744 1 0.654412209988
72592 1 0.652882158756
63145 1 0.652795374393
37140 1 0.652636051178
25688 4 0.652131080627
76261 1 0.651848375797
27873 1 0.651566386223
50190 1 0.651205480099
68425 1 0.650648117065
60088 1 0.650385975838
37711 1 0.650214970112
23701 1 0.65000897646
47318 1 0.649897634983
8692 1 0.649785518646
18571 1 0.649626851082
74755 1 0.649334728718
35410 1 0.648996293545
69937 1 0.648004353046
50084 1 0.647890388966
91254 1 0.647866308689
20713 1 0.6475507617
2155 1 0.647307515144
19247 1 0.64707505703
33951 1 0.646499216557
62213 1 0.646219193935
584 1 0.646201252937
39181 1 0.646025419235
1175 1 0.644972741604
38454 1 0.644701778889
60937 4 0.644562005997
23399 1 0.644310712814
37178 4 0.644263923168
57706 1 0.643924474716
30085 1 0.64345985651
28739 1 0.642856240273
10940 1 0.642855525017
65165 1 0.642622768879
1273 1 0.642375648022
48315 1 0.641919195652
49556 4 0.641888976097
30830 1 0.641870439053
33619 1 0.641613781452
79467 1 0.641269862652
20732 1 0.640958249569
7545 1 0.640699625015
51326 1 0.640665352345
69200 1 0.640009522438
7975 1 0.639917314053
83301 1 0.639732241631
26649 1 0.638983726501
7935 1 0.638950645924
50915 1 0.638897180557
43024 1 0.63878339529
41224 1 0.638584136963
9207 1 0.63840341568
8175 1 0.638124227524
65147 1 0.637842476368
18983 1 0.637783646584
12463 1 0.637592852116
41802 1 0.637028157711
26386 1 0.63683116436
58011 1 0.636614501476
1799 1 0.636539399624
48825 1 0.636462450027
63334 1 0.636186718941
84960 4 0.636043965816
50104 1 0.635675430298
85472 1 0.635276675224
27250 4 0.635246872902
31926 1 0.634796857834
28616 1 0.634611427784
86982 1 0.634351372719
3171 1 0.634178698063
42978 4 0.634032487869
29687 4 0.633942425251
7976 1 0.633874118328
59727 1 0.633439123631
20747 1 0.633371293545
1179 1 0.633244514465
56569 1 0.633092880249
8377 1 0.632928490639
71279 1 0.632915079594
49072 1 0.632522404194
62379 4 0.632457613945
89444 1 0.632043063641
7393 1 0.632035076618
30880 1 0.631799936295
4297 1 0.631685972214
11041 1 0.63139629364
41009 1 0.631131827831
11396 1 0.630928635597
32139 1 0.630857527256
74380 1 0.630632579327
46747 1 0.63029229641
62824 1 0.630040824413
25798 1 0.629957675934
10431 1 0.629602372646
33385 1 0.629547894001
5993 1 0.629226148129
4265 1 0.62917804718
28649 1 0.629114866257
40025 1 0.629111647606
53924 1 0.628973126411
21759 1 0.628875911236
6958 1 0.628220379353
32220 1 0.627977907658
28072 1 0.627618312836
250 1 0.627439022064
17223 1 0.626282393932
21668 1 0.625937342644
55447 1 0.625536799431
90183 1 0.625042796135
46775 1 0.624982953072
4358 1 0.624933063984
90374 1 0.624901235104
5911 1 0.6248665452
69938 1 0.624692082405
25580 1 0.624644994736
12298 4 0.62456381321
61751 4 0.624362885952
40819 1 0.624317705631
79095 1 0.624053418636
36888 1 0.623860776424
28793 1 0.62323653698
35077 1 0.623064100742
18394 1 0.622922122478
49076 1 0.622694730759
42126 1 0.62258130312
20697 1 0.621519446373
61917 1 0.62146961689
129 1 0.621316850185
90475 1 0.621033489704
9295 1 0.62069940567
6533 1 0.620580852032
4930 1 0.620245218277
40734 1 0.619959115982
36940 1 0.619958639145
89121 4 0.619404375553
5011 1 0.619171023369
31959 1 0.619048714638
51581 4 0.61899214983
7750 1 0.618858397007
21416 1 0.618512034416
34075 1 0.618446409702
80093 1 0.618173360825
65754 4 0.617993950844
34813 1 0.617945551872
59471 1 0.617863714695
9210 1 0.617796123028
23278 1 0.61765152216
54516 1 0.617602884769
77 1 0.61708086729
88735 4 0.616815805435
46076 1 0.616608500481
73947 1 0.616144299507
10165 1 0.61595249176
70938 1 0.615768015385
51690 1 0.615372359753
67138 1 0.614815354347
68658 1 0.614525794983
42742 1 0.614429712296
53396 1 0.614131867886
21549 1 0.614080190659
69940 1 0.614035665989
47618 1 0.613540947437
68720 1 0.613528430462
9425 4 0.613456785679
53841 4 0.613148510456
79297 1 0.61314111948
77209 1 0.612395823002
24177 1 0.612188458443
29437 1 0.612141788006
49080 1 0.611405014992
1013 1 0.610853075981
28455 1 0.610807538033
28744 1 0.610682487488
22239 1 0.610140144825
56310 4 0.609986245632
44661 1 0.609758973122
88379 1 0.609708845615
59841 1 0.609577298164
31152 4 0.609530985355
54051 1 0.609235227108
2557 1 0.60910230875
2356 1 0.609088718891
77647 1 0.608437001705
5398 4 0.607753098011
16958 1 0.606982290745
39061 1 0.606960177422
1180 1 0.606392621994
25214 1 0.60588568449
33302 1 0.605766177177
28799 1 0.605724096298
55668 1 0.605493366718
25168 4 0.605308294296
55578 1 0.604507982731
21183 1 0.604340791702
841 1 0.604275465012
44946 1 0.604089140892
47717 4 0.604066312313
6049 1 0.603719353676
76844 1 0.603606522083
59672 1 0.603318035603
4192 1 0.602488458157
48390 1 0.602343022823
47029 1 0.602277517319
69300 1 0.602239072323
20369 4 0.60202640295
18974 1 0.601782679558
33332 1 0.601734101772
42522 1 0.601541936398
69687 1 0.60139966011
69943 1 0.60125875473
89359 1 0.600614130497
58585 1 0.59964454174
15302 1 0.599611938
40038 1 0.599504768848
45140 1 0.599247932434
77205 1 0.59911853075
40985 1 0.599061608315
47800 1 0.598935484886
37498 1 0.598754346371
20459 1 0.59872341156
83595 4 0.598692297935
38509 1 0.59866720438
38229 1 0.598453879356
32042 1 0.598444998264
86818 1 0.598408639431
11038 1 0.598058462143
52351 1 0.597936749458
50266 1 0.59767884016
41761 1 0.597662568092
3021 1 0.596706151962
5910 1 0.596587598324
81777 1 0.59631973505
82922 4 0.596209943295
26264 1 0.595768094063
11341 1 0.59575510025
45817 1 0.595304965973
42227 4 0.595027863979
78729 1 0.59458386898
75380 1 0.594325959682
20822 1 0.594253957272
61749 1 0.594208300114
10432 1 0.593882977962
62789 1 0.593759596348
84903 1 0.593608498573
41632 1 0.59277844429
1419 4 0.592499673367
51711 1 0.592173457146
58487 1 0.592139959335
6756 1 0.59210062027
52236 1 0.591816484928
16301 1 0.591800868511
9462 1 0.591196358204
12451 1 0.590954065323
47859 1 0.590399801731
26767 1 0.590390622616
30371 1 0.590222597122
38020 1 0.59019947052
25777 1 0.589883446693
82794 1 0.589226782322
21496 1 0.589093983173
81447 1 0.588385105133
30441 1 0.588304758072
23151 1 0.588152647018
78228 1 0.588134586811
13881 1 0.587692439556
25629 1 0.587654471397
9371 4 0.587491095066
1851 1 0.586916446686
45979 1 0.586762666702
63167 1 0.585946440697
39831 1 0.585674345493
6867 1 0.585476219654
46860 1 0.585412144661
68883 1 0.585128545761
83279 1 0.584938645363
8324 1 0.584803938866
46252 1 0.584751904011
8982 1 0.584111094475
89970 1 0.583894610405
65964 4 0.583437740803
65777 1 0.583191871643
69803 4 0.582979798317
55484 1 0.582976162434
16910 4 0.582904219627
19155 1 0.582848787308
32666 1 0.582816839218
45854 1 0.58272010088
18124 1 0.582431197166
16056 1 0.58209747076
18109 1 0.582006156445
49161 1 0.581946671009
12353 1 0.581613779068
22253 1 0.581563651562
7608 1 0.581549167633
48719 4 0.58134996891
51074 4 0.580858111382
85864 1 0.580783188343
77331 1 0.580766677856
9304 1 0.580449044704
53937 1 0.580307543278
87367 1 0.580271363258
22583 1 0.579927444458
50960 1 0.579612493515
68911 4 0.579580664635
79621 1 0.579574227333
57517 1 0.579564273357
76696 1 0.579544842243
75543 1 0.579361796379
47545 1 0.579143047333
34791 1 0.578857600689
12564 1 0.57859814167
89668 1 0.5784984231
43892 1 0.57839423418
28634 1 0.578017950058
59772 1 0.577855467796
84911 1 0.577756643295
15832 4 0.5776232481
40721 1 0.577330708504
55218 1 0.577128231525
89074 4 0.577005922794
45981 1 0.57679694891
68535 1 0.576663196087
62010 1 0.576462566853
23195 1 0.576096117496
16020 1 0.576091527939
85754 1 0.576035618782
31915 1 0.575981974602
11059 1 0.575875341892
25344 1 0.575600028038
31733 1 0.575583040714
73888 1 0.575138270855
1798 1 0.574934780598
67343 1 0.574647128582
50109 1 0.574352145195
69816 1 0.574254155159
26268 1 0.574068903923
60685 1 0.573404371738
3089 1 0.573353290558
18768 1 0.573291301727
21546 1 0.572916805744
91522 1 0.572509109974
81954 1 0.572218954563
29794 1 0.57218515873
82559 1 0.571749866009
59516 4 0.571662306786
61748 1 0.571120500565
13070 4 0.570904672146
73338 1 0.570830523968
18630 1 0.570620119572
50082 1 0.57047188282
31204 1 0.570215404034
45529 1 0.570041418076
37880 1 0.570034384727
22254 1 0.569614946842
40036 1 0.569470524788
3170 1 0.569199740887
34601 1 0.569088339806
29777 4 0.569009780884
33017 1 0.568687081337
44285 1 0.568520545959
50356 1 0.568362176418
46032 1 0.567936301231
4294 4 0.567886650562
34552 1 0.567856013775
52584 1 0.567598223686
18077 1 0.567581176758
22538 1 0.567576110363
63900 1 0.56748265028
10036 1 0.567323803902
66797 1 0.567294478416
36405 4 0.567144870758
69394 1 0.567014694214
21634 4 0.566811859608
12217 1 0.566385924816
1667 1 0.566374957561
23633 1 0.565908074379
82118 1 0.565870702267
4525 4 0.56555980444
55413 1 0.565041959286
18704 1 0.565032601357
66711 1 0.565021514893
21155 1 0.564958870411
66592 1 0.564889371395
62299 1 0.564722657204
27185 1 0.564636290073
58890 1 0.564574062824
33696 1 0.564221322536
10163 1 0.563377022743
32168 1 0.563312530518
26490 1 0.563127815723
15614 1 0.56309658289
55265 1 0.562975525856
17099 1 0.562897324562
7628 4 0.561804533005
69802 4 0.561758160591
3138 1 0.561336159706
33782 1 0.561241030693
39027 1 0.560960531235
55166 1 0.560512661934
83281 1 0.560443818569
30873 4 0.560373902321
79479 1 0.560160696507
28460 1 0.55978089571
1176 1 0.559628784657
22296 1 0.559428274632
70024 1 0.559397876263
25820 4 0.559321939945
7861 4 0.559281766415
5916 1 0.558883965015
75664 1 0.558784127235
82920 1 0.558758556843
80982 1 0.558422803879
25612 1 0.5582665205
7268 1 0.557945609093
3689 1 0.557919383049
23698 1 0.557733237743
58781 4 0.557718396187
36477 1 0.55746358633
15490 1 0.557429969311
708 1 0.556505322456
10164 1 0.556479156017
53921 1 0.55635613203
50473 1 0.556311666965
61053 1 0.556297957897
52415 1 0.556089043617
2697 1 0.556029438972
27833 1 0.555993437767
18509 1 0.555869936943
38093 1 0.555795192719
50485 1 0.555574774742
43290 1 0.555335819721
29802 1 0.555280864239
22219 1 0.554835557938
56135 1 0.554818749428
82821 1 0.554759860039
69911 4 0.554748475552
43580 1 0.554412841797
78117 1 0.554256737232
64205 1 0.5531219244
38370 1 0.553104639053
40197 1 0.552938520908
55875 1 0.552912116051
40373 4 0.552833557129
34679 1 0.552799403667
56379 1 0.552636921406
87910 4 0.552535355091
78834 1 0.552439332008
82271 1 0.552166342735
19060 1 0.55182749033
25354 1 0.551783382893
37252 1 0.551544606686
51665 1 0.551411092281
46866 1 0.551252484322
43887 1 0.551224946976
72276 1 0.551193237305
87497 1 0.551131010056
51522 1 0.550787270069
41931 1 0.550642848015
28390 1 0.550405859947
31427 4 0.550306677818
34219 1 0.550138771534
45334 1 0.550076663494
30737 1 0.549899756908
56251 1 0.549776077271
2416 1 0.549692332745
49908 1 0.549610674381
75798 1 0.549495756626
28462 1 0.549485623837
46390 1 0.549355387688
56386 4 0.548726797104
55170 1 0.548271298409
20890 1 0.548035502434
6572 4 0.547600626945
23198 1 0.547504782677
47043 4 0.547132074833
59040 1 0.546944379807
35785 1 0.546853661537
27010 1 0.546719253063
36939 1 0.546622037888
43598 1 0.546597957611
58497 1 0.546597540379
50339 1 0.546579778194
58841 1 0.546517729759
32218 1 0.546279907227
43351 1 0.546208500862
34009 1 0.545964300632
37596 1 0.545944213867
83955 4 0.545592665672
63928 1 0.544892132282
43136 1 0.544571936131
49845 1 0.544539034367
82585 1 0.544513702393
62778 1 0.544489681721
9763 1 0.544397830963
3142 1 0.544317483902
30471 1 0.543911576271
58079 1 0.543698132038
19480 1 0.543420612812
1661 1 0.543283879757
45566 1 0.543245732784
28808 1 0.543179154396
8941 1 0.542984962463
90931 1 0.542676091194
39683 1 0.542575478554
41270 1 0.542269587517
34787 1 0.542245090008
54544 1 0.542089939117
5278 1 0.541790425777
44019 1 0.541756093502
62238 1 0.541645348072
69817 1 0.541399300098
86949 1 0.541310369968
12051 4 0.541066765785
53240 4 0.54097867012
40155 1 0.540966689587
54305 1 0.54044932127
43026 1 0.540255308151
59835 1 0.54015403986
89667 1 0.540152847767
43042 1 0.539811015129
4539 1 0.539784550667
41365 1 0.539693772793
47569 4 0.539689064026
73853 1 0.539364337921
55490 1 0.538902163506
44383 1 0.538696289062
17774 1 0.538590610027
73365 4 0.538573026657
24169 1 0.538426220417
80951 1 0.538370490074
24146 1 0.538309395313
71468 1 0.537901580334
11773 1 0.537746727467
87067 1 0.537404716015
47024 1 0.537398517132
67129 1 0.537277638912
7779 1 0.537178039551
41719 1 0.536967396736
55588 1 0.536884486675
24051 1 0.536805570126
4173 4 0.53664457798
12041 1 0.536575615406
38380 1 0.53635597229
18284 1 0.536124527454
87941 1 0.535950601101
46865 1 0.535690188408
30544 1 0.535186171532
25838 4 0.53503203392
73155 1 0.53502869606
53915 1 0.534838557243
2163 4 0.534768044949
50173 1 0.534716188908
3222 1 0.534562051296
75246 1 0.534309744835
23869 4 0.534283995628
9011 1 0.533893346786
74704 1 0.533840000629
48578 1 0.533830702305
44905 1 0.533500850201
23903 1 0.533477663994
78785 1 0.533080816269
89301 1 0.533048152924
74381 1 0.532800018787
51022 1 0.532521307468
45691 1 0.532490849495
19755 1 0.532418370247
76339 1 0.532118320465
59825 1 0.531415343285
9012 1 0.53134304285
69208 1 0.531157314777
8960 1 0.530809879303
20213 1 0.530278682709
36918 1 0.53026676178
18237 1 0.53023481369
91230 1 0.529925704002
13819 1 0.529909551144
27041 1 0.52983379364
4031 1 0.529805958271
28772 1 0.529721021652
83582 4 0.528744757175
269 1 0.528532862663
17333 1 0.528459727764
19635 1 0.528438150883
83997 4 0.528373837471
63155 1 0.528115510941
1778 1 0.528112769127
18138 1 0.527131080627
7537 1 0.527122378349
2463 1 0.527078032494
49525 1 0.526956796646
83315 1 0.526910603046
4023 1 0.526882529259
70273 1 0.52685213089
36214 1 0.526436984539
17440 1 0.526286780834
42642 1 0.526207447052
69082 1 0.52616506815
49833 1 0.52610462904
21956 1 0.525675952435
89337 4 0.525475084782
12582 1 0.525384306908
19532 1 0.525342047215
73632 1 0.525302112103
84480 1 0.524616718292
4113 1 0.524403631687
32164 1 0.524365961552
77154 1 0.524283051491
83912 1 0.523939371109
81508 1 0.523680865765
1449 1 0.523633301258
2707 1 0.523472845554
18839 1 0.523387551308
76946 1 0.52333843708
3236 1 0.523331582546
10162 1 0.523297011852
73855 1 0.522904992104
37928 1 0.522633194923
76499 1 0.522623360157
20823 1 0.52258592844
54324 1 0.522233188152
50278 1 0.522025704384
47647 1 0.521595180035
73098 1 0.521542131901
61579 1 0.521494925022
11596 1 0.521430492401
21924 1 0.52119988203
49876 1 0.521041095257
13012 1 0.52077537775
66775 1 0.520210325718
17180 4 0.520088374615
3719 1 0.519959807396
71991 1 0.519827127457
28960 1 0.519320189953
73925 1 0.519253253937
81082 1 0.518861830235
25971 1 0.518762767315
46510 1 0.518701851368
71313 1 0.51865708828
40433 1 0.518546044827
65082 1 0.518385112286
85951 1 0.518098950386
15533 1 0.517930328846
68480 1 0.517716407776
59562 1 0.517632842064
3911 1 0.51759070158
76714 1 0.517489492893
26077 1 0.517466425896
43801 1 0.517320215702
42594 1 0.517175972462
85758 1 0.516962826252
64907 1 0.516962349415
29407 1 0.516855120659
17358 4 0.516558766365
83564 1 0.516449689865
82026 1 0.516242086887
13343 1 0.51561909914
42675 1 0.515596985817
26265 1 0.51555109024
21166 1 0.515530228615
60843 1 0.515455186367
1003 4 0.515403330326
20746 1 0.515129625797
12072 1 0.515039145947
11509 4 0.514860093594
64145 1 0.514698922634
26335 1 0.514497637749
9422 1 0.514100372791
58742 1 0.514024734497
60778 1 0.513778805733
18262 1 0.513695240021
50277 1 0.513616740704
31077 1 0.51340585947
12767 1 0.512976646423
72953 1 0.512813508511
48791 4 0.51270878315
76887 1 0.512279272079
72061 1 0.512170314789
20513 1 0.511743366718
65060 4 0.511623740196
22171 1 0.510615646839
67405 1 0.51059871912
24871 1 0.510510802269
88115 1 0.510421991348
46526 1 0.510336041451
57463 1 0.510198056698
61464 1 0.510037243366
52532 1 0.509960889816
90787 1 0.509260416031
6211 1 0.509093880653
16012 1 0.508984565735
76865 1 0.508784651756
56288 1 0.508499264717
1702 4 0.508349359035
80143 1 0.50819849968
74246 4 0.508115053177
70220 4 0.508096694946
16300 1 0.508067667484
23506 1 0.507882833481
34374 1 0.507837593555
76198 1 0.507737398148
53548 1 0.50710940361
90431 1 0.507007420063
35078 1 0.506917536259
7385 1 0.506704747677
83806 4 0.506597757339
18219 1 0.50619161129
30542 1 0.50591480732
36792 1 0.5056822896
78227 1 0.505678057671
42641 1 0.505499064922
74818 1 0.505344748497
47567 1 0.505323171616
49749 1 0.505261957645
69047 1 0.504966080189
19655 1 0.504910767078
37509 1 0.504786193371
19749 1 0.503991425037
26001 1 0.503962337971
3277 1 0.503732442856
66002 1 0.503673791885
6240 1 0.503359019756
5231 1 0.503136873245
6496 1 0.503077805042
51775 1 0.50306469202
6541 1 0.50301015377
2807 1 0.50284153223
82896 1 0.502830505371
7409 1 0.502780079842
42376 1 0.502779901028
2257 1 0.502579569817
27488 4 0.502216875553
34381 4 0.502189218998
31051 1 0.502051711082
11384 1 0.501865625381
71975 4 0.501111030579
1021 1 0.50091779232
629 1 0.500676214695
82772 1 0.500658273697
62572 1 0.500620961189
7051 1 0.500605225563
89969 1 0.500508069992
75026 1 0.50029027462
69316 1 0.500182986259
35334 1 0.500074982643
34484 1 0.499988585711
4025 1 0.499702841043
62595 1 0.499698281288
66095 1 0.499659270048
24380 4 0.499223053455
76717 1 0.499217420816
3191 1 0.499102950096
6801 1 0.498821675777
13924 1 0.498691290617
2706 1 0.49863243103
34260 1 0.498408406973
37936 1 0.498354494572
3853 1 0.498272925615
31345 1 0.498092293739
38231 1 0.49808049202
63802 1 0.497960925102
80165 1 0.497815817595
54821 4 0.49777880311
87225 1 0.497697472572
74886 1 0.49722841382
28262 1 0.496869564056
56694 1 0.496868282557
6877 1 0.496623814106
78013 1 0.496463239193
50240 1 0.496360093355
81934 1 0.496205329895
23176 1 0.495661497116
50484 1 0.495318323374
26072 1 0.495284825563
5635 1 0.495256304741
5759 1 0.495022028685
36922 1 0.494690805674
10498 1 0.494538187981
27656 1 0.494459480047
69299 1 0.492422640324
12414 1 0.491794705391
4679 1 0.491157978773
10273 1 0.491150736809
34966 1 0.491131335497
38247 1 0.487288206816
26560 1 0.487183630466
65391 1 0.487078428268
60803 1 0.485195577145
27643 1 0.484913080931
22640 1 0.483522772789
7295 1 0.482638925314
42674 1 0.481356739998
26935 4 0.47691655159
59030 1 0.476381629705
19075 1 0.475700736046
45178 4 0.472620666027
13968 1 0.469145923853
42763 4 0.46870803833
59019 4 0.467512369156
82915 4 0.46341407299
3754 4 0.462324470282
60906 1 0.462224602699
5784 1 0.457847774029
26387 1 0.457234054804
16649 4 0.456503450871
68907 4 0.455650806427
36921 1 0.450900703669
74243 4 0.445156753063
82025 1 0.432745724916
50687 4 0.422190397978
6971 2 0.413651794195
73889 1 0.393215298653
91062 2 0.392478972673
2754 2 0.37344160676
72758 4 0.36761111021
37167 2 0.359222769737
57449 4 0.358701199293
73473 4 0.355731666088
60801 3 0.34869903326
22198 2 0.347761273384
3117 2 0.301079362631
26143 2 0.277893781662
83505 4 0.197802677751
