1.0 0.0
1.0 0.000577367205543
1.0 0.00115473441109
1.0 0.00173210161663
1.0 0.00230946882217
1.0 0.00288683602771
1.0 0.00346420323326
1.0 0.0040415704388
0.875 0.0040415704388
0.777777777778 0.0040415704388
0.8 0.00461893764434
0.818181818182 0.00519630484988
0.833333333333 0.00577367205543
0.769230769231 0.00577367205543
0.785714285714 0.00635103926097
0.8 0.00692840646651
0.75 0.00692840646651
0.764705882353 0.00750577367206
0.722222222222 0.00750577367206
0.736842105263 0.0080831408776
0.7 0.0080831408776
0.714285714286 0.00866050808314
0.727272727273 0.00923787528868
0.695652173913 0.00923787528868
0.666666666667 0.00923787528868
0.68 0.00981524249423
0.692307692308 0.0103926096998
0.703703703704 0.0109699769053
0.714285714286 0.0115473441109
0.724137931034 0.0121247113164
0.733333333333 0.0127020785219
0.741935483871 0.0132794457275
0.71875 0.0132794457275
0.727272727273 0.013856812933
0.735294117647 0.0144341801386
0.714285714286 0.0144341801386
0.694444444444 0.0144341801386
0.702702702703 0.0150115473441
0.684210526316 0.0150115473441
0.692307692308 0.0155889145497
0.7 0.0161662817552
0.682926829268 0.0161662817552
0.666666666667 0.0161662817552
0.674418604651 0.0167436489607
0.659090909091 0.0167436489607
0.644444444444 0.0167436489607
0.652173913043 0.0173210161663
0.63829787234 0.0173210161663
0.625 0.0173210161663
0.612244897959 0.0173210161663
0.6 0.0173210161663
0.607843137255 0.0178983833718
0.615384615385 0.0184757505774
0.622641509434 0.0190531177829
0.62962962963 0.0196304849885
0.618181818182 0.0196304849885
0.625 0.020207852194
0.614035087719 0.020207852194
0.620689655172 0.0207852193995
0.627118644068 0.0213625866051
0.633333333333 0.0219399538106
0.622950819672 0.0219399538106
0.612903225806 0.0219399538106
0.619047619048 0.0225173210162
0.625 0.0230946882217
0.615384615385 0.0230946882217
0.621212121212 0.0236720554273
0.626865671642 0.0242494226328
0.617647058824 0.0242494226328
0.623188405797 0.0248267898383
0.614285714286 0.0248267898383
0.619718309859 0.0254041570439
0.625 0.0259815242494
0.630136986301 0.026558891455
0.621621621622 0.026558891455
0.626666666667 0.0271362586605
0.618421052632 0.0271362586605
0.623376623377 0.0277136258661
0.628205128205 0.0282909930716
0.620253164557 0.0282909930716
0.625 0.0288683602771
0.62962962963 0.0294457274827
0.621951219512 0.0294457274827
0.626506024096 0.0300230946882
0.619047619048 0.0300230946882
0.611764705882 0.0300230946882
0.604651162791 0.0300230946882
0.597701149425 0.0300230946882
0.590909090909 0.0300230946882
0.584269662921 0.0300230946882
0.588888888889 0.0306004618938
0.582417582418 0.0306004618938
0.576086956522 0.0306004618938
0.58064516129 0.0311778290993
0.574468085106 0.0311778290993
0.578947368421 0.0317551963048
0.572916666667 0.0317551963048
0.567010309278 0.0317551963048
0.561224489796 0.0317551963048
0.555555555556 0.0317551963048
0.55 0.0317551963048
0.544554455446 0.0317551963048
0.539215686275 0.0317551963048
0.543689320388 0.0323325635104
0.548076923077 0.0329099307159
0.542857142857 0.0329099307159
0.537735849057 0.0329099307159
0.542056074766 0.0334872979215
0.537037037037 0.0334872979215
0.54128440367 0.034064665127
0.545454545455 0.0346420323326
0.54954954955 0.0352193995381
0.553571428571 0.0357967667436
0.548672566372 0.0357967667436
0.543859649123 0.0357967667436
0.539130434783 0.0357967667436
0.534482758621 0.0357967667436
0.529914529915 0.0357967667436
0.525423728814 0.0357967667436
0.529411764706 0.0363741339492
0.525 0.0363741339492
0.520661157025 0.0363741339492
0.516393442623 0.0363741339492
0.512195121951 0.0363741339492
0.516129032258 0.0369515011547
0.512 0.0369515011547
0.507936507937 0.0369515011547
0.503937007874 0.0369515011547
0.5 0.0369515011547
0.496124031008 0.0369515011547
0.5 0.0375288683603
0.496183206107 0.0375288683603
0.5 0.0381062355658
0.503759398496 0.0386836027714
0.5 0.0386836027714
0.503703703704 0.0392609699769
0.5 0.0392609699769
0.496350364964 0.0392609699769
0.5 0.0398383371824
0.496402877698 0.0398383371824
0.492857142857 0.0398383371824
0.489361702128 0.0398383371824
0.492957746479 0.040415704388
0.496503496503 0.0409930715935
0.493055555556 0.0409930715935
0.489655172414 0.0409930715935
0.486301369863 0.0409930715935
0.482993197279 0.0409930715935
0.47972972973 0.0409930715935
0.48322147651 0.0415704387991
0.48 0.0415704387991
0.483443708609 0.0421478060046
0.480263157895 0.0421478060046
0.477124183007 0.0421478060046
0.474025974026 0.0421478060046
0.477419354839 0.0427251732102
0.474358974359 0.0427251732102
0.471337579618 0.0427251732102
0.474683544304 0.0433025404157
0.471698113208 0.0433025404157
0.475 0.0438799076212
0.478260869565 0.0444572748268
0.481481481481 0.0450346420323
0.478527607362 0.0450346420323
0.475609756098 0.0450346420323
0.472727272727 0.0450346420323
0.475903614458 0.0456120092379
0.473053892216 0.0456120092379
0.47619047619 0.0461893764434
0.479289940828 0.046766743649
0.482352941176 0.0473441108545
0.485380116959 0.04792147806
0.488372093023 0.0484988452656
0.491329479769 0.0490762124711
0.488505747126 0.0490762124711
0.491428571429 0.0496535796767
0.494318181818 0.0502309468822
0.497175141243 0.0508083140878
0.5 0.0513856812933
0.497206703911 0.0513856812933
0.494444444444 0.0513856812933
0.491712707182 0.0513856812933
0.489010989011 0.0513856812933
0.491803278689 0.0519630484988
0.489130434783 0.0519630484988
0.491891891892 0.0525404157044
0.489247311828 0.0525404157044
0.486631016043 0.0525404157044
0.484042553191 0.0525404157044
0.486772486772 0.0531177829099
0.484210526316 0.0531177829099
0.48167539267 0.0531177829099
0.479166666667 0.0531177829099
0.476683937824 0.0531177829099
0.474226804124 0.0531177829099
0.476923076923 0.0536951501155
0.474489795918 0.0536951501155
0.472081218274 0.0536951501155
0.469696969697 0.0536951501155
0.472361809045 0.054272517321
0.47 0.054272517321
0.467661691542 0.054272517321
0.465346534653 0.054272517321
0.463054187192 0.054272517321
0.460784313725 0.054272517321
0.458536585366 0.054272517321
0.456310679612 0.054272517321
0.458937198068 0.0548498845266
0.456730769231 0.0548498845266
0.459330143541 0.0554272517321
0.457142857143 0.0554272517321
0.454976303318 0.0554272517321
0.452830188679 0.0554272517321
0.450704225352 0.0554272517321
0.448598130841 0.0554272517321
0.446511627907 0.0554272517321
0.444444444444 0.0554272517321
0.442396313364 0.0554272517321
0.44495412844 0.0560046189376
0.447488584475 0.0565819861432
0.445454545455 0.0565819861432
0.443438914027 0.0565819861432
0.441441441441 0.0565819861432
0.439461883408 0.0565819861432
0.4375 0.0565819861432
0.435555555556 0.0565819861432
0.433628318584 0.0565819861432
0.431718061674 0.0565819861432
0.429824561404 0.0565819861432
0.43231441048 0.0571593533487
0.430434782609 0.0571593533487
0.4329004329 0.0577367205543
0.431034482759 0.0577367205543
0.429184549356 0.0577367205543
0.42735042735 0.0577367205543
0.425531914894 0.0577367205543
0.427966101695 0.0583140877598
0.430379746835 0.0588914549654
0.428571428571 0.0588914549654
0.430962343096 0.0594688221709
0.429166666667 0.0594688221709
0.43153526971 0.0600461893764
0.429752066116 0.0600461893764
0.427983539095 0.0600461893764
0.426229508197 0.0600461893764
0.424489795918 0.0600461893764
0.422764227642 0.0600461893764
0.425101214575 0.060623556582
0.423387096774 0.060623556582
0.425702811245 0.0612009237875
0.428 0.0617782909931
0.426294820717 0.0617782909931
0.424603174603 0.0617782909931
0.422924901186 0.0617782909931
0.425196850394 0.0623556581986
0.423529411765 0.0623556581986
0.421875 0.0623556581986
0.420233463035 0.0623556581986
0.422480620155 0.0629330254042
0.420849420849 0.0629330254042
0.419230769231 0.0629330254042
0.417624521073 0.0629330254042
0.416030534351 0.0629330254042
0.414448669202 0.0629330254042
0.412878787879 0.0629330254042
0.411320754717 0.0629330254042
0.40977443609 0.0629330254042
0.408239700375 0.0629330254042
0.410447761194 0.0635103926097
0.408921933086 0.0635103926097
0.407407407407 0.0635103926097
0.405904059041 0.0635103926097
0.404411764706 0.0635103926097
0.406593406593 0.0640877598152
0.405109489051 0.0640877598152
0.403636363636 0.0640877598152
0.402173913043 0.0640877598152
0.400722021661 0.0640877598152
0.39928057554 0.0640877598152
0.397849462366 0.0640877598152
0.396428571429 0.0640877598152
0.395017793594 0.0640877598152
0.397163120567 0.0646651270208
0.395759717314 0.0646651270208
0.394366197183 0.0646651270208
0.39649122807 0.0652424942263
0.395104895105 0.0652424942263
0.393728222997 0.0652424942263
0.395833333333 0.0658198614319
0.397923875433 0.0663972286374
0.4 0.066974595843
0.40206185567 0.0675519630485
0.404109589041 0.068129330254
0.402730375427 0.068129330254
0.401360544218 0.068129330254
0.403389830508 0.0687066974596
0.405405405405 0.0692840646651
0.40404040404 0.0692840646651
0.402684563758 0.0692840646651
0.401337792642 0.0692840646651
0.4 0.0692840646651
0.401993355482 0.0698614318707
0.400662251656 0.0698614318707
0.399339933993 0.0698614318707
0.401315789474 0.0704387990762
0.4 0.0704387990762
0.398692810458 0.0704387990762
0.397394136808 0.0704387990762
0.396103896104 0.0704387990762
0.394822006472 0.0704387990762
0.393548387097 0.0704387990762
0.395498392283 0.0710161662818
0.397435897436 0.0715935334873
0.396166134185 0.0715935334873
0.398089171975 0.0721709006928
0.4 0.0727482678984
0.398734177215 0.0727482678984
0.397476340694 0.0727482678984
0.399371069182 0.0733256351039
0.398119122257 0.0733256351039
0.4 0.0739030023095
0.401869158879 0.074480369515
0.400621118012 0.074480369515
0.399380804954 0.074480369515
0.401234567901 0.0750577367206
0.4 0.0750577367206
0.401840490798 0.0756351039261
0.403669724771 0.0762124711316
0.405487804878 0.0767898383372
0.404255319149 0.0767898383372
0.40303030303 0.0767898383372
0.401812688822 0.0767898383372
0.400602409639 0.0767898383372
0.399399399399 0.0767898383372
0.398203592814 0.0767898383372
0.397014925373 0.0767898383372
0.395833333333 0.0767898383372
0.394658753709 0.0767898383372
0.39349112426 0.0767898383372
0.392330383481 0.0767898383372
0.394117647059 0.0773672055427
0.392961876833 0.0773672055427
0.394736842105 0.0779445727483
0.393586005831 0.0779445727483
0.395348837209 0.0785219399538
0.394202898551 0.0785219399538
0.393063583815 0.0785219399538
0.394812680115 0.0790993071594
0.39367816092 0.0790993071594
0.395415472779 0.0796766743649
0.394285714286 0.0796766743649
0.396011396011 0.0802540415704
0.394886363636 0.0802540415704
0.396600566572 0.080831408776
0.395480225989 0.080831408776
0.394366197183 0.080831408776
0.39606741573 0.0814087759815
0.394957983193 0.0814087759815
0.396648044693 0.0819861431871
0.395543175487 0.0819861431871
0.394444444444 0.0819861431871
0.396121883657 0.0825635103926
0.395027624309 0.0825635103926
0.396694214876 0.0831408775982
0.398351648352 0.0837182448037
0.397260273973 0.0837182448037
0.396174863388 0.0837182448037
0.397820163488 0.0842956120092
0.396739130435 0.0842956120092
0.39837398374 0.0848729792148
0.397297297297 0.0848729792148
0.396226415094 0.0848729792148
0.395161290323 0.0848729792148
0.394101876676 0.0848729792148
0.395721925134 0.0854503464203
0.397333333333 0.0860277136259
0.396276595745 0.0860277136259
0.397877984085 0.0866050808314
0.396825396825 0.0866050808314
0.395778364116 0.0866050808314
0.394736842105 0.0866050808314
0.393700787402 0.0866050808314
0.395287958115 0.087182448037
0.396866840731 0.0877598152425
0.395833333333 0.0877598152425
0.394805194805 0.0877598152425
0.396373056995 0.088337182448
0.397932816537 0.0889145496536
0.396907216495 0.0889145496536
0.39588688946 0.0889145496536
0.394871794872 0.0889145496536
0.39641943734 0.0894919168591
0.395408163265 0.0894919168591
0.394402035623 0.0894919168591
0.393401015228 0.0894919168591
0.392405063291 0.0894919168591
0.391414141414 0.0894919168591
0.392947103275 0.0900692840647
0.391959798995 0.0900692840647
0.390977443609 0.0900692840647
0.39 0.0900692840647
0.389027431421 0.0900692840647
0.388059701493 0.0900692840647
0.387096774194 0.0900692840647
0.386138613861 0.0900692840647
0.385185185185 0.0900692840647
0.386699507389 0.0906466512702
0.385749385749 0.0906466512702
0.384803921569 0.0906466512702
0.383863080685 0.0906466512702
0.382926829268 0.0906466512702
0.38199513382 0.0906466512702
0.381067961165 0.0906466512702
0.382566585956 0.0912240184758
0.384057971014 0.0918013856813
0.385542168675 0.0923787528868
0.387019230769 0.0929561200924
0.388489208633 0.0935334872979
0.387559808612 0.0935334872979
0.386634844869 0.0935334872979
0.385714285714 0.0935334872979
0.384798099762 0.0935334872979
0.383886255924 0.0935334872979
0.385342789598 0.0941108545035
0.384433962264 0.0941108545035
0.385882352941 0.094688221709
0.384976525822 0.094688221709
0.384074941452 0.094688221709
0.383177570093 0.094688221709
0.382284382284 0.094688221709
0.383720930233 0.0952655889145
0.385150812065 0.0958429561201
0.386574074074 0.0964203233256
0.385681293303 0.0964203233256
0.387096774194 0.0969976905312
0.386206896552 0.0969976905312
0.385321100917 0.0969976905312
0.384439359268 0.0969976905312
0.385844748858 0.0975750577367
0.384965831435 0.0975750577367
0.386363636364 0.0981524249423
0.385487528345 0.0981524249423
0.384615384615 0.0981524249423
0.38374717833 0.0981524249423
0.382882882883 0.0981524249423
0.38202247191 0.0981524249423
0.383408071749 0.0987297921478
0.38255033557 0.0987297921478
0.381696428571 0.0987297921478
0.383073496659 0.0993071593533
0.382222222222 0.0993071593533
0.381374722838 0.0993071593533
0.382743362832 0.0998845265589
0.381898454746 0.0998845265589
0.383259911894 0.100461893764
0.382417582418 0.100461893764
0.381578947368 0.100461893764
0.382932166302 0.10103926097
0.384279475983 0.101616628176
0.383442265795 0.101616628176
0.384782608696 0.102193995381
0.386117136659 0.102771362587
0.385281385281 0.102771362587
0.386609071274 0.103348729792
0.387931034483 0.103926096998
0.389247311828 0.104503464203
0.388412017167 0.104503464203
0.387580299786 0.104503464203
0.386752136752 0.104503464203
0.38592750533 0.104503464203
0.385106382979 0.104503464203
0.384288747346 0.104503464203
0.383474576271 0.104503464203
0.38266384778 0.104503464203
0.381856540084 0.104503464203
0.383157894737 0.105080831409
0.382352941176 0.105080831409
0.383647798742 0.105658198614
0.382845188285 0.105658198614
0.382045929019 0.105658198614
0.38125 0.105658198614
0.380457380457 0.105658198614
0.381742738589 0.10623556582
0.383022774327 0.106812933025
0.382231404959 0.106812933025
0.383505154639 0.107390300231
0.382716049383 0.107390300231
0.383983572895 0.107967667436
0.385245901639 0.108545034642
0.386503067485 0.109122401848
0.385714285714 0.109122401848
0.386965376782 0.109699769053
0.386178861789 0.109699769053
0.385395537525 0.109699769053
0.386639676113 0.110277136259
0.387878787879 0.110854503464
0.389112903226 0.11143187067
0.390342052314 0.112009237875
0.389558232932 0.112009237875
0.390781563126 0.112586605081
0.392 0.113163972286
0.39121756487 0.113163972286
0.390438247012 0.113163972286
0.389662027833 0.113163972286
0.390873015873 0.113741339492
0.392079207921 0.114318706697
0.393280632411 0.114896073903
0.394477317554 0.115473441109
0.395669291339 0.116050808314
0.39489194499 0.116050808314
0.394117647059 0.116050808314
0.393346379648 0.116050808314
0.392578125 0.116050808314
0.391812865497 0.116050808314
0.391050583658 0.116050808314
0.390291262136 0.116050808314
0.391472868217 0.11662817552
0.390715667311 0.11662817552
0.389961389961 0.11662817552
0.389210019268 0.11662817552
0.390384615385 0.117205542725
0.389635316699 0.117205542725
0.390804597701 0.117782909931
0.390057361377 0.117782909931
0.389312977099 0.117782909931
0.390476190476 0.118360277136
0.389733840304 0.118360277136
0.390891840607 0.118937644342
0.390151515152 0.118937644342
0.389413988658 0.118937644342
0.388679245283 0.118937644342
0.387947269303 0.118937644342
0.389097744361 0.119515011547
0.388367729831 0.119515011547
0.387640449438 0.119515011547
0.38691588785 0.119515011547
0.386194029851 0.119515011547
0.387337057728 0.120092378753
0.388475836431 0.120669745958
0.387755102041 0.120669745958
0.388888888889 0.121247113164
0.388170055453 0.121247113164
0.387453874539 0.121247113164
0.386740331492 0.121247113164
0.386029411765 0.121247113164
0.387155963303 0.12182448037
0.386446886447 0.12182448037
0.385740402194 0.12182448037
0.38503649635 0.12182448037
0.384335154827 0.12182448037
0.385454545455 0.122401847575
0.386569872958 0.122979214781
0.385869565217 0.122979214781
0.385171790235 0.122979214781
0.384476534296 0.122979214781
0.383783783784 0.122979214781
0.38309352518 0.122979214781
0.382405745063 0.122979214781
0.381720430108 0.122979214781
0.381037567084 0.122979214781
0.380357142857 0.122979214781
0.381461675579 0.123556581986
0.38256227758 0.124133949192
0.38188277087 0.124133949192
0.382978723404 0.124711316397
0.38407079646 0.125288683603
0.385159010601 0.125866050808
0.386243386243 0.126443418014
0.385563380282 0.126443418014
0.384885764499 0.126443418014
0.385964912281 0.127020785219
0.385288966725 0.127020785219
0.384615384615 0.127020785219
0.383944153578 0.127020785219
0.383275261324 0.127020785219
0.382608695652 0.127020785219
0.383680555556 0.127598152425
0.38301559792 0.127598152425
0.382352941176 0.127598152425
0.381692573402 0.127598152425
0.381034482759 0.127598152425
0.382099827883 0.12817551963
0.381443298969 0.12817551963
0.380789022298 0.12817551963
0.380136986301 0.12817551963
0.379487179487 0.12817551963
0.378839590444 0.12817551963
0.378194207836 0.12817551963
0.37925170068 0.128752886836
0.378607809847 0.128752886836
0.377966101695 0.128752886836
0.377326565144 0.128752886836
0.376689189189 0.128752886836
0.376053962901 0.128752886836
0.375420875421 0.128752886836
0.376470588235 0.129330254042
0.377516778523 0.129907621247
0.376884422111 0.129907621247
0.376254180602 0.129907621247
0.377295492487 0.130484988453
0.376666666667 0.130484988453
0.377703826955 0.131062355658
0.37707641196 0.131062355658
0.376451077944 0.131062355658
0.37582781457 0.131062355658
0.37520661157 0.131062355658
0.374587458746 0.131062355658
0.373970345964 0.131062355658
0.373355263158 0.131062355658
0.372742200328 0.131062355658
0.372131147541 0.131062355658
0.371522094926 0.131062355658
0.37091503268 0.131062355658
0.371941272431 0.131639722864
0.371335504886 0.131639722864
0.370731707317 0.131639722864
0.371753246753 0.132217090069
0.372771474878 0.132794457275
0.37216828479 0.132794457275
0.373182552504 0.13337182448
0.372580645161 0.13337182448
0.373590982287 0.133949191686
0.37459807074 0.134526558891
0.373996789727 0.134526558891
0.375 0.135103926097
0.3744 0.135103926097
0.373801916933 0.135103926097
0.374800637959 0.135681293303
0.374203821656 0.135681293303
0.373608903021 0.135681293303
0.374603174603 0.136258660508
0.374009508716 0.136258660508
0.373417721519 0.136258660508
0.372827804107 0.136258660508
0.372239747634 0.136258660508
0.373228346457 0.136836027714
0.372641509434 0.136836027714
0.372056514914 0.136836027714
0.371473354232 0.136836027714
0.370892018779 0.136836027714
0.3703125 0.136836027714
0.369734789392 0.136836027714
0.369158878505 0.136836027714
0.368584758942 0.136836027714
0.369565217391 0.137413394919
0.368992248062 0.137413394919
0.369969040248 0.137990762125
0.369397217929 0.137990762125
0.368827160494 0.137990762125
0.368258859784 0.137990762125
0.367692307692 0.137990762125
0.36866359447 0.13856812933
0.36963190184 0.139145496536
0.369065849923 0.139145496536
0.37003058104 0.139722863741
0.369465648855 0.139722863741
0.368902439024 0.139722863741
0.369863013699 0.140300230947
0.369300911854 0.140300230947
0.368740515933 0.140300230947
0.368181818182 0.140300230947
0.367624810893 0.140300230947
0.368580060423 0.140877598152
0.36802413273 0.140877598152
0.367469879518 0.140877598152
0.366917293233 0.140877598152
0.366366366366 0.140877598152
0.367316341829 0.141454965358
0.366766467066 0.141454965358
0.366218236173 0.141454965358
0.365671641791 0.141454965358
0.366616989568 0.142032332564
0.366071428571 0.142032332564
0.367013372957 0.142609699769
0.36646884273 0.142609699769
0.365925925926 0.142609699769
0.365384615385 0.142609699769
0.364844903988 0.142609699769
0.364306784661 0.142609699769
0.363770250368 0.142609699769
0.364705882353 0.143187066975
0.364170337739 0.143187066975
0.363636363636 0.143187066975
0.364568081991 0.14376443418
0.365497076023 0.144341801386
0.36496350365 0.144341801386
0.36443148688 0.144341801386
0.363901018923 0.144341801386
0.363372093023 0.144341801386
0.364296081277 0.144919168591
0.363768115942 0.144919168591
0.363241678726 0.144919168591
0.362716763006 0.144919168591
0.362193362193 0.144919168591
0.363112391931 0.145496535797
0.362589928058 0.145496535797
0.363505747126 0.146073903002
0.362984218077 0.146073903002
0.362464183381 0.146073903002
0.363376251788 0.146651270208
0.362857142857 0.146651270208
0.363766048502 0.147228637413
0.364672364672 0.147806004619
0.364153627312 0.147806004619
0.363636363636 0.147806004619
0.363120567376 0.147806004619
0.362606232295 0.147806004619
0.362093352192 0.147806004619
0.361581920904 0.147806004619
0.362482369535 0.148383371824
0.36338028169 0.14896073903
0.362869198312 0.14896073903
0.362359550562 0.14896073903
0.361851332398 0.14896073903
0.361344537815 0.14896073903
0.360839160839 0.14896073903
0.360335195531 0.14896073903
0.359832635983 0.14896073903
0.359331476323 0.14896073903
0.358831710709 0.14896073903
0.358333333333 0.14896073903
0.357836338419 0.14896073903
0.358725761773 0.149538106236
0.358229598893 0.149538106236
0.359116022099 0.150115473441
0.358620689655 0.150115473441
0.358126721763 0.150115473441
0.357634112792 0.150115473441
0.357142857143 0.150115473441
0.356652949246 0.150115473441
0.356164383562 0.150115473441
0.355677154583 0.150115473441
0.355191256831 0.150115473441
0.354706684857 0.150115473441
0.354223433243 0.150115473441
0.355102040816 0.150692840647
0.354619565217 0.150692840647
0.354138398915 0.150692840647
0.355013550136 0.151270207852
0.354533152909 0.151270207852
0.354054054054 0.151270207852
0.354925775978 0.151847575058
0.355795148248 0.152424942263
0.35531628533 0.152424942263
0.354838709677 0.152424942263
0.355704697987 0.153002309469
0.355227882038 0.153002309469
0.35609103079 0.153579676674
0.355614973262 0.153579676674
0.355140186916 0.153579676674
0.354666666667 0.153579676674
0.354194407457 0.153579676674
0.353723404255 0.153579676674
0.353253652058 0.153579676674
0.352785145889 0.153579676674
0.353642384106 0.15415704388
0.354497354497 0.154734411085
0.354029062087 0.154734411085
0.354881266491 0.155311778291
0.35441370224 0.155311778291
0.355263157895 0.155889145497
0.354796320631 0.155889145497
0.354330708661 0.155889145497
0.355176933159 0.156466512702
0.356020942408 0.157043879908
0.356862745098 0.157621247113
0.356396866841 0.157621247113
0.357235984355 0.158198614319
0.356770833333 0.158198614319
0.357607282185 0.158775981524
0.357142857143 0.158775981524
0.357976653696 0.15935334873
0.357512953368 0.15935334873
0.357050452781 0.15935334873
0.356589147287 0.15935334873
0.356129032258 0.15935334873
0.356958762887 0.159930715935
0.356499356499 0.159930715935
0.356041131105 0.159930715935
0.355584082157 0.159930715935
0.355128205128 0.159930715935
0.354673495519 0.159930715935
0.355498721228 0.160508083141
0.355044699872 0.160508083141
0.354591836735 0.160508083141
0.354140127389 0.160508083141
0.35368956743 0.160508083141
0.353240152478 0.160508083141
0.352791878173 0.160508083141
0.352344740177 0.160508083141
0.351898734177 0.160508083141
0.352718078382 0.161085450346
0.352272727273 0.161085450346
0.351828499369 0.161085450346
0.352644836272 0.161662817552
0.353459119497 0.162240184758
0.353015075377 0.162240184758
0.35382685069 0.162817551963
0.353383458647 0.162817551963
0.352941176471 0.162817551963
0.3525 0.162817551963
0.353308364544 0.163394919169
0.354114713217 0.163972286374
0.354919053549 0.16454965358
0.35447761194 0.16454965358
0.354037267081 0.16454965358
0.354838709677 0.165127020785
0.354399008674 0.165127020785
0.35396039604 0.165127020785
0.354758961681 0.165704387991
0.354320987654 0.165704387991
0.353884093711 0.165704387991
0.353448275862 0.165704387991
0.353013530135 0.165704387991
0.353808353808 0.166281755196
0.353374233129 0.166281755196
0.352941176471 0.166281755196
0.353733170135 0.166859122402
0.353300733496 0.166859122402
0.352869352869 0.166859122402
0.35243902439 0.166859122402
0.352009744214 0.166859122402
0.351581508516 0.166859122402
0.351154313487 0.166859122402
0.351941747573 0.167436489607
0.351515151515 0.167436489607
0.351089588378 0.167436489607
0.350665054414 0.167436489607
0.350241545894 0.167436489607
0.349819059107 0.167436489607
0.349397590361 0.167436489607
0.348977135981 0.167436489607
0.349759615385 0.168013856813
0.349339735894 0.168013856813
0.350119904077 0.168591224018
0.349700598802 0.168591224018
0.3504784689 0.169168591224
0.351254480287 0.16974595843
0.350835322196 0.16974595843
0.35041716329 0.16974595843
0.35 0.16974595843
0.349583828775 0.16974595843
0.349168646081 0.16974595843
0.348754448399 0.16974595843
0.348341232227 0.16974595843
0.349112426036 0.170323325635
0.34988179669 0.170900692841
0.349468713105 0.170900692841
0.349056603774 0.170900692841
0.348645465253 0.170900692841
0.349411764706 0.171478060046
0.349001175088 0.171478060046
0.348591549296 0.171478060046
0.348182883939 0.171478060046
0.347775175644 0.171478060046
0.348538011696 0.172055427252
0.348130841121 0.172055427252
0.348891481914 0.172632794457
0.348484848485 0.172632794457
0.348079161816 0.172632794457
0.347674418605 0.172632794457
0.347270615563 0.172632794457
0.34686774942 0.172632794457
0.346465816918 0.172632794457
0.346064814815 0.172632794457
0.345664739884 0.172632794457
0.345265588915 0.172632794457
0.344867358708 0.172632794457
0.344470046083 0.172632794457
0.344073647871 0.172632794457
0.344827586207 0.173210161663
0.345579793341 0.173787528868
0.345183486239 0.173787528868
0.344788087056 0.173787528868
0.344393592677 0.173787528868
0.344 0.173787528868
0.343607305936 0.173787528868
0.343215507412 0.173787528868
0.342824601367 0.173787528868
0.343572241183 0.174364896074
0.344318181818 0.174942263279
0.343927355278 0.174942263279
0.343537414966 0.174942263279
0.343148357871 0.174942263279
0.343891402715 0.175519630485
0.343502824859 0.175519630485
0.344243792325 0.176096997691
0.343855693348 0.176096997691
0.344594594595 0.176674364896
0.344206974128 0.176674364896
0.343820224719 0.176674364896
0.34455667789 0.177251732102
0.345291479821 0.177829099307
0.346024636058 0.178406466513
0.345637583893 0.178406466513
0.345251396648 0.178406466513
0.344866071429 0.178406466513
0.345596432553 0.178983833718
0.345211581292 0.178983833718
0.344827586207 0.178983833718
0.345555555556 0.179561200924
0.345172031077 0.179561200924
0.344789356984 0.179561200924
0.344407530454 0.179561200924
0.344026548673 0.179561200924
0.34364640884 0.179561200924
0.343267108168 0.179561200924
0.342888643881 0.179561200924
0.342511013216 0.179561200924
0.342134213421 0.179561200924
0.341758241758 0.179561200924
0.341383095499 0.179561200924
0.34100877193 0.179561200924
0.341730558598 0.180138568129
0.341356673961 0.180138568129
0.340983606557 0.180138568129
0.340611353712 0.180138568129
0.340239912759 0.180138568129
0.339869281046 0.180138568129
0.33949945593 0.180138568129
0.339130434783 0.180138568129
0.338762214984 0.180138568129
0.338394793926 0.180138568129
0.338028169014 0.180138568129
0.337662337662 0.180138568129
0.337297297297 0.180138568129
0.336933045356 0.180138568129
0.336569579288 0.180138568129
0.336206896552 0.180138568129
0.336921420883 0.180715935335
0.336559139785 0.180715935335
0.33619763695 0.180715935335
0.335836909871 0.180715935335
0.335476956056 0.180715935335
0.335117773019 0.180715935335
0.334759358289 0.180715935335
0.334401709402 0.180715935335
0.335112059765 0.18129330254
0.334754797441 0.18129330254
0.33439829606 0.18129330254
0.334042553191 0.18129330254
0.334750265675 0.181870669746
0.334394904459 0.181870669746
0.334040296925 0.181870669746
0.333686440678 0.181870669746
0.333333333333 0.181870669746
0.332980972516 0.181870669746
0.33368532207 0.182448036952
0.333333333333 0.182448036952
0.332982086407 0.182448036952
0.333684210526 0.183025404157
0.334384858044 0.183602771363
0.334033613445 0.183602771363
0.333683105981 0.183602771363
0.334381551363 0.184180138568
0.334031413613 0.184180138568
0.333682008368 0.184180138568
0.333333333333 0.184180138568
0.332985386221 0.184180138568
0.332638164755 0.184180138568
0.332291666667 0.184180138568
0.331945889698 0.184180138568
0.331600831601 0.184180138568
0.331256490135 0.184180138568
0.330912863071 0.184180138568
0.330569948187 0.184180138568
0.330227743271 0.184180138568
0.329886246122 0.184180138568
0.329545454545 0.184180138568
0.329205366357 0.184180138568
0.328865979381 0.184180138568
0.328527291452 0.184180138568
0.328189300412 0.184180138568
0.327852004111 0.184180138568
0.327515400411 0.184180138568
0.327179487179 0.184180138568
0.326844262295 0.184180138568
0.327533265097 0.184757505774
0.328220858896 0.185334872979
0.327885597549 0.185334872979
0.327551020408 0.185334872979
0.327217125382 0.185334872979
0.326883910387 0.185334872979
0.327568667345 0.185912240185
0.327235772358 0.185912240185
0.326903553299 0.185912240185
0.326572008114 0.185912240185
0.326241134752 0.185912240185
0.325910931174 0.185912240185
0.325581395349 0.185912240185
0.326262626263 0.18648960739
0.325933400605 0.18648960739
0.32560483871 0.18648960739
0.32527693857 0.18648960739
0.324949698189 0.18648960739
0.324623115578 0.18648960739
0.324297188755 0.18648960739
0.323971915747 0.18648960739
0.323647294589 0.18648960739
0.323323323323 0.18648960739
0.323 0.18648960739
0.322677322677 0.18648960739
0.322355289421 0.18648960739
0.322033898305 0.18648960739
0.322709163347 0.187066974596
0.322388059701 0.187066974596
0.322067594433 0.187066974596
0.3227408143 0.187644341801
0.322420634921 0.187644341801
0.322101090188 0.187644341801
0.321782178218 0.187644341801
0.322453016815 0.188221709007
0.323122529644 0.188799076212
0.322803553801 0.188799076212
0.322485207101 0.188799076212
0.322167487685 0.188799076212
0.321850393701 0.188799076212
0.321533923304 0.188799076212
0.321218074656 0.188799076212
0.320902845927 0.188799076212
0.321568627451 0.189376443418
0.32125367287 0.189376443418
0.320939334638 0.189376443418
0.320625610948 0.189376443418
0.3212890625 0.189953810624
0.321951219512 0.190531177829
0.32261208577 0.191108545035
0.322297955209 0.191108545035
0.322957198444 0.19168591224
0.322643343052 0.19168591224
0.322330097087 0.19168591224
0.322017458778 0.19168591224
0.321705426357 0.19168591224
0.322362052275 0.192263279446
0.322050290135 0.192263279446
0.32270531401 0.192840646651
0.322393822394 0.192840646651
0.323047251688 0.193418013857
0.322736030829 0.193418013857
0.322425409047 0.193418013857
0.322115384615 0.193418013857
0.321805955812 0.193418013857
0.321497120921 0.193418013857
0.321188878236 0.193418013857
0.320881226054 0.193418013857
0.320574162679 0.193418013857
0.320267686424 0.193418013857
0.320916905444 0.193995381062
0.320610687023 0.193995381062
0.320305052431 0.193995381062
0.32 0.193995381062
0.319695528069 0.193995381062
0.320342205323 0.194572748268
0.320037986705 0.194572748268
0.319734345351 0.194572748268
0.319431279621 0.194572748268
0.320075757576 0.195150115473
0.320719016083 0.195727482679
0.320415879017 0.195727482679
0.320113314448 0.195727482679
0.319811320755 0.195727482679
0.320452403393 0.196304849885
0.320150659134 0.196304849885
0.319849482596 0.196304849885
0.31954887218 0.196304849885
0.319248826291 0.196304849885
0.31894934334 0.196304849885
0.318650421743 0.196304849885
0.318352059925 0.196304849885
0.318989710009 0.19688221709
0.318691588785 0.19688221709
0.318394024276 0.19688221709
0.318097014925 0.19688221709
0.31780055918 0.19688221709
0.317504655493 0.19688221709
0.317209302326 0.19688221709
0.316914498141 0.19688221709
0.316620241411 0.19688221709
0.316326530612 0.19688221709
0.316960148285 0.197459584296
0.316666666667 0.197459584296
0.31729879741 0.198036951501
0.317005545287 0.198036951501
0.316712834718 0.198036951501
0.316420664207 0.198036951501
0.316129032258 0.198036951501
0.315837937385 0.198036951501
0.315547378105 0.198036951501
0.315257352941 0.198036951501
0.314967860422 0.198036951501
0.314678899083 0.198036951501
0.314390467461 0.198036951501
0.315018315018 0.198614318707
0.315645013724 0.199191685912
0.315356489945 0.199191685912
0.315068493151 0.199191685912
0.314781021898 0.199191685912
0.314494074749 0.199191685912
0.315118397086 0.199769053118
0.31483166515 0.199769053118
0.315454545455 0.200346420323
0.315168029064 0.200346420323
0.314882032668 0.200346420323
0.31459655485 0.200346420323
0.314311594203 0.200346420323
0.314027149321 0.200346420323
0.313743218807 0.200346420323
0.313459801265 0.200346420323
0.313176895307 0.200346420323
0.312894499549 0.200346420323
0.312612612613 0.200346420323
0.313231323132 0.200923787529
0.312949640288 0.200923787529
0.313566936208 0.201501154734
0.314183123878 0.20207852194
0.313901345291 0.20207852194
0.313620071685 0.20207852194
0.313339301701 0.20207852194
0.313059033989 0.20207852194
0.312779267203 0.20207852194
0.3125 0.20207852194
0.312221231044 0.20207852194
0.311942959002 0.20207852194
0.311665182547 0.20207852194
0.311387900356 0.20207852194
0.311111111111 0.20207852194
0.310834813499 0.20207852194
0.310559006211 0.20207852194
0.310283687943 0.20207852194
0.310008857396 0.20207852194
0.309734513274 0.20207852194
0.310344827586 0.202655889145
0.310070671378 0.202655889145
0.309796999117 0.202655889145
0.309523809524 0.202655889145
0.309251101322 0.202655889145
0.308978873239 0.202655889145
0.308707124011 0.202655889145
0.308435852373 0.202655889145
0.309043020193 0.203233256351
0.309649122807 0.203810623557
0.310254163015 0.204387990762
0.309982486865 0.204387990762
0.309711286089 0.204387990762
0.309440559441 0.204387990762
0.310043668122 0.204965357968
0.309773123909 0.204965357968
0.309503051439 0.204965357968
0.309233449477 0.204965357968
0.308964316797 0.204965357968
0.308695652174 0.204965357968
0.308427454387 0.204965357968
0.308159722222 0.204965357968
0.307892454467 0.204965357968
0.307625649913 0.204965357968
0.307359307359 0.204965357968
0.307093425606 0.204965357968
0.306828003457 0.204965357968
0.306563039724 0.204965357968
0.307161345988 0.205542725173
0.306896551724 0.205542725173
0.307493540052 0.206120092379
0.307228915663 0.206120092379
0.306964746346 0.206120092379
0.306701030928 0.206120092379
0.30643776824 0.206120092379
0.306174957118 0.206120092379
0.305912596401 0.206120092379
0.305650684932 0.206120092379
0.305389221557 0.206120092379
0.305128205128 0.206120092379
0.3048676345 0.206120092379
0.304607508532 0.206120092379
0.304347826087 0.206120092379
0.304088586031 0.206120092379
0.303829787234 0.206120092379
0.303571428571 0.206120092379
0.304163126593 0.206697459584
0.303904923599 0.206697459584
0.30449533503 0.20727482679
0.304237288136 0.20727482679
0.303979678239 0.20727482679
0.304568527919 0.207852193995
0.305156382079 0.208429561201
0.305743243243 0.209006928406
0.305485232068 0.209006928406
0.305227655987 0.209006928406
0.304970513901 0.209006928406
0.304713804714 0.209006928406
0.305298570227 0.209584295612
0.305042016807 0.209584295612
0.304785894207 0.209584295612
0.304530201342 0.209584295612
0.304274937133 0.209584295612
0.304020100503 0.209584295612
0.303765690377 0.209584295612
0.303511705686 0.209584295612
0.303258145363 0.209584295612
0.303005008347 0.209584295612
0.302752293578 0.209584295612
0.3025 0.209584295612
0.302248126561 0.209584295612
0.301996672213 0.209584295612
0.30174563591 0.209584295612
0.301495016611 0.209584295612
0.301244813278 0.209584295612
0.300995024876 0.209584295612
0.300745650373 0.209584295612
0.301324503311 0.210161662818
0.301075268817 0.210161662818
0.300826446281 0.210161662818
0.300578034682 0.210161662818
0.300330033003 0.210161662818
0.300906842539 0.210739030023
0.301482701812 0.211316397229
0.302057613169 0.211893764434
0.301809210526 0.211893764434
0.302382908792 0.21247113164
0.302134646962 0.21247113164
0.302707136998 0.213048498845
0.302459016393 0.213048498845
0.302211302211 0.213048498845
0.302782324059 0.213625866051
0.302534750613 0.213625866051
0.302287581699 0.213625866051
0.302040816327 0.213625866051
0.302610114192 0.214203233256
0.302363488183 0.214203233256
0.302117263844 0.214203233256
0.301871440195 0.214203233256
0.30243902439 0.214780600462
0.303005686434 0.215357967667
0.303571428571 0.215935334873
0.303325223033 0.215935334873
0.303889789303 0.216512702079
0.303643724696 0.216512702079
0.303398058252 0.216512702079
0.303152789006 0.216512702079
0.302907915994 0.216512702079
0.302663438257 0.216512702079
0.302419354839 0.216512702079
0.302175664786 0.216512702079
0.30193236715 0.216512702079
0.302493966211 0.217090069284
0.302250803859 0.217090069284
0.302008032129 0.217090069284
0.30176565008 0.217090069284
0.302325581395 0.21766743649
0.302083333333 0.21766743649
0.301841473179 0.21766743649
0.3024 0.218244803695
0.302158273381 0.218244803695
0.301916932907 0.218244803695
0.301675977654 0.218244803695
0.301435406699 0.218244803695
0.301195219124 0.218244803695
0.300955414013 0.218244803695
0.300715990453 0.218244803695
0.300476947536 0.218244803695
0.301032565528 0.218822170901
0.300793650794 0.218822170901
0.3013481364 0.219399538106
0.301901743265 0.219976905312
0.301662707838 0.219976905312
0.301424050633 0.219976905312
0.301185770751 0.219976905312
0.300947867299 0.219976905312
0.300710339384 0.219976905312
0.30047318612 0.219976905312
0.301024428684 0.220554272517
0.300787401575 0.220554272517
0.301337529504 0.221131639723
0.301100628931 0.221131639723
0.301649646504 0.221709006928
0.302197802198 0.222286374134
0.301960784314 0.222286374134
0.301724137931 0.222286374134
0.301487862177 0.222286374134
0.301251956182 0.222286374134
0.301016419077 0.222286374134
0.30078125 0.222286374134
0.300546448087 0.222286374134
0.30031201248 0.222286374134
0.300857365549 0.222863741339
0.30062305296 0.222863741339
0.300389105058 0.222863741339
0.300155520995 0.222863741339
0.299922299922 0.222863741339
0.299689440994 0.222863741339
0.299456943367 0.222863741339
0.299224806202 0.222863741339
0.29899302866 0.222863741339
0.298761609907 0.222863741339
0.298530549111 0.222863741339
0.29829984544 0.222863741339
0.298069498069 0.222863741339
0.297839506173 0.222863741339
0.297609868928 0.222863741339
0.297380585516 0.222863741339
0.297151655119 0.222863741339
0.296923076923 0.222863741339
0.296694850115 0.222863741339
0.296466973886 0.222863741339
0.297006907137 0.223441108545
0.296779141104 0.223441108545
0.297318007663 0.224018475751
0.297090352221 0.224018475751
0.296863045142 0.224018475751
0.296636085627 0.224018475751
0.29640947288 0.224018475751
0.296183206107 0.224018475751
0.295957284516 0.224018475751
0.295731707317 0.224018475751
0.295506473724 0.224018475751
0.295281582953 0.224018475751
0.295817490494 0.224595842956
0.296352583587 0.225173210162
0.296886864085 0.225750577367
0.296661608498 0.225750577367
0.296436694466 0.225750577367
0.296212121212 0.225750577367
0.295987887964 0.225750577367
0.295763993949 0.225750577367
0.295540438398 0.225750577367
0.296072507553 0.226327944573
0.296603773585 0.226905311778
0.296380090498 0.226905311778
0.296156744537 0.226905311778
0.29593373494 0.226905311778
0.295711060948 0.226905311778
0.295488721805 0.226905311778
0.295266716754 0.226905311778
0.295045045045 0.226905311778
0.294823705926 0.226905311778
0.294602698651 0.226905311778
0.294382022472 0.226905311778
0.294161676647 0.226905311778
0.293941660434 0.226905311778
0.293721973094 0.226905311778
0.293502613891 0.226905311778
0.29328358209 0.226905311778
0.293064876957 0.226905311778
0.292846497765 0.226905311778
0.292628443783 0.226905311778
0.293154761905 0.227482678984
0.292936802974 0.227482678984
0.292719167905 0.227482678984
0.292501855976 0.227482678984
0.292284866469 0.227482678984
0.29280948851 0.228060046189
0.292592592593 0.228060046189
0.292376017765 0.228060046189
0.292159763314 0.228060046189
0.292682926829 0.228637413395
0.29246676514 0.228637413395
0.292250922509 0.228637413395
0.29203539823 0.228637413395
0.291820191599 0.228637413395
0.291605301915 0.228637413395
0.291390728477 0.228637413395
0.291176470588 0.228637413395
0.290962527553 0.228637413395
0.290748898678 0.228637413395
0.290535583272 0.228637413395
0.290322580645 0.228637413395
0.29010989011 0.228637413395
0.289897510981 0.228637413395
0.289685442575 0.228637413395
0.289473684211 0.228637413395
0.289992695398 0.2292147806
0.289781021898 0.2292147806
0.289569657185 0.2292147806
0.290087463557 0.229792147806
0.28987618354 0.229792147806
0.2903930131 0.230369515012
0.290181818182 0.230369515012
0.289970930233 0.230369515012
0.289760348584 0.230369515012
0.290275761974 0.230946882217
0.290065264685 0.230946882217
0.289855072464 0.230946882217
0.289645184649 0.230946882217
0.289435600579 0.230946882217
0.289226319595 0.230946882217
0.289739884393 0.231524249423
0.289530685921 0.231524249423
0.290043290043 0.232101616628
0.289834174477 0.232101616628
0.289625360231 0.232101616628
0.289416846652 0.232101616628
0.289208633094 0.232101616628
0.289000718907 0.232101616628
0.288793103448 0.232101616628
0.288585786073 0.232101616628
0.288378766141 0.232101616628
0.288888888889 0.232678983834
0.288681948424 0.232678983834
0.288475304223 0.232678983834
0.288268955651 0.232678983834
0.288062902073 0.232678983834
0.287857142857 0.232678983834
0.287651677373 0.232678983834
0.287446504993 0.232678983834
0.287241625089 0.232678983834
0.287037037037 0.232678983834
0.286832740214 0.232678983834
0.286628733997 0.232678983834
0.286425017768 0.232678983834
0.286221590909 0.232678983834
0.286018452803 0.232678983834
0.285815602837 0.232678983834
0.286321757619 0.233256351039
0.286827195467 0.233833718245
0.286624203822 0.233833718245
0.286421499293 0.233833718245
0.286219081272 0.233833718245
0.286016949153 0.233833718245
0.285815102329 0.233833718245
0.285613540197 0.233833718245
0.285412262156 0.233833718245
0.285211267606 0.233833718245
0.285010555947 0.233833718245
0.284810126582 0.233833718245
0.284609978918 0.233833718245
0.28441011236 0.233833718245
0.284210526316 0.233833718245
0.284011220196 0.233833718245
0.283812193413 0.233833718245
0.283613445378 0.233833718245
0.283414975507 0.233833718245
0.283216783217 0.233833718245
0.283018867925 0.233833718245
0.28282122905 0.233833718245
0.283321702722 0.23441108545
0.283124128312 0.23441108545
0.282926829268 0.23441108545
0.283426183844 0.234988452656
0.2832289492 0.234988452656
0.283031988873 0.234988452656
0.282835302293 0.234988452656
0.282638888889 0.234988452656
0.283136710618 0.235565819861
0.28294036061 0.235565819861
0.282744282744 0.235565819861
0.282548476454 0.235565819861
0.282352941176 0.235565819861
0.282157676349 0.235565819861
0.28196268141 0.235565819861
0.281767955801 0.235565819861
0.281573498965 0.235565819861
0.281379310345 0.235565819861
0.281874569263 0.236143187067
0.281680440771 0.236143187067
0.281486579491 0.236143187067
0.281292984869 0.236143187067
0.281786941581 0.236720554273
0.281593406593 0.236720554273
0.281400137268 0.236720554273
0.281207133059 0.236720554273
0.28169979438 0.237297921478
0.281506849315 0.237297921478
0.281314168378 0.237297921478
0.281805745554 0.237875288684
0.281613123718 0.237875288684
0.281420765027 0.237875288684
0.281911262799 0.238452655889
0.281718963165 0.238452655889
0.281526925699 0.238452655889
0.281335149864 0.238452655889
0.281143635126 0.238452655889
0.280952380952 0.238452655889
0.280761386812 0.238452655889
0.280570652174 0.238452655889
0.280380176511 0.238452655889
0.280189959294 0.238452655889
0.280677966102 0.239030023095
0.280487804878 0.239030023095
0.280297901151 0.239030023095
0.280108254398 0.239030023095
0.280594996619 0.2396073903
0.280405405405 0.2396073903
0.280216070223 0.2396073903
0.280026990553 0.2396073903
0.27983816588 0.2396073903
0.279649595687 0.2396073903
0.279461279461 0.2396073903
0.279273216689 0.2396073903
0.279085406859 0.2396073903
0.278897849462 0.2396073903
0.278710543989 0.2396073903
0.278523489933 0.2396073903
0.279007377599 0.240184757506
0.278820375335 0.240184757506
0.278633623577 0.240184757506
0.278447121821 0.240184757506
0.278260869565 0.240184757506
0.27807486631 0.240184757506
0.277889111556 0.240184757506
0.277703604806 0.240184757506
0.278185456971 0.240762124711
0.278 0.240762124711
0.27781479014 0.240762124711
0.277629826897 0.240762124711
0.27744510978 0.240762124711
0.277925531915 0.241339491917
0.277740863787 0.241339491917
0.277556440903 0.241339491917
0.277372262774 0.241339491917
0.277188328912 0.241339491917
0.277004638834 0.241339491917
0.276821192053 0.241339491917
0.276637988087 0.241339491917
0.276455026455 0.241339491917
0.276272306675 0.241339491917
0.276089828269 0.241339491917
0.275907590759 0.241339491917
0.275725593668 0.241339491917
0.275543836519 0.241339491917
0.276021080369 0.241916859122
0.275839368005 0.241916859122
0.275657894737 0.241916859122
0.275476660092 0.241916859122
0.275295663601 0.241916859122
0.275114904793 0.241916859122
0.274934383202 0.241916859122
0.274754098361 0.241916859122
0.274574049803 0.241916859122
0.274394237066 0.241916859122
0.274869109948 0.242494226328
0.274689339438 0.242494226328
0.274509803922 0.242494226328
0.274330502939 0.242494226328
0.274151436031 0.242494226328
0.27397260274 0.242494226328
0.273794002608 0.242494226328
0.274267100977 0.243071593533
0.274088541667 0.243071593533
0.273910214704 0.243071593533
0.273732119636 0.243071593533
0.27355425601 0.243071593533
0.273376623377 0.243071593533
0.273199221285 0.243071593533
0.273022049287 0.243071593533
0.272845106935 0.243071593533
0.272668393782 0.243071593533
0.272491909385 0.243071593533
0.272315653299 0.243071593533
0.272139625081 0.243071593533
0.271963824289 0.243071593533
0.272433828276 0.243648960739
0.272258064516 0.243648960739
0.272082527402 0.243648960739
0.272551546392 0.244226327945
0.272376046362 0.244226327945
0.272200772201 0.244226327945
0.272025723473 0.244226327945
0.271850899743 0.244226327945
0.271676300578 0.244226327945
0.271501925546 0.244226327945
0.271969211033 0.24480369515
0.272435897436 0.245381062356
0.272261370916 0.245381062356
0.272087067862 0.245381062356
0.271912987844 0.245381062356
0.271739130435 0.245381062356
0.271565495208 0.245381062356
0.271392081737 0.245381062356
0.271218889598 0.245381062356
0.271045918367 0.245381062356
0.270873167623 0.245381062356
0.270700636943 0.245381062356
0.270528325907 0.245381062356
0.270356234097 0.245381062356
0.270184361093 0.245381062356
0.27001270648 0.245381062356
0.269841269841 0.245381062356
0.269670050761 0.245381062356
0.269499048827 0.245381062356
0.269328263625 0.245381062356
0.269791006966 0.245958429561
0.269620253165 0.245958429561
0.26944971537 0.245958429561
0.269279393173 0.245958429561
0.269109286166 0.245958429561
0.268939393939 0.245958429561
0.268769716088 0.245958429561
0.268600252207 0.245958429561
0.26843100189 0.245958429561
0.268261964736 0.245958429561
0.26809314034 0.245958429561
0.268553459119 0.246535796767
0.268384663734 0.246535796767
0.268216080402 0.246535796767
0.268047708726 0.246535796767
0.268506900878 0.247113163972
0.268338557994 0.247113163972
0.268796992481 0.247690531178
0.268628678773 0.247690531178
0.269086357947 0.248267898383
0.268918073796 0.248267898383
0.26875 0.248267898383
0.268582136165 0.248267898383
0.268414481898 0.248267898383
0.268247036806 0.248267898383
0.268079800499 0.248267898383
0.267912772586 0.248267898383
0.267745952677 0.248267898383
0.267579340386 0.248267898383
0.267412935323 0.248267898383
0.267246737104 0.248267898383
0.267080745342 0.248267898383
0.266914959652 0.248267898383
0.266749379653 0.248267898383
0.26658400496 0.248267898383
0.266418835192 0.248267898383
0.266253869969 0.248267898383
0.266707920792 0.248845265589
0.266542980829 0.248845265589
0.266378244747 0.248845265589
0.266213712168 0.248845265589
0.266049382716 0.248845265589
0.265885256015 0.248845265589
0.265721331689 0.248845265589
0.265557609365 0.248845265589
0.26539408867 0.248845265589
0.265230769231 0.248845265589
0.265682656827 0.249422632794
0.265519360787 0.249422632794
0.265970515971 0.25
0.26642111725 0.250577367206
0.266257668712 0.250577367206
0.266094420601 0.250577367206
0.265931372549 0.250577367206
0.265768524189 0.250577367206
0.266217870257 0.251154734411
0.266055045872 0.251154734411
0.265892420538 0.251154734411
0.265729993891 0.251154734411
0.265567765568 0.251154734411
0.265405735204 0.251154734411
0.265243902439 0.251154734411
0.26508226691 0.251154734411
0.264920828258 0.251154734411
0.264759586123 0.251154734411
0.264598540146 0.251154734411
0.26443768997 0.251154734411
0.264277035237 0.251154734411
0.264116575592 0.251154734411
0.264563106796 0.251732101617
0.264402668284 0.251732101617
0.264242424242 0.251732101617
0.264688067838 0.252309468822
0.265133171913 0.252886836028
0.26497277677 0.252886836028
0.264812575574 0.252886836028
0.264652567976 0.252886836028
0.265096618357 0.253464203233
0.264936632468 0.253464203233
0.264776839566 0.253464203233
0.264617239301 0.253464203233
0.264457831325 0.253464203233
0.264298615292 0.253464203233
0.264139590854 0.253464203233
0.263980757667 0.253464203233
0.263822115385 0.253464203233
0.264264264264 0.254041570439
0.264105642257 0.254041570439
0.263947210558 0.254041570439
0.263788968825 0.254041570439
0.264230077891 0.254618937644
0.264071856287 0.254618937644
0.263913824057 0.254618937644
0.263755980861 0.254618937644
0.26359832636 0.254618937644
0.263440860215 0.254618937644
0.26328358209 0.254618937644
0.263126491647 0.254618937644
0.262969588551 0.254618937644
0.262812872467 0.254618937644
0.262656343061 0.254618937644
0.2625 0.254618937644
0.262343842951 0.254618937644
0.262782401902 0.25519630485
0.262626262626 0.25519630485
0.262470308789 0.25519630485
0.262314540059 0.25519630485
0.262158956109 0.25519630485
0.262596324837 0.255773672055
0.262440758294 0.255773672055
0.262285375962 0.255773672055
0.262130177515 0.255773672055
0.261975162626 0.255773672055
0.261820330969 0.255773672055
0.261665682221 0.255773672055
0.261511216057 0.255773672055
0.261356932153 0.255773672055
0.26179245283 0.256351039261
0.261638185032 0.256351039261
0.26148409894 0.256351039261
0.261330194232 0.256351039261
0.261176470588 0.256351039261
0.26102292769 0.256351039261
0.260869565217 0.256351039261
0.260716382854 0.256351039261
0.260563380282 0.256351039261
0.260410557185 0.256351039261
0.260257913247 0.256351039261
0.260105448155 0.256351039261
0.259953161593 0.256351039261
0.260386190755 0.256928406467
0.26081871345 0.257505773672
0.261250730567 0.258083140878
0.261098130841 0.258083140878
0.260945709282 0.258083140878
0.260793465578 0.258083140878
0.260641399417 0.258083140878
0.26048951049 0.258083140878
0.260337798486 0.258083140878
0.260186263097 0.258083140878
0.26061663758 0.258660508083
0.260465116279 0.258660508083
0.260313771063 0.258660508083
0.260162601626 0.258660508083
0.260011607661 0.258660508083
0.259860788863 0.258660508083
0.260289855072 0.259237875289
0.260139049826 0.259237875289
0.259988419224 0.259237875289
0.259837962963 0.259237875289
0.25968768074 0.259237875289
0.259537572254 0.259237875289
0.259387637204 0.259237875289
0.259237875289 0.259237875289
0.259088286209 0.259237875289
0.258938869666 0.259237875289
0.25878962536 0.259237875289
0.258640552995 0.259237875289
0.258491652274 0.259237875289
0.2583429229 0.259237875289
0.258194364577 0.259237875289
0.258045977011 0.259237875289
0.257897759908 0.259237875289
0.257749712974 0.259237875289
0.257601835915 0.259237875289
0.25745412844 0.259237875289
0.257306590258 0.259237875289
0.257731958763 0.259815242494
0.257584430452 0.259815242494
0.257437070938 0.259815242494
0.257289879931 0.259815242494
0.257142857143 0.259815242494
0.257567104512 0.2603926097
0.257420091324 0.2603926097
0.257273245864 0.2603926097
0.257126567845 0.2603926097
0.25698005698 0.2603926097
0.256833712984 0.2603926097
0.257256687536 0.260969976905
0.257110352673 0.260969976905
0.256964184196 0.260969976905
0.256818181818 0.260969976905
0.256672345258 0.260969976905
0.256526674234 0.260969976905
0.256381168463 0.260969976905
0.256802721088 0.261547344111
0.256657223796 0.261547344111
0.25651189128 0.261547344111
0.25636672326 0.261547344111
0.256221719457 0.261547344111
0.256076879593 0.261547344111
0.25593220339 0.261547344111
0.25578769057 0.261547344111
0.255643340858 0.261547344111
0.255499153976 0.261547344111
0.255355129651 0.261547344111
0.255211267606 0.261547344111
0.255067567568 0.261547344111
0.254924029263 0.261547344111
0.254780652418 0.261547344111
0.254637436762 0.261547344111
0.254494382022 0.261547344111
0.254351487928 0.261547344111
0.254208754209 0.261547344111
0.25462703309 0.262124711316
0.254484304933 0.262124711316
0.254341736695 0.262124711316
0.254199328108 0.262124711316
0.254057078903 0.262124711316
0.253914988814 0.262124711316
0.253773057574 0.262124711316
0.254189944134 0.262702078522
0.254048017867 0.262702078522
0.25390625 0.262702078522
0.253764640268 0.262702078522
0.253623188406 0.262702078522
0.254038997214 0.263279445727
0.253897550111 0.263279445727
0.253756260434 0.263279445727
0.25361512792 0.263279445727
0.253474152307 0.263279445727
0.253333333333 0.263279445727
0.253192670738 0.263279445727
0.253052164262 0.263279445727
0.252911813644 0.263279445727
0.252771618625 0.263279445727
0.252631578947 0.263279445727
0.253045404208 0.263856812933
0.252905368013 0.263856812933
0.252765486726 0.263856812933
0.252625760088 0.263856812933
0.253038674033 0.264434180139
0.253451131971 0.265011547344
0.253311258278 0.265011547344
0.253171538886 0.265011547344
0.253031973539 0.265011547344
0.252892561983 0.265011547344
0.252753303965 0.265011547344
0.252614199229 0.265011547344
0.25302530253 0.26558891455
0.252886201209 0.26558891455
0.252747252747 0.26558891455
0.253157605711 0.266166281755
0.253018660812 0.266166281755
0.252879868349 0.266166281755
0.25274122807 0.266166281755
0.252602739726 0.266166281755
0.252464403067 0.266166281755
0.252326217843 0.266166281755
0.252735229759 0.266743648961
0.252597047567 0.266743648961
0.252459016393 0.266743648961
0.252321135991 0.266743648961
0.252183406114 0.266743648961
0.252045826514 0.266743648961
0.251908396947 0.266743648961
0.252316076294 0.267321016166
0.252178649237 0.267321016166
0.252041371802 0.267321016166
0.251904243743 0.267321016166
0.252311038608 0.267898383372
0.252173913043 0.267898383372
0.2525801195 0.268475750577
0.252442996743 0.268475750577
0.252306022789 0.268475750577
0.252169197397 0.268475750577
0.252032520325 0.268475750577
0.251895991333 0.268475750577
0.251759610179 0.268475750577
0.251623376623 0.268475750577
0.251487290427 0.268475750577
0.251351351351 0.268475750577
0.251215559157 0.268475750577
0.251079913607 0.268475750577
0.250944414463 0.268475750577
0.250809061489 0.268475750577
0.250673854447 0.268475750577
0.250538793103 0.268475750577
0.250403877221 0.268475750577
0.250269106566 0.268475750577
0.250134480904 0.268475750577
0.25 0.268475750577
0.249865663622 0.268475750577
0.249731471536 0.268475750577
0.24959742351 0.268475750577
0.249463519313 0.268475750577
0.249329758713 0.268475750577
0.249196141479 0.268475750577
0.249062667381 0.268475750577
0.249464668094 0.269053117783
0.24986623863 0.269630484988
0.249732620321 0.269630484988
0.249599144842 0.269630484988
0.249465811966 0.269630484988
0.249332621463 0.269630484988
0.249733191035 0.270207852194
0.2496 0.270207852194
0.25 0.2707852194
0.249866808737 0.2707852194
0.249733759318 0.2707852194
0.249600851517 0.2707852194
0.25 0.271362586605
0.249867091972 0.271362586605
0.249734325186 0.271362586605
0.249601699416 0.271362586605
0.249469214437 0.271362586605
0.249336870027 0.271362586605
0.24920466596 0.271362586605
0.249072602014 0.271362586605
0.248940677966 0.271362586605
0.248808893594 0.271362586605
0.248677248677 0.271362586605
0.248545742993 0.271362586605
0.248414376321 0.271362586605
0.248283148442 0.271362586605
0.248152059134 0.271362586605
0.248021108179 0.271362586605
0.247890295359 0.271362586605
0.247759620453 0.271362586605
0.247629083246 0.271362586605
0.248025276461 0.271939953811
0.247894736842 0.271939953811
0.248290373488 0.272517321016
0.248159831756 0.272517321016
0.24802942722 0.272517321016
0.247899159664 0.272517321016
0.247769028871 0.272517321016
0.247639034627 0.272517321016
0.247509176717 0.272517321016
0.247379454927 0.272517321016
0.247249869041 0.272517321016
0.247120418848 0.272517321016
0.246991104134 0.272517321016
0.246861924686 0.272517321016
0.246732880293 0.272517321016
0.246603970742 0.272517321016
0.246475195822 0.272517321016
0.246346555324 0.272517321016
0.246218049035 0.272517321016
0.246089676747 0.272517321016
0.245961438249 0.272517321016
0.246354166667 0.273094688222
0.246225923998 0.273094688222
0.246618106139 0.273672055427
0.246489859594 0.273672055427
0.246361746362 0.273672055427
0.246233766234 0.273672055427
0.246105919003 0.273672055427
0.245978204463 0.273672055427
0.245850622407 0.273672055427
0.246241575946 0.274249422633
0.246113989637 0.274249422633
0.245986535474 0.274249422633
0.245859213251 0.274249422633
0.245732022763 0.274249422633
0.245604963806 0.274249422633
0.245478036176 0.274249422633
0.245351239669 0.274249422633
0.245224574084 0.274249422633
0.245098039216 0.274249422633
0.244971634863 0.274249422633
0.244845360825 0.274249422633
0.244719216899 0.274249422633
0.244593202884 0.274249422633
0.24446731858 0.274249422633
0.244341563786 0.274249422633
0.244215938303 0.274249422633
0.244090441932 0.274249422633
0.243965074474 0.274249422633
0.243839835729 0.274249422633
0.2437147255 0.274249422633
0.24358974359 0.274249422633
0.243977447463 0.274826789838
0.243852459016 0.274826789838
0.243727598566 0.274826789838
0.244114636643 0.275404157044
0.243989769821 0.275404157044
0.243865030675 0.275404157044
0.243740419009 0.275404157044
0.244126659857 0.275981524249
0.244002041858 0.275981524249
0.24387755102 0.275981524249
0.243753187149 0.275981524249
0.243628950051 0.275981524249
0.243504839531 0.275981524249
0.243380855397 0.275981524249
0.243765903308 0.276558891455
0.243641912513 0.276558891455
0.243518047789 0.276558891455
0.243902439024 0.277136258661
0.243778567801 0.277136258661
0.243654822335 0.277136258661
0.243531202435 0.277136258661
0.243407707911 0.277136258661
0.243284338571 0.277136258661
0.243161094225 0.277136258661
0.243037974684 0.277136258661
0.243421052632 0.277713625866
0.243297926151 0.277713625866
0.243680485339 0.278290993072
0.243557352198 0.278290993072
0.243434343434 0.278290993072
0.243816254417 0.278868360277
0.243693239152 0.278868360277
0.243570347958 0.278868360277
0.243447580645 0.278868360277
0.243324937028 0.278868360277
0.243202416918 0.278868360277
0.243080020131 0.278868360277
0.242957746479 0.278868360277
0.242835595777 0.278868360277
0.243216080402 0.279445727483
0.243093922652 0.279445727483
0.24297188755 0.279445727483
0.242849974912 0.279445727483
0.243229689067 0.280023094688
0.243107769424 0.280023094688
0.242985971944 0.280023094688
0.243365047571 0.280600461894
0.243243243243 0.280600461894
0.24312156078 0.280600461894
0.243 0.280600461894
0.24287856072 0.280600461894
0.242757242757 0.280600461894
0.243135297054 0.281177829099
0.243013972056 0.281177829099
0.24289276808 0.281177829099
0.242771684945 0.281177829099
