1.0 0.0
1.0 0.000577367205543
1.0 0.00115473441109
0.666666666667 0.00115473441109
0.75 0.00173210161663
0.8 0.00230946882217
0.833333333333 0.00288683602771
0.857142857143 0.00346420323326
0.875 0.0040415704388
0.888888888889 0.00461893764434
0.8 0.00461893764434
0.818181818182 0.00519630484988
0.833333333333 0.00577367205543
0.846153846154 0.00635103926097
0.785714285714 0.00635103926097
0.8 0.00692840646651
0.8125 0.00750577367206
0.764705882353 0.00750577367206
0.777777777778 0.0080831408776
0.736842105263 0.0080831408776
0.75 0.00866050808314
0.761904761905 0.00923787528868
0.772727272727 0.00981524249423
0.782608695652 0.0103926096998
0.791666666667 0.0109699769053
0.76 0.0109699769053
0.730769230769 0.0109699769053
0.740740740741 0.0115473441109
0.714285714286 0.0115473441109
0.689655172414 0.0115473441109
0.7 0.0121247113164
0.709677419355 0.0127020785219
0.6875 0.0127020785219
0.69696969697 0.0132794457275
0.705882352941 0.013856812933
0.714285714286 0.0144341801386
0.722222222222 0.0150115473441
0.72972972973 0.0155889145497
0.736842105263 0.0161662817552
0.717948717949 0.0161662817552
0.725 0.0167436489607
0.731707317073 0.0173210161663
0.738095238095 0.0178983833718
0.744186046512 0.0184757505774
0.75 0.0190531177829
0.733333333333 0.0190531177829
0.739130434783 0.0196304849885
0.744680851064 0.020207852194
0.75 0.0207852193995
0.755102040816 0.0213625866051
0.74 0.0213625866051
0.745098039216 0.0219399538106
0.75 0.0225173210162
0.754716981132 0.0230946882217
0.740740740741 0.0230946882217
0.727272727273 0.0230946882217
0.732142857143 0.0236720554273
0.736842105263 0.0242494226328
0.724137931034 0.0242494226328
0.71186440678 0.0242494226328
0.7 0.0242494226328
0.688524590164 0.0242494226328
0.677419354839 0.0242494226328
0.68253968254 0.0248267898383
0.671875 0.0248267898383
0.676923076923 0.0254041570439
0.666666666667 0.0254041570439
0.671641791045 0.0259815242494
0.676470588235 0.026558891455
0.68115942029 0.0271362586605
0.685714285714 0.0277136258661
0.676056338028 0.0277136258661
0.666666666667 0.0277136258661
0.657534246575 0.0277136258661
0.648648648649 0.0277136258661
0.653333333333 0.0282909930716
0.657894736842 0.0288683602771
0.662337662338 0.0294457274827
0.666666666667 0.0300230946882
0.670886075949 0.0306004618938
0.675 0.0311778290993
0.666666666667 0.0311778290993
0.670731707317 0.0317551963048
0.66265060241 0.0317551963048
0.654761904762 0.0317551963048
0.647058823529 0.0317551963048
0.651162790698 0.0323325635104
0.655172413793 0.0329099307159
0.659090909091 0.0334872979215
0.662921348315 0.034064665127
0.666666666667 0.0346420323326
0.659340659341 0.0346420323326
0.652173913043 0.0346420323326
0.645161290323 0.0346420323326
0.648936170213 0.0352193995381
0.652631578947 0.0357967667436
0.65625 0.0363741339492
0.659793814433 0.0369515011547
0.65306122449 0.0369515011547
0.656565656566 0.0375288683603
0.66 0.0381062355658
0.653465346535 0.0381062355658
0.647058823529 0.0381062355658
0.640776699029 0.0381062355658
0.634615384615 0.0381062355658
0.628571428571 0.0381062355658
0.622641509434 0.0381062355658
0.616822429907 0.0381062355658
0.62037037037 0.0386836027714
0.623853211009 0.0392609699769
0.618181818182 0.0392609699769
0.612612612613 0.0392609699769
0.607142857143 0.0392609699769
0.610619469027 0.0398383371824
0.605263157895 0.0398383371824
0.6 0.0398383371824
0.603448275862 0.040415704388
0.598290598291 0.040415704388
0.593220338983 0.040415704388
0.596638655462 0.0409930715935
0.591666666667 0.0409930715935
0.595041322314 0.0415704387991
0.590163934426 0.0415704387991
0.593495934959 0.0421478060046
0.588709677419 0.0421478060046
0.592 0.0427251732102
0.587301587302 0.0427251732102
0.582677165354 0.0427251732102
0.5859375 0.0433025404157
0.589147286822 0.0438799076212
0.584615384615 0.0438799076212
0.587786259542 0.0444572748268
0.583333333333 0.0444572748268
0.578947368421 0.0444572748268
0.582089552239 0.0450346420323
0.577777777778 0.0450346420323
0.580882352941 0.0456120092379
0.583941605839 0.0461893764434
0.579710144928 0.0461893764434
0.575539568345 0.0461893764434
0.578571428571 0.046766743649
0.581560283688 0.0473441108545
0.577464788732 0.0473441108545
0.58041958042 0.04792147806
0.576388888889 0.04792147806
0.572413793103 0.04792147806
0.575342465753 0.0484988452656
0.571428571429 0.0484988452656
0.567567567568 0.0484988452656
0.563758389262 0.0484988452656
0.566666666667 0.0490762124711
0.562913907285 0.0490762124711
0.559210526316 0.0490762124711
0.562091503268 0.0496535796767
0.558441558442 0.0496535796767
0.554838709677 0.0496535796767
0.557692307692 0.0502309468822
0.554140127389 0.0502309468822
0.550632911392 0.0502309468822
0.547169811321 0.0502309468822
0.54375 0.0502309468822
0.546583850932 0.0508083140878
0.549382716049 0.0513856812933
0.546012269939 0.0513856812933
0.542682926829 0.0513856812933
0.545454545455 0.0519630484988
0.548192771084 0.0525404157044
0.550898203593 0.0531177829099
0.547619047619 0.0531177829099
0.544378698225 0.0531177829099
0.547058823529 0.0536951501155
0.549707602339 0.054272517321
0.552325581395 0.0548498845266
0.549132947977 0.0548498845266
0.545977011494 0.0548498845266
0.542857142857 0.0548498845266
0.539772727273 0.0548498845266
0.542372881356 0.0554272517321
0.539325842697 0.0554272517321
0.541899441341 0.0560046189376
0.544444444444 0.0565819861432
0.541436464088 0.0565819861432
0.538461538462 0.0565819861432
0.535519125683 0.0565819861432
0.532608695652 0.0565819861432
0.52972972973 0.0565819861432
0.52688172043 0.0565819861432
0.529411764706 0.0571593533487
0.526595744681 0.0571593533487
0.52380952381 0.0571593533487
0.521052631579 0.0571593533487
0.51832460733 0.0571593533487
0.515625 0.0571593533487
0.512953367876 0.0571593533487
0.510309278351 0.0571593533487
0.507692307692 0.0571593533487
0.505102040816 0.0571593533487
0.507614213198 0.0577367205543
0.505050505051 0.0577367205543
0.507537688442 0.0583140877598
0.505 0.0583140877598
0.502487562189 0.0583140877598
0.5 0.0583140877598
0.497536945813 0.0583140877598
0.5 0.0588914549654
0.50243902439 0.0594688221709
0.504854368932 0.0600461893764
0.502415458937 0.0600461893764
0.5 0.0600461893764
0.497607655502 0.0600461893764
0.495238095238 0.0600461893764
0.492890995261 0.0600461893764
0.495283018868 0.060623556582
0.49765258216 0.0612009237875
0.495327102804 0.0612009237875
0.493023255814 0.0612009237875
0.490740740741 0.0612009237875
0.488479262673 0.0612009237875
0.48623853211 0.0612009237875
0.48401826484 0.0612009237875
0.481818181818 0.0612009237875
0.47963800905 0.0612009237875
0.477477477477 0.0612009237875
0.479820627803 0.0617782909931
0.477678571429 0.0617782909931
0.475555555556 0.0617782909931
0.473451327434 0.0617782909931
0.471365638767 0.0617782909931
0.473684210526 0.0623556581986
0.471615720524 0.0623556581986
0.469565217391 0.0623556581986
0.471861471861 0.0629330254042
0.469827586207 0.0629330254042
0.472103004292 0.0635103926097
0.474358974359 0.0640877598152
0.476595744681 0.0646651270208
0.474576271186 0.0646651270208
0.476793248945 0.0652424942263
0.474789915966 0.0652424942263
0.476987447699 0.0658198614319
0.475 0.0658198614319
0.473029045643 0.0658198614319
0.471074380165 0.0658198614319
0.469135802469 0.0658198614319
0.47131147541 0.0663972286374
0.469387755102 0.0663972286374
0.471544715447 0.066974595843
0.46963562753 0.066974595843
0.467741935484 0.066974595843
0.465863453815 0.066974595843
0.464 0.066974595843
0.462151394422 0.066974595843
0.460317460317 0.066974595843
0.458498023715 0.066974595843
0.456692913386 0.066974595843
0.454901960784 0.066974595843
0.45703125 0.0675519630485
0.459143968872 0.068129330254
0.461240310078 0.0687066974596
0.459459459459 0.0687066974596
0.461538461538 0.0692840646651
0.463601532567 0.0698614318707
0.461832061069 0.0698614318707
0.463878326996 0.0704387990762
0.465909090909 0.0710161662818
0.464150943396 0.0710161662818
0.462406015038 0.0710161662818
0.460674157303 0.0710161662818
0.458955223881 0.0710161662818
0.457249070632 0.0710161662818
0.459259259259 0.0715935334873
0.457564575646 0.0715935334873
0.459558823529 0.0721709006928
0.457875457875 0.0721709006928
0.456204379562 0.0721709006928
0.454545454545 0.0721709006928
0.452898550725 0.0721709006928
0.451263537906 0.0721709006928
0.44964028777 0.0721709006928
0.448028673835 0.0721709006928
0.45 0.0727482678984
0.448398576512 0.0727482678984
0.446808510638 0.0727482678984
0.445229681979 0.0727482678984
0.447183098592 0.0733256351039
0.445614035088 0.0733256351039
0.447552447552 0.0739030023095
0.445993031359 0.0739030023095
0.444444444444 0.0739030023095
0.442906574394 0.0739030023095
0.441379310345 0.0739030023095
0.439862542955 0.0739030023095
0.438356164384 0.0739030023095
0.440273037543 0.074480369515
0.438775510204 0.074480369515
0.437288135593 0.074480369515
0.439189189189 0.0750577367206
0.43771043771 0.0750577367206
0.436241610738 0.0750577367206
0.434782608696 0.0750577367206
0.433333333333 0.0750577367206
0.431893687708 0.0750577367206
0.430463576159 0.0750577367206
0.42904290429 0.0750577367206
0.430921052632 0.0756351039261
0.429508196721 0.0756351039261
0.428104575163 0.0756351039261
0.42996742671 0.0762124711316
0.428571428571 0.0762124711316
0.430420711974 0.0767898383372
0.432258064516 0.0773672055427
0.434083601286 0.0779445727483
0.432692307692 0.0779445727483
0.434504792332 0.0785219399538
0.433121019108 0.0785219399538
0.431746031746 0.0785219399538
0.430379746835 0.0785219399538
0.429022082019 0.0785219399538
0.427672955975 0.0785219399538
0.429467084639 0.0790993071594
0.428125 0.0790993071594
0.429906542056 0.0796766743649
0.428571428571 0.0796766743649
0.430340557276 0.0802540415704
0.429012345679 0.0802540415704
0.427692307692 0.0802540415704
0.426380368098 0.0802540415704
0.428134556575 0.080831408776
0.426829268293 0.080831408776
0.425531914894 0.080831408776
0.424242424242 0.080831408776
0.422960725076 0.080831408776
0.421686746988 0.080831408776
0.423423423423 0.0814087759815
0.422155688623 0.0814087759815
0.420895522388 0.0814087759815
0.419642857143 0.0814087759815
0.418397626113 0.0814087759815
0.417159763314 0.0814087759815
0.41592920354 0.0814087759815
0.417647058824 0.0819861431871
0.41642228739 0.0819861431871
0.418128654971 0.0825635103926
0.419825072886 0.0831408775982
0.421511627907 0.0837182448037
0.423188405797 0.0842956120092
0.421965317919 0.0842956120092
0.423631123919 0.0848729792148
0.422413793103 0.0848729792148
0.424068767908 0.0854503464203
0.422857142857 0.0854503464203
0.424501424501 0.0860277136259
0.423295454545 0.0860277136259
0.42492917847 0.0866050808314
0.423728813559 0.0866050808314
0.422535211268 0.0866050808314
0.421348314607 0.0866050808314
0.420168067227 0.0866050808314
0.421787709497 0.087182448037
0.423398328691 0.0877598152425
0.425 0.088337182448
0.423822714681 0.088337182448
0.422651933702 0.088337182448
0.421487603306 0.088337182448
0.42032967033 0.088337182448
0.419178082192 0.088337182448
0.420765027322 0.0889145496536
0.41961852861 0.0889145496536
0.421195652174 0.0894919168591
0.422764227642 0.0900692840647
0.421621621622 0.0900692840647
0.420485175202 0.0900692840647
0.41935483871 0.0900692840647
0.418230563003 0.0900692840647
0.419786096257 0.0906466512702
0.418666666667 0.0906466512702
0.417553191489 0.0906466512702
0.416445623342 0.0906466512702
0.415343915344 0.0906466512702
0.414248021108 0.0906466512702
0.413157894737 0.0906466512702
0.41469816273 0.0912240184758
0.416230366492 0.0918013856813
0.415143603133 0.0918013856813
0.416666666667 0.0923787528868
0.415584415584 0.0923787528868
0.417098445596 0.0929561200924
0.418604651163 0.0935334872979
0.417525773196 0.0935334872979
0.416452442159 0.0935334872979
0.415384615385 0.0935334872979
0.414322250639 0.0935334872979
0.413265306122 0.0935334872979
0.41475826972 0.0941108545035
0.413705583756 0.0941108545035
0.412658227848 0.0941108545035
0.414141414141 0.094688221709
0.415617128463 0.0952655889145
0.414572864322 0.0952655889145
0.413533834586 0.0952655889145
0.4125 0.0952655889145
0.411471321696 0.0952655889145
0.410447761194 0.0952655889145
0.409429280397 0.0952655889145
0.408415841584 0.0952655889145
0.407407407407 0.0952655889145
0.406403940887 0.0952655889145
0.407862407862 0.0958429561201
0.40931372549 0.0964203233256
0.408312958435 0.0964203233256
0.407317073171 0.0964203233256
0.406326034063 0.0964203233256
0.407766990291 0.0969976905312
0.406779661017 0.0969976905312
0.405797101449 0.0969976905312
0.404819277108 0.0969976905312
0.40625 0.0975750577367
0.407673860911 0.0981524249423
0.406698564593 0.0981524249423
0.405727923628 0.0981524249423
0.404761904762 0.0981524249423
0.403800475059 0.0981524249423
0.405213270142 0.0987297921478
0.404255319149 0.0987297921478
0.403301886792 0.0987297921478
0.404705882353 0.0993071593533
0.406103286385 0.0998845265589
0.405152224824 0.0998845265589
0.404205607477 0.0998845265589
0.405594405594 0.100461893764
0.404651162791 0.100461893764
0.403712296984 0.100461893764
0.405092592593 0.10103926097
0.40415704388 0.10103926097
0.403225806452 0.10103926097
0.402298850575 0.10103926097
0.403669724771 0.101616628176
0.402745995423 0.101616628176
0.401826484018 0.101616628176
0.403189066059 0.102193995381
0.402272727273 0.102193995381
0.403628117914 0.102771362587
0.404977375566 0.103348729792
0.406320541761 0.103926096998
0.405405405405 0.103926096998
0.404494382022 0.103926096998
0.405829596413 0.104503464203
0.404921700224 0.104503464203
0.404017857143 0.104503464203
0.403118040089 0.104503464203
0.402222222222 0.104503464203
0.40133037694 0.104503464203
0.400442477876 0.104503464203
0.401766004415 0.105080831409
0.400881057269 0.105080831409
0.4 0.105080831409
0.399122807018 0.105080831409
0.400437636761 0.105658198614
0.399563318777 0.105658198614
0.398692810458 0.105658198614
0.397826086957 0.105658198614
0.396963123644 0.105658198614
0.398268398268 0.10623556582
0.399568034557 0.106812933025
0.398706896552 0.106812933025
0.4 0.107390300231
0.401287553648 0.107967667436
0.400428265525 0.107967667436
0.399572649573 0.107967667436
0.398720682303 0.107967667436
0.4 0.108545034642
0.3991507431 0.108545034642
0.398305084746 0.108545034642
0.397463002114 0.108545034642
0.398734177215 0.109122401848
0.4 0.109699769053
0.399159663866 0.109699769053
0.398322851153 0.109699769053
0.399581589958 0.110277136259
0.398747390397 0.110277136259
0.397916666667 0.110277136259
0.399168399168 0.110854503464
0.398340248963 0.110854503464
0.39751552795 0.110854503464
0.398760330579 0.11143187067
0.39793814433 0.11143187067
0.397119341564 0.11143187067
0.396303901437 0.11143187067
0.395491803279 0.11143187067
0.394683026585 0.11143187067
0.39387755102 0.11143187067
0.395112016293 0.112009237875
0.394308943089 0.112009237875
0.395537525355 0.112586605081
0.394736842105 0.112586605081
0.393939393939 0.112586605081
0.395161290323 0.113163972286
0.394366197183 0.113163972286
0.393574297189 0.113163972286
0.392785571142 0.113163972286
0.394 0.113741339492
0.395209580838 0.114318706697
0.394422310757 0.114318706697
0.395626242545 0.114896073903
0.394841269841 0.114896073903
0.39603960396 0.115473441109
0.395256916996 0.115473441109
0.396449704142 0.116050808314
0.395669291339 0.116050808314
0.39489194499 0.116050808314
0.394117647059 0.116050808314
0.39530332681 0.11662817552
0.396484375 0.117205542725
0.397660818713 0.117782909931
0.396887159533 0.117782909931
0.396116504854 0.117782909931
0.397286821705 0.118360277136
0.396518375242 0.118360277136
0.395752895753 0.118360277136
0.394990366089 0.118360277136
0.394230769231 0.118360277136
0.393474088292 0.118360277136
0.392720306513 0.118360277136
0.391969407266 0.118360277136
0.391221374046 0.118360277136
0.392380952381 0.118937644342
0.391634980989 0.118937644342
0.390891840607 0.118937644342
0.390151515152 0.118937644342
0.389413988658 0.118937644342
0.390566037736 0.119515011547
0.391713747646 0.120092378753
0.390977443609 0.120092378753
0.390243902439 0.120092378753
0.389513108614 0.120092378753
0.388785046729 0.120092378753
0.388059701493 0.120092378753
0.387337057728 0.120092378753
0.388475836431 0.120669745958
0.387755102041 0.120669745958
0.387037037037 0.120669745958
0.388170055453 0.121247113164
0.387453874539 0.121247113164
0.388581952118 0.12182448037
0.387867647059 0.12182448037
0.387155963303 0.12182448037
0.388278388278 0.122401847575
0.387568555759 0.122401847575
0.388686131387 0.122979214781
0.389799635701 0.123556581986
0.389090909091 0.123556581986
0.388384754991 0.123556581986
0.389492753623 0.124133949192
0.390596745027 0.124711316397
0.389891696751 0.124711316397
0.389189189189 0.124711316397
0.390287769784 0.125288683603
0.389587073609 0.125288683603
0.388888888889 0.125288683603
0.388193202147 0.125288683603
0.3875 0.125288683603
0.388591800357 0.125866050808
0.387900355872 0.125866050808
0.388987566607 0.126443418014
0.38829787234 0.126443418014
0.387610619469 0.126443418014
0.388692579505 0.127020785219
0.389770723104 0.127598152425
0.390845070423 0.12817551963
0.391915641476 0.128752886836
0.391228070175 0.128752886836
0.392294220665 0.129330254042
0.391608391608 0.129330254042
0.39092495637 0.129330254042
0.390243902439 0.129330254042
0.391304347826 0.129907621247
0.392361111111 0.130484988453
0.391681109185 0.130484988453
0.391003460208 0.130484988453
0.390328151986 0.130484988453
0.389655172414 0.130484988453
0.388984509466 0.130484988453
0.388316151203 0.130484988453
0.38936535163 0.131062355658
0.388698630137 0.131062355658
0.388034188034 0.131062355658
0.389078498294 0.131639722864
0.390119250426 0.132217090069
0.391156462585 0.132794457275
0.390492359932 0.132794457275
0.391525423729 0.13337182448
0.39255499154 0.133949191686
0.391891891892 0.133949191686
0.391231028668 0.133949191686
0.390572390572 0.133949191686
0.389915966387 0.133949191686
0.390939597315 0.134526558891
0.391959798995 0.135103926097
0.392976588629 0.135681293303
0.392320534224 0.135681293303
0.391666666667 0.135681293303
0.392678868552 0.136258660508
0.392026578073 0.136258660508
0.391376451078 0.136258660508
0.390728476821 0.136258660508
0.39173553719 0.136836027714
0.391089108911 0.136836027714
0.390444810544 0.136836027714
0.389802631579 0.136836027714
0.389162561576 0.136836027714
0.388524590164 0.136836027714
0.387888707038 0.136836027714
0.387254901961 0.136836027714
0.386623164763 0.136836027714
0.385993485342 0.136836027714
0.386991869919 0.137413394919
0.386363636364 0.137413394919
0.387358184765 0.137990762125
0.386731391586 0.137990762125
0.386106623586 0.137990762125
0.385483870968 0.137990762125
0.384863123994 0.137990762125
0.38424437299 0.137990762125
0.385232744783 0.13856812933
0.384615384615 0.13856812933
0.3856 0.139145496536
0.384984025559 0.139145496536
0.385964912281 0.139722863741
0.386942675159 0.140300230947
0.387917329094 0.140877598152
0.387301587302 0.140877598152
0.386687797147 0.140877598152
0.386075949367 0.140877598152
0.385466034755 0.140877598152
0.384858044164 0.140877598152
0.384251968504 0.140877598152
0.383647798742 0.140877598152
0.383045525903 0.140877598152
0.382445141066 0.140877598152
0.381846635368 0.140877598152
0.38125 0.140877598152
0.382215288612 0.141454965358
0.383177570093 0.142032332564
0.382581648523 0.142032332564
0.38198757764 0.142032332564
0.382945736434 0.142609699769
0.383900928793 0.143187066975
0.383307573416 0.143187066975
0.384259259259 0.14376443418
0.383667180277 0.14376443418
0.383076923077 0.14376443418
0.384024577573 0.144341801386
0.383435582822 0.144341801386
0.382848392037 0.144341801386
0.382262996942 0.144341801386
0.381679389313 0.144341801386
0.381097560976 0.144341801386
0.380517503805 0.144341801386
0.379939209726 0.144341801386
0.380880121396 0.144919168591
0.381818181818 0.145496535797
0.381240544629 0.145496535797
0.380664652568 0.145496535797
0.380090497738 0.145496535797
0.381024096386 0.146073903002
0.38045112782 0.146073903002
0.37987987988 0.146073903002
0.379310344828 0.146073903002
0.37874251497 0.146073903002
0.378176382661 0.146073903002
0.377611940299 0.146073903002
0.377049180328 0.146073903002
0.376488095238 0.146073903002
0.375928677563 0.146073903002
0.375370919881 0.146073903002
0.374814814815 0.146073903002
0.37426035503 0.146073903002
0.375184638109 0.146651270208
0.374631268437 0.146651270208
0.374079528719 0.146651270208
0.375 0.147228637413
0.374449339207 0.147228637413
0.375366568915 0.147806004619
0.374816983895 0.147806004619
0.375730994152 0.148383371824
0.375182481752 0.148383371824
0.374635568513 0.148383371824
0.375545851528 0.14896073903
0.375 0.14896073903
0.375907111756 0.149538106236
0.376811594203 0.150115473441
0.376266280753 0.150115473441
0.375722543353 0.150115473441
0.37518037518 0.150115473441
0.374639769452 0.150115473441
0.374100719424 0.150115473441
0.375 0.150692840647
0.374461979914 0.150692840647
0.373925501433 0.150692840647
0.37339055794 0.150692840647
0.372857142857 0.150692840647
0.372325249643 0.150692840647
0.373219373219 0.151270207852
0.372688477952 0.151270207852
0.372159090909 0.151270207852
0.371631205674 0.151270207852
0.371104815864 0.151270207852
0.370579915134 0.151270207852
0.370056497175 0.151270207852
0.369534555712 0.151270207852
0.369014084507 0.151270207852
0.368495077356 0.151270207852
0.36797752809 0.151270207852
0.367461430575 0.151270207852
0.366946778711 0.151270207852
0.366433566434 0.151270207852
0.365921787709 0.151270207852
0.365411436541 0.151270207852
0.364902506964 0.151270207852
0.364394993046 0.151270207852
0.363888888889 0.151270207852
0.363384188627 0.151270207852
0.364265927978 0.151847575058
0.363762102351 0.151847575058
0.364640883978 0.152424942263
0.364137931034 0.152424942263
0.363636363636 0.152424942263
0.363136176066 0.152424942263
0.362637362637 0.152424942263
0.362139917695 0.152424942263
0.361643835616 0.152424942263
0.361149110807 0.152424942263
0.362021857923 0.153002309469
0.361527967258 0.153002309469
0.361035422343 0.153002309469
0.360544217687 0.153002309469
0.361413043478 0.153579676674
0.36092265943 0.153579676674
0.361788617886 0.15415704388
0.362652232747 0.154734411085
0.363513513514 0.155311778291
0.36302294197 0.155311778291
0.362533692722 0.155311778291
0.362045760431 0.155311778291
0.361559139785 0.155311778291
0.361073825503 0.155311778291
0.360589812332 0.155311778291
0.360107095047 0.155311778291
0.359625668449 0.155311778291
0.35914552737 0.155311778291
0.358666666667 0.155311778291
0.358189081225 0.155311778291
0.357712765957 0.155311778291
0.357237715803 0.155311778291
0.358090185676 0.155889145497
0.35761589404 0.155889145497
0.357142857143 0.155889145497
0.356671070013 0.155889145497
0.357519788918 0.156466512702
0.357048748353 0.156466512702
0.356578947368 0.156466512702
0.356110381078 0.156466512702
0.355643044619 0.156466512702
0.355176933159 0.156466512702
0.354712041885 0.156466512702
0.354248366013 0.156466512702
0.353785900783 0.156466512702
0.35332464146 0.156466512702
0.352864583333 0.156466512702
0.352405721717 0.156466512702
0.353246753247 0.157043879908
0.352788586252 0.157043879908
0.352331606218 0.157043879908
0.351875808538 0.157043879908
0.35142118863 0.157043879908
0.350967741935 0.157043879908
0.350515463918 0.157043879908
0.350064350064 0.157043879908
0.349614395887 0.157043879908
0.349165596919 0.157043879908
0.35 0.157621247113
0.349551856594 0.157621247113
0.350383631714 0.158198614319
0.351213282248 0.158775981524
0.350765306122 0.158775981524
0.350318471338 0.158775981524
0.349872773537 0.158775981524
0.350698856417 0.15935334873
0.350253807107 0.15935334873
0.349809885932 0.15935334873
0.349367088608 0.15935334873
0.350189633375 0.159930715935
0.349747474747 0.159930715935
0.349306431274 0.159930715935
0.350125944584 0.160508083141
0.349685534591 0.160508083141
0.349246231156 0.160508083141
0.350062735257 0.161085450346
0.34962406015 0.161085450346
0.349186483104 0.161085450346
0.35 0.161662817552
0.349563046192 0.161662817552
0.350374064838 0.162240184758
0.349937733499 0.162240184758
0.349502487562 0.162240184758
0.349068322981 0.162240184758
0.348635235732 0.162240184758
0.348203221809 0.162240184758
0.347772277228 0.162240184758
0.348578491965 0.162817551963
0.348148148148 0.162817551963
0.348951911221 0.163394919169
0.348522167488 0.163394919169
0.348093480935 0.163394919169
0.347665847666 0.163394919169
0.347239263804 0.163394919169
0.34681372549 0.163394919169
0.346389228886 0.163394919169
0.345965770171 0.163394919169
0.345543345543 0.163394919169
0.34512195122 0.163394919169
0.344701583435 0.163394919169
0.344282238443 0.163394919169
0.343863912515 0.163394919169
0.344660194175 0.163972286374
0.344242424242 0.163972286374
0.34382566586 0.163972286374
0.343409915357 0.163972286374
0.344202898551 0.16454965358
0.344993968637 0.165127020785
0.34578313253 0.165704387991
0.345367027677 0.165704387991
0.344951923077 0.165704387991
0.344537815126 0.165704387991
0.345323741007 0.166281755196
0.344910179641 0.166281755196
0.344497607656 0.166281755196
0.345280764636 0.166859122402
0.344868735084 0.166859122402
0.344457687723 0.166859122402
0.344047619048 0.166859122402
0.343638525565 0.166859122402
0.3432304038 0.166859122402
0.342823250297 0.166859122402
0.342417061611 0.166859122402
0.34201183432 0.166859122402
0.341607565012 0.166859122402
0.341204250295 0.166859122402
0.341981132075 0.167436489607
0.341578327444 0.167436489607
0.341176470588 0.167436489607
0.340775558167 0.167436489607
0.340375586854 0.167436489607
0.339976553341 0.167436489607
0.339578454333 0.167436489607
0.33918128655 0.167436489607
0.339953271028 0.168013856813
0.340723453909 0.168591224018
0.340326340326 0.168591224018
0.339930151339 0.168591224018
0.339534883721 0.168591224018
0.339140534262 0.168591224018
0.338747099768 0.168591224018
0.338354577057 0.168591224018
0.337962962963 0.168591224018
0.337572254335 0.168591224018
0.338337182448 0.169168591224
0.339100346021 0.16974595843
0.338709677419 0.16974595843
0.339470655926 0.170323325635
0.33908045977 0.170323325635
0.338691159587 0.170323325635
0.338302752294 0.170323325635
0.337915234822 0.170323325635
0.337528604119 0.170323325635
0.337142857143 0.170323325635
0.336757990868 0.170323325635
0.337514253136 0.170900692841
0.337129840547 0.170900692841
0.337883959044 0.171478060046
0.338636363636 0.172055427252
0.339387060159 0.172632794457
0.340136054422 0.173210161663
0.339750849377 0.173210161663
0.339366515837 0.173210161663
0.338983050847 0.173210161663
0.339729119639 0.173787528868
0.339346110485 0.173787528868
0.338963963964 0.173787528868
0.338582677165 0.173787528868
0.338202247191 0.173787528868
0.337822671156 0.173787528868
0.337443946188 0.173787528868
0.337066069429 0.173787528868
0.336689038031 0.173787528868
0.336312849162 0.173787528868
0.337053571429 0.174364896074
0.33779264214 0.174942263279
0.337416481069 0.174942263279
0.337041156841 0.174942263279
0.336666666667 0.174942263279
0.336293007769 0.174942263279
0.335920177384 0.174942263279
0.335548172757 0.174942263279
0.33517699115 0.174942263279
0.334806629834 0.174942263279
0.335540838852 0.175519630485
0.335170893054 0.175519630485
0.3359030837 0.176096997691
0.335533553355 0.176096997691
0.335164835165 0.176096997691
0.335894621295 0.176674364896
0.336622807018 0.177251732102
0.336254107338 0.177251732102
0.335886214442 0.177251732102
0.336612021858 0.177829099307
0.336244541485 0.177829099307
0.336968375136 0.178406466513
0.33660130719 0.178406466513
0.337323177367 0.178983833718
0.336956521739 0.178983833718
0.337676438654 0.179561200924
0.337310195228 0.179561200924
0.338028169014 0.180138568129
0.337662337662 0.180138568129
0.337297297297 0.180138568129
0.338012958963 0.180715935335
0.33764832794 0.180715935335
0.337284482759 0.180715935335
0.336921420883 0.180715935335
0.336559139785 0.180715935335
0.33619763695 0.180715935335
0.335836909871 0.180715935335
0.336548767417 0.18129330254
0.337259100642 0.181870669746
0.336898395722 0.181870669746
0.336538461538 0.181870669746
0.336179295624 0.181870669746
0.335820895522 0.181870669746
0.336528221512 0.182448036952
0.337234042553 0.183025404157
0.336875664187 0.183025404157
0.337579617834 0.183602771363
0.337221633086 0.183602771363
0.337923728814 0.184180138568
0.337566137566 0.184180138568
0.337209302326 0.184180138568
0.336853220697 0.184180138568
0.336497890295 0.184180138568
0.336143308746 0.184180138568
0.335789473684 0.184180138568
0.335436382755 0.184180138568
0.335084033613 0.184180138568
0.335781741868 0.184757505774
0.335429769392 0.184757505774
0.335078534031 0.184757505774
0.334728033473 0.184757505774
0.334378265413 0.184757505774
0.334029227557 0.184757505774
0.33472367049 0.185334872979
0.334375 0.185334872979
0.334027055151 0.185334872979
0.33367983368 0.185334872979
0.333333333333 0.185334872979
0.332987551867 0.185334872979
0.332642487047 0.185334872979
0.332298136646 0.185334872979
0.331954498449 0.185334872979
0.331611570248 0.185334872979
0.331269349845 0.185334872979
0.331958762887 0.185912240185
0.332646755922 0.18648960739
0.333333333333 0.187066974596
0.332990750257 0.187066974596
0.332648870637 0.187066974596
0.332307692308 0.187066974596
0.331967213115 0.187066974596
0.332650972364 0.187644341801
0.332310838446 0.187644341801
0.331971399387 0.187644341801
0.331632653061 0.187644341801
0.33129459735 0.187644341801
0.330957230143 0.187644341801
0.330620549339 0.187644341801
0.331300813008 0.188221709007
0.330964467005 0.188221709007
0.330628803245 0.188221709007
0.330293819656 0.188221709007
0.32995951417 0.188221709007
0.329625884732 0.188221709007
0.329292929293 0.188221709007
0.328960645812 0.188221709007
0.328629032258 0.188221709007
0.328298086606 0.188221709007
0.327967806841 0.188221709007
0.327638190955 0.188221709007
0.327309236948 0.188221709007
0.327983951856 0.188799076212
0.327655310621 0.188799076212
0.327327327327 0.188799076212
0.327 0.188799076212
0.326673326673 0.188799076212
0.326347305389 0.188799076212
0.326021934197 0.188799076212
0.325697211155 0.188799076212
0.325373134328 0.188799076212
0.325049701789 0.188799076212
0.325719960278 0.189376443418
0.326388888889 0.189953810624
0.326065411298 0.189953810624
0.325742574257 0.189953810624
0.325420375865 0.189953810624
0.325098814229 0.189953810624
0.324777887463 0.189953810624
0.324457593688 0.189953810624
0.325123152709 0.190531177829
0.325787401575 0.191108545035
0.326450344149 0.19168591224
0.326129666012 0.19168591224
0.325809617272 0.19168591224
0.325490196078 0.19168591224
0.325171400588 0.19168591224
0.324853228963 0.19168591224
0.324535679374 0.19168591224
0.3251953125 0.192263279446
0.32487804878 0.192263279446
0.324561403509 0.192263279446
0.324245374878 0.192263279446
0.323929961089 0.192263279446
0.32361516035 0.192263279446
0.323300970874 0.192263279446
0.322987390883 0.192263279446
0.322674418605 0.192263279446
0.323330106486 0.192840646651
0.323984526112 0.193418013857
0.324637681159 0.193995381062
0.324324324324 0.193995381062
0.324011571842 0.193995381062
0.323699421965 0.193995381062
0.323387872955 0.193995381062
0.324038461538 0.194572748268
0.323727185399 0.194572748268
0.323416506718 0.194572748268
0.323106423778 0.194572748268
0.322796934866 0.194572748268
0.323444976077 0.195150115473
0.323135755258 0.195150115473
0.322827125119 0.195150115473
0.322519083969 0.195150115473
0.322211630124 0.195150115473
0.321904761905 0.195150115473
0.32159847764 0.195150115473
0.322243346008 0.195727482679
0.321937321937 0.195727482679
0.321631878558 0.195727482679
0.321327014218 0.195727482679
0.321022727273 0.195727482679
0.320719016083 0.195727482679
0.320415879017 0.195727482679
0.320113314448 0.195727482679
0.319811320755 0.195727482679
0.319509896324 0.195727482679
0.319209039548 0.195727482679
0.318908748824 0.195727482679
0.31954887218 0.196304849885
0.319248826291 0.196304849885
0.31894934334 0.196304849885
0.319587628866 0.19688221709
0.319288389513 0.19688221709
0.318989710009 0.19688221709
0.318691588785 0.19688221709
0.318394024276 0.19688221709
0.319029850746 0.197459584296
0.318732525629 0.197459584296
0.319366852886 0.198036951501
0.32 0.198614318707
0.31970260223 0.198614318707
0.319405756732 0.198614318707
0.319109461967 0.198614318707
0.318813716404 0.198614318707
0.318518518519 0.198614318707
0.31822386679 0.198614318707
0.317929759704 0.198614318707
0.317636195753 0.198614318707
0.317343173432 0.198614318707
0.317050691244 0.198614318707
0.317679558011 0.199191685912
0.317387304508 0.199191685912
0.317095588235 0.199191685912
0.316804407713 0.199191685912
0.317431192661 0.199769053118
0.317140238313 0.199769053118
0.31684981685 0.199769053118
0.31747483989 0.200346420323
0.31718464351 0.200346420323
0.316894977169 0.200346420323
0.316605839416 0.200346420323
0.316317228806 0.200346420323
0.31693989071 0.200923787529
0.317561419472 0.201501154734
0.317272727273 0.201501154734
0.316984559491 0.201501154734
0.316696914701 0.201501154734
0.316409791478 0.201501154734
0.316123188406 0.201501154734
0.316742081448 0.20207852194
0.316455696203 0.20207852194
0.316169828365 0.20207852194
0.315884476534 0.20207852194
0.315599639315 0.20207852194
0.315315315315 0.20207852194
0.31503150315 0.20207852194
0.314748201439 0.20207852194
0.314465408805 0.20207852194
0.315080789946 0.202655889145
0.314798206278 0.202655889145
0.314516129032 0.202655889145
0.315129811996 0.203233256351
0.314847942755 0.203233256351
0.31546023235 0.203810623557
0.315178571429 0.203810623557
0.315789473684 0.204387990762
0.316399286988 0.204965357968
0.316117542297 0.204965357968
0.315836298932 0.204965357968
0.315555555556 0.204965357968
0.315275310835 0.204965357968
0.315882874889 0.205542725173
0.315602836879 0.205542725173
0.315323294951 0.205542725173
0.315044247788 0.205542725173
0.314765694076 0.205542725173
0.315371024735 0.206120092379
0.315092674316 0.206120092379
0.31569664903 0.206697459584
0.315418502203 0.206697459584
0.31514084507 0.206697459584
0.314863676341 0.206697459584
0.314586994728 0.206697459584
0.314310798946 0.206697459584
0.314035087719 0.206697459584
0.313759859772 0.206697459584
0.313485113835 0.206697459584
0.313210848644 0.206697459584
0.312937062937 0.206697459584
0.312663755459 0.206697459584
0.312390924956 0.206697459584
0.312118570183 0.206697459584
0.311846689895 0.206697459584
0.312445604874 0.20727482679
0.312173913043 0.20727482679
0.31190269331 0.20727482679
0.311631944444 0.20727482679
0.311361665221 0.20727482679
0.311091854419 0.20727482679
0.310822510823 0.20727482679
0.311418685121 0.207852193995
0.311149524633 0.207852193995
0.310880829016 0.207852193995
0.310612597066 0.207852193995
0.310344827586 0.207852193995
0.310938845823 0.208429561201
0.310671256454 0.208429561201
0.310404127257 0.208429561201
0.310137457045 0.208429561201
0.310729613734 0.209006928406
0.310463121784 0.209006928406
0.310197086547 0.209006928406
0.309931506849 0.209006928406
0.309666381523 0.209006928406
0.309401709402 0.209006928406
0.30999146029 0.209584295612
0.309726962457 0.209584295612
0.309462915601 0.209584295612
0.309199318569 0.209584295612
0.308936170213 0.209584295612
0.308673469388 0.209584295612
0.308411214953 0.209584295612
0.308149405772 0.209584295612
0.307888040712 0.209584295612
0.307627118644 0.209584295612
0.308213378493 0.210161662818
0.307952622673 0.210161662818
0.307692307692 0.210161662818
0.308277027027 0.210739030023
0.308016877637 0.210739030023
0.307757166948 0.210739030023
0.30749789385 0.210739030023
0.307239057239 0.210739030023
0.307821698907 0.211316397229
0.30756302521 0.211316397229
0.307304785894 0.211316397229
0.307046979866 0.211316397229
0.306789606035 0.211316397229
0.306532663317 0.211316397229
0.307112970711 0.211893764434
0.306856187291 0.211893764434
0.306599832916 0.211893764434
0.306343906511 0.211893764434
0.306088407006 0.211893764434
0.305833333333 0.211893764434
0.30557868443 0.211893764434
0.305324459235 0.211893764434
0.305901911887 0.21247113164
0.305647840532 0.21247113164
0.305394190871 0.21247113164
0.305140961857 0.21247113164
0.304888152444 0.21247113164
0.304635761589 0.21247113164
0.304383788255 0.21247113164
0.304958677686 0.213048498845
0.30470685384 0.213048498845
0.304455445545 0.213048498845
0.304204451772 0.213048498845
0.303953871499 0.213048498845
0.303703703704 0.213048498845
0.303453947368 0.213048498845
0.303204601479 0.213048498845
0.303776683087 0.213625866051
0.303527481542 0.213625866051
0.303278688525 0.213625866051
0.30303030303 0.213625866051
0.302782324059 0.213625866051
0.302534750613 0.213625866051
0.302287581699 0.213625866051
0.302040816327 0.213625866051
0.301794453507 0.213625866051
0.301548492258 0.213625866051
0.302117263844 0.214203233256
0.302685109845 0.214780600462
0.30243902439 0.214780600462
0.303005686434 0.215357967667
0.30275974026 0.215357967667
0.302514193025 0.215357967667
0.30226904376 0.215357967667
0.302024291498 0.215357967667
0.301779935275 0.215357967667
0.301535974131 0.215357967667
0.301292407108 0.215357967667
0.301049233253 0.215357967667
0.300806451613 0.215357967667
0.300564061241 0.215357967667
0.300322061192 0.215357967667
0.300080450523 0.215357967667
0.299839228296 0.215357967667
0.299598393574 0.215357967667
0.299357945425 0.215357967667
0.299117882919 0.215357967667
0.298878205128 0.215357967667
0.298638911129 0.215357967667
0.2984 0.215357967667
0.298161470823 0.215357967667
0.297923322684 0.215357967667
0.297685554669 0.215357967667
0.297448165869 0.215357967667
0.297211155378 0.215357967667
0.297770700637 0.215935334873
0.29753381066 0.215935334873
0.297297297297 0.215935334873
0.297061159651 0.215935334873
0.296825396825 0.215935334873
0.297383029342 0.216512702079
0.29793977813 0.217090069284
0.297703879652 0.217090069284
0.29746835443 0.217090069284
0.297233201581 0.217090069284
0.297788309637 0.21766743649
0.297553275454 0.21766743649
0.298107255521 0.218244803695
0.29866036249 0.218822170901
0.29842519685 0.218822170901
0.298190401259 0.218822170901
0.297955974843 0.218822170901
0.297721916732 0.218822170901
0.29748822606 0.218822170901
0.297254901961 0.218822170901
0.297805642633 0.219399538106
0.297572435395 0.219399538106
0.297339593114 0.219399538106
0.297107114934 0.219399538106
0.296875 0.219399538106
0.297423887588 0.219976905312
0.297191887676 0.219976905312
0.296960249415 0.219976905312
0.296728971963 0.219976905312
0.296498054475 0.219976905312
0.296267496112 0.219976905312
0.296037296037 0.219976905312
0.295807453416 0.219976905312
0.295577967417 0.219976905312
0.295348837209 0.219976905312
0.295120061967 0.219976905312
0.295665634675 0.220554272517
0.295436968291 0.220554272517
0.295208655332 0.220554272517
0.295752895753 0.221131639723
0.295524691358 0.221131639723
0.295296838859 0.221131639723
0.295839753467 0.221709006928
0.295612009238 0.221709006928
0.295384615385 0.221709006928
0.295926210607 0.222286374134
0.295698924731 0.222286374134
0.295471987721 0.222286374134
0.295245398773 0.222286374134
0.295019157088 0.222286374134
0.294793261868 0.222286374134
0.294567712318 0.222286374134
0.295107033639 0.222863741339
0.294881588999 0.222863741339
0.29465648855 0.222863741339
0.294431731503 0.222863741339
0.294207317073 0.222863741339
0.294744859101 0.223441108545
0.294520547945 0.223441108545
0.294296577947 0.223441108545
0.294832826748 0.224018475751
0.294608959757 0.224018475751
0.294385432473 0.224018475751
0.294162244124 0.224018475751
0.293939393939 0.224018475751
0.293716881151 0.224018475751
0.293494704992 0.224018475751
0.293272864701 0.224018475751
0.293051359517 0.224018475751
0.292830188679 0.224018475751
0.292609351433 0.224018475751
0.292388847023 0.224018475751
0.292921686747 0.224595842956
0.292701279157 0.224595842956
0.292481203008 0.224595842956
0.292261457551 0.224595842956
0.292792792793 0.225173210162
0.292573143286 0.225173210162
0.292353823088 0.225173210162
0.292883895131 0.225750577367
0.292664670659 0.225750577367
0.292445774121 0.225750577367
0.292227204783 0.225750577367
0.292755787901 0.226327944573
0.292537313433 0.226327944573
0.292319164802 0.226327944573
0.292101341282 0.226327944573
0.291883842144 0.226327944573
0.291666666667 0.226327944573
0.291449814126 0.226327944573
0.291233283804 0.226327944573
0.291017074981 0.226327944573
0.290801186944 0.226327944573
0.290585618977 0.226327944573
0.29037037037 0.226327944573
0.290155440415 0.226327944573
0.289940828402 0.226327944573
0.289726533629 0.226327944573
0.290251107829 0.226905311778
0.290774907749 0.227482678984
0.290560471976 0.227482678984
0.290346352248 0.227482678984
0.290132547865 0.227482678984
0.289919058131 0.227482678984
0.289705882353 0.227482678984
0.289493019838 0.227482678984
0.289280469897 0.227482678984
0.289801907557 0.228060046189
0.289589442815 0.228060046189
0.289377289377 0.228060046189
0.289165446559 0.228060046189
0.28895391368 0.228060046189
0.288742690058 0.228060046189
0.288531775018 0.228060046189
0.288321167883 0.228060046189
0.28811086798 0.228060046189
0.288629737609 0.228637413395
0.288419519301 0.228637413395
0.288209606987 0.228637413395
0.288 0.228637413395
0.287790697674 0.228637413395
0.288307915759 0.2292147806
0.288098693759 0.2292147806
0.287889775199 0.2292147806
0.288405797101 0.229792147806
0.288196958726 0.229792147806
0.288712011577 0.230369515012
0.289226319595 0.230946882217
0.289739884393 0.231524249423
0.289530685921 0.231524249423
0.289321789322 0.231524249423
0.289113193944 0.231524249423
0.288904899135 0.231524249423
0.288696904248 0.231524249423
0.288489208633 0.231524249423
0.288281811646 0.231524249423
0.288074712644 0.231524249423
0.287867910983 0.231524249423
0.288378766141 0.232101616628
0.288172043011 0.232101616628
0.287965616046 0.232101616628
0.28775948461 0.232101616628
0.287553648069 0.232101616628
0.28734810579 0.232101616628
0.287142857143 0.232101616628
0.286937901499 0.232101616628
0.286733238231 0.232101616628
0.286528866714 0.232101616628
0.286324786325 0.232101616628
0.286120996441 0.232101616628
0.285917496444 0.232101616628
0.286425017768 0.232678983834
0.286221590909 0.232678983834
0.286018452803 0.232678983834
0.285815602837 0.232678983834
0.286321757619 0.233256351039
0.28611898017 0.233256351039
0.286624203822 0.233833718245
0.287128712871 0.23441108545
0.287632508834 0.234988452656
0.287429378531 0.234988452656
0.287226534933 0.234988452656
0.287023977433 0.234988452656
0.286821705426 0.234988452656
0.28661971831 0.234988452656
0.286418015482 0.234988452656
0.286216596343 0.234988452656
0.286718200984 0.235565819861
0.287219101124 0.236143187067
0.28701754386 0.236143187067
0.287517531557 0.236720554273
0.2880168185 0.237297921478
0.28781512605 0.237297921478
0.287613715885 0.237297921478
0.287412587413 0.237297921478
0.287211740042 0.237297921478
0.287011173184 0.237297921478
0.286810886253 0.237297921478
0.287308228731 0.237875288684
0.287804878049 0.238452655889
0.287604456825 0.238452655889
0.287404314544 0.238452655889
0.287204450626 0.238452655889
0.287004864489 0.238452655889
0.286805555556 0.238452655889
0.286606523248 0.238452655889
0.28640776699 0.238452655889
0.286209286209 0.238452655889
0.286703601108 0.239030023095
0.286505190311 0.239030023095
0.286307053942 0.239030023095
0.286109191431 0.239030023095
0.286602209945 0.2396073903
0.287094547964 0.240184757506
0.286896551724 0.240184757506
0.286698828394 0.240184757506
0.28650137741 0.240184757506
0.286304198211 0.240184757506
0.286107290234 0.240184757506
0.285910652921 0.240184757506
0.286401098901 0.240762124711
0.286204529856 0.240762124711
0.286008230453 0.240762124711
0.285812200137 0.240762124711
0.285616438356 0.240762124711
0.285420944559 0.240762124711
0.285909712722 0.241339491917
0.286397812714 0.241916859122
0.286202185792 0.241916859122
0.286006825939 0.241916859122
0.285811732606 0.241916859122
0.286298568507 0.242494226328
0.286103542234 0.242494226328
0.285908781484 0.242494226328
0.285714285714 0.242494226328
0.285520054385 0.242494226328
0.285326086957 0.242494226328
0.285132382892 0.242494226328
0.284938941655 0.242494226328
0.284745762712 0.242494226328
0.284552845528 0.242494226328
0.284360189573 0.242494226328
0.284167794317 0.242494226328
0.283975659229 0.242494226328
0.283783783784 0.242494226328
0.283592167454 0.242494226328
0.283400809717 0.242494226328
0.283209710047 0.242494226328
0.283018867925 0.242494226328
0.282828282828 0.242494226328
0.28263795424 0.242494226328
0.282447881641 0.242494226328
0.282258064516 0.242494226328
0.282068502351 0.242494226328
0.281879194631 0.242494226328
0.281690140845 0.242494226328
0.281501340483 0.242494226328
0.281312793034 0.242494226328
0.281124497992 0.242494226328
0.280936454849 0.242494226328
0.280748663102 0.242494226328
0.280561122244 0.242494226328
0.280373831776 0.242494226328
0.280853902602 0.243071593533
0.280666666667 0.243071593533
0.280479680213 0.243071593533
0.280292942743 0.243071593533
0.280771789754 0.243648960739
0.280585106383 0.243648960739
0.280398671096 0.243648960739
0.2802124834 0.243648960739
0.2800265428 0.243648960739
0.279840848806 0.243648960739
0.279655400928 0.243648960739
0.279470198675 0.243648960739
0.279285241562 0.243648960739
0.279100529101 0.243648960739
0.278916060806 0.243648960739
0.278731836196 0.243648960739
0.278547854785 0.243648960739
0.278364116095 0.243648960739
0.278180619644 0.243648960739
0.277997364954 0.243648960739
0.277814351547 0.243648960739
0.277631578947 0.243648960739
0.27744904668 0.243648960739
0.277266754271 0.243648960739
0.277084701248 0.243648960739
0.277559055118 0.244226327945
0.27737704918 0.244226327945
0.277195281782 0.244226327945
0.277013752456 0.244226327945
0.276832460733 0.244226327945
0.276651406148 0.244226327945
0.276470588235 0.244226327945
0.276290006532 0.244226327945
0.276762402089 0.24480369515
0.276581865623 0.24480369515
0.276401564537 0.24480369515
0.276221498371 0.24480369515
0.276041666667 0.24480369515
0.275862068966 0.24480369515
0.275682704811 0.24480369515
0.275503573749 0.24480369515
0.275324675325 0.24480369515
0.275146009085 0.24480369515
0.275616083009 0.245381062356
0.275437459494 0.245381062356
0.275259067358 0.245381062356
0.275080906149 0.245381062356
0.27490297542 0.245381062356
0.274725274725 0.245381062356
0.274547803618 0.245381062356
0.274370561653 0.245381062356
0.274193548387 0.245381062356
0.274016763378 0.245381062356
0.273840206186 0.245381062356
0.274307791372 0.245958429561
0.274131274131 0.245958429561
0.273954983923 0.245958429561
0.273778920308 0.245958429561
0.273603082852 0.245958429561
0.273427471117 0.245958429561
0.27325208467 0.245958429561
0.273076923077 0.245958429561
0.272901985906 0.245958429561
0.272727272727 0.245958429561
0.272552783109 0.245958429561
0.272378516624 0.245958429561
0.272843450479 0.246535796767
0.273307790549 0.247113163972
0.273133375877 0.247113163972
0.272959183673 0.247113163972
0.273422562141 0.247690531178
0.273885350318 0.248267898383
0.273711012094 0.248267898383
0.273536895674 0.248267898383
0.273363000636 0.248267898383
0.273824650572 0.248845265589
0.274285714286 0.249422632794
0.274111675127 0.249422632794
0.274571972099 0.25
0.274397972117 0.25
0.274224192527 0.25
0.274050632911 0.25
0.274509803922 0.250577367206
0.274336283186 0.250577367206
0.27416298168 0.250577367206
0.27398989899 0.250577367206
0.2738170347 0.250577367206
0.273644388398 0.250577367206
0.273471959672 0.250577367206
0.273299748111 0.250577367206
0.273127753304 0.250577367206
0.272955974843 0.250577367206
0.272784412319 0.250577367206
0.272613065327 0.250577367206
0.272441933459 0.250577367206
0.272898368883 0.251154734411
0.272727272727 0.251154734411
0.272556390977 0.251154734411
0.272385723231 0.251154734411
0.272215269086 0.251154734411
0.272045028143 0.251154734411
0.271875 0.251154734411
0.272329793879 0.251732101617
0.27215980025 0.251732101617
0.271990018715 0.251732101617
0.272443890274 0.252309468822
0.272897196262 0.252886836028
0.272727272727 0.252886836028
0.272557560672 0.252886836028
0.272388059701 0.252886836028
0.272218769422 0.252886836028
0.272049689441 0.252886836028
0.271880819367 0.252886836028
0.272332506203 0.253464203233
0.27216367018 0.253464203233
0.271995043371 0.253464203233
0.271826625387 0.253464203233
0.271658415842 0.253464203233
0.271490414348 0.253464203233
0.271322620519 0.253464203233
0.271155033972 0.253464203233
0.270987654321 0.253464203233
0.270820481184 0.253464203233
0.27065351418 0.253464203233
0.270486752927 0.253464203233
0.270935960591 0.254041570439
0.270769230769 0.254041570439
0.270602706027 0.254041570439
0.271051014136 0.254618937644
0.270884520885 0.254618937644
0.270718232044 0.254618937644
0.270552147239 0.254618937644
0.270999386879 0.25519630485
0.270833333333 0.25519630485
0.271279853031 0.255773672055
0.271113831089 0.255773672055
0.270948012232 0.255773672055
0.270782396088 0.255773672055
0.270616982285 0.255773672055
0.270451770452 0.255773672055
0.27028676022 0.255773672055
0.27012195122 0.255773672055
0.269957343083 0.255773672055
0.269792935445 0.255773672055
0.269628727937 0.255773672055
0.269464720195 0.255773672055
0.269300911854 0.255773672055
0.269137302552 0.255773672055
0.268973891925 0.255773672055
0.268810679612 0.255773672055
0.268647665252 0.255773672055
0.268484848485 0.255773672055
0.268322228952 0.255773672055
0.268159806295 0.255773672055
0.267997580157 0.255773672055
0.268440145103 0.256351039261
0.268277945619 0.256351039261
0.268115942029 0.256351039261
0.267954133977 0.256351039261
0.26779252111 0.256351039261
0.267631103074 0.256351039261
0.267469879518 0.256351039261
0.26730885009 0.256351039261
0.267749699158 0.256928406467
0.267588695129 0.256928406467
0.267427884615 0.256928406467
0.267267267267 0.256928406467
0.267106842737 0.256928406467
0.266946610678 0.256928406467
0.266786570743 0.256928406467
0.266626722588 0.256928406467
0.266467065868 0.256928406467
0.266307600239 0.256928406467
0.266746411483 0.257505773672
0.266586969516 0.257505773672
0.266427718041 0.257505773672
0.266268656716 0.257505773672
0.266706443914 0.258083140878
0.266547406082 0.258083140878
0.266388557807 0.258083140878
0.266229898749 0.258083140878
0.266071428571 0.258083140878
0.265913146936 0.258083140878
0.265755053508 0.258083140878
0.26559714795 0.258083140878
0.266033254157 0.258660508083
0.26587537092 0.258660508083
0.266310794781 0.259237875289
0.266152934203 0.259237875289
0.265995260664 0.259237875289
0.265837773831 0.259237875289
0.265680473373 0.259237875289
0.266114725015 0.259815242494
0.265957446809 0.259815242494
0.2658003544 0.259815242494
0.265643447462 0.259815242494
0.266076696165 0.2603926097
0.265919811321 0.2603926097
0.265763111373 0.2603926097
0.265606595995 0.2603926097
0.265450264862 0.2603926097
0.265294117647 0.2603926097
0.265138154027 0.2603926097
0.264982373678 0.2603926097
0.264826776277 0.2603926097
0.264671361502 0.2603926097
0.264516129032 0.2603926097
0.264361078546 0.2603926097
0.264792032806 0.260969976905
0.264637002342 0.260969976905
0.265067290813 0.261547344111
0.264912280702 0.261547344111
0.264757451783 0.261547344111
0.264602803738 0.261547344111
0.264448336252 0.261547344111
0.264294049008 0.261547344111
0.264139941691 0.261547344111
0.263986013986 0.261547344111
0.264414676762 0.262124711316
0.264260768335 0.262124711316
0.264107038976 0.262124711316
0.263953488372 0.262124711316
0.263800116212 0.262124711316
0.263646922184 0.262124711316
0.263493905978 0.262124711316
0.263341067285 0.262124711316
0.263188405797 0.262124711316
0.263035921205 0.262124711316
0.262883613202 0.262124711316
0.262731481481 0.262124711316
0.262579525737 0.262124711316
0.262427745665 0.262124711316
0.262276140959 0.262124711316
0.262124711316 0.262124711316
0.262550490479 0.262702078522
0.262399077278 0.262702078522
0.262824207493 0.263279445727
0.26267281106 0.263279445727
0.263097294185 0.263856812933
0.262945914845 0.263856812933
0.263369752731 0.264434180139
0.263218390805 0.264434180139
0.263641585296 0.265011547344
0.263490241102 0.265011547344
0.263339070568 0.265011547344
0.263188073394 0.265011547344
0.263037249284 0.265011547344
0.262886597938 0.265011547344
0.262736119061 0.265011547344
0.262585812357 0.265011547344
0.26243567753 0.265011547344
0.262285714286 0.265011547344
0.262707024557 0.26558891455
0.263127853881 0.266166281755
0.262977752424 0.266166281755
0.262827822121 0.266166281755
0.262678062678 0.266166281755
0.262528473804 0.266166281755
0.262379055208 0.266166281755
0.262229806598 0.266166281755
0.262080727686 0.266166281755
0.261931818182 0.266166281755
0.261783077797 0.266166281755
0.262202043133 0.266743648961
0.262053318208 0.266743648961
0.261904761905 0.266743648961
0.261756373938 0.266743648961
0.26160815402 0.266743648961
0.261460101868 0.266743648961
0.261312217195 0.266743648961
0.261729790842 0.267321016166
0.262146892655 0.267898383372
0.261998870695 0.267898383372
0.261851015801 0.267898383372
0.261703327693 0.267898383372
0.261555806088 0.267898383372
0.261971830986 0.268475750577
0.262387387387 0.269053117783
0.262802476083 0.269630484988
0.263217097863 0.270207852194
0.263069139966 0.270207852194
0.262921348315 0.270207852194
0.263335204941 0.2707852194
0.263187429854 0.2707852194
0.263039820527 0.2707852194
0.262892376682 0.2707852194
0.263305322129 0.271362586605
0.263157894737 0.271362586605
0.263010632345 0.271362586605
0.262863534676 0.271362586605
0.263275572946 0.271939953811
0.26312849162 0.271939953811
0.262981574539 0.271939953811
0.262834821429 0.271939953811
0.262688232013 0.271939953811
0.26254180602 0.271939953811
0.262395543175 0.271939953811
0.262249443207 0.271939953811
0.262103505843 0.271939953811
0.261957730812 0.271939953811
0.261812117843 0.271939953811
0.261666666667 0.271939953811
0.261521377013 0.271939953811
0.261376248613 0.271939953811
0.261231281198 0.271939953811
0.261086474501 0.271939953811
0.260941828255 0.271939953811
0.260797342193 0.271939953811
0.26120641948 0.272517321016
0.261061946903 0.272517321016
0.260917634052 0.272517321016
0.260773480663 0.272517321016
0.260629486472 0.272517321016
0.260485651214 0.272517321016
0.260893546608 0.273094688222
0.261300992282 0.273672055427
0.261157024793 0.273672055427
0.261013215859 0.273672055427
0.260869565217 0.273672055427
0.260726072607 0.273672055427
0.260582737768 0.273672055427
0.260989010989 0.274249422633
0.260845689182 0.274249422633
0.260702524698 0.274249422633
0.260559517279 0.274249422633
0.260416666667 0.274249422633
0.260821917808 0.274826789838
0.260679079956 0.274826789838
0.261083743842 0.275404157044
0.260940919037 0.275404157044
0.26079825041 0.275404157044
0.260655737705 0.275404157044
0.260513380666 0.275404157044
0.260371179039 0.275404157044
0.260774686307 0.275981524249
0.260632497274 0.275981524249
0.261035422343 0.276558891455
0.260893246187 0.276558891455
0.260751224823 0.276558891455
0.260609357998 0.276558891455
0.260467645459 0.276558891455
0.260869565217 0.277136258661
0.260727865291 0.277136258661
0.260586319218 0.277136258661
0.260987520347 0.277713625866
0.260845986985 0.277713625866
0.260704607046 0.277713625866
0.260563380282 0.277713625866
0.260963724959 0.278290993072
0.260822510823 0.278290993072
0.260681449432 0.278290993072
0.261081081081 0.278868360277
0.260940032415 0.278868360277
0.260799136069 0.278868360277
0.260658391797 0.278868360277
0.260517799353 0.278868360277
0.260377358491 0.278868360277
0.260237068966 0.278868360277
0.260096930533 0.278868360277
0.259956942949 0.278868360277
0.259817105971 0.278868360277
0.259677419355 0.278868360277
0.260075228372 0.279445727483
0.259935553169 0.279445727483
0.260332796565 0.280023094688
0.260729613734 0.280600461894
0.260589812332 0.280600461894
0.260450160772 0.280600461894
0.26084627745 0.281177829099
0.260706638116 0.281177829099
0.260567148208 0.281177829099
0.260427807487 0.281177829099
0.260288615714 0.281177829099
0.26014957265 0.281177829099
0.260010678057 0.281177829099
0.259871931697 0.281177829099
0.259733333333 0.281177829099
0.259594882729 0.281177829099
0.259989344699 0.281755196305
0.259850905218 0.281755196305
0.259712613092 0.281755196305
0.259574468085 0.281755196305
