1.0 0.0
1.0 0.000577367205543
1.0 0.00115473441109
1.0 0.00173210161663
0.75 0.00173210161663
0.8 0.00230946882217
0.666666666667 0.00230946882217
0.714285714286 0.00288683602771
0.75 0.00346420323326
0.777777777778 0.0040415704388
0.8 0.00461893764434
0.818181818182 0.00519630484988
0.833333333333 0.00577367205543
0.846153846154 0.00635103926097
0.857142857143 0.00692840646651
0.8 0.00692840646651
0.8125 0.00750577367206
0.764705882353 0.00750577367206
0.722222222222 0.00750577367206
0.736842105263 0.0080831408776
0.75 0.00866050808314
0.761904761905 0.00923787528868
0.772727272727 0.00981524249423
0.739130434783 0.00981524249423
0.75 0.0103926096998
0.76 0.0109699769053
0.730769230769 0.0109699769053
0.703703703704 0.0109699769053
0.678571428571 0.0109699769053
0.655172413793 0.0109699769053
0.633333333333 0.0109699769053
0.612903225806 0.0109699769053
0.625 0.0115473441109
0.636363636364 0.0121247113164
0.647058823529 0.0127020785219
0.657142857143 0.0132794457275
0.666666666667 0.013856812933
0.648648648649 0.013856812933
0.631578947368 0.013856812933
0.641025641026 0.0144341801386
0.65 0.0150115473441
0.634146341463 0.0150115473441
0.642857142857 0.0155889145497
0.627906976744 0.0155889145497
0.613636363636 0.0155889145497
0.622222222222 0.0161662817552
0.608695652174 0.0161662817552
0.595744680851 0.0161662817552
0.583333333333 0.0161662817552
0.591836734694 0.0167436489607
0.6 0.0173210161663
0.607843137255 0.0178983833718
0.615384615385 0.0184757505774
0.622641509434 0.0190531177829
0.62962962963 0.0196304849885
0.618181818182 0.0196304849885
0.607142857143 0.0196304849885
0.614035087719 0.020207852194
0.620689655172 0.0207852193995
0.627118644068 0.0213625866051
0.633333333333 0.0219399538106
0.639344262295 0.0225173210162
0.629032258065 0.0225173210162
0.634920634921 0.0230946882217
0.625 0.0230946882217
0.615384615385 0.0230946882217
0.621212121212 0.0236720554273
0.611940298507 0.0236720554273
0.602941176471 0.0236720554273
0.594202898551 0.0236720554273
0.585714285714 0.0236720554273
0.591549295775 0.0242494226328
0.597222222222 0.0248267898383
0.602739726027 0.0254041570439
0.594594594595 0.0254041570439
0.586666666667 0.0254041570439
0.578947368421 0.0254041570439
0.571428571429 0.0254041570439
0.564102564103 0.0254041570439
0.569620253165 0.0259815242494
0.575 0.026558891455
0.567901234568 0.026558891455
0.573170731707 0.0271362586605
0.578313253012 0.0277136258661
0.571428571429 0.0277136258661
0.576470588235 0.0282909930716
0.581395348837 0.0288683602771
0.574712643678 0.0288683602771
0.568181818182 0.0288683602771
0.561797752809 0.0288683602771
0.566666666667 0.0294457274827
0.56043956044 0.0294457274827
0.565217391304 0.0300230946882
0.569892473118 0.0306004618938
0.563829787234 0.0306004618938
0.568421052632 0.0311778290993
0.572916666667 0.0317551963048
0.567010309278 0.0317551963048
0.561224489796 0.0317551963048
0.555555555556 0.0317551963048
0.55 0.0317551963048
0.544554455446 0.0317551963048
0.539215686275 0.0317551963048
0.543689320388 0.0323325635104
0.548076923077 0.0329099307159
0.552380952381 0.0334872979215
0.547169811321 0.0334872979215
0.551401869159 0.034064665127
0.546296296296 0.034064665127
0.54128440367 0.034064665127
0.545454545455 0.0346420323326
0.540540540541 0.0346420323326
0.544642857143 0.0352193995381
0.53982300885 0.0352193995381
0.543859649123 0.0357967667436
0.539130434783 0.0357967667436
0.534482758621 0.0357967667436
0.529914529915 0.0357967667436
0.533898305085 0.0363741339492
0.53781512605 0.0369515011547
0.533333333333 0.0369515011547
0.528925619835 0.0369515011547
0.524590163934 0.0369515011547
0.528455284553 0.0375288683603
0.532258064516 0.0381062355658
0.536 0.0386836027714
0.531746031746 0.0386836027714
0.535433070866 0.0392609699769
0.53125 0.0392609699769
0.527131782946 0.0392609699769
0.530769230769 0.0398383371824
0.526717557252 0.0398383371824
0.522727272727 0.0398383371824
0.518796992481 0.0398383371824
0.514925373134 0.0398383371824
0.511111111111 0.0398383371824
0.514705882353 0.040415704388
0.510948905109 0.040415704388
0.507246376812 0.040415704388
0.510791366906 0.0409930715935
0.507142857143 0.0409930715935
0.510638297872 0.0415704387991
0.507042253521 0.0415704387991
0.503496503497 0.0415704387991
0.506944444444 0.0421478060046
0.503448275862 0.0421478060046
0.5 0.0421478060046
0.496598639456 0.0421478060046
0.493243243243 0.0421478060046
0.489932885906 0.0421478060046
0.486666666667 0.0421478060046
0.483443708609 0.0421478060046
0.486842105263 0.0427251732102
0.483660130719 0.0427251732102
0.487012987013 0.0433025404157
0.490322580645 0.0438799076212
0.487179487179 0.0438799076212
0.484076433121 0.0438799076212
0.487341772152 0.0444572748268
0.48427672956 0.0444572748268
0.4875 0.0450346420323
0.490683229814 0.0456120092379
0.487654320988 0.0456120092379
0.490797546012 0.0461893764434
0.487804878049 0.0461893764434
0.484848484848 0.0461893764434
0.487951807229 0.046766743649
0.491017964072 0.0473441108545
0.488095238095 0.0473441108545
0.485207100592 0.0473441108545
0.488235294118 0.04792147806
0.491228070175 0.0484988452656
0.488372093023 0.0484988452656
0.485549132948 0.0484988452656
0.48275862069 0.0484988452656
0.485714285714 0.0490762124711
0.488636363636 0.0496535796767
0.485875706215 0.0496535796767
0.488764044944 0.0502309468822
0.486033519553 0.0502309468822
0.483333333333 0.0502309468822
0.480662983425 0.0502309468822
0.483516483516 0.0508083140878
0.48087431694 0.0508083140878
0.478260869565 0.0508083140878
0.475675675676 0.0508083140878
0.47311827957 0.0508083140878
0.475935828877 0.0513856812933
0.478723404255 0.0519630484988
0.47619047619 0.0519630484988
0.478947368421 0.0525404157044
0.476439790576 0.0525404157044
0.473958333333 0.0525404157044
0.471502590674 0.0525404157044
0.469072164948 0.0525404157044
0.471794871795 0.0531177829099
0.469387755102 0.0531177829099
0.467005076142 0.0531177829099
0.469696969697 0.0536951501155
0.467336683417 0.0536951501155
0.465 0.0536951501155
0.462686567164 0.0536951501155
0.460396039604 0.0536951501155
0.458128078818 0.0536951501155
0.460784313725 0.054272517321
0.458536585366 0.054272517321
0.456310679612 0.054272517321
0.454106280193 0.054272517321
0.451923076923 0.054272517321
0.44976076555 0.054272517321
0.447619047619 0.054272517321
0.450236966825 0.0548498845266
0.448113207547 0.0548498845266
0.446009389671 0.0548498845266
0.443925233645 0.0548498845266
0.446511627907 0.0554272517321
0.444444444444 0.0554272517321
0.447004608295 0.0560046189376
0.44495412844 0.0560046189376
0.442922374429 0.0560046189376
0.445454545455 0.0565819861432
0.443438914027 0.0565819861432
0.441441441441 0.0565819861432
0.439461883408 0.0565819861432
0.441964285714 0.0571593533487
0.44 0.0571593533487
0.442477876106 0.0577367205543
0.440528634361 0.0577367205543
0.438596491228 0.0577367205543
0.436681222707 0.0577367205543
0.434782608696 0.0577367205543
0.4329004329 0.0577367205543
0.431034482759 0.0577367205543
0.43347639485 0.0583140877598
0.431623931624 0.0583140877598
0.429787234043 0.0583140877598
0.427966101695 0.0583140877598
0.426160337553 0.0583140877598
0.424369747899 0.0583140877598
0.426778242678 0.0588914549654
0.429166666667 0.0594688221709
0.43153526971 0.0600461893764
0.433884297521 0.060623556582
0.432098765432 0.060623556582
0.434426229508 0.0612009237875
0.432653061224 0.0612009237875
0.430894308943 0.0612009237875
0.429149797571 0.0612009237875
0.427419354839 0.0612009237875
0.425702811245 0.0612009237875
0.424 0.0612009237875
0.422310756972 0.0612009237875
0.420634920635 0.0612009237875
0.418972332016 0.0612009237875
0.417322834646 0.0612009237875
0.419607843137 0.0617782909931
0.421875 0.0623556581986
0.424124513619 0.0629330254042
0.422480620155 0.0629330254042
0.42471042471 0.0635103926097
0.426923076923 0.0640877598152
0.425287356322 0.0640877598152
0.423664122137 0.0640877598152
0.422053231939 0.0640877598152
0.420454545455 0.0640877598152
0.422641509434 0.0646651270208
0.421052631579 0.0646651270208
0.419475655431 0.0646651270208
0.417910447761 0.0646651270208
0.416356877323 0.0646651270208
0.414814814815 0.0646651270208
0.416974169742 0.0652424942263
0.415441176471 0.0652424942263
0.413919413919 0.0652424942263
0.416058394161 0.0658198614319
0.414545454545 0.0658198614319
0.413043478261 0.0658198614319
0.41155234657 0.0658198614319
0.410071942446 0.0658198614319
0.408602150538 0.0658198614319
0.407142857143 0.0658198614319
0.409252669039 0.0663972286374
0.41134751773 0.066974595843
0.409893992933 0.066974595843
0.411971830986 0.0675519630485
0.414035087719 0.068129330254
0.412587412587 0.068129330254
0.414634146341 0.0687066974596
0.413194444444 0.0687066974596
0.411764705882 0.0687066974596
0.413793103448 0.0692840646651
0.412371134021 0.0692840646651
0.414383561644 0.0698614318707
0.412969283276 0.0698614318707
0.414965986395 0.0704387990762
0.413559322034 0.0704387990762
0.412162162162 0.0704387990762
0.414141414141 0.0710161662818
0.41610738255 0.0715935334873
0.418060200669 0.0721709006928
0.416666666667 0.0721709006928
0.418604651163 0.0727482678984
0.420529801325 0.0733256351039
0.422442244224 0.0739030023095
0.421052631579 0.0739030023095
0.419672131148 0.0739030023095
0.418300653595 0.0739030023095
0.420195439739 0.074480369515
0.418831168831 0.074480369515
0.42071197411 0.0750577367206
0.422580645161 0.0756351039261
0.424437299035 0.0762124711316
0.423076923077 0.0762124711316
0.424920127796 0.0767898383372
0.426751592357 0.0773672055427
0.425396825397 0.0773672055427
0.424050632911 0.0773672055427
0.422712933754 0.0773672055427
0.421383647799 0.0773672055427
0.423197492163 0.0779445727483
0.425 0.0785219399538
0.423676012461 0.0785219399538
0.422360248447 0.0785219399538
0.424148606811 0.0790993071594
0.422839506173 0.0790993071594
0.421538461538 0.0790993071594
0.420245398773 0.0790993071594
0.418960244648 0.0790993071594
0.420731707317 0.0796766743649
0.419452887538 0.0796766743649
0.421212121212 0.0802540415704
0.419939577039 0.0802540415704
0.418674698795 0.0802540415704
0.42042042042 0.080831408776
0.419161676647 0.080831408776
0.417910447761 0.080831408776
0.416666666667 0.080831408776
0.415430267062 0.080831408776
0.417159763314 0.0814087759815
0.418879056047 0.0819861431871
0.420588235294 0.0825635103926
0.41935483871 0.0825635103926
0.421052631579 0.0831408775982
0.419825072886 0.0831408775982
0.418604651163 0.0831408775982
0.417391304348 0.0831408775982
0.416184971098 0.0831408775982
0.414985590778 0.0831408775982
0.413793103448 0.0831408775982
0.412607449857 0.0831408775982
0.411428571429 0.0831408775982
0.410256410256 0.0831408775982
0.409090909091 0.0831408775982
0.410764872521 0.0837182448037
0.412429378531 0.0842956120092
0.411267605634 0.0842956120092
0.412921348315 0.0848729792148
0.411764705882 0.0848729792148
0.41061452514 0.0848729792148
0.412256267409 0.0854503464203
0.413888888889 0.0860277136259
0.412742382271 0.0860277136259
0.411602209945 0.0860277136259
0.410468319559 0.0860277136259
0.409340659341 0.0860277136259
0.408219178082 0.0860277136259
0.407103825137 0.0860277136259
0.408719346049 0.0866050808314
0.407608695652 0.0866050808314
0.406504065041 0.0866050808314
0.405405405405 0.0866050808314
0.407008086253 0.087182448037
0.405913978495 0.087182448037
0.407506702413 0.0877598152425
0.406417112299 0.0877598152425
0.405333333333 0.0877598152425
0.406914893617 0.088337182448
0.405835543767 0.088337182448
0.404761904762 0.088337182448
0.403693931398 0.088337182448
0.402631578947 0.088337182448
0.40157480315 0.088337182448
0.403141361257 0.0889145496536
0.404699738903 0.0894919168591
0.403645833333 0.0894919168591
0.402597402597 0.0894919168591
0.401554404145 0.0894919168591
0.400516795866 0.0894919168591
0.399484536082 0.0894919168591
0.401028277635 0.0900692840647
0.4 0.0900692840647
0.398976982097 0.0900692840647
0.397959183673 0.0900692840647
0.399491094148 0.0906466512702
0.39847715736 0.0906466512702
0.39746835443 0.0906466512702
0.396464646465 0.0906466512702
0.395465994962 0.0906466512702
0.394472361809 0.0906466512702
0.393483709273 0.0906466512702
0.395 0.0912240184758
0.394014962594 0.0912240184758
0.393034825871 0.0912240184758
0.39205955335 0.0912240184758
0.391089108911 0.0912240184758
0.392592592593 0.0918013856813
0.391625615764 0.0918013856813
0.390663390663 0.0918013856813
0.392156862745 0.0923787528868
0.393643031785 0.0929561200924
0.392682926829 0.0929561200924
0.391727493917 0.0929561200924
0.390776699029 0.0929561200924
0.389830508475 0.0929561200924
0.388888888889 0.0929561200924
0.390361445783 0.0935334872979
0.389423076923 0.0935334872979
0.390887290168 0.0941108545035
0.38995215311 0.0941108545035
0.389021479714 0.0941108545035
0.388095238095 0.0941108545035
0.387173396675 0.0941108545035
0.386255924171 0.0941108545035
0.385342789598 0.0941108545035
0.384433962264 0.0941108545035
0.383529411765 0.0941108545035
0.384976525822 0.094688221709
0.386416861827 0.0952655889145
0.385514018692 0.0952655889145
0.384615384615 0.0952655889145
0.383720930233 0.0952655889145
0.385150812065 0.0958429561201
0.384259259259 0.0958429561201
0.38337182448 0.0958429561201
0.382488479263 0.0958429561201
0.383908045977 0.0964203233256
0.383027522936 0.0964203233256
0.382151029748 0.0964203233256
0.381278538813 0.0964203233256
0.382687927107 0.0969976905312
0.381818181818 0.0969976905312
0.380952380952 0.0969976905312
0.380090497738 0.0969976905312
0.379232505643 0.0969976905312
0.378378378378 0.0969976905312
0.377528089888 0.0969976905312
0.378923766816 0.0975750577367
0.37807606264 0.0975750577367
0.377232142857 0.0975750577367
0.378619153675 0.0981524249423
0.38 0.0987297921478
0.379157427938 0.0987297921478
0.380530973451 0.0993071593533
0.379690949227 0.0993071593533
0.381057268722 0.0998845265589
0.38021978022 0.0998845265589
0.379385964912 0.0998845265589
0.380743982495 0.100461893764
0.379912663755 0.100461893764
0.37908496732 0.100461893764
0.378260869565 0.100461893764
0.379609544469 0.10103926097
0.378787878788 0.10103926097
0.377969762419 0.10103926097
0.377155172414 0.10103926097
0.378494623656 0.101616628176
0.377682403433 0.101616628176
0.379014989293 0.102193995381
0.378205128205 0.102193995381
0.377398720682 0.102193995381
0.376595744681 0.102193995381
0.377919320594 0.102771362587
0.377118644068 0.102771362587
0.37843551797 0.103348729792
0.379746835443 0.103926096998
0.378947368421 0.103926096998
0.38025210084 0.104503464203
0.381551362683 0.105080831409
0.380753138075 0.105080831409
0.379958246347 0.105080831409
0.38125 0.105658198614
0.380457380457 0.105658198614
0.379668049793 0.105658198614
0.378881987578 0.105658198614
0.380165289256 0.10623556582
0.379381443299 0.10623556582
0.380658436214 0.106812933025
0.379876796715 0.106812933025
0.381147540984 0.107390300231
0.38036809816 0.107390300231
0.381632653061 0.107967667436
0.380855397149 0.107967667436
0.380081300813 0.107967667436
0.379310344828 0.107967667436
0.378542510121 0.107967667436
0.379797979798 0.108545034642
0.379032258065 0.108545034642
0.380281690141 0.109122401848
0.379518072289 0.109122401848
0.37875751503 0.109122401848
0.38 0.109699769053
0.379241516966 0.109699769053
0.378486055777 0.109699769053
0.37972166998 0.110277136259
0.378968253968 0.110277136259
0.378217821782 0.110277136259
0.377470355731 0.110277136259
0.376725838264 0.110277136259
0.375984251969 0.110277136259
0.375245579568 0.110277136259
0.374509803922 0.110277136259
0.373776908023 0.110277136259
0.373046875 0.110277136259
0.372319688109 0.110277136259
0.371595330739 0.110277136259
0.370873786408 0.110277136259
0.37015503876 0.110277136259
0.369439071567 0.110277136259
0.368725868726 0.110277136259
0.368015414258 0.110277136259
0.369230769231 0.110854503464
0.368522072937 0.110854503464
0.367816091954 0.110854503464
0.367112810707 0.110854503464
0.36641221374 0.110854503464
0.367619047619 0.11143187067
0.366920152091 0.11143187067
0.368121442125 0.112009237875
0.367424242424 0.112009237875
0.368620037807 0.112586605081
0.367924528302 0.112586605081
0.369114877589 0.113163972286
0.368421052632 0.113163972286
0.367729831144 0.113163972286
0.367041198502 0.113163972286
0.366355140187 0.113163972286
0.365671641791 0.113163972286
0.364990689013 0.113163972286
0.364312267658 0.113163972286
0.363636363636 0.113163972286
0.362962962963 0.113163972286
0.364140480591 0.113741339492
0.363468634686 0.113741339492
0.362799263352 0.113741339492
0.363970588235 0.114318706697
0.365137614679 0.114896073903
0.364468864469 0.114896073903
0.363802559415 0.114896073903
0.363138686131 0.114896073903
0.36247723133 0.114896073903
0.361818181818 0.114896073903
0.361161524501 0.114896073903
0.360507246377 0.114896073903
0.359855334539 0.114896073903
0.359205776173 0.114896073903
0.358558558559 0.114896073903
0.357913669065 0.114896073903
0.357271095153 0.114896073903
0.356630824373 0.114896073903
0.355992844365 0.114896073903
0.357142857143 0.115473441109
0.356506238859 0.115473441109
0.357651245552 0.116050808314
0.358792184725 0.11662817552
0.359929078014 0.117205542725
0.361061946903 0.117782909931
0.362190812721 0.118360277136
0.361552028219 0.118360277136
0.360915492958 0.118360277136
0.360281195079 0.118360277136
0.359649122807 0.118360277136
0.359019264448 0.118360277136
0.358391608392 0.118360277136
0.357766143106 0.118360277136
0.358885017422 0.118937644342
0.358260869565 0.118937644342
0.357638888889 0.118937644342
0.357019064125 0.118937644342
0.356401384083 0.118937644342
0.357512953368 0.119515011547
0.358620689655 0.120092378753
0.358003442341 0.120092378753
0.357388316151 0.120092378753
0.356775300172 0.120092378753
0.356164383562 0.120092378753
0.355555555556 0.120092378753
0.356655290102 0.120669745958
0.35604770017 0.120669745958
0.355442176871 0.120669745958
0.356536502547 0.121247113164
0.35593220339 0.121247113164
0.357021996616 0.12182448037
0.356418918919 0.12182448037
0.355817875211 0.12182448037
0.356902356902 0.122401847575
0.357983193277 0.122979214781
0.359060402685 0.123556581986
0.36013400335 0.124133949192
0.361204013378 0.124711316397
0.360601001669 0.124711316397
0.36 0.124711316397
0.359400998336 0.124711316397
0.360465116279 0.125288683603
0.361525704809 0.125866050808
0.360927152318 0.125866050808
0.360330578512 0.125866050808
0.359735973597 0.125866050808
0.3607907743 0.126443418014
0.360197368421 0.126443418014
0.35960591133 0.126443418014
0.360655737705 0.127020785219
0.360065466448 0.127020785219
0.359477124183 0.127020785219
0.358890701468 0.127020785219
0.35993485342 0.127598152425
0.359349593496 0.127598152425
0.36038961039 0.12817551963
0.359805510535 0.12817551963
0.359223300971 0.12817551963
0.358642972536 0.12817551963
0.358064516129 0.12817551963
0.357487922705 0.12817551963
0.35691318328 0.12817551963
0.357945425361 0.128752886836
0.357371794872 0.128752886836
0.3584 0.129330254042
0.357827476038 0.129330254042
0.357256778309 0.129330254042
0.356687898089 0.129330254042
0.357710651828 0.129907621247
0.35873015873 0.130484988453
0.358161648177 0.130484988453
0.357594936709 0.130484988453
0.357030015798 0.130484988453
0.356466876972 0.130484988453
0.357480314961 0.131062355658
0.356918238994 0.131062355658
0.356357927786 0.131062355658
0.35736677116 0.131639722864
0.356807511737 0.131639722864
0.35625 0.131639722864
0.357254290172 0.132217090069
0.358255451713 0.132794457275
0.357698289269 0.132794457275
0.357142857143 0.132794457275
0.358139534884 0.13337182448
0.359133126935 0.133949191686
0.35857805255 0.133949191686
0.358024691358 0.133949191686
0.357473035439 0.133949191686
0.356923076923 0.133949191686
0.356374807988 0.133949191686
0.35736196319 0.134526558891
0.356814701378 0.134526558891
0.35626911315 0.134526558891
0.35572519084 0.134526558891
0.356707317073 0.135103926097
0.356164383562 0.135103926097
0.355623100304 0.135103926097
0.355083459788 0.135103926097
0.354545454545 0.135103926097
0.354009077156 0.135103926097
0.353474320242 0.135103926097
0.354449472097 0.135681293303
0.355421686747 0.136258660508
0.354887218045 0.136258660508
0.355855855856 0.136836027714
0.355322338831 0.136836027714
0.354790419162 0.136836027714
0.354260089686 0.136836027714
0.353731343284 0.136836027714
0.353204172876 0.136836027714
0.352678571429 0.136836027714
0.352154531947 0.136836027714
0.351632047478 0.136836027714
0.352592592593 0.137413394919
0.352071005917 0.137413394919
0.351550960118 0.137413394919
0.352507374631 0.137990762125
0.351988217968 0.137990762125
0.352941176471 0.13856812933
0.352422907489 0.13856812933
0.351906158358 0.13856812933
0.351390922401 0.13856812933
0.350877192982 0.13856812933
0.350364963504 0.13856812933
0.349854227405 0.13856812933
0.349344978166 0.13856812933
0.348837209302 0.13856812933
0.348330914369 0.13856812933
0.347826086957 0.13856812933
0.347322720695 0.13856812933
0.346820809249 0.13856812933
0.347763347763 0.139145496536
0.348703170029 0.139722863741
0.34964028777 0.140300230947
0.349137931034 0.140300230947
0.348637015782 0.140300230947
0.349570200573 0.140877598152
0.349070100143 0.140877598152
0.348571428571 0.140877598152
0.348074179743 0.140877598152
0.347578347578 0.140877598152
0.348506401138 0.141454965358
0.348011363636 0.141454965358
0.347517730496 0.141454965358
0.347025495751 0.141454965358
0.347949080622 0.142032332564
0.347457627119 0.142032332564
0.346967559944 0.142032332564
0.346478873239 0.142032332564
0.345991561181 0.142032332564
0.34691011236 0.142609699769
0.346423562412 0.142609699769
0.347338935574 0.143187066975
0.346853146853 0.143187066975
0.346368715084 0.143187066975
0.345885634589 0.143187066975
0.346796657382 0.14376443418
0.347705146036 0.144341801386
0.348611111111 0.144919168591
0.349514563107 0.145496535797
0.349030470914 0.145496535797
0.348547717842 0.145496535797
0.348066298343 0.145496535797
0.348965517241 0.146073903002
0.348484848485 0.146073903002
0.348005502063 0.146073903002
0.347527472527 0.146073903002
0.347050754458 0.146073903002
0.347945205479 0.146651270208
0.347469220246 0.146651270208
0.346994535519 0.146651270208
0.346521145975 0.146651270208
0.346049046322 0.146651270208
0.345578231293 0.146651270208
0.345108695652 0.146651270208
0.344640434193 0.146651270208
0.344173441734 0.146651270208
0.343707713126 0.146651270208
0.344594594595 0.147228637413
0.344129554656 0.147228637413
0.343665768194 0.147228637413
0.343203230148 0.147228637413
0.344086021505 0.147806004619
0.344966442953 0.148383371824
0.344504021448 0.148383371824
0.344042838019 0.148383371824
0.343582887701 0.148383371824
0.343124165554 0.148383371824
0.342666666667 0.148383371824
0.342210386152 0.148383371824
0.343085106383 0.14896073903
0.34395750332 0.149538106236
0.344827586207 0.150115473441
0.344370860927 0.150115473441
0.343915343915 0.150115473441
0.344782034346 0.150692840647
0.344327176781 0.150692840647
0.343873517787 0.150692840647
0.343421052632 0.150692840647
0.344283837057 0.151270207852
0.343832020997 0.151270207852
0.343381389253 0.151270207852
0.342931937173 0.151270207852
0.342483660131 0.151270207852
0.343342036554 0.151847575058
0.342894393742 0.151847575058
0.342447916667 0.151847575058
0.34200260078 0.151847575058
0.341558441558 0.151847575058
0.341115434501 0.151847575058
0.34067357513 0.151847575058
0.340232858991 0.151847575058
0.339793281654 0.151847575058
0.34064516129 0.152424942263
0.341494845361 0.153002309469
0.342342342342 0.153579676674
0.341902313625 0.153579676674
0.341463414634 0.153579676674
0.341025641026 0.153579676674
0.340588988476 0.153579676674
0.340153452685 0.153579676674
0.339719029374 0.153579676674
0.339285714286 0.153579676674
0.340127388535 0.15415704388
0.339694656489 0.15415704388
0.339263024142 0.15415704388
0.340101522843 0.154734411085
0.339670468948 0.154734411085
0.339240506329 0.154734411085
0.338811630847 0.154734411085
0.339646464646 0.155311778291
0.340479192938 0.155889145497
0.341309823678 0.156466512702
0.340880503145 0.156466512702
0.340452261307 0.156466512702
0.340025094103 0.156466512702
0.339598997494 0.156466512702
0.339173967459 0.156466512702
0.34 0.157043879908
0.339575530587 0.157043879908
0.339152119701 0.157043879908
0.338729763387 0.157043879908
0.338308457711 0.157043879908
0.337888198758 0.157043879908
0.338709677419 0.157621247113
0.338289962825 0.157621247113
0.337871287129 0.157621247113
0.337453646477 0.157621247113
0.337037037037 0.157621247113
0.336621454994 0.157621247113
0.336206896552 0.157621247113
0.335793357934 0.157621247113
0.335380835381 0.157621247113
0.336196319018 0.158198614319
0.335784313725 0.158198614319
0.335373317013 0.158198614319
0.334963325183 0.158198614319
0.335775335775 0.158775981524
0.335365853659 0.158775981524
0.334957369062 0.158775981524
0.334549878345 0.158775981524
0.334143377886 0.158775981524
0.334951456311 0.15935334873
0.334545454545 0.15935334873
0.334140435835 0.15935334873
0.333736396614 0.15935334873
0.334541062802 0.159930715935
0.334137515078 0.159930715935
0.333734939759 0.159930715935
0.333333333333 0.159930715935
0.332932692308 0.159930715935
0.332533013205 0.159930715935
0.332134292566 0.159930715935
0.331736526946 0.159930715935
0.331339712919 0.159930715935
0.330943847073 0.159930715935
0.330548926014 0.159930715935
0.331346841478 0.160508083141
0.330952380952 0.160508083141
0.330558858502 0.160508083141
0.330166270784 0.160508083141
0.329774614472 0.160508083141
0.330568720379 0.161085450346
0.331360946746 0.161662817552
0.330969267139 0.161662817552
0.330578512397 0.161662817552
0.330188679245 0.161662817552
0.329799764429 0.161662817552
0.329411764706 0.161662817552
0.330199764982 0.162240184758
0.330985915493 0.162817551963
0.331770222743 0.163394919169
0.332552693208 0.163972286374
0.33216374269 0.163972286374
0.331775700935 0.163972286374
0.331388564761 0.163972286374
0.331002331002 0.163972286374
0.330616996508 0.163972286374
0.331395348837 0.16454965358
0.331010452962 0.16454965358
0.330626450116 0.16454965358
0.330243337196 0.16454965358
0.331018518519 0.165127020785
0.33063583815 0.165127020785
0.33025404157 0.165127020785
0.329873125721 0.165127020785
0.329493087558 0.165127020785
0.330264672037 0.165704387991
0.331034482759 0.166281755196
0.330654420207 0.166281755196
0.330275229358 0.166281755196
0.329896907216 0.166281755196
0.329519450801 0.166281755196
0.329142857143 0.166281755196
0.329908675799 0.166859122402
0.329532497149 0.166859122402
0.330296127563 0.167436489607
0.32992036405 0.167436489607
0.329545454545 0.167436489607
0.329171396141 0.167436489607
0.328798185941 0.167436489607
0.328425821065 0.167436489607
0.328054298643 0.167436489607
0.327683615819 0.167436489607
0.327313769752 0.167436489607
0.32694475761 0.167436489607
0.326576576577 0.167436489607
0.326209223847 0.167436489607
0.325842696629 0.167436489607
0.325476992144 0.167436489607
0.325112107623 0.167436489607
0.324748040314 0.167436489607
0.324384787472 0.167436489607
0.324022346369 0.167436489607
0.323660714286 0.167436489607
0.323299888517 0.167436489607
0.32293986637 0.167436489607
0.323692992214 0.168013856813
0.323333333333 0.168013856813
0.324084350721 0.168591224018
0.323725055432 0.168591224018
0.323366555925 0.168591224018
0.323008849558 0.168591224018
0.322651933702 0.168591224018
0.32229580574 0.168591224018
0.323042998897 0.169168591224
0.323788546256 0.16974595843
0.323432343234 0.16974595843
0.323076923077 0.16974595843
0.322722283205 0.16974595843
0.322368421053 0.16974595843
0.322015334064 0.16974595843
0.321663019694 0.16974595843
0.322404371585 0.170323325635
0.322052401747 0.170323325635
0.322791712105 0.170900692841
0.323529411765 0.171478060046
0.324265505985 0.172055427252
0.323913043478 0.172055427252
0.323561346363 0.172055427252
0.323210412148 0.172055427252
0.322860238353 0.172055427252
0.322510822511 0.172055427252
0.322162162162 0.172055427252
0.32181425486 0.172055427252
0.321467098166 0.172055427252
0.322198275862 0.172632794457
0.321851453175 0.172632794457
0.322580645161 0.173210161663
0.322234156821 0.173210161663
0.322961373391 0.173787528868
0.323687031083 0.174364896074
0.324411134904 0.174942263279
0.324064171123 0.174942263279
0.323717948718 0.174942263279
0.323372465315 0.174942263279
0.32302771855 0.174942263279
0.32268370607 0.174942263279
0.323404255319 0.175519630485
0.324123273114 0.176096997691
0.323779193206 0.176096997691
0.323435843054 0.176096997691
0.323093220339 0.176096997691
0.322751322751 0.176096997691
0.322410147992 0.176096997691
0.32206969377 0.176096997691
0.321729957806 0.176096997691
0.322444678609 0.176674364896
0.322105263158 0.176674364896
0.322818086225 0.177251732102
0.322478991597 0.177251732102
0.323189926548 0.177829099307
0.323899371069 0.178406466513
0.323560209424 0.178406466513
0.323221757322 0.178406466513
0.322884012539 0.178406466513
0.32254697286 0.178406466513
0.322210636079 0.178406466513
0.321875 0.178406466513
0.321540062435 0.178406466513
0.322245322245 0.178983833718
0.321910695742 0.178983833718
0.321576763485 0.178983833718
0.321243523316 0.178983833718
0.320910973085 0.178983833718
0.320579110651 0.178983833718
0.320247933884 0.178983833718
0.31991744066 0.178983833718
0.320618556701 0.179561200924
0.320288362513 0.179561200924
0.319958847737 0.179561200924
0.319630010277 0.179561200924
0.319301848049 0.179561200924
0.318974358974 0.179561200924
0.318647540984 0.179561200924
0.318321392016 0.179561200924
0.31799591002 0.179561200924
0.317671092952 0.179561200924
0.317346938776 0.179561200924
0.317023445464 0.179561200924
0.317718940937 0.180138568129
0.318413021363 0.180715935335
0.318089430894 0.180715935335
0.317766497462 0.180715935335
0.317444219067 0.180715935335
0.317122593718 0.180715935335
0.316801619433 0.180715935335
0.316481294237 0.180715935335
0.316161616162 0.180715935335
0.315842583249 0.180715935335
0.315524193548 0.180715935335
0.315206445116 0.180715935335
0.314889336016 0.180715935335
0.314572864322 0.180715935335
0.314257028112 0.180715935335
0.313941825476 0.180715935335
0.313627254509 0.180715935335
0.313313313313 0.180715935335
0.314 0.18129330254
0.313686313686 0.18129330254
0.313373253493 0.18129330254
0.31405782652 0.181870669746
0.31374501992 0.181870669746
0.313432835821 0.181870669746
0.314115308151 0.182448036952
0.314796425025 0.183025404157
0.314484126984 0.183025404157
0.314172447968 0.183025404157
0.313861386139 0.183025404157
0.313550939664 0.183025404157
0.313241106719 0.183025404157
0.31391905232 0.183602771363
0.313609467456 0.183602771363
0.313300492611 0.183602771363
0.312992125984 0.183602771363
0.313667649951 0.184180138568
0.313359528487 0.184180138568
0.313052011776 0.184180138568
0.312745098039 0.184180138568
0.313418217434 0.184757505774
0.313111545988 0.184757505774
0.313782991202 0.185334872979
0.3134765625 0.185334872979
0.313170731707 0.185334872979
0.313840155945 0.185912240185
0.314508276534 0.18648960739
0.315175097276 0.187066974596
0.314868804665 0.187066974596
0.314563106796 0.187066974596
0.31425800194 0.187066974596
0.313953488372 0.187066974596
0.313649564376 0.187066974596
0.31334622824 0.187066974596
0.313043478261 0.187066974596
0.313706563707 0.187644341801
0.313404050145 0.187644341801
0.313102119461 0.187644341801
0.313763233879 0.188221709007
0.313461538462 0.188221709007
0.314121037464 0.188799076212
0.314779270633 0.189376443418
0.31447746884 0.189376443418
0.314176245211 0.189376443418
0.313875598086 0.189376443418
0.313575525813 0.189376443418
0.313276026743 0.189376443418
0.312977099237 0.189376443418
0.312678741659 0.189376443418
0.312380952381 0.189376443418
0.312083729781 0.189376443418
0.311787072243 0.189376443418
0.311490978158 0.189376443418
0.31119544592 0.189376443418
0.310900473934 0.189376443418
0.311553030303 0.189953810624
0.311258278146 0.189953810624
0.31190926276 0.190531177829
0.311614730878 0.190531177829
0.311320754717 0.190531177829
0.311027332705 0.190531177829
0.310734463277 0.190531177829
0.310442144873 0.190531177829
0.311090225564 0.191108545035
0.310798122066 0.191108545035
0.311444652908 0.19168591224
0.312089971884 0.192263279446
0.311797752809 0.192263279446
0.311506080449 0.192263279446
0.311214953271 0.192263279446
0.310924369748 0.192263279446
0.310634328358 0.192263279446
0.310344827586 0.192263279446
0.310055865922 0.192263279446
0.310697674419 0.192840646651
0.310408921933 0.192840646651
0.310120705664 0.192840646651
0.309833024119 0.192840646651
0.31047265987 0.193418013857
0.310185185185 0.193418013857
0.309898242368 0.193418013857
0.309611829945 0.193418013857
0.309325946445 0.193418013857
0.309963099631 0.193995381062
0.309677419355 0.193995381062
0.309392265193 0.193995381062
0.309107635695 0.193995381062
0.308823529412 0.193995381062
0.309458218549 0.194572748268
0.309174311927 0.194572748268
0.308890925756 0.194572748268
0.309523809524 0.195150115473
0.309240622141 0.195150115473
0.30987202925 0.195727482679
0.309589041096 0.195727482679
0.310218978102 0.196304849885
0.309936189608 0.196304849885
0.309653916211 0.196304849885
0.309372156506 0.196304849885
0.309090909091 0.196304849885
0.30881017257 0.196304849885
0.308529945554 0.196304849885
0.308250226655 0.196304849885
0.307971014493 0.196304849885
0.308597285068 0.19688221709
0.308318264014 0.19688221709
0.308039747064 0.19688221709
0.308664259928 0.197459584296
0.308385933273 0.197459584296
0.308108108108 0.197459584296
0.307830783078 0.197459584296
0.30845323741 0.198036951501
0.308176100629 0.198036951501
0.3078994614 0.198036951501
0.308520179372 0.198614318707
0.308243727599 0.198614318707
0.307967770815 0.198614318707
0.307692307692 0.198614318707
0.307417336908 0.198614318707
0.307142857143 0.198614318707
0.306868867083 0.198614318707
0.307486631016 0.199191685912
0.307212822796 0.199191685912
0.306939501779 0.199191685912
0.307555555556 0.199769053118
0.308170515098 0.200346420323
0.307897071872 0.200346420323
0.307624113475 0.200346420323
0.307351638618 0.200346420323
0.307079646018 0.200346420323
0.307692307692 0.200923787529
0.3074204947 0.200923787529
0.307149161518 0.200923787529
0.307760141093 0.201501154734
0.307488986784 0.201501154734
0.307218309859 0.201501154734
0.306948109059 0.201501154734
0.306678383128 0.201501154734
0.306409130817 0.201501154734
0.306140350877 0.201501154734
0.305872042068 0.201501154734
0.305604203152 0.201501154734
0.305336832896 0.201501154734
0.30506993007 0.201501154734
0.305676855895 0.20207852194
0.305410122164 0.20207852194
0.305143853531 0.20207852194
0.30487804878 0.20207852194
0.304612706701 0.20207852194
0.304347826087 0.20207852194
0.304083405734 0.20207852194
0.3046875 0.202655889145
0.304423243712 0.202655889145
0.304159445407 0.202655889145
0.303896103896 0.202655889145
0.303633217993 0.202655889145
0.303370786517 0.202655889145
0.30310880829 0.202655889145
0.30284728214 0.202655889145
0.302586206897 0.202655889145
0.302325581395 0.202655889145
0.302065404475 0.202655889145
0.301805674979 0.202655889145
0.301546391753 0.202655889145
0.301287553648 0.202655889145
0.30102915952 0.202655889145
0.300771208226 0.202655889145
0.301369863014 0.203233256351
0.301112061591 0.203233256351
0.301709401709 0.203810623557
0.30145175064 0.203810623557
0.301194539249 0.203810623557
0.30179028133 0.204387990762
0.301533219761 0.204387990762
0.301276595745 0.204387990762
0.301020408163 0.204387990762
0.300764655905 0.204387990762
0.300509337861 0.204387990762
0.300254452926 0.204387990762
0.300847457627 0.204965357968
0.301439458086 0.205542725173
0.302030456853 0.206120092379
0.301775147929 0.206120092379
0.302364864865 0.206697459584
0.302109704641 0.206697459584
0.302698145025 0.20727482679
0.302443133951 0.20727482679
0.302188552189 0.20727482679
0.302775441548 0.207852193995
0.303361344538 0.208429561201
0.303946263644 0.209006928406
0.304530201342 0.209584295612
0.304274937133 0.209584295612
0.304020100503 0.209584295612
0.30460251046 0.210161662818
0.304347826087 0.210161662818
0.304093567251 0.210161662818
0.303839732888 0.210161662818
0.303586321935 0.210161662818
0.303333333333 0.210161662818
0.303080766028 0.210161662818
0.302828618968 0.210161662818
0.302576891106 0.210161662818
0.302325581395 0.210161662818
0.302074688797 0.210161662818
0.301824212272 0.210161662818
0.301574150787 0.210161662818
0.301324503311 0.210161662818
0.301075268817 0.210161662818
0.301652892562 0.210739030023
0.301403798514 0.210739030023
0.301155115512 0.210739030023
0.300906842539 0.210739030023
0.300658978583 0.210739030023
0.301234567901 0.211316397229
0.300986842105 0.211316397229
0.300739523418 0.211316397229
0.3013136289 0.211893764434
0.301066447908 0.211893764434
0.300819672131 0.211893764434
0.300573300573 0.211893764434
0.300327332242 0.211893764434
0.300081766149 0.211893764434
0.299836601307 0.211893764434
0.299591836735 0.211893764434
0.299347471452 0.211893764434
0.299918500407 0.21247113164
0.299674267101 0.21247113164
0.299430431245 0.21247113164
0.29918699187 0.21247113164
0.299756295695 0.213048498845
0.299512987013 0.213048498845
0.299270072993 0.213048498845
0.299027552674 0.213048498845
0.298785425101 0.213048498845
0.29854368932 0.213048498845
0.298302344382 0.213048498845
0.298061389338 0.213048498845
0.297820823245 0.213048498845
0.297580645161 0.213048498845
0.298146655923 0.213625866051
0.297906602254 0.213625866051
0.297666934835 0.213625866051
0.298231511254 0.214203233256
0.297991967871 0.214203233256
0.297752808989 0.214203233256
0.297514033681 0.214203233256
0.297275641026 0.214203233256
0.297037630104 0.214203233256
0.2968 0.214203233256
0.2965627498 0.214203233256
0.296325878594 0.214203233256
0.296089385475 0.214203233256
0.296650717703 0.214780600462
0.296414342629 0.214780600462
0.296178343949 0.214780600462
0.295942720764 0.214780600462
0.295707472178 0.214780600462
0.295472597299 0.214780600462
0.295238095238 0.214780600462
0.295003965107 0.214780600462
0.294770206022 0.214780600462
0.29532858274 0.215357967667
0.295094936709 0.215357967667
0.295652173913 0.215935334873
0.29541864139 0.215935334873
0.295185477506 0.215935334873
0.294952681388 0.215935334873
0.294720252167 0.215935334873
0.294488188976 0.215935334873
0.294256490952 0.215935334873
0.294025157233 0.215935334873
0.294579732914 0.216512702079
0.294348508634 0.216512702079
0.294117647059 0.216512702079
0.293887147335 0.216512702079
0.293657008614 0.216512702079
0.293427230047 0.216512702079
0.29319781079 0.216512702079
0.29296875 0.216512702079
0.292740046838 0.216512702079
0.293291731669 0.217090069284
0.293842556508 0.21766743649
0.293613707165 0.21766743649
0.293385214008 0.21766743649
0.293157076205 0.21766743649
0.292929292929 0.21766743649
0.29347826087 0.218244803695
0.293250581846 0.218244803695
0.293023255814 0.218244803695
0.292796281952 0.218244803695
0.293343653251 0.218822170901
0.293116782676 0.218822170901
0.292890262751 0.218822170901
0.292664092664 0.218822170901
0.292438271605 0.218822170901
0.292212798766 0.218822170901
0.291987673344 0.218822170901
0.291762894534 0.218822170901
0.292307692308 0.219399538106
0.292083013067 0.219399538106
0.291858678955 0.219399538106
0.291634689179 0.219399538106
0.29217791411 0.219976905312
0.291954022989 0.219976905312
0.291730474732 0.219976905312
0.291507268554 0.219976905312
0.29128440367 0.219976905312
0.291061879297 0.219976905312
0.290839694656 0.219976905312
0.29061784897 0.219976905312
0.291158536585 0.220554272517
0.290936785986 0.220554272517
0.290715372907 0.220554272517
0.290494296578 0.220554272517
0.290273556231 0.220554272517
0.290053151101 0.220554272517
0.289833080425 0.220554272517
0.289613343442 0.220554272517
0.289393939394 0.220554272517
0.289174867525 0.220554272517
0.28895612708 0.220554272517
0.288737717309 0.220554272517
0.288519637462 0.220554272517
0.288301886792 0.220554272517
0.288084464555 0.220554272517
0.287867370008 0.220554272517
0.288403614458 0.221131639723
0.288186606471 0.221131639723
0.287969924812 0.221131639723
0.287753568745 0.221131639723
0.287537537538 0.221131639723
0.287321830458 0.221131639723
0.287856071964 0.221709006928
0.287640449438 0.221709006928
0.287425149701 0.221709006928
0.287210172027 0.221709006928
0.286995515695 0.221709006928
0.286781179985 0.221709006928
0.287313432836 0.222286374134
0.287099179717 0.222286374134
0.286885245902 0.222286374134
0.286671630678 0.222286374134
0.286458333333 0.222286374134
0.28624535316 0.222286374134
0.28603268945 0.222286374134
0.2858203415 0.222286374134
0.285608308605 0.222286374134
0.286137879911 0.222863741339
0.285925925926 0.222863741339
0.285714285714 0.222863741339
0.28550295858 0.222863741339
0.285291943829 0.222863741339
0.285081240768 0.222863741339
0.285608856089 0.223441108545
0.285398230088 0.223441108545
0.285187914517 0.223441108545
0.285714285714 0.224018475751
0.285504047093 0.224018475751
0.286029411765 0.224595842956
0.285819250551 0.224595842956
0.286343612335 0.225173210162
0.286867204696 0.225750577367
0.286656891496 0.225750577367
0.286446886447 0.225750577367
0.286237188873 0.225750577367
0.286027798098 0.225750577367
0.28581871345 0.225750577367
0.285609934259 0.225750577367
0.285401459854 0.225750577367
0.28519328957 0.225750577367
0.284985422741 0.225750577367
0.284777858704 0.225750577367
0.284570596798 0.225750577367
0.285090909091 0.226327944573
0.285610465116 0.226905311778
0.285403050109 0.226905311778
0.285195936139 0.226905311778
0.284989122553 0.226905311778
0.285507246377 0.227482678984
0.285300506879 0.227482678984
0.28509406657 0.227482678984
0.2856109906 0.228060046189
0.285404624277 0.228060046189
0.285198555957 0.228060046189
0.284992784993 0.228060046189
0.284787310743 0.228060046189
0.284582132565 0.228060046189
0.28437724982 0.228060046189
0.284172661871 0.228060046189
0.284687275341 0.228637413395
0.285201149425 0.2292147806
0.284996410625 0.2292147806
0.284791965567 0.2292147806
0.28458781362 0.2292147806
0.284383954155 0.2292147806
0.284180386543 0.2292147806
0.283977110157 0.2292147806
0.283774124375 0.2292147806
0.283571428571 0.2292147806
0.283369022127 0.2292147806
0.283166904422 0.2292147806
0.283677833215 0.229792147806
0.284188034188 0.230369515012
0.283985765125 0.230369515012
0.284495021337 0.230946882217
0.284292821606 0.230946882217
0.284090909091 0.230946882217
0.28388928318 0.230946882217
0.283687943262 0.230946882217
0.283486888731 0.230946882217
0.28328611898 0.230946882217
0.283085633404 0.230946882217
0.2828854314 0.230946882217
0.282685512367 0.230946882217
0.282485875706 0.230946882217
0.282286520819 0.230946882217
0.282087447109 0.230946882217
0.281888653982 0.230946882217
0.281690140845 0.230946882217
0.281491907108 0.230946882217
0.28129395218 0.230946882217
0.281096275474 0.230946882217
0.280898876404 0.230946882217
0.280701754386 0.230946882217
0.280504908836 0.230946882217
0.280308339173 0.230946882217
0.280112044818 0.230946882217
0.279916025192 0.230946882217
0.28041958042 0.231524249423
0.280223619846 0.231524249423
0.280027932961 0.231524249423
0.280530355897 0.232101616628
0.280334728033 0.232101616628
0.280139372822 0.232101616628
0.279944289694 0.232101616628
0.279749478079 0.232101616628
0.279554937413 0.232101616628
0.27936066713 0.232101616628
0.279166666667 0.232101616628
0.278972935461 0.232101616628
0.278779472954 0.232101616628
0.278586278586 0.232101616628
0.278393351801 0.232101616628
0.278200692042 0.232101616628
0.278008298755 0.232101616628
0.277816171389 0.232101616628
0.277624309392 0.232101616628
0.277432712215 0.232101616628
0.277931034483 0.232678983834
0.277739490007 0.232678983834
0.277548209366 0.232678983834
0.277357192017 0.232678983834
0.277166437414 0.232678983834
0.276975945017 0.232678983834
0.276785714286 0.232678983834
0.276595744681 0.232678983834
0.276406035665 0.232678983834
0.276216586703 0.232678983834
0.276712328767 0.233256351039
0.2765229295 0.233256351039
0.27633378933 0.233256351039
0.276144907724 0.233256351039
0.275956284153 0.233256351039
0.275767918089 0.233256351039
0.276261937244 0.233833718245
0.276073619632 0.233833718245
0.275885558583 0.233833718245
0.275697753574 0.233833718245
0.275510204082 0.233833718245
0.275322909585 0.233833718245
0.275135869565 0.233833718245
0.274949083503 0.233833718245
0.274762550882 0.233833718245
0.274576271186 0.233833718245
0.274390243902 0.233833718245
0.274204468517 0.233833718245
0.27401894452 0.233833718245
0.2738336714 0.233833718245
0.273648648649 0.233833718245
0.27346387576 0.233833718245
0.273279352227 0.233833718245
0.273095077546 0.233833718245
0.272911051213 0.233833718245
0.273400673401 0.23441108545
0.273889636608 0.234988452656
0.273705447209 0.234988452656
0.273521505376 0.234988452656
0.273337810611 0.234988452656
0.273154362416 0.234988452656
0.272971160295 0.234988452656
0.27345844504 0.235565819861
0.273945077026 0.236143187067
0.273761713521 0.236143187067
0.273578595318 0.236143187067
0.273395721925 0.236143187067
0.273213092852 0.236143187067
0.27303070761 0.236143187067
0.27284856571 0.236143187067
0.273333333333 0.236720554273
0.273151232512 0.236720554273
0.273635153129 0.237297921478
0.273453093812 0.237297921478
0.273936170213 0.237875288684
0.274418604651 0.238452655889
0.274236387782 0.238452655889
0.274054412741 0.238452655889
0.273872679045 0.238452655889
0.273691186216 0.238452655889
0.273509933775 0.238452655889
0.273328921244 0.238452655889
0.273148148148 0.238452655889
0.272967614012 0.238452655889
0.272787318362 0.238452655889
0.272607260726 0.238452655889
0.27308707124 0.239030023095
0.272907053395 0.239030023095
0.272727272727 0.239030023095
0.272547728769 0.239030023095
0.272368421053 0.239030023095
0.272846811308 0.2396073903
0.272667542707 0.2396073903
0.272488509521 0.2396073903
0.272309711286 0.2396073903
0.272131147541 0.2396073903
0.271952817824 0.2396073903
0.271774721676 0.2396073903
0.272251308901 0.240184757506
0.272073250491 0.240184757506
0.271895424837 0.240184757506
0.271717831483 0.240184757506
0.271540469974 0.240184757506
0.271363339856 0.240184757506
0.271186440678 0.240184757506
0.271009771987 0.240184757506
0.270833333333 0.240184757506
0.271307742355 0.240762124711
0.271131339402 0.240762124711
0.270955165692 0.240762124711
0.270779220779 0.240762124711
0.270603504218 0.240762124711
0.271076523995 0.241339491917
0.270900842515 0.241339491917
0.270725388601 0.241339491917
0.270550161812 0.241339491917
0.271021992238 0.241916859122
0.270846800259 0.241916859122
0.270671834625 0.241916859122
0.2704970949 0.241916859122
0.270322580645 0.241916859122
0.270148291425 0.241916859122
0.269974226804 0.241916859122
0.269800386349 0.241916859122
0.269626769627 0.241916859122
0.270096463023 0.242494226328
0.269922879177 0.242494226328
0.270391779062 0.243071593533
0.270218228498 0.243071593533
0.270044900577 0.243071593533
0.270512820513 0.243648960739
0.270980140935 0.244226327945
0.271446862996 0.24480369515
0.271273192578 0.24480369515
0.271099744246 0.24480369515
0.270926517572 0.24480369515
0.270753512133 0.24480369515
0.270580727505 0.24480369515
0.270408163265 0.24480369515
0.270235818993 0.24480369515
0.270700636943 0.245381062356
0.270528325907 0.245381062356
0.270356234097 0.245381062356
0.270184361093 0.245381062356
0.27001270648 0.245381062356
0.269841269841 0.245381062356
0.269670050761 0.245381062356
0.269499048827 0.245381062356
0.269328263625 0.245381062356
0.269791006966 0.245958429561
0.269620253165 0.245958429561
0.26944971537 0.245958429561
0.269279393173 0.245958429561
0.269109286166 0.245958429561
0.268939393939 0.245958429561
0.268769716088 0.245958429561
0.268600252207 0.245958429561
0.269061121613 0.246535796767
0.268891687657 0.246535796767
0.26872246696 0.246535796767
0.268553459119 0.246535796767
0.268384663734 0.246535796767
0.268216080402 0.246535796767
0.268675455116 0.247113163972
0.26913425345 0.247690531178
0.268965517241 0.247690531178
0.269423558897 0.248267898383
0.269254852849 0.248267898383
0.269086357947 0.248267898383
0.268918073796 0.248267898383
0.26875 0.248267898383
0.268582136165 0.248267898383
0.268414481898 0.248267898383
0.268247036806 0.248267898383
0.268079800499 0.248267898383
0.268535825545 0.248845265589
0.268368617684 0.248845265589
0.268201617922 0.248845265589
0.268034825871 0.248845265589
0.268489745183 0.249422632794
0.268322981366 0.249422632794
0.268156424581 0.249422632794
0.268610421836 0.25
0.268443893366 0.25
0.268277571252 0.25
0.268111455108 0.25
0.267945544554 0.25
0.267779839208 0.25
0.26761433869 0.25
0.267449042619 0.25
0.267283950617 0.25
0.267119062307 0.25
0.266954377312 0.25
0.267406038201 0.250577367206
0.26724137931 0.250577367206
0.267076923077 0.250577367206
0.266912669127 0.250577367206
0.266748617087 0.250577367206
0.267199017199 0.251154734411
0.267648864334 0.251732101617
0.267484662577 0.251732101617
0.26732066217 0.251732101617
0.267769607843 0.252309468822
0.267605633803 0.252309468822
0.268053855569 0.252886836028
0.267889908257 0.252886836028
0.267726161369 0.252886836028
0.267562614539 0.252886836028
0.267399267399 0.252886836028
0.267846247712 0.253464203233
0.267682926829 0.253464203233
0.267519804997 0.253464203233
0.267356881851 0.253464203233
0.267802799757 0.254041570439
0.267639902676 0.254041570439
0.267477203647 0.254041570439
0.267314702309 0.254041570439
0.2671523983 0.254041570439
0.266990291262 0.254041570439
0.266828380837 0.254041570439
0.267272727273 0.254618937644
0.267110841914 0.254618937644
0.267554479419 0.25519630485
0.26739261948 0.25519630485
0.26723095526 0.25519630485
0.267069486405 0.25519630485
0.26690821256 0.25519630485
0.266747133374 0.25519630485
0.266586248492 0.25519630485
0.266425557565 0.25519630485
0.266265060241 0.25519630485
0.266104756171 0.25519630485
0.266546329723 0.255773672055
0.266386049308 0.255773672055
0.266225961538 0.255773672055
0.266066066066 0.255773672055
0.265906362545 0.255773672055
0.26574685063 0.255773672055
0.265587529976 0.255773672055
0.266027561414 0.256351039261
0.265868263473 0.256351039261
0.265709156194 0.256351039261
0.265550239234 0.256351039261
0.265391512253 0.256351039261
0.26523297491 0.256351039261
0.265671641791 0.256928406467
0.266109785203 0.257505773672
0.266547406082 0.258083140878
0.266984505364 0.258660508083
0.266825491364 0.258660508083
0.267261904762 0.259237875289
0.267697798929 0.259815242494
0.267538644471 0.259815242494
0.267379679144 0.259815242494
0.267220902613 0.259815242494
0.26706231454 0.259815242494
0.266903914591 0.259815242494
0.26674570243 0.259815242494
0.266587677725 0.259815242494
0.266429840142 0.259815242494
0.266272189349 0.259815242494
0.266114725015 0.259815242494
0.265957446809 0.259815242494
0.266391021855 0.2603926097
0.266233766234 0.2603926097
0.266076696165 0.2603926097
0.265919811321 0.2603926097
0.265763111373 0.2603926097
0.265606595995 0.2603926097
0.265450264862 0.2603926097
0.265294117647 0.2603926097
0.265138154027 0.2603926097
