58500 1 0.998109459877
5231 1 0.997503221035
71726 1 0.992716729641
12657 1 0.99210268259
634 1 0.991109728813
52262 4 0.989734053612
8745 1 0.988634824753
14082 4 0.987782657146
22721 1 0.98775857687
20804 1 0.987712204456
27028 1 0.987601459026
57243 1 0.987412214279
25872 1 0.985006034374
1913 4 0.984898626804
71725 1 0.983779489994
89000 1 0.982835233212
76572 1 0.982756495476
37843 1 0.981855392456
88137 1 0.981260180473
5248 1 0.980168223381
22177 4 0.977832853794
52820 1 0.97707349062
371 1 0.9752830863
85153 1 0.973496198654
88783 1 0.973491549492
91210 1 0.972411870956
67140 1 0.972351431847
76575 1 0.972159385681
50546 4 0.971943795681
66592 1 0.969002604485
60763 4 0.968091189861
55623 4 0.967342913151
9676 1 0.966867804527
62894 1 0.96594196558
91277 4 0.965004324913
25891 1 0.963629722595
38092 1 0.96197527647
3852 1 0.961807370186
32660 1 0.961640775204
69665 1 0.961214661598
11801 4 0.960054993629
46007 1 0.958593428135
23356 1 0.956916034222
5585 1 0.956749916077
48689 1 0.956748068333
20917 1 0.955963134766
56694 1 0.954450368881
66775 1 0.951659023762
51020 1 0.951266109943
82299 1 0.951119184494
51019 1 0.950327336788
1237 1 0.950033962727
10153 1 0.949110746384
5384 1 0.948984980583
81501 1 0.948789358139
3138 1 0.945225715637
46512 1 0.945061862469
21852 1 0.94486695528
1244 4 0.942406058311
19589 1 0.941862106323
87308 1 0.941743671894
57552 1 0.941437482834
50241 1 0.9412727952
69316 1 0.941132307053
31915 1 0.941003859043
31959 1 0.940812110901
90352 4 0.940558612347
37761 1 0.940215051174
63133 1 0.939815938473
8445 1 0.938196063042
85006 4 0.937978804111
89796 1 0.937116324902
73889 7 0.936897337437
62181 4 0.936715841293
2067 1 0.936415672302
72198 1 0.936291277409
7393 1 0.936089098454
35197 1 0.935486674309
70281 1 0.934862196445
708 1 0.93442928791
11595 1 0.933967530727
7240 1 0.933489143848
5232 1 0.932149469852
87927 1 0.93179166317
22257 1 0.931070387363
1919 4 0.929143428802
82160 4 0.929016053677
60088 1 0.927242875099
10038 1 0.926608979702
8518 4 0.926294386387
5661 1 0.925049722195
91609 1 0.924978196621
41718 1 0.92440789938
76866 4 0.92403024435
58385 1 0.922621667385
10307 4 0.922211885452
79503 4 0.922201037407
90633 1 0.921896278858
5697 1 0.921131670475
53638 1 0.920891284943
13027 1 0.920536100864
3137 1 0.920037984848
32138 1 0.919911146164
89191 4 0.918263912201
88379 1 0.917876601219
7243 1 0.917556226254
76910 4 0.917472779751
34665 4 0.917454063892
12810 1 0.917346060276
29398 4 0.917197942734
18460 1 0.9169896245
54265 1 0.916889846325
88594 1 0.916406095028
62682 1 0.916231811047
48181 4 0.915528714657
60907 1 0.914749741554
44997 1 0.914426028728
22526 1 0.914339005947
30880 1 0.914065122604
48117 4 0.913673698902
32139 1 0.913104891777
55507 4 0.912899434566
41801 1 0.91266143322
2257 1 0.912391006947
7539 1 0.911850214005
64146 1 0.911365509033
11394 1 0.910744190216
14156 1 0.909732878208
78322 1 0.909466683865
86981 1 0.90942132473
65238 1 0.90912258625
80608 1 0.908485770226
20746 1 0.907657623291
38374 1 0.907551050186
34792 1 0.907285034657
5475 1 0.90702855587
21635 4 0.906287431717
44286 1 0.905638992786
81104 1 0.904763996601
16647 4 0.904257118702
26790 1 0.904056668282
23608 1 0.903627991676
26497 1 0.903302490711
49018 1 0.902233719826
7394 1 0.902221679688
9460 1 0.902143537998
78009 1 0.901301026344
51715 1 0.901300251484
3157 1 0.900153875351
1321 4 0.898650825024
12234 4 0.898128867149
81131 4 0.89766985178
6634 1 0.897576272488
44285 1 0.896627545357
30298 1 0.896440923214
46690 4 0.894847750664
42711 1 0.894798576832
71006 1 0.894475638866
1852 1 0.89375603199
77331 1 0.89315277338
17387 1 0.892378032207
52821 7 0.892099142075
47717 4 0.891592264175
45625 1 0.891500413418
3090 1 0.891121685505
21827 1 0.890822827816
57463 1 0.890192627907
8692 1 0.889993011951
3236 1 0.889447033405
5563 1 0.889268636703
18170 1 0.887950241566
34156 1 0.887489438057
67478 1 0.886882007122
66956 1 0.886763691902
23003 1 0.885742723942
28736 1 0.885292828083
78189 4 0.88501149416
12582 1 0.884960412979
10306 4 0.883218765259
89443 1 0.881313025951
78650 1 0.88102042675
72879 1 0.880602896214
76784 1 0.880386590958
4095 1 0.880323708057
76717 1 0.879798650742
3160 1 0.879396796227
5356 1 0.87765443325
62289 1 0.877130508423
5911 1 0.876734435558
60483 1 0.875943124294
73338 1 0.875419437885
68425 1 0.87366682291
16011 1 0.873494207859
90383 1 0.873305618763
72207 4 0.873214006424
51699 1 0.872956573963
662 7 0.87243527174
1178 1 0.869802713394
56230 1 0.869172036648
16049 1 0.869169414043
51192 4 0.869108200073
65577 4 0.868519544601
46565 1 0.868381857872
49616 1 0.867988944054
63153 1 0.867755055428
19227 1 0.867738246918
45492 1 0.867056906223
7699 1 0.866925895214
59334 1 0.865903556347
53230 1 0.865560770035
90475 1 0.865196228027
22247 1 0.863216161728
74243 4 0.863201260567
1958 1 0.863184571266
62182 4 0.863060474396
7545 1 0.862841844559
72592 1 0.862371265888
76714 1 0.861879110336
79453 1 0.861567735672
88844 4 0.861243844032
17784 1 0.858847916126
2727 1 0.858466029167
12190 4 0.858056128025
40197 1 0.856830477715
76245 1 0.855892181396
26715 1 0.855745613575
6840 1 0.855120658875
57285 1 0.854036748409
6971 2 0.853210687637
20045 4 0.852510094643
25828 4 0.852236568928
88938 1 0.85209363699
74246 4 0.85194003582
64010 1 0.849699556828
4681 1 0.849317491055
85896 1 0.848867595196
64005 1 0.848520278931
70760 1 0.84843480587
41696 1 0.848316788673
81508 1 0.848046243191
46201 1 0.847680926323
39710 1 0.847663462162
8175 1 0.847321927547
6552 4 0.84704375267
8715 4 0.846983015537
46567 1 0.845917761326
1304 1 0.845292389393
2102 1 0.845177292824
55271 1 0.844137907028
9419 1 0.843548893929
32044 1 0.843272030354
5784 7 0.842479169369
54679 1 0.839849054813
78014 1 0.838839232922
20394 1 0.838373780251
4331 1 0.837221503258
13538 1 0.837161421776
62370 1 0.837093055248
32110 4 0.83672529459
21548 1 0.836668491364
54489 1 0.836043179035
51074 4 0.835524201393
54976 1 0.833976209164
49687 7 0.833924889565
1174 1 0.833632349968
17501 1 0.83324611187
23001 4 0.833244800568
53332 1 0.832775950432
44020 1 0.831974625587
86336 1 0.831032693386
5914 1 0.830301403999
24100 4 0.830187499523
55194 1 0.829107403755
66548 1 0.828969299793
67141 1 0.828546285629
19745 1 0.828072667122
65431 4 0.82761490345
20206 1 0.826018512249
5700 1 0.824809253216
48575 1 0.823256611824
26310 3 0.823086678982
91062 2 0.821902394295
60135 1 0.821614801884
87067 1 0.821168482304
68555 4 0.820984423161
51022 1 0.820494830608
31846 1 0.820088803768
40502 1 0.819784104824
38247 1 0.818939387798
71279 1 0.817762315273
89669 1 0.817595005035
42812 4 0.817050457001
2356 1 0.816404998302
2364 1 0.816119074821
17473 1 0.814509153366
42353 1 0.812522530556
2416 1 0.81227439642
45773 4 0.811939120293
76606 1 0.811645269394
51754 1 0.811450898647
82879 1 0.810594797134
2163 4 0.809951424599
20747 1 0.809523642063
71468 1 0.809104919434
10956 1 0.808584570885
81820 1 0.808438062668
65433 4 0.808389127254
19175 4 0.807346045971
91626 10 0.805875301361
84960 4 0.804972410202
10558 1 0.803921461105
33107 1 0.803476750851
68607 1 0.803159534931
77961 1 0.802805900574
27250 4 0.802756428719
48372 4 0.801219522953
1904 1 0.800603687763
83426 1 0.800146579742
29687 4 0.799986243248
27944 1 0.799565732479
19747 1 0.799063742161
40156 1 0.798564970493
48387 1 0.798338413239
42522 1 0.79814440012
16295 1 0.797587692738
47616 1 0.797406554222
39181 1 0.796400368214
77568 4 0.795486330986
57882 3 0.795034945011
17091 2 0.794678449631
53548 1 0.794121801853
18509 1 0.794096708298
16050 1 0.793355286121
38957 1 0.792697608471
41719 1 0.792599856853
61917 1 0.790853917599
64637 3 0.790705800056
31954 1 0.790317475796
19330 1 0.78939396143
55877 1 0.788627445698
84797 1 0.788379132748
11659 1 0.787156105042
12093 1 0.787049055099
54586 1 0.786879301071
57652 1 0.786097168922
70943 1 0.785904705524
82585 1 0.78503203392
73947 1 0.785019040108
18427 1 0.784809052944
62098 4 0.784567534924
51124 1 0.784404218197
58464 1 0.784232378006
4064 1 0.78394061327
16341 1 0.783248484135
1914 4 0.783176779747
50463 1 0.783068358898
36052 1 0.781933665276
48585 1 0.781752943993
24163 1 0.781727075577
91099 1 0.781378388405
39938 1 0.78128695488
50190 1 0.779613792896
54560 1 0.779358029366
25613 1 0.779335081577
5913 1 0.778523385525
54278 2 0.778479635715
30471 1 0.778026163578
4653 1 0.777900993824
32622 4 0.777188360691
4880 1 0.776264846325
1610 4 0.775765478611
74254 4 0.775097489357
66772 4 0.773784995079
34996 1 0.77375715971
16945 2 0.773351371288
11152 2 0.772370636463
75236 1 0.771924376488
89266 1 0.771783709526
76958 4 0.771108210087
19645 1 0.770853579044
46568 1 0.770473778248
7935 1 0.770300745964
6973 2 0.769456207752
78651 1 0.769450068474
25695 1 0.769366621971
41789 1 0.768483638763
3865 1 0.767588794231
566 1 0.766610145569
5558 1 0.7661703825
65391 7 0.766024172306
6709 2 0.763999819756
21349 1 0.763580858707
1173 1 0.763512551785
7537 1 0.76289999485
83506 1 0.762578725815
4447 10 0.762501597404
42227 4 0.760950088501
15471 4 0.760872066021
41670 1 0.760796964169
16004 2 0.760606527328
60816 1 0.759406328201
31906 4 0.758084356785
55134 1 0.758072137833
38094 1 0.756369590759
69816 1 0.755772709846
11596 1 0.755487143993
2973 1 0.755472302437
85804 1 0.754607737064
26137 4 0.754345178604
13882 2 0.753831386566
1667 1 0.75353872776
21937 1 0.752406656742
31584 1 0.751616895199
43256 1 0.750841856003
58418 1 0.750001132488
18976 1 0.7495226264
43894 1 0.748951554298
32108 1 0.748779177666
39924 1 0.748090624809
59721 1 0.747940421104
76475 1 0.747036576271
19247 1 0.746915340424
6359 1 0.74619191885
55578 1 0.745950102806
62554 1 0.745715796947
46563 1 0.745323896408
40127 4 0.745253443718
21634 4 0.745114922523
50997 2 0.741370558739
73337 1 0.740840554237
56913 2 0.740678191185
17148 1 0.740493655205
78215 1 0.739915192127
85305 7 0.739801645279
81521 1 0.739514112473
69938 1 0.739402770996
5759 1 0.739050984383
42429 1 0.738675057888
14063 1 0.738192737103
74068 1 0.738110244274
34256 1 0.736916899681
62683 1 0.73656886816
42426 1 0.736504435539
28079 1 0.735822319984
76582 1 0.734778940678
9567 1 0.734735667706
12393 1 0.734630703926
25019 1 0.73438924551
59697 1 0.734168231487
21225 1 0.734132051468
50967 1 0.73180782795
10427 2 0.73149651289
25204 4 0.730171442032
22219 1 0.729937255383
83935 1 0.728828370571
90632 1 0.72796022892
38955 1 0.727727413177
1179 1 0.726974368095
38742 1 0.726261973381
28455 1 0.726068258286
569 1 0.725307941437
20497 1 0.724247395992
7385 1 0.724153220654
43169 1 0.72300350666
3170 1 0.722573935986
60071 1 0.721104741096
89585 3 0.720959544182
68907 4 0.720935463905
87612 1 0.720569312572
20283 4 0.718687832355
48511 1 0.718053460121
69299 7 0.717805922031
21851 7 0.71714925766
67123 1 0.716715991497
5556 1 0.715916872025
60479 1 0.715286076069
30926 1 0.714632213116
42425 1 0.714600384235
10397 4 0.714149594307
71044 1 0.713823199272
83997 4 0.713219106197
2350 2 0.712948620319
46513 1 0.712552130222
65777 1 0.71192407608
16012 1 0.711760103703
21759 1 0.711023211479
4113 1 0.710234642029
27835 1 0.709075629711
19082 4 0.70778542757
69939 1 0.707031309605
68720 1 0.707010686398
2258 1 0.706197142601
48702 4 0.706137478352
34334 1 0.705897092819
51581 4 0.704192817211
17333 1 0.703877449036
572 1 0.703502714634
45875 1 0.70348149538
36616 1 0.703387796879
59029 1 0.703170657158
83491 3 0.703063368797
26967 1 0.702919602394
20801 1 0.702099680901
8762 2 0.701845049858
51021 1 0.700740337372
36405 4 0.700465142727
35795 1 0.700246930122
61241 4 0.699947059155
68642 1 0.69942176342
85306 1 0.699413776398
34787 1 0.698552668095
3534 4 0.696997225285
25807 1 0.69683778286
20350 1 0.696295261383
34094 1 0.695585310459
18237 1 0.695175349712
5933 1 0.694737255573
9304 1 0.694716751575
54712 4 0.694087147713
28460 1 0.693302512169
24146 1 0.692126810551
1297 1 0.691919922829
16634 1 0.69188272953
12450 1 0.689803063869
33695 4 0.689617455006
3527 1 0.689600169659
43071 1 0.688695669174
21804 1 0.688432991505
59442 2 0.688195168972
87307 1 0.687999546528
20440 1 0.687032938004
47431 1 0.686972558498
62213 1 0.686873197556
51065 4 0.6859126091
25672 1 0.685362815857
37086 1 0.684969246387
40733 1 0.684880852699
49274 1 0.684863746166
73326 1 0.684706628323
83806 4 0.684607684612
63145 1 0.683923900127
34458 7 0.683002173901
34729 2 0.682858347893
55778 2 0.682733774185
81757 7 0.681841433048
22367 1 0.681557476521
25411 1 0.681289732456
71281 1 0.681095004082
64040 1 0.680779755116
13717 1 0.68070691824
52507 4 0.680675446987
90607 1 0.680061340332
86133 1 0.679696321487
89337 4 0.679423928261
57651 1 0.678770303726
43375 1 0.677577972412
43349 1 0.67675280571
48908 1 0.676710367203
76285 1 0.676478981972
16343 1 0.67628800869
88737 4 0.676162362099
66010 1 0.675689339638
12631 1 0.675450921059
82634 1 0.675387680531
15305 1 0.675053238869
58463 1 0.673454582691
41013 1 0.673299729824
5251 1 0.672952890396
69911 4 0.672604501247
7975 1 0.672497630119
32807 1 0.671821594238
48435 1 0.671599686146
31953 1 0.671574294567
73200 1 0.670987308025
33782 1 0.670802474022
45979 1 0.67029684782
89666 1 0.670144677162
33603 1 0.669025957584
16051 1 0.668677330017
79621 1 0.66858536005
63523 1 0.668573498726
37914 1 0.668569564819
30470 1 0.667394399643
63589 4 0.667089402676
6706 1 0.666970670223
13343 1 0.666918516159
79477 1 0.666851878166
25168 4 0.666356801987
15832 4 0.666067302227
5059 1 0.665650844574
68717 1 0.66563308239
4391 2 0.66527736187
77417 1 0.665027022362
8162 1 0.664192557335
3821 4 0.664188861847
23355 1 0.664001822472
46865 1 0.663482487202
40433 1 0.663104116917
62556 7 0.662902593613
81742 4 0.662619650364
55433 1 0.66207754612
59793 1 0.661710500717
61213 2 0.661154389381
83201 1 0.661150813103
40390 4 0.660654187202
55463 1 0.659801781178
14364 1 0.659535169601
12662 2 0.65943056345
28462 1 0.658452093601
74567 1 0.657808899879
53177 1 0.65726429224
58146 1 0.657220482826
28616 1 0.656898856163
32859 1 0.656373858452
66491 4 0.656076788902
66710 1 0.655716776848
10432 1 0.655302941799
3021 1 0.655211687088
69138 1 0.655070364475
48315 1 0.654938936234
29149 7 0.654608130455
35032 4 0.653006851673
3754 4 0.652902960777
2155 1 0.652582645416
26133 1 0.652310013771
78216 1 0.652101516724
2519 1 0.651846051216
3437 1 0.651613354683
66150 1 0.6509770751
61858 1 0.650409400463
66591 1 0.650376558304
24176 1 0.649423480034
52508 4 0.649300098419
48791 4 0.649201512337
30481 1 0.649044513702
5916 1 0.649036884308
54255 1 0.648415446281
29306 1 0.6481320858
33017 1 0.647665202618
46989 1 0.647548615932
9327 4 0.647452890873
46838 1 0.647301316261
79629 1 0.647136747837
16053 1 0.646631658077
27539 1 0.64653724432
28739 1 0.644885063171
69181 1 0.644614219666
17329 1 0.6443592906
21546 1 0.644293367863
88780 1 0.644091248512
79626 1 0.644034683704
64488 2 0.643223941326
33326 4 0.643090486526
49090 1 0.64304214716
70388 4 0.642506182194
1851 1 0.641995728016
10439 1 0.641460299492
87060 1 0.64145308733
2840 1 0.64131551981
55049 1 0.641200482845
3226 1 0.640913963318
2313 2 0.64072728157
23904 1 0.640328526497
27072 1 0.6388053298
43116 1 0.637101352215
32904 1 0.63695281744
39926 1 0.636738419533
28049 4 0.636706471443
27833 1 0.636270642281
2706 1 0.636244237423
25426 1 0.634399294853
81473 4 0.63409268856
20501 1 0.63353317976
85472 1 0.633512020111
10345 4 0.633051633835
68714 1 0.632766723633
59276 1 0.632536053658
62216 4 0.632529318333
44993 2 0.632381856441
38234 1 0.632371366024
4048 1 0.631759226322
70562 1 0.63156992197
16040 1 0.631118714809
89664 1 0.630939900875
23196 1 0.630879223347
83933 1 0.630695641041
45380 1 0.630548715591
33904 1 0.630422174931
54235 1 0.63025790453
3690 1 0.630255818367
58485 1 0.630011856556
53924 1 0.62983250618
66443 7 0.629415690899
22229 1 0.629314303398
66711 1 0.629311442375
61129 1 0.628576338291
23648 1 0.628414094448
64765 1 0.628331184387
86949 1 0.627706110477
17886 1 0.627378582954
33953 1 0.626441240311
83543 1 0.62640863657
66356 1 0.625935852528
3250 1 0.625923752785
64638 1 0.624874591827
48389 1 0.624473571777
79890 1 0.624195575714
47859 1 0.624135434628
39831 1 0.624084055424
23399 1 0.624077737331
41260 2 0.623907089233
45169 2 0.62279933691
57650 7 0.622746825218
69027 1 0.622308254242
45977 1 0.62162643671
49524 1 0.621175229549
83262 3 0.621121108532
57661 1 0.621031105518
66030 1 0.620811879635
34373 2 0.620772063732
8770 3 0.620305120945
81388 1 0.620272934437
88735 4 0.620225965977
4265 1 0.619978487492
44905 1 0.619176566601
83105 1 0.619173765182
5939 1 0.618854522705
82559 1 0.618727624416
8656 1 0.61840236187
62552 1 0.618365466595
17435 1 0.618160128593
58079 1 0.6178612113
84841 1 0.617859303951
420 1 0.617370784283
900 1 0.6168166399
69300 7 0.616599321365
6672 1 0.616303324699
27738 1 0.616188168526
56310 4 0.616129517555
87366 1 0.615639746189
90061 1 0.615595936775
8993 1 0.615217328072
59772 1 0.614852666855
89039 1 0.614684820175
55415 1 0.613936543465
63937 1 0.613839685917
49525 1 0.613512456417
9694 1 0.613428294659
74303 1 0.612384736538
84822 1 0.612362027168
65434 10 0.611601293087
37173 4 0.611583888531
19226 1 0.611370444298
57739 1 0.610841095448
6953 1 0.60996991396
325 1 0.609578490257
1420 4 0.60860401392
52960 1 0.608582317829
69940 1 0.607915639877
9210 1 0.607868552208
63619 1 0.607817709446
80667 1 0.607634365559
22156 1 0.607357680798
60136 1 0.60661816597
21183 1 0.606341302395
6240 1 0.605923950672
16461 4 0.605825483799
76887 1 0.605778098106
46747 1 0.605666995049
39054 1 0.605269432068
43711 1 0.605008363724
81447 1 0.603641033173
74340 4 0.603245973587
67880 2 0.602999329567
1050 1 0.602917432785
22239 1 0.602474033833
66901 1 0.602287113667
80988 2 0.601716518402
5802 10 0.60167491436
55165 1 0.60086196661
10766 1 0.600479662418
19958 1 0.600178897381
62279 1 0.599673032761
40422 2 0.599012553692
68024 4 0.598878741264
23903 1 0.598006486893
67504 3 0.597080051899
89050 1 0.597003877163
49832 1 0.596342265606
34968 1 0.596340358257
48699 1 0.595986068249
19730 1 0.595687031746
39583 1 0.595429480076
79636 1 0.595086395741
5139 1 0.594466269016
23633 1 0.593325018883
10238 2 0.593299269676
34155 1 0.593056976795
22198 2 0.592129826546
66567 1 0.591773629189
14744 4 0.591135323048
50468 1 0.590229213238
46745 1 0.590012013912
80313 1 0.589446246624
57284 1 0.588805913925
9012 1 0.588427603245
192 1 0.588374316692
5586 7 0.587867259979
58158 4 0.587547779083
24177 1 0.587535917759
67849 4 0.58656680584
21762 1 0.586295068264
20369 4 0.586201190948
9295 1 0.586172878742
53921 1 0.586077034473
8680 1 0.585847973824
57171 1 0.585675835609
33207 6 0.584860026836
53930 1 0.584748566151
26235 1 0.584339857101
6497 1 0.584103047848
32666 1 0.583837151527
60726 1 0.583680391312
38382 1 0.583551347256
85799 1 0.583434939384
18748 1 0.583102285862
19953 1 0.582739651203
3153 1 0.582231640816
62518 3 0.582175850868
42415 1 0.581423342228
18652 1 0.581253349781
3155 1 0.58073079586
45121 1 0.580701589584
81082 1 0.580644607544
41930 7 0.580544412136
86982 1 0.579920530319
50496 1 0.579913020134
50965 1 0.579738199711
71045 1 0.579654693604
20413 1 0.57940363884
5910 1 0.579311966896
16535 1 0.578806638718
40405 1 0.578242957592
57451 1 0.57818621397
38229 1 0.578018248081
67029 1 0.577877879143
3159 1 0.57758885622
21801 1 0.577467799187
12463 1 0.577098727226
47567 1 0.576973319054
81477 1 0.576661527157
66444 1 0.576386809349
74584 4 0.576312422752
11123 3 0.57590341568
50334 1 0.575671136379
21943 1 0.575570523739
34116 4 0.575345695019
32419 1 0.575289368629
21032 1 0.575022101402
15280 3 0.573919177055
16093 1 0.573882520199
66771 10 0.573786854744
40198 1 0.572817325592
35904 1 0.572701692581
30371 1 0.572237193584
41010 1 0.572223901749
6572 4 0.572160363197
5011 1 0.571652293205
4429 4 0.571391880512
84936 1 0.57105255127
68313 2 0.570577085018
80828 1 0.570374846458
70705 1 0.56973105669
15279 3 0.569425940514
6480 1 0.569376289845
49556 10 0.568961799145
64554 1 0.568367123604
55970 1 0.568204700947
34638 1 0.568085551262
3711 1 0.568022608757
74523 1 0.567882478237
1510 1 0.567713022232
80144 1 0.567450225353
50251 1 0.567295193672
375 1 0.567286968231
55638 1 0.567286193371
73095 1 0.567204475403
45062 1 0.567135870457
12330 1 0.567089796066
37167 2 0.566625118256
69263 1 0.566339969635
40284 1 0.566149234772
24380 4 0.56608748436
49853 2 0.565970778465
90374 1 0.565658867359
89969 1 0.564423680305
26386 1 0.563990473747
41009 1 0.563565135002
5635 1 0.562820315361
3856 4 0.562700331211
23150 1 0.562127947807
11462 1 0.561996102333
61053 1 0.561959207058
21659 1 0.561743676662
44269 1 0.561701595783
89444 1 0.56138843298
46052 1 0.560513436794
90474 1 0.560466885567
89678 1 0.560171067715
20459 1 0.560125291348
82821 1 0.559289991856
72591 1 0.559016466141
69937 1 0.558738768101
4849 1 0.558499753475
26144 1 0.557500839233
23354 1 0.557373166084
2773 1 0.557309925556
64145 1 0.556903541088
14917 1 0.556868910789
1252 1 0.556663751602
19729 1 0.556353807449
3706 1 0.556064009666
20805 1 0.555935919285
13884 2 0.555361270905
15833 4 0.555341660976
78741 1 0.555076062679
77983 4 0.554706454277
69058 1 0.554667890072
17284 4 0.55421859026
46986 1 0.55374366045
25580 1 0.553311467171
88656 7 0.553311288357
44713 4 0.553012728691
35703 1 0.55216139555
60778 1 0.552148044109
16497 1 0.551625609398
55668 1 0.551423728466
46514 1 0.55132573843
5373 1 0.551323890686
25688 4 0.55116212368
52402 4 0.551095247269
629 1 0.550932526588
9227 2 0.550890922546
79479 1 0.550675868988
31204 1 0.550354301929
46562 1 0.549838721752
8211 1 0.548518717289
31093 1 0.548319518566
36922 1 0.548062860966
49991 1 0.547922492027
67389 1 0.547692358494
33619 1 0.546894192696
6578 4 0.546594381332
28140 1 0.546337306499
5932 1 0.546302616596
6586 2 0.545457780361
78730 1 0.545186758041
50708 1 0.545182466507
35668 1 0.545003831387
29559 1 0.542789578438
10244 2 0.542684614658
52329 1 0.542298197746
4355 2 0.541882753372
1180 1 0.541740715504
728 2 0.541672348976
87906 1 0.541584789753
77008 1 0.541213095188
12298 4 0.541136026382
7806 1 0.539993584156
69817 1 0.539399087429
39959 1 0.538371264935
13705 1 0.537390887737
15528 1 0.536573708057
25890 1 0.536432623863
41674 1 0.536286830902
14062 1 0.535877943039
38208 1 0.535846352577
37330 1 0.535496532917
8765 2 0.535374283791
87498 1 0.535163700581
19532 1 0.5348700881
82904 1 0.534341037273
11143 1 0.534256637096
19894 1 0.533983826637
1419 4 0.533965647221
1959 1 0.532758951187
42674 1 0.531751036644
78566 3 0.531673550606
39061 1 0.531528830528
35410 1 0.531515300274
33244 1 0.530627191067
40734 1 0.530168712139
15309 1 0.528413236141
64521 3 0.528351664543
5134 1 0.5281072855
60803 1 0.526683986187
65165 1 0.526620745659
16762 1 0.526462078094
12868 3 0.526253461838
37403 1 0.525580406189
76718 7 0.525489091873
35785 1 0.525078654289
67934 2 0.525064706802
26143 2 0.524913430214
43598 1 0.524259269238
69802 4 0.523949980736
7750 1 0.523295402527
9555 10 0.522890329361
42763 4 0.522550284863
41956 2 0.522513449192
34090 1 0.522353887558
37567 2 0.522126972675
10509 4 0.521966516972
642 1 0.521506428719
73473 3 0.521445155144
43080 10 0.521211147308
43024 1 0.520728111267
48907 1 0.520696163177
77523 6 0.520604550838
39936 2 0.52037447691
75361 1 0.520372450352
27668 6 0.520042598248
20416 1 0.519955515862
25820 4 0.519849956036
50618 3 0.519743442535
17634 4 0.51942884922
79467 1 0.519149839878
31568 1 0.518394291401
27578 1 0.518179237843
8994 1 0.517644762993
52211 1 0.517530977726
17919 1 0.517043054104
1906 1 0.516605257988
50104 1 0.516388237476
23746 1 0.516367673874
19759 1 0.51630616188
21022 1 0.516294181347
20732 1 0.516078054905
41839 1 0.516053795815
22296 1 0.51593542099
45000 1 0.515435039997
41224 1 0.51533895731
87910 4 0.515080630779
49199 3 0.515053153038
4356 2 0.514735102654
20745 2 0.514723479748
33781 1 0.514538407326
80969 1 0.514386236668
21924 1 0.514038562775
55695 2 0.513920724392
4361 1 0.513621926308
47211 2 0.513459563255
21956 1 0.513215899467
21155 1 0.513057589531
20697 1 0.513025403023
83301 1 0.512835085392
57277 1 0.512616813183
6837 1 0.512355804443
839 1 0.512349009514
34314 1 0.511567234993
39662 1 0.511541903019
34009 1 0.511398971081
90173 1 0.511245191097
24165 1 0.51100564003
87614 1 0.510887026787
2417 1 0.510535180569
45668 1 0.510235607624
83595 4 0.510083913803
20263 1 0.510037958622
12353 1 0.509589970112
67139 1 0.509084880352
78630 1 0.508783102036
57667 1 0.508496701717
35077 1 0.508410215378
62596 1 0.508133411407
36505 1 0.507782042027
38952 1 0.507752776146
64789 1 0.50747102499
66753 1 0.507294774055
4493 1 0.506803333759
50090 1 0.506366372108
41064 3 0.506346404552
16374 1 0.506244599819
62168 4 0.506228506565
45933 4 0.505264759064
26264 1 0.505215406418
20822 1 0.505064308643
22836 3 0.504967808723
7409 1 0.504632949829
49044 4 0.504278004169
42424 1 0.503017246723
27035 1 0.501843392849
47647 1 0.50155621767
51665 1 0.501115620136
79094 1 0.501084148884
32164 1 0.500840306282
68658 1 0.500086665154
72276 1 0.500003099442
38743 2 0.499789625406
66441 1 0.499782115221
30336 4 0.499539613724
45718 1 0.49924325943
712 1 0.498869359493
23617 4 0.498670548201
12300 1 0.497912049294
57726 4 0.497646600008
80327 1 0.496690154076
78652 1 0.496310830116
35108 1 0.496250748634
10511 4 0.495450437069
70274 1 0.494991779327
51668 1 0.494822144508
48020 1 0.493572443724
90359 1 0.493189841509
26734 2 0.493120551109
84887 3 0.492958039045
24427 2 0.490852296352
7976 1 0.489823460579
9361 2 0.489351987839
791 2 0.488312393427
62517 3 0.487303614616
78878 2 0.486592650414
4682 8 0.485898673534
77805 1 0.485316485167
60801 3 0.484420090914
70185 2 0.484283924103
10304 4 0.484158188105
23374 4 0.483368068933
16007 1 0.482487857342
65390 7 0.481683790684
1743 2 0.479918569326
18369 1 0.479889571667
17436 1 0.47818416357
6357 1 0.477663189173
34091 3 0.477544188499
56082 1 0.477026104927
3864 7 0.47687369585
11269 2 0.476479053497
68911 4 0.474472224712
2305 2 0.473483502865
79167 2 0.473457425833
20963 1 0.471924006939
65353 2 0.471640437841
41695 1 0.471016019583
73434 2 0.470272541046
47991 2 0.466863691807
51263 1 0.46410793066
71938 2 0.463641017675
20711 1 0.463361680508
29148 7 0.462865918875
34552 1 0.462122619152
11051 2 0.46056163311
1702 4 0.459043174982
45924 2 0.455999851227
3822 4 0.454773187637
9510 6 0.45439016819
68874 1 0.454197883606
20435 2 0.452797710896
73474 3 0.452731072903
654 6 0.449821859598
72839 3 0.448510676622
25669 2 0.447389125824
28001 2 0.446307390928
51215 1 0.446163266897
47569 4 0.445786267519
86459 4 0.443373918533
2754 6 0.440710365772
25018 4 0.438617736101
91113 4 0.436723381281
37927 5 0.436363518238
33268 2 0.434009283781
33298 1 0.433770626783
31709 2 0.432019978762
16055 1 0.431105911732
3117 6 0.430886864662
7878 2 0.429616868496
22774 6 0.428421676159
50349 1 0.426903128624
51404 6 0.426656782627
76234 10 0.421389639378
79107 10 0.419907659292
51621 3 0.418711483479
29832 2 0.415759980679
19774 2 0.415116429329
56223 6 0.414452493191
56922 2 0.411742031574
65526 1 0.411191612482
40227 3 0.408964544535
45490 2 0.407561451197
18109 7 0.406996101141
33308 1 0.406555950642
34367 3 0.403081148863
55467 2 0.402769505978
36921 1 0.397951185703
42038 6 0.395003437996
67870 2 0.391709178686
77972 2 0.386396169662
75963 5 0.386071741581
56566 4 0.384482055902
39180 1 0.383190602064
14342 2 0.379253178835
12705 2 0.378026485443
82079 6 0.376926988363
84447 2 0.376193344593
83653 3 0.376139968634
27125 5 0.373186171055
5897 2 0.372636914253
39383 4 0.367934197187
27117 6 0.366979300976
50962 1 0.363715201616
63620 4 0.361861824989
33441 5 0.3602822721
83775 5 0.360183209181
10684 5 0.359097331762
8374 6 0.356954365969
12051 4 0.356750369072
4675 7 0.355178236961
57449 5 0.353743195534
90909 2 0.353353083134
17280 3 0.351914703846
58326 6 0.350364357233
73938 2 0.350048363209
43115 7 0.349464654922
82856 2 0.348677992821
60813 6 0.344710588455
137 1 0.339865744114
46213 7 0.33722281456
67918 3 0.336036503315
5944 6 0.333229273558
43175 5 0.331389427185
74793 2 0.32303377986
91112 4 0.313741087914
91635 2 0.303784787655
65527 1 0.299517720938
47871 6 0.295851349831
28709 2 0.294398784637
42423 1 0.289736360312
83505 2 0.286859720945
81860 1 0.286073565483
73421 2 0.285220444202
23507 4 0.275040596724
59770 2 0.273460626602
39905 3 0.249822676182
5654 5 0.241465523839
58395 2 0.1941755265
83582 2 0.188458457589
49681 4 0.186488240957
9814 5 0.181270480156
67255 10 0.171590998769
58874 3 0.154244601727
