1.0 0.0
1.0 0.000577367205543
1.0 0.00115473441109
1.0 0.00173210161663
0.75 0.00173210161663
0.8 0.00230946882217
0.833333333333 0.00288683602771
0.857142857143 0.00346420323326
0.75 0.00346420323326
0.777777777778 0.0040415704388
0.8 0.00461893764434
0.727272727273 0.00461893764434
0.666666666667 0.00461893764434
0.692307692308 0.00519630484988
0.714285714286 0.00577367205543
0.733333333333 0.00635103926097
0.6875 0.00635103926097
0.647058823529 0.00635103926097
0.666666666667 0.00692840646651
0.684210526316 0.00750577367206
0.7 0.0080831408776
0.666666666667 0.0080831408776
0.681818181818 0.00866050808314
0.695652173913 0.00923787528868
0.708333333333 0.00981524249423
0.72 0.0103926096998
0.692307692308 0.0103926096998
0.703703703704 0.0109699769053
0.714285714286 0.0115473441109
0.724137931034 0.0121247113164
0.7 0.0121247113164
0.709677419355 0.0127020785219
0.71875 0.0132794457275
0.69696969697 0.0132794457275
0.676470588235 0.0132794457275
0.685714285714 0.013856812933
0.666666666667 0.013856812933
0.648648648649 0.013856812933
0.631578947368 0.013856812933
0.641025641026 0.0144341801386
0.65 0.0150115473441
0.658536585366 0.0155889145497
0.666666666667 0.0161662817552
0.651162790698 0.0161662817552
0.659090909091 0.0167436489607
0.644444444444 0.0167436489607
0.652173913043 0.0173210161663
0.63829787234 0.0173210161663
0.645833333333 0.0178983833718
0.65306122449 0.0184757505774
0.64 0.0184757505774
0.647058823529 0.0190531177829
0.653846153846 0.0196304849885
0.641509433962 0.0196304849885
0.62962962963 0.0196304849885
0.618181818182 0.0196304849885
0.607142857143 0.0196304849885
0.614035087719 0.020207852194
0.603448275862 0.020207852194
0.610169491525 0.0207852193995
0.616666666667 0.0213625866051
0.622950819672 0.0219399538106
0.629032258065 0.0225173210162
0.619047619048 0.0225173210162
0.625 0.0230946882217
0.630769230769 0.0236720554273
0.636363636364 0.0242494226328
0.641791044776 0.0248267898383
0.647058823529 0.0254041570439
0.63768115942 0.0254041570439
0.642857142857 0.0259815242494
0.633802816901 0.0259815242494
0.625 0.0259815242494
0.630136986301 0.026558891455
0.635135135135 0.0271362586605
0.64 0.0277136258661
0.631578947368 0.0277136258661
0.636363636364 0.0282909930716
0.641025641026 0.0288683602771
0.645569620253 0.0294457274827
0.65 0.0300230946882
0.641975308642 0.0300230946882
0.646341463415 0.0306004618938
0.650602409639 0.0311778290993
0.654761904762 0.0317551963048
0.647058823529 0.0317551963048
0.651162790698 0.0323325635104
0.64367816092 0.0323325635104
0.636363636364 0.0323325635104
0.640449438202 0.0329099307159
0.633333333333 0.0329099307159
0.637362637363 0.0334872979215
0.630434782609 0.0334872979215
0.623655913978 0.0334872979215
0.627659574468 0.034064665127
0.631578947368 0.0346420323326
0.635416666667 0.0352193995381
0.628865979381 0.0352193995381
0.632653061224 0.0357967667436
0.626262626263 0.0357967667436
0.62 0.0357967667436
0.623762376238 0.0363741339492
0.617647058824 0.0363741339492
0.621359223301 0.0369515011547
0.625 0.0375288683603
0.628571428571 0.0381062355658
0.632075471698 0.0386836027714
0.626168224299 0.0386836027714
0.62037037037 0.0386836027714
0.614678899083 0.0386836027714
0.618181818182 0.0392609699769
0.612612612613 0.0392609699769
0.616071428571 0.0398383371824
0.610619469027 0.0398383371824
0.614035087719 0.040415704388
0.617391304348 0.0409930715935
0.620689655172 0.0415704387991
0.615384615385 0.0415704387991
0.618644067797 0.0421478060046
0.613445378151 0.0421478060046
0.608333333333 0.0421478060046
0.603305785124 0.0421478060046
0.606557377049 0.0427251732102
0.60162601626 0.0427251732102
0.596774193548 0.0427251732102
0.6 0.0433025404157
0.595238095238 0.0433025404157
0.590551181102 0.0433025404157
0.5859375 0.0433025404157
0.581395348837 0.0433025404157
0.576923076923 0.0433025404157
0.580152671756 0.0438799076212
0.583333333333 0.0444572748268
0.578947368421 0.0444572748268
0.582089552239 0.0450346420323
0.585185185185 0.0456120092379
0.588235294118 0.0461893764434
0.591240875912 0.046766743649
0.586956521739 0.046766743649
0.589928057554 0.0473441108545
0.585714285714 0.0473441108545
0.58865248227 0.04792147806
0.591549295775 0.0484988452656
0.594405594406 0.0490762124711
0.597222222222 0.0496535796767
0.593103448276 0.0496535796767
0.58904109589 0.0496535796767
0.585034013605 0.0496535796767
0.581081081081 0.0496535796767
0.577181208054 0.0496535796767
0.58 0.0502309468822
0.576158940397 0.0502309468822
0.572368421053 0.0502309468822
0.56862745098 0.0502309468822
0.564935064935 0.0502309468822
0.561290322581 0.0502309468822
0.557692307692 0.0502309468822
0.56050955414 0.0508083140878
0.556962025316 0.0508083140878
0.553459119497 0.0508083140878
0.55625 0.0513856812933
0.55900621118 0.0519630484988
0.555555555556 0.0519630484988
0.558282208589 0.0525404157044
0.55487804878 0.0525404157044
0.551515151515 0.0525404157044
0.548192771084 0.0525404157044
0.550898203593 0.0531177829099
0.547619047619 0.0531177829099
0.550295857988 0.0536951501155
0.552941176471 0.054272517321
0.549707602339 0.054272517321
0.552325581395 0.0548498845266
0.549132947977 0.0548498845266
0.545977011494 0.0548498845266
0.548571428571 0.0554272517321
0.545454545455 0.0554272517321
0.542372881356 0.0554272517321
0.539325842697 0.0554272517321
0.536312849162 0.0554272517321
0.533333333333 0.0554272517321
0.53591160221 0.0560046189376
0.532967032967 0.0560046189376
0.535519125683 0.0565819861432
0.532608695652 0.0565819861432
0.52972972973 0.0565819861432
0.52688172043 0.0565819861432
0.524064171123 0.0565819861432
0.521276595745 0.0565819861432
0.518518518519 0.0565819861432
0.515789473684 0.0565819861432
0.513089005236 0.0565819861432
0.515625 0.0571593533487
0.512953367876 0.0571593533487
0.515463917526 0.0577367205543
0.512820512821 0.0577367205543
0.515306122449 0.0583140877598
0.51269035533 0.0583140877598
0.515151515152 0.0588914549654
0.51256281407 0.0588914549654
0.51 0.0588914549654
0.512437810945 0.0594688221709
0.509900990099 0.0594688221709
0.507389162562 0.0594688221709
0.504901960784 0.0594688221709
0.507317073171 0.0600461893764
0.509708737864 0.060623556582
0.507246376812 0.060623556582
0.509615384615 0.0612009237875
0.511961722488 0.0617782909931
0.509523809524 0.0617782909931
0.511848341232 0.0623556581986
0.509433962264 0.0623556581986
0.511737089202 0.0629330254042
0.509345794393 0.0629330254042
0.511627906977 0.0635103926097
0.509259259259 0.0635103926097
0.511520737327 0.0640877598152
0.51376146789 0.0646651270208
0.51598173516 0.0652424942263
0.518181818182 0.0658198614319
0.52036199095 0.0663972286374
0.518018018018 0.0663972286374
0.515695067265 0.0663972286374
0.513392857143 0.0663972286374
0.511111111111 0.0663972286374
0.508849557522 0.0663972286374
0.511013215859 0.066974595843
0.508771929825 0.066974595843
0.510917030568 0.0675519630485
0.513043478261 0.068129330254
0.515151515152 0.0687066974596
0.512931034483 0.0687066974596
0.510729613734 0.0687066974596
0.512820512821 0.0692840646651
0.510638297872 0.0692840646651
0.512711864407 0.0698614318707
0.510548523207 0.0698614318707
0.512605042017 0.0704387990762
0.510460251046 0.0704387990762
0.508333333333 0.0704387990762
0.50622406639 0.0704387990762
0.504132231405 0.0704387990762
0.506172839506 0.0710161662818
0.504098360656 0.0710161662818
0.50612244898 0.0715935334873
0.508130081301 0.0721709006928
0.51012145749 0.0727482678984
0.508064516129 0.0727482678984
0.506024096386 0.0727482678984
0.504 0.0727482678984
0.501992031873 0.0727482678984
0.5 0.0727482678984
0.501976284585 0.0733256351039
0.5 0.0733256351039
0.498039215686 0.0733256351039
0.49609375 0.0733256351039
0.498054474708 0.0739030023095
0.5 0.074480369515
0.501930501931 0.0750577367206
0.503846153846 0.0756351039261
0.501915708812 0.0756351039261
0.503816793893 0.0762124711316
0.505703422053 0.0767898383372
0.503787878788 0.0767898383372
0.505660377358 0.0773672055427
0.503759398496 0.0773672055427
0.501872659176 0.0773672055427
0.5 0.0773672055427
0.498141263941 0.0773672055427
0.5 0.0779445727483
0.50184501845 0.0785219399538
0.5 0.0785219399538
0.498168498168 0.0785219399538
0.496350364964 0.0785219399538
0.498181818182 0.0790993071594
0.496376811594 0.0790993071594
0.494584837545 0.0790993071594
0.492805755396 0.0790993071594
0.491039426523 0.0790993071594
0.492857142857 0.0796766743649
0.494661921708 0.0802540415704
0.496453900709 0.080831408776
0.494699646643 0.080831408776
0.492957746479 0.080831408776
0.494736842105 0.0814087759815
0.496503496503 0.0819861431871
0.498257839721 0.0825635103926
0.5 0.0831408775982
0.498269896194 0.0831408775982
0.496551724138 0.0831408775982
0.498281786942 0.0837182448037
0.5 0.0842956120092
0.498293515358 0.0842956120092
0.5 0.0848729792148
0.498305084746 0.0848729792148
0.5 0.0854503464203
0.498316498316 0.0854503464203
0.496644295302 0.0854503464203
0.494983277592 0.0854503464203
0.493333333333 0.0854503464203
0.495016611296 0.0860277136259
0.493377483444 0.0860277136259
0.49504950495 0.0866050808314
0.493421052632 0.0866050808314
0.491803278689 0.0866050808314
0.493464052288 0.087182448037
0.491856677524 0.087182448037
0.49025974026 0.087182448037
0.488673139159 0.087182448037
0.487096774194 0.087182448037
0.485530546624 0.087182448037
0.483974358974 0.087182448037
0.482428115016 0.087182448037
0.480891719745 0.087182448037
0.48253968254 0.0877598152425
0.481012658228 0.0877598152425
0.482649842271 0.088337182448
0.481132075472 0.088337182448
0.479623824451 0.088337182448
0.48125 0.0889145496536
0.479750778816 0.0889145496536
0.478260869565 0.0889145496536
0.476780185759 0.0889145496536
0.475308641975 0.0889145496536
0.473846153846 0.0889145496536
0.475460122699 0.0894919168591
0.474006116208 0.0894919168591
0.47256097561 0.0894919168591
0.474164133739 0.0900692840647
0.472727272727 0.0900692840647
0.474320241692 0.0906466512702
0.472891566265 0.0906466512702
0.471471471471 0.0906466512702
0.47005988024 0.0906466512702
0.471641791045 0.0912240184758
0.470238095238 0.0912240184758
0.46884272997 0.0912240184758
0.467455621302 0.0912240184758
0.469026548673 0.0918013856813
0.470588235294 0.0923787528868
0.469208211144 0.0923787528868
0.46783625731 0.0923787528868
0.469387755102 0.0929561200924
0.468023255814 0.0929561200924
0.466666666667 0.0929561200924
0.465317919075 0.0929561200924
0.463976945245 0.0929561200924
0.462643678161 0.0929561200924
0.464183381089 0.0935334872979
0.465714285714 0.0941108545035
0.464387464387 0.0941108545035
0.463068181818 0.0941108545035
0.461756373938 0.0941108545035
0.460451977401 0.0941108545035
0.461971830986 0.094688221709
0.463483146067 0.0952655889145
0.46218487395 0.0952655889145
0.460893854749 0.0952655889145
0.459610027855 0.0952655889145
0.458333333333 0.0952655889145
0.459833795014 0.0958429561201
0.458563535912 0.0958429561201
0.460055096419 0.0964203233256
0.458791208791 0.0964203233256
0.457534246575 0.0964203233256
0.459016393443 0.0969976905312
0.457765667575 0.0969976905312
0.45652173913 0.0969976905312
0.455284552846 0.0969976905312
0.456756756757 0.0975750577367
0.455525606469 0.0975750577367
0.454301075269 0.0975750577367
0.455764075067 0.0981524249423
0.454545454545 0.0981524249423
0.456 0.0987297921478
0.454787234043 0.0987297921478
0.453580901857 0.0987297921478
0.452380952381 0.0987297921478
0.45382585752 0.0993071593533
0.452631578947 0.0993071593533
0.45406824147 0.0998845265589
0.452879581152 0.0998845265589
0.451697127937 0.0998845265589
0.450520833333 0.0998845265589
0.449350649351 0.0998845265589
0.448186528497 0.0998845265589
0.449612403101 0.100461893764
0.448453608247 0.100461893764
0.447300771208 0.100461893764
0.446153846154 0.100461893764
0.445012787724 0.100461893764
0.44387755102 0.100461893764
0.442748091603 0.100461893764
0.441624365482 0.100461893764
0.440506329114 0.100461893764
0.441919191919 0.10103926097
0.44080604534 0.10103926097
0.442211055276 0.101616628176
0.441102756892 0.101616628176
0.4425 0.102193995381
0.441396508728 0.102193995381
0.440298507463 0.102193995381
0.439205955335 0.102193995381
0.438118811881 0.102193995381
0.437037037037 0.102193995381
0.43842364532 0.102771362587
0.437346437346 0.102771362587
0.436274509804 0.102771362587
0.435207823961 0.102771362587
0.434146341463 0.102771362587
0.435523114355 0.103348729792
0.434466019417 0.103348729792
0.433414043584 0.103348729792
0.434782608696 0.103926096998
0.433734939759 0.103926096998
0.432692307692 0.103926096998
0.434052757794 0.104503464203
0.433014354067 0.104503464203
0.431980906921 0.104503464203
0.430952380952 0.104503464203
0.429928741093 0.104503464203
0.428909952607 0.104503464203
0.427895981087 0.104503464203
0.426886792453 0.104503464203
0.425882352941 0.104503464203
0.427230046948 0.105080831409
0.428571428571 0.105658198614
0.427570093458 0.105658198614
0.426573426573 0.105658198614
0.425581395349 0.105658198614
0.424593967517 0.105658198614
0.423611111111 0.105658198614
0.422632794457 0.105658198614
0.423963133641 0.10623556582
0.422988505747 0.10623556582
0.422018348624 0.10623556582
0.421052631579 0.10623556582
0.420091324201 0.10623556582
0.419134396355 0.10623556582
0.418181818182 0.10623556582
0.417233560091 0.10623556582
0.41628959276 0.10623556582
0.415349887133 0.10623556582
0.414414414414 0.10623556582
0.413483146067 0.10623556582
0.412556053812 0.10623556582
0.41163310962 0.10623556582
0.412946428571 0.106812933025
0.41425389755 0.107390300231
0.415555555556 0.107967667436
0.414634146341 0.107967667436
0.41592920354 0.108545034642
0.417218543046 0.109122401848
0.416299559471 0.109122401848
0.415384615385 0.109122401848
0.416666666667 0.109699769053
0.417943107221 0.110277136259
0.419213973799 0.110854503464
0.420479302832 0.11143187067
0.419565217391 0.11143187067
0.418655097614 0.11143187067
0.419913419913 0.112009237875
0.419006479482 0.112009237875
0.418103448276 0.112009237875
0.417204301075 0.112009237875
0.418454935622 0.112586605081
0.419700214133 0.113163972286
0.418803418803 0.113163972286
0.417910447761 0.113163972286
0.417021276596 0.113163972286
0.418259023355 0.113741339492
0.417372881356 0.113741339492
0.418604651163 0.114318706697
0.417721518987 0.114318706697
0.416842105263 0.114318706697
0.418067226891 0.114896073903
0.41928721174 0.115473441109
0.418410041841 0.115473441109
0.419624217119 0.116050808314
0.41875 0.116050808314
0.417879417879 0.116050808314
0.417012448133 0.116050808314
0.416149068323 0.116050808314
0.415289256198 0.116050808314
0.416494845361 0.11662817552
0.417695473251 0.117205542725
0.416837782341 0.117205542725
0.418032786885 0.117782909931
0.41717791411 0.117782909931
0.416326530612 0.117782909931
0.415478615071 0.117782909931
0.414634146341 0.117782909931
0.415821501014 0.118360277136
0.414979757085 0.118360277136
0.416161616162 0.118937644342
0.415322580645 0.118937644342
0.414486921529 0.118937644342
0.413654618474 0.118937644342
0.412825651303 0.118937644342
0.414 0.119515011547
0.413173652695 0.119515011547
0.41235059761 0.119515011547
0.411530815109 0.119515011547
0.410714285714 0.119515011547
0.409900990099 0.119515011547
0.409090909091 0.119515011547
0.408284023669 0.119515011547
0.409448818898 0.120092378753
0.408644400786 0.120092378753
0.409803921569 0.120669745958
0.409001956947 0.120669745958
0.408203125 0.120669745958
0.409356725146 0.121247113164
0.408560311284 0.121247113164
0.407766990291 0.121247113164
0.406976744186 0.121247113164
0.406189555126 0.121247113164
0.407335907336 0.12182448037
0.40655105973 0.12182448037
0.405769230769 0.12182448037
0.404990403071 0.12182448037
0.404214559387 0.12182448037
0.405353728489 0.122401847575
0.406488549618 0.122979214781
0.405714285714 0.122979214781
0.404942965779 0.122979214781
0.404174573055 0.122979214781
0.403409090909 0.122979214781
0.404536862004 0.123556581986
0.405660377358 0.124133949192
0.406779661017 0.124711316397
0.407894736842 0.125288683603
0.40712945591 0.125288683603
0.406367041199 0.125288683603
0.407476635514 0.125866050808
0.40671641791 0.125866050808
0.405959031657 0.125866050808
0.405204460967 0.125866050808
0.406307977737 0.126443418014
0.405555555556 0.126443418014
0.404805914972 0.126443418014
0.405904059041 0.127020785219
0.405156537753 0.127020785219
0.40625 0.127598152425
0.407339449541 0.12817551963
0.408424908425 0.128752886836
0.409506398537 0.129330254042
0.408759124088 0.129330254042
0.408014571949 0.129330254042
0.409090909091 0.129907621247
0.40834845735 0.129907621247
0.407608695652 0.129907621247
0.406871609403 0.129907621247
0.406137184116 0.129907621247
0.405405405405 0.129907621247
0.404676258993 0.129907621247
0.405745062837 0.130484988453
0.406810035842 0.131062355658
0.406082289803 0.131062355658
0.407142857143 0.131639722864
0.408199643494 0.132217090069
0.409252669039 0.132794457275
0.408525754885 0.132794457275
0.40780141844 0.132794457275
0.407079646018 0.132794457275
0.406360424028 0.132794457275
0.405643738977 0.132794457275
0.404929577465 0.132794457275
0.405975395431 0.13337182448
0.405263157895 0.13337182448
0.404553415061 0.13337182448
0.403846153846 0.13337182448
0.404886561955 0.133949191686
0.404181184669 0.133949191686
0.405217391304 0.134526558891
0.40625 0.135103926097
0.407279029463 0.135681293303
0.406574394464 0.135681293303
0.407599309154 0.136258660508
0.408620689655 0.136836027714
0.407917383821 0.136836027714
0.407216494845 0.136836027714
0.408233276158 0.137413394919
0.409246575342 0.137990762125
0.410256410256 0.13856812933
0.409556313993 0.13856812933
0.408858603066 0.13856812933
0.409863945578 0.139145496536
0.409168081494 0.139145496536
0.408474576271 0.139145496536
0.407783417936 0.139145496536
0.407094594595 0.139145496536
0.408094435076 0.139722863741
0.409090909091 0.140300230947
0.408403361345 0.140300230947
0.407718120805 0.140300230947
0.407035175879 0.140300230947
0.40635451505 0.140300230947
0.40734557596 0.140877598152
0.408333333333 0.141454965358
0.40765391015 0.141454965358
0.406976744186 0.141454965358
0.407960199005 0.142032332564
0.407284768212 0.142032332564
0.406611570248 0.142032332564
0.405940594059 0.142032332564
0.406919275124 0.142609699769
0.40625 0.142609699769
0.405582922824 0.142609699769
0.406557377049 0.143187066975
0.407528641571 0.14376443418
0.406862745098 0.14376443418
0.406199021207 0.14376443418
0.405537459283 0.14376443418
0.40487804878 0.14376443418
0.405844155844 0.144341801386
0.40680713128 0.144919168591
0.406148867314 0.144919168591
0.40549273021 0.144919168591
0.404838709677 0.144919168591
0.404186795491 0.144919168591
0.403536977492 0.144919168591
0.402889245586 0.144919168591
0.402243589744 0.144919168591
0.4016 0.144919168591
0.400958466454 0.144919168591
0.400318979266 0.144919168591
0.399681528662 0.144919168591
0.399046104928 0.144919168591
0.398412698413 0.144919168591
0.397781299525 0.144919168591
0.397151898734 0.144919168591
0.396524486572 0.144919168591
0.395899053628 0.144919168591
0.395275590551 0.144919168591
0.39465408805 0.144919168591
0.394034536892 0.144919168591
0.3934169279 0.144919168591
0.392801251956 0.144919168591
0.3921875 0.144919168591
0.391575663027 0.144919168591
0.390965732087 0.144919168591
0.390357698289 0.144919168591
0.389751552795 0.144919168591
0.389147286822 0.144919168591
0.388544891641 0.144919168591
0.387944358578 0.144919168591
0.387345679012 0.144919168591
0.386748844376 0.144919168591
0.386153846154 0.144919168591
0.385560675883 0.144919168591
0.384969325153 0.144919168591
0.384379785605 0.144919168591
0.38379204893 0.144919168591
0.38320610687 0.144919168591
0.384146341463 0.145496535797
0.383561643836 0.145496535797
0.382978723404 0.145496535797
0.383915022762 0.146073903002
0.383333333333 0.146073903002
0.382753403933 0.146073903002
0.383685800604 0.146651270208
0.383107088989 0.146651270208
0.382530120482 0.146651270208
0.381954887218 0.146651270208
0.381381381381 0.146651270208
0.380809595202 0.146651270208
0.380239520958 0.146651270208
0.379671150972 0.146651270208
0.379104477612 0.146651270208
0.378539493294 0.146651270208
0.377976190476 0.146651270208
0.377414561664 0.146651270208
0.376854599407 0.146651270208
0.377777777778 0.147228637413
0.377218934911 0.147228637413
0.376661742984 0.147228637413
0.37610619469 0.147228637413
0.375552282769 0.147228637413
0.375 0.147228637413
0.374449339207 0.147228637413
0.375366568915 0.147806004619
0.374816983895 0.147806004619
0.374269005848 0.147806004619
0.373722627737 0.147806004619
0.374635568513 0.148383371824
0.375545851528 0.14896073903
0.375 0.14896073903
0.374455732946 0.14896073903
0.373913043478 0.14896073903
0.373371924747 0.14896073903
0.374277456647 0.149538106236
0.373737373737 0.149538106236
0.373198847262 0.149538106236
0.372661870504 0.149538106236
0.373563218391 0.150115473441
0.373027259684 0.150115473441
0.372492836676 0.150115473441
0.371959942775 0.150115473441
0.371428571429 0.150115473441
0.37089871612 0.150115473441
0.371794871795 0.150692840647
0.371266002845 0.150692840647
0.372159090909 0.151270207852
0.371631205674 0.151270207852
0.371104815864 0.151270207852
0.370579915134 0.151270207852
0.370056497175 0.151270207852
0.370944992948 0.151847575058
0.370422535211 0.151847575058
0.369901547117 0.151847575058
0.369382022472 0.151847575058
0.370266479663 0.152424942263
0.36974789916 0.152424942263
0.369230769231 0.152424942263
0.368715083799 0.152424942263
0.36820083682 0.152424942263
0.367688022284 0.152424942263
0.367176634214 0.152424942263
0.366666666667 0.152424942263
0.366158113731 0.152424942263
0.36703601108 0.153002309469
0.367911479945 0.153579676674
0.367403314917 0.153579676674
0.366896551724 0.153579676674
0.367768595041 0.15415704388
0.367262723521 0.15415704388
0.366758241758 0.15415704388
0.366255144033 0.15415704388
0.365753424658 0.15415704388
0.365253077975 0.15415704388
0.364754098361 0.15415704388
0.364256480218 0.15415704388
0.363760217984 0.15415704388
0.363265306122 0.15415704388
0.36277173913 0.15415704388
0.363636363636 0.154734411085
0.363143631436 0.154734411085
0.362652232747 0.154734411085
0.362162162162 0.154734411085
0.36302294197 0.155311778291
0.362533692722 0.155311778291
0.362045760431 0.155311778291
0.362903225806 0.155889145497
0.363758389262 0.156466512702
0.36327077748 0.156466512702
0.362784471218 0.156466512702
0.363636363636 0.157043879908
0.363150867824 0.157043879908
0.362666666667 0.157043879908
0.362183754993 0.157043879908
0.363031914894 0.157621247113
0.362549800797 0.157621247113
0.363395225464 0.158198614319
0.362913907285 0.158198614319
0.362433862434 0.158198614319
0.361955085865 0.158198614319
0.361477572559 0.158198614319
0.361001317523 0.158198614319
0.360526315789 0.158198614319
0.360052562418 0.158198614319
0.360892388451 0.158775981524
0.360419397117 0.158775981524
0.361256544503 0.15935334873
0.360784313725 0.15935334873
0.361618798956 0.159930715935
0.361147327249 0.159930715935
0.360677083333 0.159930715935
0.360208062419 0.159930715935
0.35974025974 0.159930715935
0.359273670558 0.159930715935
0.358808290155 0.159930715935
0.358344113842 0.159930715935
0.357881136951 0.159930715935
0.357419354839 0.159930715935
0.356958762887 0.159930715935
0.356499356499 0.159930715935
0.356041131105 0.159930715935
0.356867779204 0.160508083141
0.35641025641 0.160508083141
0.35595390525 0.160508083141
0.355498721228 0.160508083141
0.35632183908 0.161085450346
0.355867346939 0.161085450346
0.355414012739 0.161085450346
0.354961832061 0.161085450346
0.355781448539 0.161662817552
0.355329949239 0.161662817552
0.354879594423 0.161662817552
0.354430379747 0.161662817552
0.353982300885 0.161662817552
0.354797979798 0.162240184758
0.354350567465 0.162240184758
0.353904282116 0.162240184758
0.354716981132 0.162817551963
0.354271356784 0.162817551963
0.35382685069 0.162817551963
0.353383458647 0.162817551963
0.352941176471 0.162817551963
0.3525 0.162817551963
0.353308364544 0.163394919169
0.352867830424 0.163394919169
0.352428393524 0.163394919169
0.351990049751 0.163394919169
0.351552795031 0.163394919169
0.35111662531 0.163394919169
0.350681536555 0.163394919169
0.350247524752 0.163394919169
0.351050679852 0.163972286374
0.351851851852 0.16454965358
0.352651048089 0.165127020785
0.352216748768 0.165127020785
0.351783517835 0.165127020785
0.351351351351 0.165127020785
0.352147239264 0.165704387991
0.351715686275 0.165704387991
0.352509179927 0.166281755196
0.353300733496 0.166859122402
0.352869352869 0.166859122402
0.35243902439 0.166859122402
0.352009744214 0.166859122402
0.352798053528 0.167436489607
0.352369380316 0.167436489607
0.351941747573 0.167436489607
0.351515151515 0.167436489607
0.351089588378 0.167436489607
0.350665054414 0.167436489607
0.350241545894 0.167436489607
0.349819059107 0.167436489607
0.349397590361 0.167436489607
0.348977135981 0.167436489607
0.349759615385 0.168013856813
0.349339735894 0.168013856813
0.348920863309 0.168013856813
0.348502994012 0.168013856813
0.348086124402 0.168013856813
0.347670250896 0.168013856813
0.347255369928 0.168013856813
0.34684147795 0.168013856813
0.347619047619 0.168591224018
0.347205707491 0.168591224018
0.346793349169 0.168591224018
0.346381969158 0.168591224018
0.345971563981 0.168591224018
0.345562130178 0.168591224018
0.345153664303 0.168591224018
0.344746162928 0.168591224018
0.345518867925 0.169168591224
0.345111896349 0.169168591224
0.345882352941 0.16974595843
0.346650998825 0.170323325635
0.346244131455 0.170323325635
0.345838218054 0.170323325635
0.345433255269 0.170323325635
0.345029239766 0.170323325635
0.344626168224 0.170323325635
0.34422403734 0.170323325635
0.343822843823 0.170323325635
0.3434225844 0.170323325635
0.343023255814 0.170323325635
0.34262485482 0.170323325635
0.34222737819 0.170323325635
0.341830822711 0.170323325635
0.341435185185 0.170323325635
0.341040462428 0.170323325635
0.34064665127 0.170323325635
0.341407151096 0.170900692841
0.341013824885 0.170900692841
0.341772151899 0.171478060046
0.341379310345 0.171478060046
0.340987370838 0.171478060046
0.340596330275 0.171478060046
0.341351660939 0.172055427252
0.340961098398 0.172055427252
0.340571428571 0.172055427252
0.340182648402 0.172055427252
0.340935005701 0.172632794457
0.341685649203 0.173210161663
0.341296928328 0.173210161663
0.340909090909 0.173210161663
0.341657207719 0.173787528868
0.34126984127 0.173787528868
0.340883352208 0.173787528868
0.340497737557 0.173787528868
0.34011299435 0.173787528868
0.339729119639 0.173787528868
0.339346110485 0.173787528868
0.338963963964 0.173787528868
0.338582677165 0.173787528868
0.338202247191 0.173787528868
0.337822671156 0.173787528868
0.338565022422 0.174364896074
0.338185890258 0.174364896074
0.337807606264 0.174364896074
0.337430167598 0.174364896074
0.337053571429 0.174364896074
0.336677814939 0.174364896074
0.337416481069 0.174942263279
0.337041156841 0.174942263279
0.337777777778 0.175519630485
0.337402885683 0.175519630485
0.337028824834 0.175519630485
0.33665559247 0.175519630485
0.336283185841 0.175519630485
0.33591160221 0.175519630485
0.336644591611 0.176096997691
0.336273428886 0.176096997691
0.3359030837 0.176096997691
0.335533553355 0.176096997691
0.336263736264 0.176674364896
0.336992316136 0.177251732102
0.336622807018 0.177251732102
0.336254107338 0.177251732102
0.335886214442 0.177251732102
0.336612021858 0.177829099307
0.336244541485 0.177829099307
0.335877862595 0.177829099307
0.335511982571 0.177829099307
0.335146898803 0.177829099307
0.334782608696 0.177829099307
0.335504885993 0.178406466513
0.335140997831 0.178406466513
0.334777898158 0.178406466513
0.335497835498 0.178983833718
0.335135135135 0.178983833718
0.334773218143 0.178983833718
0.335490830636 0.179561200924
0.335129310345 0.179561200924
0.335844994618 0.180138568129
0.335483870968 0.180138568129
0.335123523093 0.180138568129
0.334763948498 0.180138568129
0.334405144695 0.180138568129
0.334047109208 0.180138568129
0.333689839572 0.180138568129
0.333333333333 0.180138568129
0.332977588047 0.180138568129
0.332622601279 0.180138568129
0.332268370607 0.180138568129
0.332978723404 0.180715935335
0.332624867163 0.180715935335
0.332271762208 0.180715935335
0.332979851538 0.18129330254
0.332627118644 0.18129330254
0.332275132275 0.18129330254
0.331923890063 0.18129330254
0.331573389652 0.18129330254
0.331223628692 0.18129330254
0.330874604847 0.18129330254
0.331578947368 0.181870669746
0.332281808623 0.182448036952
0.331932773109 0.182448036952
0.331584470094 0.182448036952
0.331236897275 0.182448036952
0.330890052356 0.182448036952
0.331589958159 0.183025404157
0.331243469175 0.183025404157
0.330897703549 0.183025404157
0.33055265902 0.183025404157
0.330208333333 0.183025404157
0.329864724246 0.183025404157
0.329521829522 0.183025404157
0.329179646937 0.183025404157
0.329875518672 0.183602771363
0.329533678756 0.183602771363
0.329192546584 0.183602771363
0.328852119959 0.183602771363
0.328512396694 0.183602771363
0.328173374613 0.183602771363
0.327835051546 0.183602771363
0.327497425335 0.183602771363
0.328189300412 0.184180138568
0.327852004111 0.184180138568
0.327515400411 0.184180138568
0.328205128205 0.184757505774
0.327868852459 0.184757505774
0.327533265097 0.184757505774
0.327198364008 0.184757505774
0.327885597549 0.185334872979
0.327551020408 0.185334872979
0.327217125382 0.185334872979
0.326883910387 0.185334872979
0.326551373347 0.185334872979
0.327235772358 0.185912240185
0.326903553299 0.185912240185
0.326572008114 0.185912240185
0.326241134752 0.185912240185
0.325910931174 0.185912240185
0.325581395349 0.185912240185
0.325252525253 0.185912240185
0.32492431887 0.185912240185
0.324596774194 0.185912240185
0.324269889225 0.185912240185
0.323943661972 0.185912240185
0.324623115578 0.18648960739
0.324297188755 0.18648960739
0.324974924774 0.187066974596
0.324649298597 0.187066974596
0.324324324324 0.187066974596
0.324 0.187066974596
0.324675324675 0.187644341801
0.324351297405 0.187644341801
0.325024925224 0.188221709007
0.324701195219 0.188221709007
0.325373134328 0.188799076212
0.326043737575 0.189376443418
0.325719960278 0.189376443418
0.325396825397 0.189376443418
0.325074331021 0.189376443418
0.324752475248 0.189376443418
0.324431256182 0.189376443418
0.325098814229 0.189953810624
0.325765054294 0.190531177829
0.325443786982 0.190531177829
0.325123152709 0.190531177829
0.325787401575 0.191108545035
0.32546705998 0.191108545035
0.325147347741 0.191108545035
0.324828263003 0.191108545035
0.324509803922 0.191108545035
0.325171400588 0.19168591224
0.324853228963 0.19168591224
0.324535679374 0.19168591224
0.32421875 0.19168591224
0.323902439024 0.19168591224
0.323586744639 0.19168591224
0.323271665044 0.19168591224
0.322957198444 0.19168591224
0.322643343052 0.19168591224
0.322330097087 0.19168591224
0.322017458778 0.19168591224
0.321705426357 0.19168591224
0.322362052275 0.192263279446
0.322050290135 0.192263279446
0.32270531401 0.192840646651
0.322393822394 0.192840646651
0.323047251688 0.193418013857
0.323699421965 0.193995381062
0.323387872955 0.193995381062
0.323076923077 0.193995381062
0.322766570605 0.193995381062
0.323416506718 0.194572748268
0.324065196548 0.195150115473
0.323754789272 0.195150115473
0.323444976077 0.195150115473
0.323135755258 0.195150115473
0.322827125119 0.195150115473
0.322519083969 0.195150115473
0.322211630124 0.195150115473
0.322857142857 0.195727482679
0.323501427212 0.196304849885
0.32319391635 0.196304849885
0.322886989554 0.196304849885
0.322580645161 0.196304849885
0.322274881517 0.196304849885
0.32196969697 0.196304849885
0.321665089877 0.196304849885
0.321361058601 0.196304849885
0.322001888574 0.19688221709
0.321698113208 0.19688221709
0.321394910462 0.19688221709
0.322033898305 0.197459584296
0.321730950141 0.197459584296
0.321428571429 0.197459584296
0.321126760563 0.197459584296
0.320825515947 0.197459584296
0.320524835989 0.197459584296
0.321161048689 0.198036951501
0.320860617399 0.198036951501
0.320560747664 0.198036951501
0.320261437908 0.198036951501
0.319962686567 0.198036951501
0.320596458527 0.198614318707
0.320297951583 0.198614318707
0.32 0.198614318707
0.31970260223 0.198614318707
0.319405756732 0.198614318707
0.319109461967 0.198614318707
0.318813716404 0.198614318707
0.318518518519 0.198614318707
0.31914893617 0.199191685912
0.318853974122 0.199191685912
0.318559556787 0.199191685912
0.318265682657 0.199191685912
0.31797235023 0.199191685912
0.317679558011 0.199191685912
0.317387304508 0.199191685912
0.317095588235 0.199191685912
0.316804407713 0.199191685912
0.317431192661 0.199769053118
0.318056828598 0.200346420323
0.317765567766 0.200346420323
0.31747483989 0.200346420323
0.318098720293 0.200923787529
0.317808219178 0.200923787529
0.317518248175 0.200923787529
0.317228805834 0.200923787529
0.31693989071 0.200923787529
0.316651501365 0.200923787529
0.316363636364 0.200923787529
0.316076294278 0.200923787529
0.316696914701 0.201501154734
0.317316409791 0.20207852194
0.317934782609 0.202655889145
0.317647058824 0.202655889145
0.318264014467 0.203233256351
0.317976513098 0.203233256351
0.318592057762 0.203810623557
0.31830477908 0.203810623557
0.318018018018 0.203810623557
0.318631863186 0.204387990762
0.319244604317 0.204965357968
0.319856244385 0.205542725173
0.319569120287 0.205542725173
0.320179372197 0.206120092379
0.319892473118 0.206120092379
0.319606087735 0.206120092379
0.319320214669 0.206120092379
0.319034852547 0.206120092379
0.31875 0.206120092379
0.318465655665 0.206120092379
0.318181818182 0.206120092379
0.317898486198 0.206120092379
0.317615658363 0.206120092379
0.317333333333 0.206120092379
0.317051509769 0.206120092379
0.317657497782 0.206697459584
0.318262411348 0.20727482679
0.318866253322 0.207852193995
0.318584070796 0.207852193995
0.318302387268 0.207852193995
0.31890459364 0.208429561201
0.318623124448 0.208429561201
0.318342151675 0.208429561201
0.318942731278 0.209006928406
0.319542253521 0.209584295612
0.31926121372 0.209584295612
0.318980667838 0.209584295612
0.318700614574 0.209584295612
0.319298245614 0.210161662818
0.319018404908 0.210161662818
0.318739054291 0.210161662818
0.318460192476 0.210161662818
0.318181818182 0.210161662818
0.317903930131 0.210161662818
0.317626527051 0.210161662818
0.317349607672 0.210161662818
0.317073170732 0.210161662818
0.31679721497 0.210161662818
0.31652173913 0.210161662818
0.316246741964 0.210161662818
0.315972222222 0.210161662818
0.316565481353 0.210739030023
0.317157712305 0.211316397229
0.316883116883 0.211316397229
0.31660899654 0.211316397229
0.316335350043 0.211316397229
0.316062176166 0.211316397229
0.315789473684 0.211316397229
0.315517241379 0.211316397229
0.315245478036 0.211316397229
0.314974182444 0.211316397229
0.315563198624 0.211893764434
0.31529209622 0.211893764434
0.315879828326 0.21247113164
0.315608919383 0.21247113164
0.315338474722 0.21247113164
0.315924657534 0.213048498845
0.315654405475 0.213048498845
0.316239316239 0.213625866051
0.315969257045 0.213625866051
0.315699658703 0.213625866051
0.315430520034 0.213625866051
0.31601362862 0.214203233256
0.315744680851 0.214203233256
0.315476190476 0.214203233256
0.31520815633 0.214203233256
0.31494057725 0.214203233256
0.315521628499 0.214780600462
0.315254237288 0.214780600462
0.314987298899 0.214780600462
0.314720812183 0.214780600462
0.315300084531 0.215357967667
0.315033783784 0.215357967667
0.314767932489 0.215357967667
0.314502529511 0.215357967667
0.314237573715 0.215357967667
0.313973063973 0.215357967667
0.314550042052 0.215935334873
0.314285714286 0.215935334873
0.314861460957 0.216512702079
0.314597315436 0.216512702079
0.314333612741 0.216512702079
0.314070351759 0.216512702079
0.313807531381 0.216512702079
0.313545150502 0.216512702079
0.31328320802 0.216512702079
0.313021702838 0.216512702079
0.312760633862 0.216512702079
0.3125 0.216512702079
0.312239800167 0.216512702079
0.311980033278 0.216512702079
0.311720698254 0.216512702079
0.31146179402 0.216512702079
0.311203319502 0.216512702079
0.310945273632 0.216512702079
0.310687655344 0.216512702079
0.310430463576 0.216512702079
0.31017369727 0.216512702079
0.309917355372 0.216512702079
0.309661436829 0.216512702079
0.310231023102 0.217090069284
0.310799670239 0.21766743649
0.310543657331 0.21766743649
0.310288065844 0.21766743649
0.310032894737 0.21766743649
0.310599835661 0.218244803695
0.310344827586 0.218244803695
0.310910582445 0.218822170901
0.310655737705 0.218822170901
0.31122031122 0.219399538106
0.310965630115 0.219399538106
0.310711365495 0.219399538106
0.311274509804 0.219976905312
0.311836734694 0.220554272517
0.311582381729 0.220554272517
0.311328443358 0.220554272517
0.311074918567 0.220554272517
0.311635475997 0.221131639723
0.312195121951 0.221709006928
0.312753858652 0.222286374134
0.313311688312 0.222863741339
0.313057583131 0.222863741339
0.312803889789 0.222863741339
0.312550607287 0.222863741339
0.313106796117 0.223441108545
0.312853678254 0.223441108545
0.312600969305 0.223441108545
0.313155770783 0.224018475751
0.313709677419 0.224595842956
0.313456889605 0.224595842956
0.313204508857 0.224595842956
0.312952534191 0.224595842956
0.313504823151 0.225173210162
0.313253012048 0.225173210162
0.313001605136 0.225173210162
0.312750601443 0.225173210162
0.3125 0.225173210162
0.31224979984 0.225173210162
0.312 0.225173210162
0.312549960032 0.225750577367
0.312300319489 0.225750577367
0.312051077414 0.225750577367
0.311802232855 0.225750577367
0.311553784861 0.225750577367
0.312101910828 0.226327944573
0.312649164678 0.226905311778
0.31240063593 0.226905311778
0.312152501986 0.226905311778
0.311904761905 0.226905311778
0.31165741475 0.226905311778
0.311410459588 0.226905311778
0.311163895487 0.226905311778
0.310917721519 0.226905311778
0.311462450593 0.227482678984
0.312006319115 0.228060046189
0.311760063141 0.228060046189
0.312302839117 0.228637413395
0.312056737589 0.228637413395
0.311811023622 0.228637413395
0.311565696302 0.228637413395
0.311320754717 0.228637413395
0.311076197958 0.228637413395
0.310832025118 0.228637413395
0.310588235294 0.228637413395
0.310344827586 0.228637413395
0.310884886453 0.2292147806
0.310641627543 0.2292147806
0.310398749023 0.2292147806
0.31015625 0.2292147806
0.309914129586 0.2292147806
0.309672386895 0.2292147806
0.309431021044 0.2292147806
0.309190031153 0.2292147806
0.309727626459 0.229792147806
0.310264385692 0.230369515012
0.310023310023 0.230369515012
0.309782608696 0.230369515012
0.309542280838 0.230369515012
0.309302325581 0.230369515012
0.30906274206 0.230369515012
0.308823529412 0.230369515012
0.30935808198 0.230946882217
0.309119010819 0.230946882217
0.30888030888 0.230946882217
0.308641975309 0.230946882217
0.308404009252 0.230946882217
0.308166409861 0.230946882217
0.307929176289 0.230946882217
0.307692307692 0.230946882217
0.307455803228 0.230946882217
0.307987711214 0.231524249423
0.308518802763 0.232101616628
0.308282208589 0.232101616628
0.308045977011 0.232101616628
0.307810107198 0.232101616628
0.308339709258 0.232678983834
0.308103975535 0.232678983834
0.307868601986 0.232678983834
0.308396946565 0.233256351039
0.308161708619 0.233256351039
0.307926829268 0.233256351039
0.307692307692 0.233256351039
0.307458143075 0.233256351039
0.307224334601 0.233256351039
0.306990881459 0.233256351039
0.30675778284 0.233256351039
0.306525037936 0.233256351039
0.306292645944 0.233256351039
0.306060606061 0.233256351039
0.305828917487 0.233256351039
0.305597579425 0.233256351039
0.305366591081 0.233256351039
0.305135951662 0.233256351039
0.304905660377 0.233256351039
0.30467571644 0.233256351039
0.305199698568 0.233833718245
0.304969879518 0.233833718245
0.305492851768 0.23441108545
0.306015037594 0.234988452656
0.306536438768 0.235565819861
0.306306306306 0.235565819861
0.30607651913 0.235565819861
0.305847076462 0.235565819861
0.305617977528 0.235565819861
0.305389221557 0.235565819861
0.305908750935 0.236143187067
0.306427503737 0.236720554273
0.306198655713 0.236720554273
0.305970149254 0.236720554273
0.306487695749 0.237297921478
0.306259314456 0.237297921478
0.306031273269 0.237297921478
0.306547619048 0.237875288684
0.306319702602 0.237875288684
0.306092124814 0.237875288684
0.305864884929 0.237875288684
0.305637982196 0.237875288684
0.305411415864 0.237875288684
0.305185185185 0.237875288684
0.304959289415 0.237875288684
0.304733727811 0.237875288684
0.30450849963 0.237875288684
0.304283604136 0.237875288684
0.30405904059 0.237875288684
0.30383480826 0.237875288684
0.303610906411 0.237875288684
0.30412371134 0.238452655889
0.303899926416 0.238452655889
0.303676470588 0.238452655889
0.30345334313 0.238452655889
0.303230543319 0.238452655889
0.303008070433 0.238452655889
0.302785923754 0.238452655889
0.302564102564 0.238452655889
0.302342606149 0.238452655889
0.302121433797 0.238452655889
0.301900584795 0.238452655889
0.301680058437 0.238452655889
0.301459854015 0.238452655889
0.301969365427 0.239030023095
0.301749271137 0.239030023095
0.301529497451 0.239030023095
0.301310043668 0.239030023095
0.301090909091 0.239030023095
0.300872093023 0.239030023095
0.300653594771 0.239030023095
0.300435413643 0.239030023095
0.30094271211 0.2396073903
0.300724637681 0.2396073903
0.300506879073 0.2396073903
0.300289435601 0.2396073903
0.30007230658 0.2396073903
0.299855491329 0.2396073903
0.29963898917 0.2396073903
0.299422799423 0.2396073903
0.299206921413 0.2396073903
0.298991354467 0.2396073903
0.298776097912 0.2396073903
0.298561151079 0.2396073903
0.2983465133 0.2396073903
0.298132183908 0.2396073903
0.29863603733 0.240184757506
0.298421807747 0.240184757506
0.298924731183 0.240762124711
0.298710601719 0.240762124711
0.298496778812 0.240762124711
0.298998569385 0.241339491917
0.298784846319 0.241339491917
0.298571428571 0.241339491917
0.298358315489 0.241339491917
0.298145506419 0.241339491917
0.297933000713 0.241339491917
0.298433048433 0.241916859122
0.298220640569 0.241916859122
0.298008534851 0.241916859122
0.297796730633 0.241916859122
0.298295454545 0.242494226328
0.298083747339 0.242494226328
0.297872340426 0.242494226328
0.29836995039 0.243071593533
0.298158640227 0.243071593533
0.297947629158 0.243071593533
0.297736916549 0.243071593533
0.297526501767 0.243071593533
0.297316384181 0.243071593533
0.297106563162 0.243071593533
0.296897038082 0.243071593533
0.296687808316 0.243071593533
0.296478873239 0.243071593533
0.296270232231 0.243071593533
0.296061884669 0.243071593533
0.295853829937 0.243071593533
0.295646067416 0.243071593533
0.295438596491 0.243071593533
0.29523141655 0.243071593533
0.29502452698 0.243071593533
0.294817927171 0.243071593533
0.294611616515 0.243071593533
0.294405594406 0.243071593533
0.294199860238 0.243071593533
0.293994413408 0.243071593533
0.293789253315 0.243071593533
0.293584379358 0.243071593533
0.293379790941 0.243071593533
0.293175487465 0.243071593533
0.292971468337 0.243071593533
0.292767732962 0.243071593533
0.292564280751 0.243071593533
0.293055555556 0.243648960739
0.292852185982 0.243648960739
0.292649098474 0.243648960739
0.292446292446 0.243648960739
0.292243767313 0.243648960739
0.292733564014 0.244226327945
0.292531120332 0.244226327945
0.292328956462 0.244226327945
0.292127071823 0.244226327945
0.291925465839 0.244226327945
0.291724137931 0.244226327945
0.291523087526 0.244226327945
0.29132231405 0.244226327945
0.29112181693 0.244226327945
0.290921595598 0.244226327945
0.290721649485 0.244226327945
0.291208791209 0.24480369515
0.291695264242 0.245381062356
0.291495198903 0.245381062356
0.291295407814 0.245381062356
0.291780821918 0.245958429561
0.29158110883 0.245958429561
0.291381668947 0.245958429561
0.291182501709 0.245958429561
0.290983606557 0.245958429561
0.291467576792 0.246535796767
0.291268758527 0.246535796767
0.291070211316 0.246535796767
0.290871934605 0.246535796767
0.291354663036 0.247113163972
0.291156462585 0.247113163972
0.291638341264 0.247690531178
0.291440217391 0.247690531178
0.291242362525 0.247690531178
0.291044776119 0.247690531178
0.290847457627 0.247690531178
0.290650406504 0.247690531178
0.290453622207 0.247690531178
0.290257104195 0.247690531178
0.290060851927 0.247690531178
0.289864864865 0.247690531178
0.289669142471 0.247690531178
0.289473684211 0.247690531178
0.289278489548 0.247690531178
0.289083557951 0.247690531178
0.288888888889 0.247690531178
0.289367429341 0.248267898383
0.28984532616 0.248845265589
0.289650537634 0.248845265589
0.290127602418 0.249422632794
0.289932885906 0.249422632794
0.289738430584 0.249422632794
0.289544235925 0.249422632794
0.289350301407 0.249422632794
0.289156626506 0.249422632794
0.288963210702 0.249422632794
0.288770053476 0.249422632794
0.288577154309 0.249422632794
0.289052069426 0.25
0.288859239493 0.25
0.288666666667 0.25
0.288474350433 0.25
0.28828229028 0.25
0.288090485695 0.25
0.288563829787 0.250577367206
0.28903654485 0.251154734411
0.288844621514 0.251154734411
0.288652952887 0.251154734411
0.289124668435 0.251732101617
0.288933068257 0.251732101617
0.28940397351 0.252309468822
0.289212442091 0.252309468822
0.289021164021 0.252309468822
0.288830138797 0.252309468822
0.288639365918 0.252309468822
0.288448844884 0.252309468822
0.288258575198 0.252309468822
0.288727752142 0.252886836028
0.288537549407 0.252886836028
0.289005924951 0.253464203233
0.288815789474 0.253464203233
0.288625904011 0.253464203233
0.288436268068 0.253464203233
0.288246881156 0.253464203233
0.288713910761 0.254041570439
0.288524590164 0.254041570439
0.288335517693 0.254041570439
0.288146692862 0.254041570439
0.287958115183 0.254041570439
0.287769784173 0.254041570439
0.288235294118 0.254618937644
0.288047028086 0.254618937644
0.287859007833 0.254618937644
0.287671232877 0.254618937644
0.28813559322 0.25519630485
0.287947882736 0.25519630485
0.287760416667 0.25519630485
0.287573194535 0.25519630485
0.288036410923 0.255773672055
0.287849252762 0.255773672055
0.287662337662 0.255773672055
0.287475665152 0.255773672055
0.28728923476 0.255773672055
0.287103046014 0.255773672055
0.286917098446 0.255773672055
0.287378640777 0.256351039261
0.287192755498 0.256351039261
0.287007110537 0.256351039261
0.286821705426 0.256351039261
0.286636539703 0.256351039261
0.287096774194 0.256928406467
0.28691166989 0.256928406467
0.286726804124 0.256928406467
0.286542176433 0.256928406467
0.286357786358 0.256928406467
0.286173633441 0.256928406467
0.286632390746 0.257505773672
0.286448298009 0.257505773672
0.286264441592 0.257505773672
0.286080821039 0.257505773672
0.285897435897 0.257505773672
0.285714285714 0.257505773672
0.286171574904 0.258083140878
0.285988483685 0.258083140878
0.285805626598 0.258083140878
0.285623003195 0.258083140878
0.285440613027 0.258083140878
0.285896617741 0.258660508083
0.286352040816 0.259237875289
0.286169534736 0.259237875289
0.286624203822 0.259815242494
0.286441756843 0.259815242494
0.286259541985 0.259815242494
0.286077558805 0.259815242494
0.285895806861 0.259815242494
0.285714285714 0.259815242494
0.285532994924 0.259815242494
0.285351934052 0.259815242494
0.285171102662 0.259815242494
0.284990500317 0.259815242494
0.284810126582 0.259815242494
0.285262492094 0.2603926097
0.285082174463 0.2603926097
0.284902084649 0.2603926097
0.284722222222 0.2603926097
0.284542586751 0.2603926097
0.284363177806 0.2603926097
0.284183994959 0.2603926097
0.284634760705 0.260969976905
0.284455632473 0.260969976905
0.28427672956 0.260969976905
0.28409805154 0.260969976905
0.28391959799 0.260969976905
0.283741368487 0.260969976905
0.28356336261 0.260969976905
0.284012539185 0.261547344111
0.284461152882 0.262124711316
0.284283030683 0.262124711316
0.284105131414 0.262124711316
0.284552845528 0.262702078522
0.284375 0.262702078522
0.28419737664 0.262702078522
0.284019975031 0.262702078522
0.28384279476 0.262702078522
0.283665835411 0.262702078522
0.283489096573 0.262702078522
0.283312577833 0.262702078522
0.28313627878 0.262702078522
0.282960199005 0.262702078522
0.282784338098 0.262702078522
0.282608695652 0.262702078522
0.28243327126 0.262702078522
0.282258064516 0.262702078522
0.282083075015 0.262702078522
0.281908302354 0.262702078522
0.28173374613 0.262702078522
0.281559405941 0.262702078522
0.281385281385 0.262702078522
0.281211372064 0.262702078522
0.281655342804 0.263279445727
0.281481481481 0.263279445727
0.28130783467 0.263279445727
0.281134401973 0.263279445727
0.280961182994 0.263279445727
0.281403940887 0.263856812933
0.281230769231 0.263856812933
0.281672816728 0.264434180139
0.281499692686 0.264434180139
0.281326781327 0.264434180139
0.281154082259 0.264434180139
0.280981595092 0.264434180139
0.280809319436 0.264434180139
0.280637254902 0.264434180139
0.280465401102 0.264434180139
0.280905752754 0.265011547344
0.281345565749 0.26558891455
0.281173594132 0.26558891455
0.281001832621 0.26558891455
0.28083028083 0.26558891455
0.280658938377 0.26558891455
0.280487804878 0.26558891455
0.280926264473 0.266166281755
0.280755176614 0.266166281755
0.281192939744 0.266743648961
0.28102189781 0.266743648961
0.281458966565 0.267321016166
0.281287970838 0.267321016166
0.281117182757 0.267321016166
0.280946601942 0.267321016166
0.280776228017 0.267321016166
0.281212121212 0.267898383372
0.281041792853 0.267898383372
0.280871670702 0.267898383372
0.280701754386 0.267898383372
0.280532043531 0.267898383372
0.280362537764 0.267898383372
0.280193236715 0.267898383372
0.280024140012 0.267898383372
0.280458383595 0.268475750577
0.280289330922 0.268475750577
0.280120481928 0.268475750577
0.279951836243 0.268475750577
0.279783393502 0.268475750577
0.279615153337 0.268475750577
0.279447115385 0.268475750577
0.279279279279 0.268475750577
0.279111644658 0.268475750577
0.279544091182 0.269053117783
0.279376498801 0.269053117783
0.27920910725 0.269053117783
0.279041916168 0.269053117783
0.278874925194 0.269053117783
0.278708133971 0.269053117783
0.27854154214 0.269053117783
0.278375149343 0.269053117783
0.278805970149 0.269630484988
0.278639618138 0.269630484988
0.27847346452 0.269630484988
0.278307508939 0.269630484988
0.278737343657 0.270207852194
0.278571428571 0.270207852194
0.278405710886 0.270207852194
0.27824019025 0.270207852194
0.27807486631 0.270207852194
0.277909738717 0.270207852194
0.277744807122 0.270207852194
0.277580071174 0.270207852194
0.277415530528 0.270207852194
0.277843601896 0.2707852194
0.277679100059 0.2707852194
0.277514792899 0.2707852194
0.277350680071 0.2707852194
0.277186761229 0.2707852194
0.277023036031 0.2707852194
0.276859504132 0.2707852194
0.276696165192 0.2707852194
0.277122641509 0.271362586605
0.277548615203 0.271939953811
0.277385159011 0.271939953811
0.277221895232 0.271939953811
0.277058823529 0.271939953811
0.276895943563 0.271939953811
0.276733254994 0.271939953811
0.276570757487 0.271939953811
0.276408450704 0.271939953811
0.276246334311 0.271939953811
0.276084407972 0.271939953811
0.275922671353 0.271939953811
0.275761124122 0.271939953811
0.275599765945 0.271939953811
0.276023391813 0.272517321016
0.276446522501 0.273094688222
0.276285046729 0.273094688222
0.276707530648 0.273672055427
0.276546091015 0.273672055427
0.27638483965 0.273672055427
0.276223776224 0.273672055427
0.276062900408 0.273672055427
0.275902211874 0.273672055427
0.275741710297 0.273672055427
0.276162790698 0.274249422633
0.27600232423 0.274249422633
0.275842044135 0.274249422633
0.275681950087 0.274249422633
0.275522041763 0.274249422633
0.275942028986 0.274826789838
0.275782155272 0.274826789838
0.275622466705 0.274826789838
0.276041666667 0.275404157044
0.276460381724 0.275981524249
0.276300578035 0.275981524249
0.276140958983 0.275981524249
0.276558891455 0.276558891455
0.276399307559 0.276558891455
0.276239907728 0.276558891455
0.276080691643 0.276558891455
0.275921658986 0.276558891455
0.275762809442 0.276558891455
0.275604142693 0.276558891455
0.275445658424 0.276558891455
0.275862068966 0.277136258661
0.27570361861 0.277136258661
0.276119402985 0.277713625866
0.275960986804 0.277713625866
0.276376146789 0.278290993072
0.276217765043 0.278290993072
0.276059564719 0.278290993072
0.276473955352 0.278868360277
0.276315789474 0.278868360277
0.27615780446 0.278868360277
0.276 0.278868360277
0.275842375785 0.278868360277
0.275684931507 0.278868360277
0.275527666857 0.278868360277
0.275370581528 0.278868360277
0.275213675214 0.278868360277
0.27562642369 0.279445727483
0.27546955037 0.279445727483
0.275881683732 0.280023094688
0.275724843661 0.280023094688
0.276136363636 0.280600461894
0.27597955707 0.280600461894
0.27582292849 0.280600461894
0.275666477595 0.280600461894
0.275510204082 0.280600461894
0.275354107649 0.280600461894
0.275198187995 0.280600461894
0.275042444822 0.280600461894
0.275452488688 0.281177829099
0.275296777841 0.281177829099
0.275706214689 0.281755196305
0.27555053642 0.281755196305
0.275959367946 0.28233256351
0.275803722504 0.28233256351
0.275648252537 0.28233256351
0.275492957746 0.28233256351
0.275337837838 0.28233256351
0.275182892515 0.28233256351
0.275028121485 0.28233256351
0.274873524452 0.28233256351
0.275280898876 0.282909930716
0.275687815834 0.283487297921
0.275533108866 0.283487297921
0.275378575435 0.283487297921
0.275224215247 0.283487297921
0.275070028011 0.283487297921
0.274916013438 0.283487297921
0.274762171237 0.283487297921
0.274608501119 0.283487297921
0.274455002795 0.283487297921
0.274860335196 0.284064665127
0.274706867672 0.284064665127
0.274553571429 0.284064665127
0.27440044618 0.284064665127
0.274247491639 0.284064665127
0.274651810585 0.284642032333
0.274498886414 0.284642032333
0.274346132443 0.284642032333
0.274749721913 0.285219399538
0.274596998332 0.285219399538
0.275 0.285796766744
0.275402554137 0.286374133949
0.275249722531 0.286374133949
0.275097060455 0.286374133949
0.275498891353 0.286951501155
0.275346260388 0.286951501155
0.27519379845 0.286951501155
0.275041505257 0.286951501155
0.274889380531 0.286951501155
0.274737423991 0.286951501155
0.274585635359 0.286951501155
0.274986195472 0.28752886836
0.274834437086 0.28752886836
0.274682846111 0.28752886836
0.274531422271 0.28752886836
0.274931129477 0.288106235566
0.274779735683 0.288106235566
0.274628508531 0.288106235566
0.274477447745 0.288106235566
0.274326553051 0.288106235566
0.274175824176 0.288106235566
0.274025260846 0.288106235566
0.273874862788 0.288106235566
0.273724629731 0.288106235566
0.274122807018 0.288683602771
0.27397260274 0.288683602771
0.273822562979 0.288683602771
0.273672687466 0.288683602771
0.27352297593 0.288683602771
0.273373428103 0.288683602771
0.273770491803 0.289260969977
0.274167121791 0.289838337182
0.274017467249 0.289838337182
0.273867975996 0.289838337182
0.274263904035 0.290415704388
0.274114441417 0.290415704388
0.273965141612 0.290415704388
0.273816004355 0.290415704388
0.27366702938 0.290415704388
0.273518216422 0.290415704388
0.273913043478 0.290993071594
0.273764258555 0.290993071594
0.274158523344 0.291570438799
0.274009766685 0.291570438799
0.273861171367 0.291570438799
0.273712737127 0.291570438799
0.273564463705 0.291570438799
0.273957769356 0.292147806005
0.27380952381 0.292147806005
0.274202271498 0.29272517321
0.274594594595 0.293302540416
0.274986493787 0.293879907621
0.274838012959 0.293879907621
0.274689692391 0.293879907621
0.274541531823 0.293879907621
0.274393530997 0.293879907621
