58500 1 0.995736479759
5231 1 0.992543101311
634 1 0.990050971508
60763 4 0.989844202995
52262 4 0.98926872015
57243 1 0.988892495632
14082 4 0.987126290798
22721 1 0.985153317451
1913 4 0.983361780643
71726 1 0.982525706291
62181 4 0.98208296299
27028 1 0.981606066227
12657 1 0.981334269047
69665 1 0.980936288834
5248 1 0.978188812733
25872 1 0.976394891739
89000 1 0.975806236267
88137 1 0.975208818913
79503 4 0.973908603191
82160 4 0.973727762699
22177 4 0.973346054554
65577 4 0.973120510578
52820 1 0.970284461975
1321 4 0.968875229359
2067 1 0.966024398804
62182 4 0.965533792973
55623 4 0.963723540306
50546 4 0.962936401367
76572 1 0.9598929286
32110 4 0.958173215389
371 1 0.957696795464
9676 1 0.957683682442
32660 1 0.956815242767
31959 1 0.956659138203
7393 1 0.956405878067
8518 4 0.954471230507
71725 1 0.953969299793
91277 4 0.953881442547
37761 1 0.953732967377
32622 4 0.952560007572
37843 1 0.952224969864
22257 1 0.950715839863
82299 1 0.949002385139
42812 4 0.948398768902
10153 1 0.94657176733
21635 4 0.946298420429
85006 4 0.945454537868
78189 4 0.945373237133
38092 1 0.94491994381
68555 4 0.943910717964
76866 4 0.94259762764
62894 1 0.942355275154
62098 4 0.942157328129
11801 4 0.941497147083
67140 1 0.941373348236
85153 1 0.941105723381
47717 4 0.937939763069
28736 1 0.93744045496
10307 4 0.936193346977
48117 4 0.935850143433
48689 1 0.935388505459
20804 1 0.935113549232
34665 4 0.934534609318
10306 4 0.933958947659
46512 1 0.93321865797
16647 4 0.933202028275
89443 1 0.932210922241
60907 1 0.932145774364
72198 1 0.931839585304
91609 1 0.93132942915
74246 4 0.931198656559
21548 1 0.930495560169
44997 1 0.929931521416
35197 1 0.928943812847
88783 1 0.928920865059
7394 1 0.928764879704
31906 4 0.927980422974
62682 1 0.926567852497
90352 4 0.926485359669
40502 1 0.926314949989
26497 1 0.925258398056
20283 4 0.925240933895
54265 1 0.92399340868
8745 1 0.92298322916
51192 4 0.921055138111
20746 1 0.920971512794
1919 4 0.920555174351
51715 1 0.920538246632
48372 4 0.920524477959
23356 1 0.920291125774
80608 1 0.920174837112
36405 4 0.920093536377
88594 1 0.919521510601
1610 4 0.919199049473
3138 1 0.918846905231
25204 4 0.917268157005
13027 1 0.916690886021
50241 1 0.916304171085
91210 1 0.915666222572
76575 1 0.915592312813
8715 4 0.91555672884
44286 1 0.914190769196
48181 4 0.914048433304
70388 4 0.912821233273
10397 4 0.911973953247
25891 1 0.911856949329
5384 1 0.909901559353
89266 1 0.909852981567
5585 1 0.90942043066
29398 4 0.909384965897
74243 4 0.909325420856
87927 1 0.908847332001
20917 1 0.907676935196
63153 1 0.906932651997
90475 1 0.906275272369
46690 4 0.905847191811
66592 1 0.905726611614
44285 1 0.905345082283
89191 4 0.904471457005
78322 1 0.903599560261
1178 1 0.902161300182
58418 1 0.90089738369
61917 1 0.900759100914
76717 1 0.90074545145
5475 1 0.900381445885
66956 1 0.900242984295
86981 1 0.899993658066
76784 1 0.899661421776
84960 4 0.897823929787
5697 1 0.896143257618
88379 1 0.894993841648
24100 4 0.894632458687
10038 1 0.894443511963
60135 1 0.89436262846
19227 1 0.894125819206
51754 1 0.893070995808
11595 1 0.892899930477
51581 4 0.892783284187
74254 4 0.892401397228
42711 1 0.892209589481
90383 1 0.891996026039
55507 4 0.891909062862
70760 1 0.891691863537
87308 1 0.891435801983
12234 4 0.89028096199
1852 1 0.890270829201
30880 1 0.88915514946
73338 1 0.888274431229
51074 4 0.88283854723
53638 1 0.88282096386
4429 4 0.881800889969
72207 4 0.881214082241
18460 1 0.880706250668
5563 1 0.880160748959
76714 1 0.879927635193
64146 1 0.879116952419
86336 1 0.878058493137
17501 1 0.877880275249
65431 4 0.877179503441
7240 1 0.877070009708
45492 1 0.876881062984
36052 1 0.876528382301
25828 4 0.876293540001
30298 1 0.875626623631
10345 4 0.875227451324
49044 4 0.874638795853
19247 1 0.874279499054
37173 4 0.874135732651
3160 1 0.873901605606
65433 4 0.873867154121
66775 1 0.87363743782
49018 1 0.873439311981
21852 1 0.873112916946
6971 2 0.872175812721
89337 4 0.869486391544
81104 1 0.869469881058
55134 1 0.869420289993
70281 1 0.868529438972
46007 1 0.868300557137
3137 1 0.868245601654
15305 1 0.865363001823
19589 1 0.865318953991
78651 1 0.864522695541
57651 1 0.864175975323
1958 1 0.864067971706
8445 1 0.863622665405
79453 1 0.863107740879
21634 4 0.862388849258
55877 1 0.862238705158
48702 4 0.861842513084
34792 1 0.861760795116
91062 2 0.861246943474
88737 4 0.86047577858
49616 1 0.860432207584
9460 1 0.859581887722
66772 4 0.858505547047
11394 1 0.858240365982
5356 1 0.858031690121
12190 4 0.85746216774
20045 4 0.85724323988
69911 4 0.856145501137
17387 1 0.855667471886
81131 4 0.854790866375
4331 1 0.854075193405
62554 1 0.85229319334
89669 1 0.852021098137
53230 1 0.851974368095
53548 1 0.851512551308
67141 1 0.851039946079
72879 1 0.85071182251
1304 1 0.850682199001
6572 4 0.850514888763
76245 1 0.849674880505
8175 1 0.848974645138
5914 1 0.848517179489
26137 4 0.848232090473
1244 4 0.848095953465
69938 1 0.846998095512
3852 1 0.846699774265
22526 1 0.846340477467
48387 1 0.844601213932
84797 1 0.844093441963
12810 1 0.843656659126
41718 1 0.843249976635
46201 1 0.843197703362
35032 4 0.842867851257
4095 1 0.842784643173
82634 1 0.842647850513
59029 1 0.842415630817
2102 1 0.842379868031
45773 4 0.841937124729
39959 1 0.841851115227
20440 1 0.841280817986
61241 4 0.84109210968
40127 4 0.84069955349
38957 1 0.840162694454
31954 1 0.839195787907
2364 1 0.839054703712
14156 1 0.838780641556
81521 1 0.83861374855
63145 1 0.838259279728
10956 1 0.838201463223
89796 1 0.83767414093
48585 1 0.837241351604
51699 1 0.835918784142
1237 1 0.835040390491
56694 1 0.834447145462
54679 1 0.833756685257
65238 1 0.833396077156
19175 4 0.833394706249
64637 3 0.832729816437
32044 1 0.832537174225
8692 1 0.832525610924
60483 1 0.832345306873
5700 1 0.832213163376
1174 1 0.832179546356
45000 1 0.831766664982
42227 4 0.831678152084
19729 1 0.831310808659
18170 1 0.831075429916
17784 1 0.831001579762
11152 2 0.830934047699
76606 1 0.83082562685
16945 2 0.829549789429
3090 1 0.828564822674
17284 4 0.828230619431
62289 1 0.826938807964
7539 1 0.82682877779
38374 1 0.825869619846
19745 1 0.82567948103
7243 1 0.825496196747
31915 1 0.82497638464
90633 1 0.824920237064
81508 1 0.823668241501
4681 1 0.82327401638
17091 2 0.821510314941
60088 1 0.821285784245
65777 1 0.819584012032
4526 4 0.818693995476
1179 1 0.817733883858
71006 1 0.817572653294
31846 1 0.817502379417
78009 1 0.81683921814
900 1 0.816285908222
41801 1 0.815240204334
50997 2 0.814742207527
44020 1 0.814233601093
1667 1 0.814000487328
83997 4 0.812278628349
48719 4 0.811098217964
87067 1 0.810782015324
88735 4 0.810505747795
48791 4 0.810125589371
25672 1 0.809740841389
566 1 0.809261679649
63133 1 0.809018313885
15832 4 0.808718085289
88844 4 0.808218121529
43256 1 0.808189272881
5661 1 0.807950854301
83506 1 0.807605803013
52821 7 0.80737054348
77568 4 0.806794047356
24163 1 0.806201338768
26715 1 0.805314779282
23150 1 0.804850459099
70943 1 0.804162144661
19747 1 0.803863227367
57552 1 0.803759813309
54560 1 0.803739964962
68642 1 0.8034902215
88938 1 0.802724182606
41789 1 0.80263197422
47431 1 0.802347123623
21937 1 0.802213847637
20747 1 0.79995816946
57463 1 0.799831807613
16004 2 0.798527598381
73337 1 0.796877861023
62683 1 0.795873522758
6973 2 0.795258402824
62370 1 0.795135676861
51020 1 0.794206738472
85896 1 0.793406009674
6709 2 0.793195128441
12980 4 0.791452348232
44713 4 0.790869474411
26790 1 0.790775239468
73889 7 0.79045522213
16049 1 0.790070831776
43169 1 0.789831101894
23003 1 0.788611352444
71044 1 0.787279486656
28049 4 0.787262320518
51022 1 0.786912798882
85306 1 0.786824643612
25168 4 0.786716461182
66591 1 0.786588728428
78650 1 0.785654306412
19330 1 0.785594701767
9304 1 0.785222649574
15471 4 0.78502124548
59276 1 0.783420562744
89444 1 0.781471192837
46513 1 0.781444847584
36616 1 0.780745089054
17148 1 0.78019207716
30926 1 0.780075728893
34116 4 0.780015945435
57882 3 0.779721260071
87612 1 0.779693841934
60479 1 0.779058635235
1914 4 0.77901917696
64010 1 0.77899479866
18509 1 0.778700947762
23617 4 0.77802336216
16011 1 0.777739286423
34373 2 0.777001917362
58385 1 0.776589155197
10427 2 0.776440918446
27835 1 0.775957226753
19730 1 0.775770962238
53332 1 0.774635255337
7385 1 0.774326980114
9327 4 0.773872375488
67849 4 0.773268580437
20501 1 0.772635281086
7699 1 0.772542655468
51124 1 0.771533131599
5933 1 0.771361589432
60136 1 0.771272182465
4064 1 0.770882546902
34156 1 0.770489275455
6552 4 0.770003676414
7545 1 0.769966959953
19082 4 0.76980471611
7537 1 0.769794940948
68425 1 0.769635975361
55778 2 0.769452512264
64554 1 0.768899142742
62216 4 0.768888413906
8762 2 0.768879890442
76910 4 0.768396139145
77331 1 0.767704427242
86133 1 0.767601490021
34729 2 0.766930043697
64789 1 0.766747951508
57652 1 0.766384661198
62552 1 0.76497811079
80828 1 0.763413250446
89585 3 0.762567579746
37086 1 0.762271344662
22247 1 0.762175381184
72592 1 0.76197963953
1419 4 0.761585891247
55194 1 0.76098126173
1173 1 0.760781168938
12662 2 0.760575711727
11534 1 0.760514318943
6578 4 0.760417282581
39181 1 0.75992757082
51019 1 0.759174108505
38094 1 0.75892406702
1420 4 0.758769333363
38742 1 0.758106052876
58158 4 0.758040308952
45625 1 0.757533609867
13882 2 0.757475972176
42353 1 0.7563778162
55415 1 0.756074905396
33326 4 0.755994319916
55578 1 0.755846977234
42076 1 0.755478739738
13538 1 0.755473196507
23196 1 0.754781961441
31953 1 0.754724502563
12298 4 0.754290997982
59442 2 0.753233253956
50190 1 0.753160834312
73947 1 0.752807676792
66444 1 0.751864671707
325 1 0.751705527306
78216 1 0.751505851746
54278 2 0.751488447189
63589 4 0.751354634762
20369 4 0.751267433167
81473 4 0.750105321407
2163 4 0.749769628048
15793 1 0.749733805656
34256 1 0.748874485493
28455 1 0.748717665672
4391 2 0.748493790627
89666 1 0.747850716114
56913 2 0.747653722763
17333 1 0.74748057127
78215 1 0.746974289417
21804 1 0.746590077877
8680 1 0.746381103992
4653 1 0.745802760124
66548 1 0.745656490326
5911 1 0.745413064957
61129 1 0.74475646019
3706 1 0.743785262108
2313 2 0.743047177792
3856 4 0.742677748203
2257 1 0.742327034473
33782 1 0.741714537144
342 4 0.741698920727
62379 4 0.741538524628
64488 2 0.741436898708
3157 1 0.741295278072
4880 1 0.740531623363
56230 1 0.739738047123
53240 4 0.739731132984
23399 1 0.739326775074
34484 1 0.738685250282
66150 1 0.738384246826
87910 4 0.73764705658
38955 1 0.737443506718
3754 4 0.736284136772
41696 1 0.735882520676
11596 1 0.735413491726
59772 1 0.734794616699
47616 1 0.734592795372
83491 3 0.734561264515
74567 1 0.732791125774
61213 2 0.732474029064
10244 2 0.732427000999
40156 1 0.732130289078
19645 1 0.731773495674
13343 1 0.731727182865
37914 1 0.731025695801
89074 4 0.730226695538
5784 7 0.730165421963
81742 4 0.728473365307
4048 1 0.728292405605
48511 1 0.72825884819
51065 4 0.727129459381
2350 2 0.726817369461
20459 1 0.726371824741
52402 4 0.725269198418
76887 1 0.725134193897
2973 1 0.724984943867
40433 1 0.724967181683
63619 1 0.724040031433
49853 2 0.723715007305
10304 4 0.723691105843
40197 1 0.723215520382
22219 1 0.722927331924
12450 1 0.722596406937
82585 1 0.722068488598
67504 3 0.722042560577
80144 1 0.721776783466
46565 1 0.721338570118
88780 1 0.721044182777
30471 1 0.72037255764
63937 1 0.720362663269
4173 4 0.720165550709
39583 1 0.720018029213
4265 1 0.720006585121
3527 1 0.71973413229
68717 1 0.718512773514
44993 2 0.718148291111
54586 1 0.718090653419
69802 4 0.717620432377
39710 1 0.717238724232
23001 4 0.716963231564
18427 1 0.716007471085
87366 1 0.715718686581
12582 1 0.715648829937
6634 1 0.715282201767
82559 1 0.715072870255
52532 1 0.714639365673
7935 1 0.714376747608
85472 1 0.712987542152
10432 1 0.71268761158
18652 1 0.712519943714
90061 1 0.711942851543
62213 1 0.711428999901
47859 1 0.710075199604
42522 1 0.710057318211
58485 1 0.709543526173
2356 1 0.709113776684
18976 1 0.708913445473
64005 1 0.708899140358
60726 1 0.705488204956
76958 4 0.705176591873
47567 1 0.704616189003
16649 4 0.704093158245
16295 1 0.703249692917
79636 1 0.70324075222
52507 4 0.702442824841
42426 1 0.702414512634
46745 1 0.702295005322
5913 1 0.702183246613
68024 4 0.701814234257
3236 1 0.70087915659
1180 1 0.700829684734
77008 1 0.70072054863
32807 1 0.699938833714
64765 1 0.699864089489
29687 4 0.69952750206
33904 1 0.698561966419
32419 1 0.69844865799
6953 1 0.698336720467
27072 1 0.69818264246
88736 4 0.697454571724
3534 4 0.697069823742
43894 1 0.69644510746
74340 4 0.696122169495
6240 1 0.696036875248
50472 1 0.695451021194
10238 2 0.695322215557
71279 1 0.695042073727
420 1 0.695004940033
74068 1 0.694500386715
79467 1 0.693848967552
21930 1 0.692271053791
38992 1 0.692152798176
9419 1 0.692031502724
41260 2 0.691961944103
46242 1 0.691706359386
75236 1 0.69167727232
46052 1 0.691213548183
629 1 0.690866649151
6652 4 0.690207183361
40422 2 0.689727962017
21801 1 0.689229905605
6840 1 0.688954114914
10766 1 0.688480854034
25345 2 0.688450872898
59721 1 0.688104391098
41013 1 0.687910020351
22367 1 0.687441825867
43375 1 0.68675583601
21659 1 0.685937285423
80988 2 0.685570657253
70885 4 0.685570299625
7976 1 0.684915482998
11123 3 0.68463242054
60937 4 0.684267342091
45121 1 0.68387311697
66753 1 0.683704674244
57171 1 0.683642923832
83935 1 0.683632254601
82904 1 0.683445692062
91626 10 0.683392107487
31204 1 0.683165073395
69816 1 0.682985901833
49274 1 0.682957649231
32139 1 0.682847082615
50468 1 0.682139456272
3226 1 0.682130277157
38208 1 0.681756854057
40654 1 0.681340694427
54976 1 0.681077480316
67880 2 0.680772662163
33695 4 0.680623650551
49161 1 0.68058604002
4113 1 0.680512011051
59697 1 0.680233478546
52508 4 0.680212676525
89969 1 0.679341554642
17329 1 0.679149150848
64040 1 0.678418397903
12463 1 0.677607238293
37087 1 0.677416324615
54235 1 0.676282763481
50967 1 0.67611604929
45979 1 0.675971150398
66010 1 0.675290584564
83806 4 0.675019323826
79629 1 0.674634099007
73200 1 0.674253940582
23374 4 0.674084842205
32859 1 0.673317909241
74584 4 0.672285914421
569 1 0.671594202518
21349 1 0.670937180519
28616 1 0.669856667519
59334 1 0.669573366642
83543 1 0.669441759586
32138 1 0.669290184975
5939 1 0.668213129044
26386 1 0.666714012623
54489 1 0.666455566883
41670 1 0.666125237942
67478 1 0.665827512741
48020 1 0.665732979774
5910 1 0.665358960629
9012 1 0.665174782276
30873 4 0.665150165558
38952 1 0.664948761463
22639 1 0.664768517017
24295 1 0.66443157196
24146 1 0.663034260273
55668 1 0.66298776865
29559 1 0.662821114063
26133 1 0.662301123142
66441 1 0.661509275436
37567 2 0.660776078701
5932 1 0.660650968552
56310 4 0.660558760166
39938 1 0.660275220871
54553 1 0.659926354885
50251 1 0.65974509716
70410 1 0.658009827137
10509 4 0.657831251621
5558 1 0.657800376415
14063 1 0.65776693821
20732 1 0.65709733963
66567 1 0.656989872456
12868 3 0.656927347183
18385 4 0.656317412853
42978 4 0.655466914177
27250 4 0.654784321785
3021 1 0.653515815735
27539 1 0.65291684866
29323 1 0.651950597763
83262 3 0.651786386967
63523 1 0.651103258133
40405 1 0.651051700115
1176 1 0.650570690632
5759 1 0.650089979172
3521 1 0.649397134781
1996 1 0.649255037308
28079 1 0.649104833603
4447 10 0.648573994637
46568 1 0.648231446743
46949 4 0.647793292999
8770 3 0.647100746632
43116 1 0.647053956985
13884 2 0.646459579468
5232 1 0.645847499371
45380 1 0.64503455162
77417 1 0.644863963127
13717 1 0.644182562828
62529 4 0.643437683582
83315 1 0.641852021217
1743 2 0.641777873039
39061 1 0.641417562962
28634 1 0.641255497932
565 1 0.641214489937
64152 1 0.640859723091
192 1 0.640352606773
72607 1 0.639457643032
27944 1 0.639456689358
84936 1 0.639448940754
68907 4 0.639142811298
66030 1 0.638239145279
51665 1 0.638117730618
61053 1 0.638070523739
86949 1 0.637736558914
33107 1 0.637415587902
5059 1 0.637327492237
13922 1 0.637326955795
11051 2 0.637040138245
45122 1 0.636194646358
77961 1 0.636122643948
50471 1 0.636028289795
55970 1 0.635127961636
45169 2 0.634468853474
28739 1 0.634045779705
84368 4 0.633578360081
23701 1 0.633493423462
86982 1 0.633130848408
21225 1 0.632972657681
77205 1 0.632886230946
7628 4 0.632836103439
35410 1 0.632748126984
9371 4 0.632737159729
52236 1 0.631558656693
46563 1 0.631509065628
31584 1 0.631426632404
3865 1 0.631355941296
32303 1 0.630914330482
52329 1 0.630767345428
5011 1 0.630070328712
45875 1 0.629461228848
49687 7 0.629251718521
42763 4 0.628574371338
89678 1 0.628508806229
57306 1 0.628316879272
46865 1 0.628139078617
41719 1 0.628094553947
9227 2 0.627804934978
21022 1 0.627591729164
45977 1 0.627588629723
29148 1 0.627502799034
48908 1 0.627054274082
34094 1 0.62679541111
25807 1 0.626584351063
39831 1 0.626526594162
86484 1 0.626029193401
25695 1 0.625968039036
47933 4 0.625606298447
37166 1 0.625371873379
15833 4 0.625353932381
90607 1 0.625244617462
70562 1 0.624951958656
23355 1 0.624767124653
3231 1 0.623972594738
34091 3 0.623485326767
37403 1 0.6229839921
78566 3 0.622664153576
48720 4 0.622578859329
10439 1 0.622314333916
76475 1 0.621713101864
5398 4 0.621611058712
44905 1 0.621579110622
66282 1 0.621551513672
30737 1 0.621518671513
83955 4 0.621213674545
8162 1 0.620212972164
28462 1 0.620096385479
64186 1 0.619590342045
32886 1 0.619351744652
22198 2 0.618676781654
58146 1 0.618512034416
89664 1 0.617992341518
83595 4 0.617976784706
38247 1 0.617911636829
83201 1 0.617785513401
13247 1 0.617748558521
43711 1 0.617596566677
73434 2 0.617439091206
78730 1 0.616327881813
18237 1 0.61536437273
85804 1 0.614393889904
37766 1 0.6135404706
3711 1 0.613319277763
5476 1 0.612456262112
80969 1 0.612341403961
7975 1 0.611859023571
50467 1 0.611732304096
708 1 0.61123508215
33781 1 0.610690176487
2727 1 0.610664248466
16461 4 0.61040854454
86459 4 0.610275626183
32042 1 0.609388530254
9361 2 0.609056353569
42531 1 0.608746349812
55638 1 0.608655035496
78014 1 0.608372211456
70937 1 0.608339190483
40284 1 0.608314633369
65391 7 0.608265757561
54712 4 0.607486665249
10305 4 0.607368648052
23903 1 0.607289016247
65165 1 0.607133209705
84887 3 0.606885254383
55463 1 0.606397330761
40733 1 0.605592310429
33017 1 0.605344176292
7806 1 0.604884684086
48435 1 0.604623377323
80667 1 0.6046230793
42425 1 0.604149699211
34787 1 0.603718280792
46252 1 0.603453695774
50708 1 0.603271245956
14744 4 0.602588057518
50485 1 0.601895868778
41010 1 0.601873278618
642 1 0.601513683796
78630 1 0.600662827492
55695 2 0.600548505783
13026 1 0.600439965725
23633 1 0.60011100769
11659 1 0.600027382374
73431 4 0.599755465984
20497 1 0.599736392498
63928 1 0.599699139595
14261 1 0.599475443363
20213 1 0.59913277626
68313 2 0.598984599113
60106 1 0.598427116871
28451 1 0.598363935947
33619 1 0.598303079605
11269 2 0.597879052162
68714 1 0.597332537174
31063 1 0.597141087055
44267 1 0.597002625465
5783 1 0.596898198128
57661 1 0.596753060818
9210 1 0.596681773663
5916 1 0.596413731575
81082 1 0.596037089825
18218 1 0.595549285412
5098 1 0.595498502254
78402 4 0.595479786396
69263 1 0.595241248608
69138 1 0.59521895647
91099 1 0.594553172588
36433 1 0.59355199337
27833 1 0.593448162079
21827 1 0.593220293522
36922 1 0.592875123024
64763 1 0.592812597752
3821 4 0.592667460442
79167 2 0.592032253742
82879 1 0.591103374958
71045 1 0.591013908386
88814 1 0.590927958488
17886 1 0.590030729771
74303 1 0.589716136456
25688 4 0.589525699615
11208 1 0.589096784592
3690 1 0.588823974133
50469 1 0.587985813618
28460 1 0.587954580784
14021 2 0.587949573994
3170 1 0.587453424931
47569 4 0.587363183498
5251 1 0.587241172791
28635 1 0.587102890015
67389 1 0.586767375469
32666 1 0.586610138416
74523 1 0.58616989851
53924 1 0.585940539837
50464 1 0.585495173931
90474 1 0.585101902485
32108 1 0.584992825985
728 2 0.584748625755
47043 4 0.584440171719
62518 3 0.584217131138
20435 2 0.584002733231
37596 1 0.583560526371
32164 1 0.583374798298
60218 1 0.582347929478
12353 1 0.581958472729
61858 1 0.581522524357
69058 1 0.581462860107
60803 1 0.581349670887
35795 1 0.580829203129
21924 1 0.580182671547
4355 2 0.580068051815
78741 1 0.579522252083
72591 1 0.579265296459
8656 1 0.579021632671
61751 4 0.579015851021
67029 1 0.578982293606
40227 3 0.578896999359
34070 1 0.578765869141
88914 4 0.578706026077
36505 1 0.577753663063
21549 1 0.577346801758
13665 1 0.577328503132
87906 1 0.576852917671
30470 1 0.576303780079
64521 3 0.575314044952
48699 1 0.574955403805
78214 1 0.574318349361
48315 1 0.574311554432
34334 1 0.573918819427
2802 2 0.573842942715
24176 1 0.573714017868
46944 4 0.573619425297
53720 1 0.573460161686
55433 1 0.572948455811
4493 1 0.572890996933
43464 4 0.572812497616
50104 1 0.572549700737
50 4 0.572440207005
12631 1 0.572396457195
57328 1 0.572350740433
4679 1 0.572297096252
41675 1 0.572032690048
21546 1 0.572006702423
84822 1 0.571979343891
15236 2 0.571959257126
50334 1 0.571702301502
47991 2 0.571282148361
60778 1 0.571270704269
82175 4 0.571147561073
51668 1 0.570651769638
62596 1 0.570595443249
7409 1 0.570329427719
20206 1 0.570110678673
68720 1 0.569363534451
6706 1 0.569049239159
10558 1 0.568707585335
6586 2 0.568427920341
47647 1 0.568419933319
9425 4 0.568052172661
65754 4 0.568002104759
25411 1 0.56740885973
82821 1 0.567116737366
91113 4 0.566188275814
26264 1 0.565933406353
48389 1 0.565207183361
47618 1 0.564825594425
49832 1 0.564804911613
79477 1 0.564726948738
7852 1 0.564662635326
33207 6 0.564545273781
57739 1 0.564467966557
69817 1 0.564391672611
40390 4 0.563878595829
52211 1 0.56373244524
1252 1 0.563553512096
82521 1 0.563019752502
14179 1 0.562119007111
269 1 0.561820864677
54305 1 0.561655580997
56135 1 0.561596035957
25820 4 0.561499774456
67934 2 0.561219036579
476 2 0.560902774334
66711 1 0.559873282909
58463 1 0.559098541737
25629 1 0.559016048908
16301 1 0.558593511581
26143 2 0.558506011963
12093 1 0.558356642723
87614 1 0.557714641094
43170 1 0.557171285152
2416 1 0.556806027889
7268 1 0.556640863419
21762 1 0.556534647942
46382 1 0.556158840656
7750 1 0.556152582169
40734 1 0.555608451366
66901 1 0.555369675159
45933 4 0.555141925812
11038 1 0.554891467094
60071 1 0.554362595081
78878 2 0.554287910461
54255 1 0.554207086563
17634 4 0.554105162621
18651 1 0.553886651993
63949 1 0.55328720808
11462 1 0.553058385849
82297 1 0.553047060966
21717 4 0.552793800831
19532 1 0.552565276623
68658 1 0.552287101746
46747 1 0.552275419235
80530 4 0.552112460136
12330 1 0.551838696003
81175 1 0.551721870899
69027 1 0.551647722721
22693 1 0.55161267519
37167 2 0.551439881325
20697 1 0.55120486021
27691 1 0.551083624363
26144 1 0.550760090351
60554 1 0.55058914423
22211 1 0.550112307072
21183 1 0.549895048141
73473 3 0.54949837923
70185 2 0.549390375614
76074 4 0.549365818501
1851 1 0.548791348934
31568 1 0.548773527145
76502 1 0.548701822758
40140 2 0.548623025417
46209 4 0.548455178738
33332 1 0.548094391823
26357 1 0.547935307026
65390 1 0.547250628471
30481 1 0.546814918518
7869 1 0.546575307846
41009 1 0.546412110329
22253 1 0.545974671841
3250 1 0.545281350613
9295 1 0.545131802559
68911 4 0.545075416565
19774 2 0.544862568378
34996 1 0.544663012028
31152 4 0.544652581215
4356 2 0.544575035572
89681 1 0.544362545013
74409 1 0.543596744537
79621 1 0.54358536005
46551 1 0.543584704399
87060 1 0.54341930151
10511 4 0.543412268162
41049 1 0.543335318565
77983 4 0.54308950901
69181 1 0.542963027954
62168 4 0.542914509773
74057 4 0.542780816555
48802 1 0.542599856853
89683 1 0.542557835579
88923 1 0.542441546917
43349 1 0.542186558247
69803 4 0.541961491108
50496 1 0.541850090027
76261 1 0.541205704212
4788 2 0.540852725506
62387 1 0.540726542473
87498 1 0.540699243546
25772 1 0.540595173836
67112 4 0.540540337563
49556 4 0.539528727531
60801 3 0.538806915283
20822 1 0.538768112659
42415 1 0.538708925247
19841 1 0.538061976433
6357 1 0.537586212158
22255 1 0.537560224533
83426 1 0.53687530756
11698 4 0.536615312099
66491 4 0.536146640778
50965 1 0.535867869854
2155 1 0.535856962204
22229 1 0.535583615303
87338 1 0.535570979118
52357 1 0.535268008709
69937 1 0.535252988338
18858 4 0.535225629807
26310 3 0.534555137157
4294 4 0.53440284729
1799 1 0.533414542675
81820 1 0.532898366451
81447 1 0.532710194588
59793 1 0.531832456589
90399 4 0.531454503536
13313 4 0.53128516674
3437 1 0.530965030193
67077 1 0.530882298946
51507 4 0.530834615231
27173 1 0.530125319958
33603 1 0.530063569546
16093 1 0.52992027998
34968 1 0.529787003994
83752 1 0.529250502586
30085 1 0.52855271101
6837 1 0.528533160686
9963 1 0.52845197916
56922 2 0.52792519331
29481 2 0.527921438217
20745 2 0.527739524841
34090 1 0.527517199516
50869 1 0.5274335742
20350 1 0.527102708817
9983 2 0.526751577854
43706 1 0.525500833988
654 6 0.525185585022
40198 1 0.524954497814
43024 1 0.524884641171
15614 1 0.524360358715
60685 1 0.524173080921
41956 2 0.524080038071
33951 1 0.524020493031
57650 7 0.524013519287
31175 4 0.523602902889
2536 1 0.522142529488
11509 4 0.521445453167
19894 1 0.520847976208
34155 1 0.52068477869
67870 2 0.520458817482
78567 3 0.520154774189
41014 1 0.519918501377
10443 4 0.519839823246
51784 1 0.519304275513
62556 7 0.518731474876
34679 1 0.518474340439
85754 1 0.51796400547
83301 1 0.51787263155
90374 1 0.517512261868
29440 4 0.517479896545
32904 1 0.517072975636
2796 1 0.517029702663
3139 1 0.516712427139
12393 1 0.51641279459
18202 4 0.516143977642
2697 1 0.515607714653
61727 1 0.51502853632
43580 1 0.514966964722
13718 1 0.514793694019
65062 1 0.514214634895
54771 1 0.513674974442
78834 1 0.51355856657
50181 1 0.51350736618
83933 1 0.513411521912
41839 1 0.513059973717
27147 4 0.512970983982
63900 1 0.512806534767
51021 1 0.511691689491
22171 1 0.511662423611
25018 4 0.511123895645
53921 1 0.511096060276
18436 1 0.510825455189
4025 1 0.510798931122
15528 1 0.510736823082
20394 1 0.510714173317
60154 1 0.510553061962
80122 4 0.510306417942
81388 1 0.510126650333
29149 7 0.510051906109
84498 2 0.509798586369
9067 1 0.509644806385
89525 2 0.509389221668
11166 1 0.509354174137
45153 4 0.509000182152
22641 1 0.508999288082
16660 1 0.508925616741
71394 1 0.508390784264
68189 4 0.507359981537
38229 1 0.50723028183
35703 1 0.506859362125
59825 1 0.506656825542
58781 4 0.506554424763
6987 1 0.506447255611
3548 3 0.506429553032
24380 4 0.506315529346
12300 1 0.506046175957
77960 1 0.505752623081
9567 1 0.50564545393
50277 1 0.505629718304
45924 2 0.505331575871
89121 4 0.505329608917
62517 3 0.505179822445
25580 1 0.504750549793
49090 1 0.504649937153
84725 1 0.504487156868
1313 1 0.503829717636
2305 2 0.503705143929
22156 1 0.503636837006
85459 1 0.503160595894
20823 1 0.503013014793
23861 4 0.502348065376
35668 1 0.502283036709
28808 1 0.501556694508
59773 1 0.501042366028
44615 1 0.501020431519
33268 2 0.500837028027
12051 4 0.500719726086
65082 1 0.500614285469
33308 1 0.500546097755
49199 3 0.500120162964
45817 1 0.499772936106
82271 1 0.499054372311
34458 7 0.499043613672
27113 1 0.498899191618
44450 4 0.498383164406
57277 1 0.49720710516
66356 1 0.496866375208
45646 4 0.495374053717
50687 4 0.495301127434
26265 1 0.495077908039
7307 1 0.494300097227
23869 4 0.494133085012
65964 4 0.493775755167
76196 4 0.493325233459
20649 1 0.49327981472
61312 4 0.49324002862
65434 10 0.492842942476
41064 3 0.492498278618
60816 1 0.492105424404
72574 2 0.490536183119
32912 4 0.490191608667
3066 1 0.490066468716
21838 2 0.490035325289
33097 4 0.489305824041
8765 2 0.489032775164
81757 7 0.488302379847
42674 1 0.487470805645
46567 1 0.487282842398
87013 3 0.486672818661
71938 2 0.486579984426
50257 4 0.486455827951
68156 4 0.486233711243
26734 2 0.485710889101
34553 1 0.484280496836
83901 4 0.482436954975
29832 2 0.481059730053
47719 2 0.480122506618
69940 1 0.479985177517
2754 6 0.479373961687
47211 2 0.479351699352
73326 1 0.478652775288
25147 4 0.478432357311
55165 1 0.476540267467
9510 6 0.475028127432
77523 6 0.47491145134
90632 1 0.474572241306
66443 1 0.473049521446
76124 1 0.4724842906
64020 2 0.472086668015
58203 2 0.471661806107
30336 4 0.469489783049
44223 3 0.465199947357
51621 3 0.465025395155
66771 10 0.464459061623
27668 6 0.463549911976
10527 4 0.463391929865
76751 1 0.462341457605
8779 3 0.462268382311
42424 1 0.462072491646
1702 4 0.46122828126
43080 10 0.460910767317
4525 4 0.459742605686
55467 2 0.459370911121
82265 1 0.456769019365
86721 4 0.45537802577
74793 2 0.454782009125
51404 6 0.454084485769
90137 1 0.452461332083
31709 2 0.452153712511
22774 6 0.450505018234
37927 2 0.448597550392
25829 4 0.445608377457
5368 2 0.445329427719
43370 2 0.444750726223
6991 2 0.441894233227
34367 3 0.440499961376
39936 2 0.43900758028
12705 2 0.438074231148
29997 4 0.437371432781
56386 4 0.437300235033
84447 2 0.437169551849
41695 1 0.435758024454
3117 6 0.434754490852
28866 4 0.432520896196
39383 4 0.431155234575
1779 2 0.43058937788
38743 2 0.428629040718
83775 2 0.4275175035
18109 1 0.427208542824
56223 6 0.426624774933
57726 3 0.42355415225
72839 3 0.422749608755
33644 3 0.420638054609
72584 2 0.41916051507
44165 1 0.416157454252
47042 2 0.41567003727
5897 2 0.415378659964
71643 4 0.413216233253
73474 3 0.407653301954
82915 4 0.406498044729
791 2 0.404598146677
82079 6 0.402931958437
70742 2 0.402683198452
52424 2 0.402397722006
59019 4 0.402388840914
90380 3 0.401725232601
63620 4 0.397547453642
83653 3 0.396883577108
3306 3 0.396642297506
30361 2 0.396265298128
77972 2 0.395521789789
69299 7 0.395227462053
45754 2 0.394147872925
73938 2 0.393711477518
36921 1 0.39140406251
39712 3 0.38862991333
45490 2 0.387717425823
75963 2 0.387132585049
31716 2 0.38608199358
24751 4 0.38582727313
8028 2 0.385177284479
87447 2 0.384872227907
39382 4 0.384252041578
7336 3 0.381412148476
58326 6 0.380243003368
8374 6 0.378244280815
33441 2 0.377861529589
27117 6 0.377254456282
67918 3 0.376428633928
55750 3 0.372367560863
10974 2 0.369232326746
79107 10 0.366546392441
72603 2 0.363375157118
7873 2 0.363320827484
85980 2 0.359555274248
85805 3 0.357177406549
78482 3 0.352899193764
46060 6 0.352128386497
18656 5 0.350490361452
56566 4 0.349893629551
75740 5 0.34576690197
348 4 0.341335356236
60813 6 0.339708715677
64756 2 0.336118489504
91112 4 0.33562335372
23507 4 0.329767078161
17280 3 0.328436881304
76234 10 0.328294724226
52348 4 0.327519834042
83982 3 0.32504555583
57449 5 0.323849231005
82856 2 0.323188275099
76765 2 0.321307569742
10684 2 0.317049592733
32651 4 0.306977987289
54821 4 0.303520381451
27125 2 0.302031248808
47871 2 0.301884800196
59770 2 0.298893272877
1596 4 0.298494428396
42423 1 0.297698050737
18428 2 0.296363025904
51400 2 0.285579890013
83505 2 0.285563856363
28709 5 0.28097820282
29277 3 0.278173625469
83582 2 0.264920026064
10181 2 0.221048861742
9814 5 0.210768923163
49681 4 0.210292473435
58874 3 0.185376942158
