1.0 0.0
0.0 0.0
0.142857142857 0.000577367205543
0.25 0.00115473441109
0.222222222222 0.00115473441109
0.2 0.00115473441109
0.272727272727 0.00173210161663
0.25 0.00173210161663
0.307692307692 0.00230946882217
0.357142857143 0.00288683602771
0.333333333333 0.00288683602771
0.3125 0.00288683602771
0.294117647059 0.00288683602771
0.333333333333 0.00346420323326
0.315789473684 0.00346420323326
0.3 0.00346420323326
0.285714285714 0.00346420323326
0.272727272727 0.00346420323326
0.260869565217 0.00346420323326
0.25 0.00346420323326
0.28 0.0040415704388
0.269230769231 0.0040415704388
0.259259259259 0.0040415704388
0.25 0.0040415704388
0.241379310345 0.0040415704388
0.233333333333 0.0040415704388
0.225806451613 0.0040415704388
0.25 0.00461893764434
0.242424242424 0.00461893764434
0.264705882353 0.00519630484988
0.257142857143 0.00519630484988
0.25 0.00519630484988
0.243243243243 0.00519630484988
0.236842105263 0.00519630484988
0.230769230769 0.00519630484988
0.225 0.00519630484988
0.219512195122 0.00519630484988
0.214285714286 0.00519630484988
0.209302325581 0.00519630484988
0.204545454545 0.00519630484988
0.2 0.00519630484988
0.195652173913 0.00519630484988
0.212765957447 0.00577367205543
0.208333333333 0.00577367205543
0.224489795918 0.00635103926097
0.22 0.00635103926097
0.21568627451 0.00635103926097
0.211538461538 0.00635103926097
0.22641509434 0.00692840646651
0.222222222222 0.00692840646651
0.218181818182 0.00692840646651
0.214285714286 0.00692840646651
0.210526315789 0.00692840646651
0.224137931034 0.00750577367206
0.220338983051 0.00750577367206
0.216666666667 0.00750577367206
0.213114754098 0.00750577367206
0.209677419355 0.00750577367206
0.206349206349 0.00750577367206
0.203125 0.00750577367206
0.2 0.00750577367206
0.19696969697 0.00750577367206
0.194029850746 0.00750577367206
0.205882352941 0.0080831408776
0.217391304348 0.00866050808314
0.214285714286 0.00866050808314
0.211267605634 0.00866050808314
0.208333333333 0.00866050808314
0.205479452055 0.00866050808314
0.202702702703 0.00866050808314
0.213333333333 0.00923787528868
0.210526315789 0.00923787528868
0.207792207792 0.00923787528868
0.217948717949 0.00981524249423
0.227848101266 0.0103926096998
0.225 0.0103926096998
0.222222222222 0.0103926096998
0.219512195122 0.0103926096998
0.21686746988 0.0103926096998
0.22619047619 0.0109699769053
0.223529411765 0.0109699769053
0.220930232558 0.0109699769053
0.218390804598 0.0109699769053
0.215909090909 0.0109699769053
0.224719101124 0.0115473441109
0.222222222222 0.0115473441109
0.21978021978 0.0115473441109
0.217391304348 0.0115473441109
0.215053763441 0.0115473441109
0.212765957447 0.0115473441109
0.210526315789 0.0115473441109
0.208333333333 0.0115473441109
0.20618556701 0.0115473441109
0.204081632653 0.0115473441109
0.20202020202 0.0115473441109
0.21 0.0121247113164
0.207920792079 0.0121247113164
0.205882352941 0.0121247113164
0.203883495146 0.0121247113164
0.201923076923 0.0121247113164
0.2 0.0121247113164
0.198113207547 0.0121247113164
0.196261682243 0.0121247113164
0.194444444444 0.0121247113164
0.192660550459 0.0121247113164
0.190909090909 0.0121247113164
0.189189189189 0.0121247113164
0.1875 0.0121247113164
0.185840707965 0.0121247113164
0.184210526316 0.0121247113164
0.191304347826 0.0127020785219
0.189655172414 0.0127020785219
0.188034188034 0.0127020785219
0.186440677966 0.0127020785219
0.18487394958 0.0127020785219
0.183333333333 0.0127020785219
0.181818181818 0.0127020785219
0.180327868852 0.0127020785219
0.178861788618 0.0127020785219
0.177419354839 0.0127020785219
0.176 0.0127020785219
0.174603174603 0.0127020785219
0.173228346457 0.0127020785219
0.171875 0.0127020785219
0.170542635659 0.0127020785219
0.169230769231 0.0127020785219
0.175572519084 0.0132794457275
0.174242424242 0.0132794457275
0.172932330827 0.0132794457275
0.171641791045 0.0132794457275
0.17037037037 0.0132794457275
0.169117647059 0.0132794457275
0.167883211679 0.0132794457275
0.166666666667 0.0132794457275
0.165467625899 0.0132794457275
0.164285714286 0.0132794457275
0.170212765957 0.013856812933
0.169014084507 0.013856812933
0.167832167832 0.013856812933
0.166666666667 0.013856812933
0.165517241379 0.013856812933
0.171232876712 0.0144341801386
0.176870748299 0.0150115473441
0.175675675676 0.0150115473441
0.181208053691 0.0155889145497
0.18 0.0155889145497
0.185430463576 0.0161662817552
0.190789473684 0.0167436489607
0.18954248366 0.0167436489607
0.188311688312 0.0167436489607
0.187096774194 0.0167436489607
0.185897435897 0.0167436489607
0.184713375796 0.0167436489607
0.183544303797 0.0167436489607
0.188679245283 0.0173210161663
0.1875 0.0173210161663
0.192546583851 0.0178983833718
0.191358024691 0.0178983833718
0.19018404908 0.0178983833718
0.189024390244 0.0178983833718
0.187878787879 0.0178983833718
0.186746987952 0.0178983833718
0.191616766467 0.0184757505774
0.190476190476 0.0184757505774
0.189349112426 0.0184757505774
0.188235294118 0.0184757505774
0.187134502924 0.0184757505774
0.186046511628 0.0184757505774
0.184971098266 0.0184757505774
0.183908045977 0.0184757505774
0.188571428571 0.0190531177829
0.1875 0.0190531177829
0.186440677966 0.0190531177829
0.185393258427 0.0190531177829
0.184357541899 0.0190531177829
0.183333333333 0.0190531177829
0.187845303867 0.0196304849885
0.186813186813 0.0196304849885
0.185792349727 0.0196304849885
0.184782608696 0.0196304849885
0.183783783784 0.0196304849885
0.182795698925 0.0196304849885
0.181818181818 0.0196304849885
0.18085106383 0.0196304849885
0.179894179894 0.0196304849885
0.178947368421 0.0196304849885
0.178010471204 0.0196304849885
0.182291666667 0.020207852194
0.181347150259 0.020207852194
0.185567010309 0.0207852193995
0.184615384615 0.0207852193995
0.183673469388 0.0207852193995
0.187817258883 0.0213625866051
0.186868686869 0.0213625866051
0.185929648241 0.0213625866051
0.185 0.0213625866051
0.18407960199 0.0213625866051
0.183168316832 0.0213625866051
0.182266009852 0.0213625866051
0.18137254902 0.0213625866051
0.180487804878 0.0213625866051
0.179611650485 0.0213625866051
0.178743961353 0.0213625866051
0.182692307692 0.0219399538106
0.181818181818 0.0219399538106
0.180952380952 0.0219399538106
0.18009478673 0.0219399538106
0.183962264151 0.0225173210162
0.18779342723 0.0230946882217
0.18691588785 0.0230946882217
0.186046511628 0.0230946882217
0.185185185185 0.0230946882217
0.184331797235 0.0230946882217
0.183486238532 0.0230946882217
0.182648401826 0.0230946882217
0.181818181818 0.0230946882217
0.180995475113 0.0230946882217
0.18018018018 0.0230946882217
0.179372197309 0.0230946882217
0.183035714286 0.0236720554273
0.182222222222 0.0236720554273
0.181415929204 0.0236720554273
0.180616740088 0.0236720554273
0.179824561404 0.0236720554273
0.17903930131 0.0236720554273
0.178260869565 0.0236720554273
0.177489177489 0.0236720554273
0.176724137931 0.0236720554273
0.175965665236 0.0236720554273
0.179487179487 0.0242494226328
0.178723404255 0.0242494226328
0.177966101695 0.0242494226328
0.177215189873 0.0242494226328
0.176470588235 0.0242494226328
0.175732217573 0.0242494226328
0.175 0.0242494226328
0.174273858921 0.0242494226328
0.177685950413 0.0248267898383
0.17695473251 0.0248267898383
0.176229508197 0.0248267898383
0.175510204082 0.0248267898383
0.174796747967 0.0248267898383
0.174089068826 0.0248267898383
0.173387096774 0.0248267898383
0.172690763052 0.0248267898383
0.172 0.0248267898383
0.171314741036 0.0248267898383
0.170634920635 0.0248267898383
0.169960474308 0.0248267898383
0.169291338583 0.0248267898383
0.16862745098 0.0248267898383
0.16796875 0.0248267898383
0.171206225681 0.0254041570439
0.170542635659 0.0254041570439
0.169884169884 0.0254041570439
0.169230769231 0.0254041570439
0.168582375479 0.0254041570439
0.167938931298 0.0254041570439
0.167300380228 0.0254041570439
0.166666666667 0.0254041570439
0.166037735849 0.0254041570439
0.165413533835 0.0254041570439
0.164794007491 0.0254041570439
0.164179104478 0.0254041570439
0.163568773234 0.0254041570439
0.162962962963 0.0254041570439
0.162361623616 0.0254041570439
0.165441176471 0.0259815242494
0.164835164835 0.0259815242494
0.164233576642 0.0259815242494
0.163636363636 0.0259815242494
0.163043478261 0.0259815242494
0.162454873646 0.0259815242494
0.161870503597 0.0259815242494
0.161290322581 0.0259815242494
0.160714285714 0.0259815242494
0.160142348754 0.0259815242494
0.159574468085 0.0259815242494
0.159010600707 0.0259815242494
0.158450704225 0.0259815242494
0.157894736842 0.0259815242494
0.157342657343 0.0259815242494
0.156794425087 0.0259815242494
0.15625 0.0259815242494
0.155709342561 0.0259815242494
0.158620689655 0.026558891455
0.158075601375 0.026558891455
0.157534246575 0.026558891455
0.156996587031 0.026558891455
0.156462585034 0.026558891455
0.15593220339 0.026558891455
0.155405405405 0.026558891455
0.158249158249 0.0271362586605
0.157718120805 0.0271362586605
0.157190635452 0.0271362586605
0.156666666667 0.0271362586605
0.156146179402 0.0271362586605
0.155629139073 0.0271362586605
0.155115511551 0.0271362586605
0.154605263158 0.0271362586605
0.154098360656 0.0271362586605
0.153594771242 0.0271362586605
0.153094462541 0.0271362586605
0.152597402597 0.0271362586605
0.152103559871 0.0271362586605
0.151612903226 0.0271362586605
0.151125401929 0.0271362586605
0.150641025641 0.0271362586605
0.150159744409 0.0271362586605
0.149681528662 0.0271362586605
0.149206349206 0.0271362586605
0.148734177215 0.0271362586605
0.148264984227 0.0271362586605
0.150943396226 0.0277136258661
0.150470219436 0.0277136258661
0.15 0.0277136258661
0.14953271028 0.0277136258661
0.152173913043 0.0282909930716
0.151702786378 0.0282909930716
0.151234567901 0.0282909930716
0.150769230769 0.0282909930716
0.150306748466 0.0282909930716
0.149847094801 0.0282909930716
0.15243902439 0.0288683602771
0.151975683891 0.0288683602771
0.151515151515 0.0288683602771
0.151057401813 0.0288683602771
0.150602409639 0.0288683602771
0.15015015015 0.0288683602771
0.149700598802 0.0288683602771
0.149253731343 0.0288683602771
0.14880952381 0.0288683602771
0.148367952522 0.0288683602771
0.147928994083 0.0288683602771
0.147492625369 0.0288683602771
0.147058823529 0.0288683602771
0.146627565982 0.0288683602771
0.146198830409 0.0288683602771
0.145772594752 0.0288683602771
0.145348837209 0.0288683602771
0.144927536232 0.0288683602771
0.14450867052 0.0288683602771
0.14409221902 0.0288683602771
0.14367816092 0.0288683602771
0.143266475645 0.0288683602771
0.142857142857 0.0288683602771
0.14245014245 0.0288683602771
0.142045454545 0.0288683602771
0.14164305949 0.0288683602771
0.141242937853 0.0288683602771
0.140845070423 0.0288683602771
0.140449438202 0.0288683602771
0.140056022409 0.0288683602771
0.139664804469 0.0288683602771
0.139275766017 0.0288683602771
0.138888888889 0.0288683602771
0.141274238227 0.0294457274827
0.140883977901 0.0294457274827
0.140495867769 0.0294457274827
0.14010989011 0.0294457274827
0.139726027397 0.0294457274827
0.139344262295 0.0294457274827
0.138964577657 0.0294457274827
0.138586956522 0.0294457274827
0.138211382114 0.0294457274827
0.137837837838 0.0294457274827
0.137466307278 0.0294457274827
0.137096774194 0.0294457274827
0.13672922252 0.0294457274827
0.136363636364 0.0294457274827
0.136 0.0294457274827
0.135638297872 0.0294457274827
0.135278514589 0.0294457274827
0.134920634921 0.0294457274827
0.134564643799 0.0294457274827
0.134210526316 0.0294457274827
0.133858267717 0.0294457274827
0.133507853403 0.0294457274827
0.13315926893 0.0294457274827
0.135416666667 0.0300230946882
0.135064935065 0.0300230946882
0.134715025907 0.0300230946882
0.134366925065 0.0300230946882
0.134020618557 0.0300230946882
0.133676092545 0.0300230946882
0.133333333333 0.0300230946882
0.135549872123 0.0306004618938
0.135204081633 0.0306004618938
0.134860050891 0.0306004618938
0.137055837563 0.0311778290993
0.136708860759 0.0311778290993
0.136363636364 0.0311778290993
0.136020151134 0.0311778290993
0.13567839196 0.0311778290993
0.135338345865 0.0311778290993
0.135 0.0311778290993
0.134663341646 0.0311778290993
0.134328358209 0.0311778290993
0.133995037221 0.0311778290993
0.133663366337 0.0311778290993
0.133333333333 0.0311778290993
0.133004926108 0.0311778290993
0.132678132678 0.0311778290993
0.132352941176 0.0311778290993
0.132029339853 0.0311778290993
0.131707317073 0.0311778290993
0.131386861314 0.0311778290993
0.131067961165 0.0311778290993
0.133171912833 0.0317551963048
0.132850241546 0.0317551963048
0.132530120482 0.0317551963048
0.134615384615 0.0323325635104
0.134292565947 0.0323325635104
0.133971291866 0.0323325635104
0.133651551313 0.0323325635104
0.133333333333 0.0323325635104
0.133016627078 0.0323325635104
0.135071090047 0.0329099307159
0.13475177305 0.0329099307159
0.134433962264 0.0329099307159
0.134117647059 0.0329099307159
0.133802816901 0.0329099307159
0.133489461358 0.0329099307159
0.133177570093 0.0329099307159
0.132867132867 0.0329099307159
0.132558139535 0.0329099307159
0.134570765661 0.0334872979215
0.136574074074 0.034064665127
0.136258660508 0.034064665127
0.135944700461 0.034064665127
0.135632183908 0.034064665127
0.135321100917 0.034064665127
0.135011441648 0.034064665127
0.134703196347 0.034064665127
0.134396355353 0.034064665127
0.134090909091 0.034064665127
0.133786848073 0.034064665127
0.133484162896 0.034064665127
0.133182844244 0.034064665127
0.132882882883 0.034064665127
0.132584269663 0.034064665127
0.132286995516 0.034064665127
0.131991051454 0.034064665127
0.131696428571 0.034064665127
0.13140311804 0.034064665127
0.131111111111 0.034064665127
0.130820399113 0.034064665127
0.130530973451 0.034064665127
0.130242825607 0.034064665127
0.129955947137 0.034064665127
0.12967032967 0.034064665127
0.129385964912 0.034064665127
0.129102844639 0.034064665127
0.128820960699 0.034064665127
0.128540305011 0.034064665127
0.128260869565 0.034064665127
0.127982646421 0.034064665127
0.127705627706 0.034064665127
0.127429805616 0.034064665127
0.127155172414 0.034064665127
0.12688172043 0.034064665127
0.12660944206 0.034064665127
0.126338329764 0.034064665127
0.128205128205 0.0346420323326
0.127931769723 0.0346420323326
0.127659574468 0.0346420323326
0.127388535032 0.0346420323326
0.127118644068 0.0346420323326
0.126849894292 0.0346420323326
0.126582278481 0.0346420323326
0.126315789474 0.0346420323326
0.126050420168 0.0346420323326
0.125786163522 0.0346420323326
0.125523012552 0.0346420323326
0.125260960334 0.0346420323326
0.125 0.0346420323326
0.12474012474 0.0346420323326
0.124481327801 0.0346420323326
0.124223602484 0.0346420323326
0.126033057851 0.0352193995381
0.125773195876 0.0352193995381
0.125514403292 0.0352193995381
0.125256673511 0.0352193995381
0.125 0.0352193995381
0.124744376278 0.0352193995381
0.124489795918 0.0352193995381
0.124236252546 0.0352193995381
0.123983739837 0.0352193995381
0.123732251521 0.0352193995381
0.123481781377 0.0352193995381
0.123232323232 0.0352193995381
0.122983870968 0.0352193995381
0.122736418511 0.0352193995381
0.122489959839 0.0352193995381
0.122244488978 0.0352193995381
0.122 0.0352193995381
0.121756487026 0.0352193995381
0.121513944223 0.0352193995381
0.121272365805 0.0352193995381
0.121031746032 0.0352193995381
0.122772277228 0.0357967667436
0.122529644269 0.0357967667436
0.122287968442 0.0357967667436
0.122047244094 0.0357967667436
0.121807465619 0.0357967667436
0.121568627451 0.0357967667436
0.12133072407 0.0357967667436
0.12109375 0.0357967667436
0.120857699805 0.0357967667436
0.120622568093 0.0357967667436
0.120388349515 0.0357967667436
0.12015503876 0.0357967667436
0.119922630561 0.0357967667436
0.119691119691 0.0357967667436
0.119460500963 0.0357967667436
0.119230769231 0.0357967667436
0.119001919386 0.0357967667436
0.11877394636 0.0357967667436
0.118546845124 0.0357967667436
0.118320610687 0.0357967667436
0.118095238095 0.0357967667436
0.117870722433 0.0357967667436
0.117647058824 0.0357967667436
0.117424242424 0.0357967667436
0.117202268431 0.0357967667436
0.116981132075 0.0357967667436
0.116760828625 0.0357967667436
0.116541353383 0.0357967667436
0.116322701689 0.0357967667436
0.116104868914 0.0357967667436
0.115887850467 0.0357967667436
0.117537313433 0.0363741339492
0.117318435754 0.0363741339492
0.117100371747 0.0363741339492
0.116883116883 0.0363741339492
0.116666666667 0.0363741339492
0.116451016636 0.0363741339492
0.116236162362 0.0363741339492
0.116022099448 0.0363741339492
0.115808823529 0.0363741339492
0.115596330275 0.0363741339492
0.115384615385 0.0363741339492
0.115173674589 0.0363741339492
0.11496350365 0.0363741339492
0.114754098361 0.0363741339492
0.114545454545 0.0363741339492
0.114337568058 0.0363741339492
0.114130434783 0.0363741339492
0.113924050633 0.0363741339492
0.113718411552 0.0363741339492
0.113513513514 0.0363741339492
0.113309352518 0.0363741339492
0.113105924596 0.0363741339492
0.112903225806 0.0363741339492
0.112701252236 0.0363741339492
0.1125 0.0363741339492
0.112299465241 0.0363741339492
0.112099644128 0.0363741339492
0.11190053286 0.0363741339492
0.11170212766 0.0363741339492
0.111504424779 0.0363741339492
0.111307420495 0.0363741339492
0.111111111111 0.0363741339492
0.110915492958 0.0363741339492
0.11072056239 0.0363741339492
0.110526315789 0.0363741339492
0.110332749562 0.0363741339492
0.111888111888 0.0369515011547
0.111692844677 0.0369515011547
0.11149825784 0.0369515011547
0.111304347826 0.0369515011547
0.111111111111 0.0369515011547
0.110918544194 0.0369515011547
0.110726643599 0.0369515011547
0.110535405872 0.0369515011547
0.112068965517 0.0375288683603
0.111876075731 0.0375288683603
0.111683848797 0.0375288683603
0.111492281304 0.0375288683603
0.111301369863 0.0375288683603
0.111111111111 0.0375288683603
0.110921501706 0.0375288683603
0.11073253833 0.0375288683603
0.110544217687 0.0375288683603
0.112054329372 0.0381062355658
0.11186440678 0.0381062355658
0.111675126904 0.0381062355658
0.111486486486 0.0381062355658
0.111298482293 0.0381062355658
0.111111111111 0.0381062355658
0.110924369748 0.0381062355658
0.110738255034 0.0381062355658
0.110552763819 0.0381062355658
0.110367892977 0.0381062355658
0.110183639399 0.0381062355658
0.11 0.0381062355658
0.109816971714 0.0381062355658
0.109634551495 0.0381062355658
0.111111111111 0.0386836027714
0.110927152318 0.0386836027714
0.110743801653 0.0386836027714
0.110561056106 0.0386836027714
0.110378912685 0.0386836027714
0.110197368421 0.0386836027714
0.110016420361 0.0386836027714
0.109836065574 0.0386836027714
0.109656301146 0.0386836027714
0.109477124183 0.0386836027714
0.109298531811 0.0386836027714
0.109120521173 0.0386836027714
0.108943089431 0.0386836027714
0.108766233766 0.0386836027714
0.108589951378 0.0386836027714
0.108414239482 0.0386836027714
0.108239095315 0.0386836027714
0.108064516129 0.0386836027714
0.107890499195 0.0386836027714
0.107717041801 0.0386836027714
0.107544141252 0.0386836027714
0.107371794872 0.0386836027714
0.1088 0.0392609699769
0.108626198083 0.0392609699769
0.108452950558 0.0392609699769
0.108280254777 0.0392609699769
0.108108108108 0.0392609699769
0.107936507937 0.0392609699769
0.107765451664 0.0392609699769
0.107594936709 0.0392609699769
0.107424960506 0.0392609699769
0.107255520505 0.0392609699769
0.107086614173 0.0392609699769
0.106918238994 0.0392609699769
0.106750392465 0.0392609699769
0.108150470219 0.0398383371824
0.107981220657 0.0398383371824
0.1078125 0.0398383371824
0.107644305772 0.0398383371824
0.107476635514 0.0398383371824
0.107309486781 0.0398383371824
0.107142857143 0.0398383371824
0.106976744186 0.0398383371824
0.106811145511 0.0398383371824
0.106646058733 0.0398383371824
0.106481481481 0.0398383371824
0.106317411402 0.0398383371824
0.106153846154 0.0398383371824
0.10599078341 0.0398383371824
0.105828220859 0.0398383371824
0.105666156202 0.0398383371824
0.107033639144 0.040415704388
0.106870229008 0.040415704388
0.106707317073 0.040415704388
0.106544901065 0.040415704388
0.106382978723 0.040415704388
0.1062215478 0.040415704388
0.106060606061 0.040415704388
0.105900151286 0.040415704388
0.105740181269 0.040415704388
0.105580693816 0.040415704388
0.106927710843 0.0409930715935
0.106766917293 0.0409930715935
0.106606606607 0.0409930715935
0.106446776612 0.0409930715935
0.10628742515 0.0409930715935
0.106128550075 0.0409930715935
0.105970149254 0.0409930715935
0.105812220566 0.0409930715935
0.105654761905 0.0409930715935
0.105497771174 0.0409930715935
0.105341246291 0.0409930715935
0.105185185185 0.0409930715935
0.10650887574 0.0415704387991
0.10635155096 0.0415704387991
0.106194690265 0.0415704387991
0.106038291605 0.0415704387991
0.105882352941 0.0415704387991
0.107195301028 0.0421478060046
0.107038123167 0.0421478060046
0.106881405564 0.0421478060046
0.106725146199 0.0421478060046
0.106569343066 0.0421478060046
0.106413994169 0.0421478060046
0.106259097525 0.0421478060046
0.106104651163 0.0421478060046
0.10595065312 0.0421478060046
0.105797101449 0.0421478060046
0.105643994211 0.0421478060046
0.10549132948 0.0421478060046
0.105339105339 0.0421478060046
0.105187319885 0.0421478060046
0.105035971223 0.0421478060046
0.104885057471 0.0421478060046
0.104734576758 0.0421478060046
0.106017191977 0.0427251732102
0.105865522175 0.0427251732102
0.105714285714 0.0427251732102
0.105563480742 0.0427251732102
0.105413105413 0.0427251732102
0.105263157895 0.0427251732102
0.105113636364 0.0427251732102
0.104964539007 0.0427251732102
0.104815864023 0.0427251732102
0.104667609618 0.0427251732102
0.104519774011 0.0427251732102
0.10437235543 0.0427251732102
0.104225352113 0.0427251732102
0.104078762307 0.0427251732102
0.10393258427 0.0427251732102
0.103786816269 0.0427251732102
0.103641456583 0.0427251732102
0.103496503497 0.0427251732102
0.103351955307 0.0427251732102
0.103207810321 0.0427251732102
0.103064066852 0.0427251732102
0.102920723227 0.0427251732102
0.102777777778 0.0427251732102
0.102635228849 0.0427251732102
0.102493074792 0.0427251732102
0.10235131397 0.0427251732102
0.102209944751 0.0427251732102
0.102068965517 0.0427251732102
0.101928374656 0.0427251732102
0.101788170564 0.0427251732102
0.101648351648 0.0427251732102
0.101508916324 0.0427251732102
0.101369863014 0.0427251732102
0.10123119015 0.0427251732102
0.101092896175 0.0427251732102
0.100954979536 0.0427251732102
0.100817438692 0.0427251732102
0.100680272109 0.0427251732102
0.100543478261 0.0427251732102
0.100407055631 0.0427251732102
0.10027100271 0.0427251732102
0.100135317997 0.0427251732102
0.1 0.0427251732102
0.0998650472335 0.0427251732102
0.099730458221 0.0427251732102
0.0995962314939 0.0427251732102
0.0994623655914 0.0427251732102
0.0993288590604 0.0427251732102
0.0991957104558 0.0427251732102
0.09906291834 0.0427251732102
0.0989304812834 0.0427251732102
0.0987983978638 0.0427251732102
0.0986666666667 0.0427251732102
0.098535286285 0.0427251732102
0.0984042553191 0.0427251732102
0.0996015936255 0.0433025404157
0.0994694960212 0.0433025404157
0.0993377483444 0.0433025404157
0.0992063492063 0.0433025404157
0.0990752972259 0.0433025404157
0.098944591029 0.0433025404157
0.098814229249 0.0433025404157
0.0986842105263 0.0433025404157
0.0985545335085 0.0433025404157
0.0984251968504 0.0433025404157
0.0982961992136 0.0433025404157
0.098167539267 0.0433025404157
0.0980392156863 0.0433025404157
0.097911227154 0.0433025404157
0.0977835723598 0.0433025404157
0.09765625 0.0433025404157
0.0975292587776 0.0433025404157
0.0974025974026 0.0433025404157
0.0972762645914 0.0433025404157
0.0971502590674 0.0433025404157
0.0970245795602 0.0433025404157
0.0968992248062 0.0433025404157
0.0967741935484 0.0433025404157
0.0966494845361 0.0433025404157
0.0965250965251 0.0433025404157
0.0964010282776 0.0433025404157
0.0962772785623 0.0433025404157
0.0961538461538 0.0433025404157
0.0960307298335 0.0433025404157
0.0959079283887 0.0433025404157
0.0970625798212 0.0438799076212
0.0969387755102 0.0438799076212
0.0968152866242 0.0438799076212
0.0966921119593 0.0438799076212
0.0965692503177 0.0438799076212
0.0964467005076 0.0438799076212
0.0963244613435 0.0438799076212
0.0962025316456 0.0438799076212
0.0960809102402 0.0438799076212
0.0959595959596 0.0438799076212
0.0958385876419 0.0438799076212
0.095717884131 0.0438799076212
0.0955974842767 0.0438799076212
0.0954773869347 0.0438799076212
0.0953575909661 0.0438799076212
0.0964912280702 0.0444572748268
0.0963704630788 0.0444572748268
0.09625 0.0444572748268
0.0961298377029 0.0444572748268
0.0960099750623 0.0444572748268
0.0971357409714 0.0450346420323
0.0970149253731 0.0450346420323
0.0968944099379 0.0450346420323
0.0967741935484 0.0450346420323
0.0966542750929 0.0450346420323
0.0965346534653 0.0450346420323
0.0964153275649 0.0450346420323
0.0975308641975 0.0456120092379
0.0974106041924 0.0456120092379
0.0972906403941 0.0456120092379
0.0971709717097 0.0456120092379
0.0970515970516 0.0456120092379
0.0969325153374 0.0456120092379
0.0980392156863 0.0461893764434
0.0979192166463 0.0461893764434
0.0977995110024 0.0461893764434
0.0976800976801 0.0461893764434
0.0975609756098 0.0461893764434
0.0974421437272 0.0461893764434
0.0973236009732 0.0461893764434
0.097205346294 0.0461893764434
0.0970873786408 0.0461893764434
0.0969696969697 0.0461893764434
0.0968523002421 0.0461893764434
0.0967351874244 0.0461893764434
0.0966183574879 0.0461893764434
0.0965018094089 0.0461893764434
0.0963855421687 0.0461893764434
0.0962695547533 0.0461893764434
0.0961538461538 0.0461893764434
0.0960384153661 0.0461893764434
0.0971223021583 0.046766743649
0.097005988024 0.046766743649
0.0968899521531 0.046766743649
0.0967741935484 0.046766743649
0.0966587112172 0.046766743649
0.0965435041716 0.046766743649
0.0964285714286 0.046766743649
0.0963139120095 0.046766743649
0.0961995249406 0.046766743649
0.0960854092527 0.046766743649
0.095971563981 0.046766743649
0.0958579881657 0.046766743649
0.0957446808511 0.046766743649
0.0956316410862 0.046766743649
0.0955188679245 0.046766743649
0.095406360424 0.046766743649
0.0952941176471 0.046766743649
0.0951821386604 0.046766743649
0.0950704225352 0.046766743649
0.094958968347 0.046766743649
0.0948477751756 0.046766743649
0.0947368421053 0.046766743649
0.0946261682243 0.046766743649
0.0945157526254 0.046766743649
0.0944055944056 0.046766743649
0.0942956926659 0.046766743649
0.0941860465116 0.046766743649
0.0952380952381 0.0473441108545
0.0951276102088 0.0473441108545
0.0961761297798 0.04792147806
0.0960648148148 0.04792147806
0.0959537572254 0.04792147806
0.0958429561201 0.04792147806
0.0957324106113 0.04792147806
0.0956221198157 0.04792147806
0.0955120828539 0.04792147806
0.0954022988506 0.04792147806
0.0952927669346 0.04792147806
0.0951834862385 0.04792147806
0.0950744558992 0.04792147806
0.0949656750572 0.04792147806
0.0948571428571 0.04792147806
0.0947488584475 0.04792147806
0.0946408209806 0.04792147806
0.0945330296128 0.04792147806
0.094425483504 0.04792147806
0.0943181818182 0.04792147806
0.094211123723 0.04792147806
0.09410430839 0.04792147806
0.0939977349943 0.04792147806
0.0938914027149 0.04792147806
0.0937853107345 0.04792147806
0.0936794582393 0.04792147806
0.0935738444194 0.04792147806
0.0945945945946 0.0484988452656
0.0944881889764 0.0484988452656
0.0943820224719 0.0484988452656
0.0942760942761 0.0484988452656
0.0941704035874 0.0484988452656
0.0940649496081 0.0484988452656
0.0939597315436 0.0484988452656
0.0938547486034 0.0484988452656
0.09375 0.0484988452656
0.0936454849498 0.0484988452656
0.0935412026726 0.0484988452656
0.0934371523915 0.0484988452656
0.0933333333333 0.0484988452656
0.0932297447281 0.0484988452656
0.0931263858093 0.0484988452656
0.093023255814 0.0484988452656
0.0929203539823 0.0484988452656
0.092817679558 0.0484988452656
0.0927152317881 0.0484988452656
0.0926130099228 0.0484988452656
0.0925110132159 0.0484988452656
0.0924092409241 0.0484988452656
0.0923076923077 0.0484988452656
0.0922063666301 0.0484988452656
0.0921052631579 0.0484988452656
0.092004381161 0.0484988452656
0.0929978118162 0.0490762124711
0.0928961748634 0.0490762124711
0.0927947598253 0.0490762124711
0.092693565976 0.0490762124711
0.0925925925926 0.0490762124711
0.0924918389554 0.0490762124711
0.0923913043478 0.0490762124711
0.0922909880565 0.0490762124711
0.0921908893709 0.0490762124711
0.092091007584 0.0490762124711
0.0919913419913 0.0490762124711
0.092972972973 0.0496535796767
0.0928725701944 0.0496535796767
0.0927723840345 0.0496535796767
0.0926724137931 0.0496535796767
0.0925726587729 0.0496535796767
0.0924731182796 0.0496535796767
0.0923737916219 0.0496535796767
0.093347639485 0.0502309468822
0.0932475884244 0.0502309468822
0.093147751606 0.0502309468822
0.0930481283422 0.0502309468822
0.0929487179487 0.0502309468822
0.0928495197439 0.0502309468822
0.092750533049 0.0502309468822
0.0926517571885 0.0502309468822
0.0925531914894 0.0502309468822
0.0924548352816 0.0502309468822
0.0923566878981 0.0502309468822
0.0922587486744 0.0502309468822
0.0921610169492 0.0502309468822
0.0920634920635 0.0502309468822
0.0919661733615 0.0502309468822
0.0918690601901 0.0502309468822
0.0917721518987 0.0502309468822
0.0916754478398 0.0502309468822
0.0915789473684 0.0502309468822
0.0914826498423 0.0502309468822
0.0913865546218 0.0502309468822
0.0912906610703 0.0502309468822
0.0911949685535 0.0502309468822
0.0910994764398 0.0502309468822
0.0910041841004 0.0502309468822
0.0909090909091 0.0502309468822
0.0918580375783 0.0508083140878
0.0928050052138 0.0513856812933
0.0927083333333 0.0513856812933
0.0926118626431 0.0513856812933
0.0925155925156 0.0513856812933
0.0924195223261 0.0513856812933
0.0923236514523 0.0513856812933
0.0922279792746 0.0513856812933
0.092132505176 0.0513856812933
0.0920372285419 0.0513856812933
0.0919421487603 0.0513856812933
0.0918472652219 0.0513856812933
0.0917525773196 0.0513856812933
0.091658084449 0.0513856812933
0.0915637860082 0.0513856812933
0.0914696813977 0.0513856812933
0.0913757700205 0.0513856812933
0.0912820512821 0.0513856812933
0.0911885245902 0.0513856812933
0.0910951893552 0.0513856812933
0.0910020449898 0.0513856812933
0.0909090909091 0.0513856812933
0.0908163265306 0.0513856812933
0.0907237512742 0.0513856812933
0.0906313645621 0.0513856812933
0.0905391658189 0.0513856812933
0.0904471544715 0.0513856812933
0.0903553299492 0.0513856812933
0.0902636916836 0.0513856812933
0.0901722391084 0.0513856812933
0.0900809716599 0.0513856812933
0.0899898887765 0.0513856812933
0.089898989899 0.0513856812933
0.0898082744702 0.0513856812933
0.0897177419355 0.0513856812933
0.0896273917422 0.0513856812933
0.08953722334 0.0513856812933
0.0894472361809 0.0513856812933
0.0893574297189 0.0513856812933
0.0892678034102 0.0513856812933
0.0891783567134 0.0513856812933
0.0890890890891 0.0513856812933
0.089 0.0513856812933
0.0889110889111 0.0513856812933
0.0888223552894 0.0513856812933
0.0887337986042 0.0513856812933
0.0886454183267 0.0513856812933
0.0885572139303 0.0513856812933
0.0884691848907 0.0513856812933
0.0883813306852 0.0513856812933
0.0882936507937 0.0513856812933
0.0882061446977 0.0513856812933
0.0881188118812 0.0513856812933
0.0880316518299 0.0513856812933
0.0879446640316 0.0513856812933
0.0878578479763 0.0513856812933
0.0877712031558 0.0513856812933
0.087684729064 0.0513856812933
0.0875984251969 0.0513856812933
0.0875122910521 0.0513856812933
0.0874263261297 0.0513856812933
0.0873405299313 0.0513856812933
0.0872549019608 0.0513856812933
0.0871694417238 0.0513856812933
0.087084148728 0.0513856812933
0.0869990224829 0.0513856812933
0.0869140625 0.0513856812933
0.0868292682927 0.0513856812933
0.0867446393762 0.0513856812933
0.0866601752678 0.0513856812933
0.0865758754864 0.0513856812933
0.086491739553 0.0513856812933
0.0864077669903 0.0513856812933
0.086323957323 0.0513856812933
0.0862403100775 0.0513856812933
0.0861568247822 0.0513856812933
0.0860735009671 0.0513856812933
0.0859903381643 0.0513856812933
0.0859073359073 0.0513856812933
0.0858244937319 0.0513856812933
0.0857418111753 0.0513856812933
0.0856592877767 0.0513856812933
0.0855769230769 0.0513856812933
0.0854947166186 0.0513856812933
0.0854126679463 0.0513856812933
0.0853307766059 0.0513856812933
0.0852490421456 0.0513856812933
0.0851674641148 0.0513856812933
0.085086042065 0.0513856812933
0.0850047755492 0.0513856812933
0.0849236641221 0.0513856812933
0.0848427073403 0.0513856812933
0.0847619047619 0.0513856812933
0.0846812559467 0.0513856812933
0.0846007604563 0.0513856812933
0.0845204178538 0.0513856812933
0.084440227704 0.0513856812933
0.0843601895735 0.0513856812933
0.0842803030303 0.0513856812933
0.085146641438 0.0519630484988
0.0850661625709 0.0519630484988
0.0849858356941 0.0519630484988
0.0849056603774 0.0519630484988
0.0848256361923 0.0519630484988
0.0847457627119 0.0519630484988
0.0846660395108 0.0519630484988
0.0845864661654 0.0519630484988
0.0854460093897 0.0525404157044
0.0853658536585 0.0525404157044
0.0852858481724 0.0525404157044
0.0852059925094 0.0525404157044
0.0851262862488 0.0525404157044
0.085046728972 0.0525404157044
0.0849673202614 0.0525404157044
0.0848880597015 0.0525404157044
0.0848089468779 0.0525404157044
0.084729981378 0.0525404157044
0.0846511627907 0.0525404157044
0.0845724907063 0.0525404157044
0.0844939647168 0.0525404157044
0.0844155844156 0.0525404157044
0.0843373493976 0.0525404157044
0.0842592592593 0.0525404157044
0.0841813135985 0.0525404157044
0.0841035120148 0.0525404157044
0.084025854109 0.0525404157044
0.0839483394834 0.0525404157044
0.0838709677419 0.0525404157044
0.0837937384899 0.0525404157044
0.0837166513339 0.0525404157044
0.0836397058824 0.0525404157044
0.0844811753903 0.0531177829099
0.0844036697248 0.0531177829099
0.0843263061412 0.0531177829099
0.0842490842491 0.0531177829099
0.0841720036597 0.0531177829099
0.0840950639854 0.0531177829099
0.0840182648402 0.0531177829099
0.0839416058394 0.0531177829099
0.0838650865998 0.0531177829099
0.0837887067395 0.0531177829099
0.0837124658781 0.0531177829099
0.0836363636364 0.0531177829099
0.0835603996367 0.0531177829099
0.0834845735027 0.0531177829099
0.0834088848595 0.0531177829099
0.0833333333333 0.0531177829099
0.083257918552 0.0531177829099
0.0831826401447 0.0531177829099
0.0831074977416 0.0531177829099
0.0830324909747 0.0531177829099
0.0838593327322 0.0536951501155
0.0837837837838 0.0536951501155
0.0837083708371 0.0536951501155
0.0836330935252 0.0536951501155
0.0835579514825 0.0536951501155
0.0834829443447 0.0536951501155
0.0834080717489 0.0536951501155
0.0833333333333 0.0536951501155
0.0832587287377 0.0536951501155
0.0831842576029 0.0536951501155
0.083109919571 0.0536951501155
0.0830357142857 0.0536951501155
0.0829616413916 0.0536951501155
0.0828877005348 0.0536951501155
0.0828138913624 0.0536951501155
0.0827402135231 0.0536951501155
0.0826666666667 0.0536951501155
0.082593250444 0.0536951501155
0.0825199645075 0.0536951501155
0.0824468085106 0.0536951501155
0.0823737821081 0.0536951501155
0.083185840708 0.054272517321
0.0839964633068 0.0548498845266
0.0839222614841 0.0548498845266
0.0838481906443 0.0548498845266
0.0837742504409 0.0548498845266
0.0837004405286 0.0548498845266
0.0836267605634 0.0548498845266
0.0835532102023 0.0548498845266
0.0834797891037 0.0548498845266
0.0834064969271 0.0548498845266
0.0833333333333 0.0548498845266
0.0832602979842 0.0548498845266
0.0831873905429 0.0548498845266
0.0831146106737 0.0548498845266
0.083041958042 0.0548498845266
0.0829694323144 0.0548498845266
0.0837696335079 0.0554272517321
0.0836965998256 0.0554272517321
0.0836236933798 0.0554272517321
0.0835509138381 0.0554272517321
0.0834782608696 0.0554272517321
0.0834057341442 0.0554272517321
0.0833333333333 0.0554272517321
0.0832610581093 0.0554272517321
0.0831889081456 0.0554272517321
0.0839826839827 0.0560046189376
0.0839100346021 0.0560046189376
0.0838375108038 0.0560046189376
0.0846286701209 0.0565819861432
0.0845556514236 0.0565819861432
0.0844827586207 0.0565819861432
0.0844099913867 0.0565819861432
0.0843373493976 0.0565819861432
0.0842648323302 0.0565819861432
0.0841924398625 0.0565819861432
0.0841201716738 0.0565819861432
0.0849056603774 0.0571593533487
0.0848329048843 0.0571593533487
0.0847602739726 0.0571593533487
0.0846877673225 0.0571593533487
0.0846153846154 0.0571593533487
0.0845431255337 0.0571593533487
0.0844709897611 0.0571593533487
0.0843989769821 0.0571593533487
0.0843270868825 0.0571593533487
0.0842553191489 0.0571593533487
0.0850340136054 0.0577367205543
0.0849617672048 0.0577367205543
0.0848896434635 0.0577367205543
0.0848176420696 0.0577367205543
0.0847457627119 0.0577367205543
0.0846740050804 0.0577367205543
0.0846023688663 0.0577367205543
0.0853761622992 0.0583140877598
0.0853040540541 0.0583140877598
0.0852320675105 0.0583140877598
0.0851602023609 0.0583140877598
0.0850884582982 0.0583140877598
0.0850168350168 0.0583140877598
0.0849453322119 0.0583140877598
0.0848739495798 0.0583140877598
0.0848026868178 0.0583140877598
0.0855704697987 0.0588914549654
0.0863369656329 0.0594688221709
0.0862646566164 0.0594688221709
0.0861924686192 0.0594688221709
0.0861204013378 0.0594688221709
0.0860484544695 0.0594688221709
0.0859766277129 0.0594688221709
0.0859049207673 0.0594688221709
0.0858333333333 0.0594688221709
0.0865945045795 0.0600461893764
0.0865224625624 0.0600461893764
0.0864505403159 0.0600461893764
0.0863787375415 0.0600461893764
0.0863070539419 0.0600461893764
0.0862354892206 0.0600461893764
0.086164043082 0.0600461893764
0.0860927152318 0.0600461893764
0.0860215053763 0.0600461893764
0.0859504132231 0.0600461893764
0.0858794384806 0.0600461893764
0.0858085808581 0.0600461893764
0.085737840066 0.0600461893764
0.0856672158155 0.0600461893764
0.0864197530864 0.060623556582
0.0863486842105 0.060623556582
0.0862777321282 0.060623556582
0.0870279146141 0.0612009237875
0.0869565217391 0.0612009237875
0.0868852459016 0.0612009237875
0.0868140868141 0.0612009237875
0.0867430441899 0.0612009237875
0.0866721177433 0.0612009237875
0.0866013071895 0.0612009237875
0.0865306122449 0.0612009237875
0.0864600326264 0.0612009237875
0.0863895680522 0.0612009237875
0.086319218241 0.0612009237875
0.0862489829129 0.0612009237875
0.0861788617886 0.0612009237875
0.0861088545898 0.0612009237875
0.086038961039 0.0612009237875
0.0859691808597 0.0612009237875
0.0858995137763 0.0612009237875
0.0858299595142 0.0612009237875
0.0857605177994 0.0612009237875
0.0864995957963 0.0617782909931
0.0864297253635 0.0617782909931
0.0863599677159 0.0617782909931
0.0862903225806 0.0617782909931
0.0862207896857 0.0617782909931
0.0861513687601 0.0617782909931
0.0860820595334 0.0617782909931
0.0860128617363 0.0617782909931
0.0859437751004 0.0617782909931
0.0858747993579 0.0617782909931
0.0858059342422 0.0617782909931
0.0857371794872 0.0617782909931
0.0856685348279 0.0617782909931
0.0856 0.0617782909931
0.0863309352518 0.0623556581986
0.0862619808307 0.0623556581986
0.0861931364725 0.0623556581986
0.0869218500797 0.0629330254042
0.0868525896414 0.0629330254042
0.0867834394904 0.0629330254042
0.0867143993636 0.0629330254042
0.0866454689984 0.0629330254042
0.0865766481334 0.0629330254042
0.0865079365079 0.0629330254042
0.086439333862 0.0629330254042
0.0863708399366 0.0629330254042
0.0863024544735 0.0629330254042
0.0862341772152 0.0629330254042
0.0861660079051 0.0629330254042
0.0860979462875 0.0629330254042
0.0860299921073 0.0629330254042
0.0859621451104 0.0629330254042
0.0858944050433 0.0629330254042
0.0866141732283 0.0635103926097
0.0865460267506 0.0635103926097
0.0864779874214 0.0635103926097
0.0864100549882 0.0635103926097
0.0863422291994 0.0635103926097
0.0862745098039 0.0635103926097
0.0862068965517 0.0635103926097
0.0861393891934 0.0635103926097
0.0860719874804 0.0635103926097
0.086004691165 0.0635103926097
0.0859375 0.0635103926097
0.0858704137393 0.0635103926097
0.0858034321373 0.0635103926097
0.0857365549493 0.0635103926097
0.0856697819315 0.0635103926097
0.0856031128405 0.0635103926097
0.0855365474339 0.0635103926097
0.0854700854701 0.0635103926097
0.0854037267081 0.0635103926097
0.0853374709077 0.0635103926097
0.0852713178295 0.0635103926097
0.0852052672347 0.0635103926097
0.0851393188854 0.0635103926097
0.0850734725445 0.0635103926097
0.0850077279753 0.0635103926097
0.0849420849421 0.0635103926097
0.0848765432099 0.0635103926097
0.0848111025443 0.0635103926097
0.0847457627119 0.0635103926097
0.0846805234796 0.0635103926097
0.0846153846154 0.0635103926097
0.0845503458878 0.0635103926097
0.0844854070661 0.0635103926097
0.0844205679202 0.0635103926097
0.0843558282209 0.0635103926097
0.0842911877395 0.0635103926097
0.0842266462481 0.0635103926097
0.0841622035195 0.0635103926097
0.0840978593272 0.0635103926097
0.0840336134454 0.0635103926097
0.0839694656489 0.0635103926097
0.0846681922197 0.0640877598152
0.0846036585366 0.0640877598152
0.0845392231531 0.0640877598152
0.0844748858447 0.0640877598152
0.0844106463878 0.0640877598152
0.0843465045593 0.0640877598152
0.0842824601367 0.0640877598152
0.0842185128983 0.0640877598152
0.0841546626232 0.0640877598152
0.0840909090909 0.0640877598152
0.0840272520818 0.0640877598152
0.0839636913767 0.0640877598152
0.0839002267574 0.0640877598152
0.083836858006 0.0640877598152
0.0837735849057 0.0640877598152
0.0837104072398 0.0640877598152
0.0836473247928 0.0640877598152
0.0835843373494 0.0640877598152
0.0835214446953 0.0640877598152
0.0834586466165 0.0640877598152
0.0833959429001 0.0640877598152
0.0840840840841 0.0646651270208
0.0840210052513 0.0646651270208
0.0839580209895 0.0646651270208
0.0838951310861 0.0646651270208
0.0838323353293 0.0646651270208
0.0837696335079 0.0646651270208
0.0837070254111 0.0646651270208
0.083644510829 0.0646651270208
0.0835820895522 0.0646651270208
0.0835197613721 0.0646651270208
0.0834575260805 0.0646651270208
0.0833953834698 0.0646651270208
0.0840773809524 0.0652424942263
0.0847583643123 0.0658198614319
0.0846953937593 0.0658198614319
0.0846325167038 0.0658198614319
0.0845697329377 0.0658198614319
0.0852483320979 0.0663972286374
0.0851851851852 0.0663972286374
0.0851221317543 0.0663972286374
0.0850591715976 0.0663972286374
0.0849963045085 0.0663972286374
0.0849335302806 0.0663972286374
0.0856088560886 0.066974595843
0.0855457227139 0.066974595843
0.0854826823876 0.066974595843
0.0854197349043 0.066974595843
0.0853568800589 0.066974595843
0.0860294117647 0.0675519630485
0.0859662013226 0.0675519630485
0.0859030837004 0.0675519630485
0.0858400586941 0.0675519630485
0.0857771260997 0.0675519630485
0.0857142857143 0.0675519630485
0.0856515373353 0.0675519630485
0.0855888807608 0.0675519630485
0.0862573099415 0.068129330254
0.0861943024105 0.068129330254
0.0861313868613 0.068129330254
0.0867979576951 0.0687066974596
0.0874635568513 0.0692840646651
0.088128186453 0.0698614318707
0.0880640465793 0.0698614318707
0.0887272727273 0.0704387990762
0.0886627906977 0.0704387990762
0.0885984023239 0.0704387990762
0.089259796807 0.0710161662818
0.0891950688905 0.0710161662818
0.0891304347826 0.0710161662818
0.0890658942795 0.0710161662818
0.089001447178 0.0710161662818
0.0896601590745 0.0715935334873
0.0895953757225 0.0715935334873
0.0895306859206 0.0715935334873
0.0894660894661 0.0715935334873
0.0901225666907 0.0721709006928
0.0900576368876 0.0721709006928
0.089992800576 0.0721709006928
0.089928057554 0.0721709006928
0.0898634076204 0.0721709006928
0.0897988505747 0.0721709006928
0.0904522613065 0.0727482678984
0.090387374462 0.0727482678984
0.0903225806452 0.0727482678984
0.0902578796562 0.0727482678984
0.0901932712956 0.0727482678984
0.0901287553648 0.0727482678984
0.0900643316655 0.0727482678984
0.09 0.0727482678984
0.0899357601713 0.0727482678984
0.0898716119829 0.0727482678984
0.0898075552388 0.0727482678984
0.0897435897436 0.0727482678984
0.0896797153025 0.0727482678984
0.0896159317212 0.0727482678984
0.089552238806 0.0727482678984
0.0894886363636 0.0727482678984
0.0894251242016 0.0727482678984
0.0893617021277 0.0727482678984
0.0892983699504 0.0727482678984
0.0892351274788 0.0727482678984
0.0891719745223 0.0727482678984
0.0891089108911 0.0727482678984
0.0890459363958 0.0727482678984
0.0889830508475 0.0727482678984
0.0889202540579 0.0727482678984
0.0888575458392 0.0727482678984
0.0887949260042 0.0727482678984
0.0887323943662 0.0727482678984
0.0886699507389 0.0727482678984
0.0886075949367 0.0727482678984
0.0885453267744 0.0727482678984
0.0884831460674 0.0727482678984
0.0884210526316 0.0727482678984
0.0890603085554 0.0733256351039
0.0889978976875 0.0733256351039
0.0889355742297 0.0733256351039
0.0895731280616 0.0739030023095
0.0895104895105 0.0739030023095
0.0894479385045 0.0739030023095
0.0893854748603 0.0739030023095
0.089323098395 0.0739030023095
0.0892608089261 0.0739030023095
0.0891986062718 0.0739030023095
0.0891364902507 0.0739030023095
0.089074460682 0.0739030023095
0.0890125173853 0.0739030023095
0.0889506601807 0.0739030023095
0.0895833333333 0.074480369515
0.089521165857 0.074480369515
0.0894590846047 0.074480369515
0.0900900900901 0.0750577367206
0.090027700831 0.0750577367206
0.0906574394464 0.0756351039261
0.0905947441217 0.0756351039261
0.0905321354527 0.0756351039261
0.0904696132597 0.0756351039261
0.0904071773637 0.0756351039261
0.0903448275862 0.0756351039261
0.0902825637491 0.0756351039261
0.0902203856749 0.0756351039261
0.0901582931865 0.0756351039261
0.0907840440165 0.0762124711316
0.0907216494845 0.0762124711316
0.0906593406593 0.0762124711316
0.0905971173644 0.0762124711316
0.0905349794239 0.0762124711316
0.0904729266621 0.0762124711316
0.0904109589041 0.0762124711316
0.0903490759754 0.0762124711316
0.0902872777018 0.0762124711316
0.0902255639098 0.0762124711316
0.0901639344262 0.0762124711316
0.0901023890785 0.0762124711316
0.0900409276944 0.0762124711316
0.0899795501022 0.0762124711316
0.0899182561308 0.0762124711316
0.0898570456093 0.0762124711316
0.0897959183673 0.0762124711316
0.0897348742352 0.0762124711316
0.0896739130435 0.0762124711316
0.0896130346232 0.0762124711316
0.089552238806 0.0762124711316
0.0894915254237 0.0762124711316
0.0894308943089 0.0762124711316
0.0893703452945 0.0762124711316
0.0893098782138 0.0762124711316
0.0892494929006 0.0762124711316
0.0891891891892 0.0762124711316
0.0891289669142 0.0762124711316
0.0890688259109 0.0762124711316
0.0890087660148 0.0762124711316
0.088948787062 0.0762124711316
0.0888888888889 0.0762124711316
0.0888290713324 0.0762124711316
0.08876933423 0.0762124711316
0.0887096774194 0.0762124711316
0.0886501007388 0.0762124711316
0.0885906040268 0.0762124711316
0.0885311871227 0.0762124711316
0.088471849866 0.0762124711316
0.0884125920965 0.0762124711316
0.0883534136546 0.0762124711316
