1.0 0.0
0.0 0.0
0.0769230769231 0.000577367205543
0.0714285714286 0.000577367205543
0.0666666666667 0.000577367205543
0.0625 0.000577367205543
0.0588235294118 0.000577367205543
0.0555555555556 0.000577367205543
0.0526315789474 0.000577367205543
0.05 0.000577367205543
0.0952380952381 0.00115473441109
0.0909090909091 0.00115473441109
0.0869565217391 0.00115473441109
0.0833333333333 0.00115473441109
0.08 0.00115473441109
0.115384615385 0.00173210161663
0.111111111111 0.00173210161663
0.107142857143 0.00173210161663
0.103448275862 0.00173210161663
0.1 0.00173210161663
0.0967741935484 0.00173210161663
0.09375 0.00173210161663
0.0909090909091 0.00173210161663
0.117647058824 0.00230946882217
0.114285714286 0.00230946882217
0.138888888889 0.00288683602771
0.135135135135 0.00288683602771
0.131578947368 0.00288683602771
0.153846153846 0.00346420323326
0.15 0.00346420323326
0.146341463415 0.00346420323326
0.166666666667 0.0040415704388
0.162790697674 0.0040415704388
0.159090909091 0.0040415704388
0.177777777778 0.00461893764434
0.173913043478 0.00461893764434
0.170212765957 0.00461893764434
0.166666666667 0.00461893764434
0.163265306122 0.00461893764434
0.18 0.00519630484988
0.176470588235 0.00519630484988
0.173076923077 0.00519630484988
0.169811320755 0.00519630484988
0.166666666667 0.00519630484988
0.163636363636 0.00519630484988
0.160714285714 0.00519630484988
0.157894736842 0.00519630484988
0.155172413793 0.00519630484988
0.152542372881 0.00519630484988
0.15 0.00519630484988
0.16393442623 0.00577367205543
0.161290322581 0.00577367205543
0.15873015873 0.00577367205543
0.15625 0.00577367205543
0.153846153846 0.00577367205543
0.151515151515 0.00577367205543
0.149253731343 0.00577367205543
0.147058823529 0.00577367205543
0.144927536232 0.00577367205543
0.142857142857 0.00577367205543
0.140845070423 0.00577367205543
0.152777777778 0.00635103926097
0.150684931507 0.00635103926097
0.148648648649 0.00635103926097
0.16 0.00692840646651
0.157894736842 0.00692840646651
0.168831168831 0.00750577367206
0.179487179487 0.0080831408776
0.177215189873 0.0080831408776
0.175 0.0080831408776
0.172839506173 0.0080831408776
0.182926829268 0.00866050808314
0.192771084337 0.00923787528868
0.190476190476 0.00923787528868
0.188235294118 0.00923787528868
0.186046511628 0.00923787528868
0.183908045977 0.00923787528868
0.181818181818 0.00923787528868
0.179775280899 0.00923787528868
0.177777777778 0.00923787528868
0.175824175824 0.00923787528868
0.173913043478 0.00923787528868
0.172043010753 0.00923787528868
0.18085106383 0.00981524249423
0.178947368421 0.00981524249423
0.177083333333 0.00981524249423
0.175257731959 0.00981524249423
0.173469387755 0.00981524249423
0.181818181818 0.0103926096998
0.18 0.0103926096998
0.178217821782 0.0103926096998
0.176470588235 0.0103926096998
0.174757281553 0.0103926096998
0.182692307692 0.0109699769053
0.180952380952 0.0109699769053
0.179245283019 0.0109699769053
0.177570093458 0.0109699769053
0.175925925926 0.0109699769053
0.174311926606 0.0109699769053
0.172727272727 0.0109699769053
0.171171171171 0.0109699769053
0.169642857143 0.0109699769053
0.16814159292 0.0109699769053
0.166666666667 0.0109699769053
0.165217391304 0.0109699769053
0.163793103448 0.0109699769053
0.162393162393 0.0109699769053
0.161016949153 0.0109699769053
0.159663865546 0.0109699769053
0.158333333333 0.0109699769053
0.157024793388 0.0109699769053
0.155737704918 0.0109699769053
0.154471544715 0.0109699769053
0.161290322581 0.0115473441109
0.16 0.0115473441109
0.15873015873 0.0115473441109
0.157480314961 0.0115473441109
0.15625 0.0115473441109
0.15503875969 0.0115473441109
0.153846153846 0.0115473441109
0.152671755725 0.0115473441109
0.151515151515 0.0115473441109
0.15037593985 0.0115473441109
0.149253731343 0.0115473441109
0.148148148148 0.0115473441109
0.147058823529 0.0115473441109
0.14598540146 0.0115473441109
0.144927536232 0.0115473441109
0.143884892086 0.0115473441109
0.15 0.0121247113164
0.148936170213 0.0121247113164
0.154929577465 0.0127020785219
0.153846153846 0.0127020785219
0.159722222222 0.0132794457275
0.165517241379 0.013856812933
0.164383561644 0.013856812933
0.163265306122 0.013856812933
0.168918918919 0.0144341801386
0.167785234899 0.0144341801386
0.166666666667 0.0144341801386
0.165562913907 0.0144341801386
0.164473684211 0.0144341801386
0.16339869281 0.0144341801386
0.162337662338 0.0144341801386
0.161290322581 0.0144341801386
0.160256410256 0.0144341801386
0.15923566879 0.0144341801386
0.158227848101 0.0144341801386
0.157232704403 0.0144341801386
0.15625 0.0144341801386
0.155279503106 0.0144341801386
0.154320987654 0.0144341801386
0.159509202454 0.0150115473441
0.158536585366 0.0150115473441
0.157575757576 0.0150115473441
0.156626506024 0.0150115473441
0.155688622754 0.0150115473441
0.160714285714 0.0155889145497
0.159763313609 0.0155889145497
0.158823529412 0.0155889145497
0.157894736842 0.0155889145497
0.156976744186 0.0155889145497
0.156069364162 0.0155889145497
0.155172413793 0.0155889145497
0.154285714286 0.0155889145497
0.153409090909 0.0155889145497
0.152542372881 0.0155889145497
0.157303370787 0.0161662817552
0.156424581006 0.0161662817552
0.155555555556 0.0161662817552
0.154696132597 0.0161662817552
0.153846153846 0.0161662817552
0.153005464481 0.0161662817552
0.152173913043 0.0161662817552
0.151351351351 0.0161662817552
0.150537634409 0.0161662817552
0.149732620321 0.0161662817552
0.148936170213 0.0161662817552
0.148148148148 0.0161662817552
0.147368421053 0.0161662817552
0.146596858639 0.0161662817552
0.145833333333 0.0161662817552
0.145077720207 0.0161662817552
0.144329896907 0.0161662817552
0.14358974359 0.0161662817552
0.142857142857 0.0161662817552
0.142131979695 0.0161662817552
0.141414141414 0.0161662817552
0.140703517588 0.0161662817552
0.145 0.0167436489607
0.144278606965 0.0167436489607
0.143564356436 0.0167436489607
0.142857142857 0.0167436489607
0.142156862745 0.0167436489607
0.141463414634 0.0167436489607
0.140776699029 0.0167436489607
0.140096618357 0.0167436489607
0.139423076923 0.0167436489607
0.138755980861 0.0167436489607
0.138095238095 0.0167436489607
0.137440758294 0.0167436489607
0.13679245283 0.0167436489607
0.136150234742 0.0167436489607
0.135514018692 0.0167436489607
0.13488372093 0.0167436489607
0.134259259259 0.0167436489607
0.133640552995 0.0167436489607
0.133027522936 0.0167436489607
0.132420091324 0.0167436489607
0.131818181818 0.0167436489607
0.135746606335 0.0173210161663
0.135135135135 0.0173210161663
0.134529147982 0.0173210161663
0.133928571429 0.0173210161663
0.133333333333 0.0173210161663
0.132743362832 0.0173210161663
0.132158590308 0.0173210161663
0.131578947368 0.0173210161663
0.131004366812 0.0173210161663
0.130434782609 0.0173210161663
0.12987012987 0.0173210161663
0.129310344828 0.0173210161663
0.128755364807 0.0173210161663
0.128205128205 0.0173210161663
0.127659574468 0.0173210161663
0.127118644068 0.0173210161663
0.130801687764 0.0178983833718
0.13025210084 0.0178983833718
0.129707112971 0.0178983833718
0.129166666667 0.0178983833718
0.128630705394 0.0178983833718
0.128099173554 0.0178983833718
0.131687242798 0.0184757505774
0.131147540984 0.0184757505774
0.130612244898 0.0184757505774
0.130081300813 0.0184757505774
0.12955465587 0.0184757505774
0.129032258065 0.0184757505774
0.132530120482 0.0190531177829
0.132 0.0190531177829
0.131474103586 0.0190531177829
0.130952380952 0.0190531177829
0.130434782609 0.0190531177829
0.129921259843 0.0190531177829
0.133333333333 0.0196304849885
0.1328125 0.0196304849885
0.132295719844 0.0196304849885
0.131782945736 0.0196304849885
0.131274131274 0.0196304849885
0.130769230769 0.0196304849885
0.130268199234 0.0196304849885
0.129770992366 0.0196304849885
0.12927756654 0.0196304849885
0.132575757576 0.020207852194
0.132075471698 0.020207852194
0.131578947368 0.020207852194
0.131086142322 0.020207852194
0.134328358209 0.0207852193995
0.133828996283 0.0207852193995
0.133333333333 0.0207852193995
0.132841328413 0.0207852193995
0.132352941176 0.0207852193995
0.131868131868 0.0207852193995
0.131386861314 0.0207852193995
0.130909090909 0.0207852193995
0.130434782609 0.0207852193995
0.129963898917 0.0207852193995
0.129496402878 0.0207852193995
0.129032258065 0.0207852193995
0.128571428571 0.0207852193995
0.128113879004 0.0207852193995
0.127659574468 0.0207852193995
0.127208480565 0.0207852193995
0.12676056338 0.0207852193995
0.126315789474 0.0207852193995
0.125874125874 0.0207852193995
0.12543554007 0.0207852193995
0.125 0.0207852193995
0.124567474048 0.0207852193995
0.124137931034 0.0207852193995
0.123711340206 0.0207852193995
0.123287671233 0.0207852193995
0.122866894198 0.0207852193995
0.122448979592 0.0207852193995
0.122033898305 0.0207852193995
0.121621621622 0.0207852193995
0.121212121212 0.0207852193995
0.120805369128 0.0207852193995
0.120401337793 0.0207852193995
0.12 0.0207852193995
0.119601328904 0.0207852193995
0.119205298013 0.0207852193995
0.122112211221 0.0213625866051
0.121710526316 0.0213625866051
0.12131147541 0.0213625866051
0.12091503268 0.0213625866051
0.120521172638 0.0213625866051
0.12012987013 0.0213625866051
0.119741100324 0.0213625866051
0.11935483871 0.0213625866051
0.118971061093 0.0213625866051
0.11858974359 0.0213625866051
0.11821086262 0.0213625866051
0.117834394904 0.0213625866051
0.11746031746 0.0213625866051
0.117088607595 0.0213625866051
0.116719242902 0.0213625866051
0.116352201258 0.0213625866051
0.115987460815 0.0213625866051
0.11875 0.0219399538106
0.118380062305 0.0219399538106
0.11801242236 0.0219399538106
0.117647058824 0.0219399538106
0.117283950617 0.0219399538106
0.116923076923 0.0219399538106
0.11963190184 0.0225173210162
0.119266055046 0.0225173210162
0.118902439024 0.0225173210162
0.118541033435 0.0225173210162
0.121212121212 0.0230946882217
0.12084592145 0.0230946882217
0.120481927711 0.0230946882217
0.123123123123 0.0236720554273
0.125748502994 0.0242494226328
0.125373134328 0.0242494226328
0.127976190476 0.0248267898383
0.127596439169 0.0248267898383
0.127218934911 0.0248267898383
0.126843657817 0.0248267898383
0.126470588235 0.0248267898383
0.126099706745 0.0248267898383
0.125730994152 0.0248267898383
0.125364431487 0.0248267898383
0.125 0.0248267898383
0.124637681159 0.0248267898383
0.124277456647 0.0248267898383
0.123919308357 0.0248267898383
0.123563218391 0.0248267898383
0.123209169054 0.0248267898383
0.125714285714 0.0254041570439
0.125356125356 0.0254041570439
0.125 0.0254041570439
0.124645892351 0.0254041570439
0.124293785311 0.0254041570439
0.123943661972 0.0254041570439
0.123595505618 0.0254041570439
0.12324929972 0.0254041570439
0.122905027933 0.0254041570439
0.122562674095 0.0254041570439
0.122222222222 0.0254041570439
0.12188365651 0.0254041570439
0.121546961326 0.0254041570439
0.121212121212 0.0254041570439
0.120879120879 0.0254041570439
0.120547945205 0.0254041570439
0.120218579235 0.0254041570439
0.119891008174 0.0254041570439
0.122282608696 0.0259815242494
0.121951219512 0.0259815242494
0.121621621622 0.0259815242494
0.121293800539 0.0259815242494
0.120967741935 0.0259815242494
0.120643431635 0.0259815242494
0.120320855615 0.0259815242494
0.12 0.0259815242494
0.119680851064 0.0259815242494
0.119363395225 0.0259815242494
0.119047619048 0.0259815242494
0.118733509235 0.0259815242494
0.118421052632 0.0259815242494
0.11811023622 0.0259815242494
0.11780104712 0.0259815242494
0.117493472585 0.0259815242494
0.1171875 0.0259815242494
0.116883116883 0.0259815242494
0.116580310881 0.0259815242494
0.116279069767 0.0259815242494
0.115979381443 0.0259815242494
0.115681233933 0.0259815242494
0.115384615385 0.0259815242494
0.115089514066 0.0259815242494
0.114795918367 0.0259815242494
0.114503816794 0.0259815242494
0.11421319797 0.0259815242494
0.113924050633 0.0259815242494
0.113636363636 0.0259815242494
0.113350125945 0.0259815242494
0.113065326633 0.0259815242494
0.112781954887 0.0259815242494
0.1125 0.0259815242494
0.112219451372 0.0259815242494
0.111940298507 0.0259815242494
0.111662531017 0.0259815242494
0.111386138614 0.0259815242494
0.113580246914 0.026558891455
0.113300492611 0.026558891455
0.113022113022 0.026558891455
0.112745098039 0.026558891455
0.112469437653 0.026558891455
0.112195121951 0.026558891455
0.111922141119 0.026558891455
0.111650485437 0.026558891455
0.113801452785 0.0271362586605
0.113526570048 0.0271362586605
0.113253012048 0.0271362586605
0.112980769231 0.0271362586605
0.112709832134 0.0271362586605
0.112440191388 0.0271362586605
0.112171837709 0.0271362586605
0.111904761905 0.0271362586605
0.111638954869 0.0271362586605
0.111374407583 0.0271362586605
0.111111111111 0.0271362586605
0.110849056604 0.0271362586605
0.110588235294 0.0271362586605
0.110328638498 0.0271362586605
0.110070257611 0.0271362586605
0.109813084112 0.0271362586605
0.109557109557 0.0271362586605
0.109302325581 0.0271362586605
0.109048723898 0.0271362586605
0.108796296296 0.0271362586605
0.108545034642 0.0271362586605
0.108294930876 0.0271362586605
0.108045977011 0.0271362586605
0.107798165138 0.0271362586605
0.107551487414 0.0271362586605
0.107305936073 0.0271362586605
0.107061503417 0.0271362586605
0.106818181818 0.0271362586605
0.108843537415 0.0277136258661
0.108597285068 0.0277136258661
0.10835214447 0.0277136258661
0.108108108108 0.0277136258661
0.107865168539 0.0277136258661
0.107623318386 0.0277136258661
0.107382550336 0.0277136258661
0.107142857143 0.0277136258661
0.106904231626 0.0277136258661
0.106666666667 0.0277136258661
0.106430155211 0.0277136258661
0.106194690265 0.0277136258661
0.105960264901 0.0277136258661
0.105726872247 0.0277136258661
0.105494505495 0.0277136258661
0.105263157895 0.0277136258661
0.105032822757 0.0277136258661
0.10480349345 0.0277136258661
0.104575163399 0.0277136258661
0.104347826087 0.0277136258661
0.104121475054 0.0277136258661
0.106060606061 0.0282909930716
0.105831533477 0.0282909930716
0.105603448276 0.0282909930716
0.105376344086 0.0282909930716
0.105150214592 0.0282909930716
0.104925053533 0.0282909930716
0.104700854701 0.0282909930716
0.10447761194 0.0282909930716
0.104255319149 0.0282909930716
0.104033970276 0.0282909930716
0.103813559322 0.0282909930716
0.103594080338 0.0282909930716
0.103375527426 0.0282909930716
0.103157894737 0.0282909930716
0.102941176471 0.0282909930716
0.102725366876 0.0282909930716
0.102510460251 0.0282909930716
0.102296450939 0.0282909930716
0.102083333333 0.0282909930716
0.101871101871 0.0282909930716
0.101659751037 0.0282909930716
0.101449275362 0.0282909930716
0.101239669421 0.0282909930716
0.101030927835 0.0282909930716
0.100823045267 0.0282909930716
0.100616016427 0.0282909930716
0.100409836066 0.0282909930716
0.100204498978 0.0282909930716
0.102040816327 0.0288683602771
0.10183299389 0.0288683602771
0.10162601626 0.0288683602771
0.101419878296 0.0288683602771
0.101214574899 0.0288683602771
0.10101010101 0.0288683602771
0.100806451613 0.0288683602771
0.10060362173 0.0288683602771
0.100401606426 0.0288683602771
0.100200400802 0.0288683602771
0.1 0.0288683602771
0.0998003992016 0.0288683602771
0.101593625498 0.0294457274827
0.101391650099 0.0294457274827
0.10119047619 0.0294457274827
0.10099009901 0.0294457274827
0.100790513834 0.0294457274827
0.100591715976 0.0294457274827
0.100393700787 0.0294457274827
0.100196463654 0.0294457274827
0.1 0.0294457274827
0.0998043052838 0.0294457274827
0.099609375 0.0294457274827
0.0994152046784 0.0294457274827
0.0992217898833 0.0294457274827
0.0990291262136 0.0294457274827
0.0988372093023 0.0294457274827
0.0986460348162 0.0294457274827
0.0984555984556 0.0294457274827
0.0982658959538 0.0294457274827
0.0980769230769 0.0294457274827
0.0978886756238 0.0294457274827
0.0977011494253 0.0294457274827
0.0975143403442 0.0294457274827
0.0973282442748 0.0294457274827
0.0971428571429 0.0294457274827
0.0969581749049 0.0294457274827
0.0967741935484 0.0294457274827
0.0965909090909 0.0294457274827
0.0964083175803 0.0294457274827
0.0962264150943 0.0294457274827
0.0960451977401 0.0294457274827
0.0958646616541 0.0294457274827
0.0956848030019 0.0294457274827
0.0955056179775 0.0294457274827
0.0953271028037 0.0294457274827
0.0951492537313 0.0294457274827
0.0949720670391 0.0294457274827
0.0947955390335 0.0294457274827
0.0964749536178 0.0300230946882
0.0962962962963 0.0300230946882
0.0961182994455 0.0300230946882
0.0959409594096 0.0300230946882
0.0957642725599 0.0300230946882
0.0955882352941 0.0300230946882
0.0954128440367 0.0300230946882
0.0952380952381 0.0300230946882
0.0950639853748 0.0300230946882
0.0948905109489 0.0300230946882
0.0947176684882 0.0300230946882
0.0963636363636 0.0306004618938
0.0961887477314 0.0306004618938
0.0978260869565 0.0311778290993
0.0976491862568 0.0311778290993
0.0974729241877 0.0311778290993
0.0972972972973 0.0311778290993
0.0971223021583 0.0311778290993
0.096947935368 0.0311778290993
0.0967741935484 0.0311778290993
0.0966010733453 0.0311778290993
0.0964285714286 0.0311778290993
0.096256684492 0.0311778290993
0.0960854092527 0.0311778290993
0.0959147424512 0.0311778290993
0.0957446808511 0.0311778290993
0.0955752212389 0.0311778290993
0.095406360424 0.0311778290993
0.0952380952381 0.0311778290993
0.0950704225352 0.0311778290993
0.0949033391916 0.0311778290993
0.0947368421053 0.0311778290993
0.0945709281961 0.0311778290993
0.0944055944056 0.0311778290993
0.0942408376963 0.0311778290993
0.0940766550523 0.0311778290993
0.0939130434783 0.0311778290993
0.09375 0.0311778290993
0.0935875216638 0.0311778290993
0.0951557093426 0.0317551963048
0.0949913644214 0.0317551963048
0.0948275862069 0.0317551963048
0.0946643717728 0.0317551963048
0.0945017182131 0.0317551963048
0.0943396226415 0.0317551963048
0.0941780821918 0.0317551963048
0.0940170940171 0.0317551963048
0.0938566552901 0.0317551963048
0.0954003407155 0.0323325635104
0.0952380952381 0.0323325635104
0.0950764006791 0.0323325635104
0.0949152542373 0.0323325635104
0.0947546531303 0.0323325635104
0.0945945945946 0.0323325635104
0.0944350758853 0.0323325635104
0.0942760942761 0.0323325635104
0.0941176470588 0.0323325635104
0.0939597315436 0.0323325635104
0.0938023450586 0.0323325635104
0.0936454849498 0.0323325635104
0.0951585976628 0.0329099307159
0.095 0.0329099307159
0.0965058236273 0.0334872979215
0.0963455149502 0.0334872979215
0.0961857379768 0.0334872979215
0.0960264900662 0.0334872979215
0.095867768595 0.0334872979215
0.0973597359736 0.034064665127
0.0971993410214 0.034064665127
0.0970394736842 0.034064665127
0.0968801313629 0.034064665127
0.0967213114754 0.034064665127
0.0965630114566 0.034064665127
0.0964052287582 0.034064665127
0.0962479608483 0.034064665127
0.0977198697068 0.0346420323326
0.0975609756098 0.0346420323326
0.0974025974026 0.0346420323326
0.0988654781199 0.0352193995381
0.0987055016181 0.0352193995381
0.0985460420032 0.0352193995381
0.0983870967742 0.0352193995381
0.0982286634461 0.0352193995381
0.0980707395498 0.0352193995381
0.0979133226324 0.0352193995381
0.0977564102564 0.0352193995381
0.0976 0.0352193995381
0.0974440894569 0.0352193995381
0.097288676236 0.0352193995381
0.0971337579618 0.0352193995381
0.0985691573927 0.0357967667436
0.0984126984127 0.0357967667436
0.0982567353407 0.0357967667436
0.0981012658228 0.0357967667436
0.0979462875197 0.0357967667436
0.0977917981073 0.0357967667436
0.0976377952756 0.0357967667436
0.0974842767296 0.0357967667436
0.0989010989011 0.0363741339492
0.0987460815047 0.0363741339492
0.0985915492958 0.0363741339492
0.0984375 0.0363741339492
0.0982839313573 0.0363741339492
0.0981308411215 0.0363741339492
0.0979782270607 0.0363741339492
0.0978260869565 0.0363741339492
0.0976744186047 0.0363741339492
0.0975232198142 0.0363741339492
0.097372488408 0.0363741339492
0.0972222222222 0.0363741339492
0.0970724191063 0.0363741339492
0.0969230769231 0.0363741339492
0.0967741935484 0.0363741339492
0.0966257668712 0.0363741339492
0.0980091883614 0.0369515011547
0.0978593272171 0.0369515011547
0.0977099236641 0.0369515011547
0.0975609756098 0.0369515011547
0.0974124809741 0.0369515011547
0.09726443769 0.0369515011547
0.0971168437026 0.0369515011547
0.0969696969697 0.0369515011547
0.0968229954614 0.0369515011547
0.0966767371601 0.0369515011547
0.0965309200603 0.0369515011547
0.0963855421687 0.0369515011547
0.0962406015038 0.0369515011547
0.0960960960961 0.0369515011547
0.095952023988 0.0369515011547
0.0958083832335 0.0369515011547
0.0971599402093 0.0375288683603
0.0970149253731 0.0375288683603
0.096870342772 0.0375288683603
0.0967261904762 0.0375288683603
0.0965824665676 0.0375288683603
0.0964391691395 0.0375288683603
0.0977777777778 0.0381062355658
0.0976331360947 0.0381062355658
0.0974889217134 0.0381062355658
0.0973451327434 0.0381062355658
0.0972017673049 0.0381062355658
0.0970588235294 0.0381062355658
0.0969162995595 0.0381062355658
0.0967741935484 0.0381062355658
0.0966325036603 0.0381062355658
0.0964912280702 0.0381062355658
0.0963503649635 0.0381062355658
0.0962099125364 0.0381062355658
0.0960698689956 0.0381062355658
0.0959302325581 0.0381062355658
0.0957910014514 0.0381062355658
0.095652173913 0.0381062355658
0.095513748191 0.0381062355658
0.0953757225434 0.0381062355658
0.0952380952381 0.0381062355658
0.0951008645533 0.0381062355658
0.094964028777 0.0381062355658
0.0948275862069 0.0381062355658
0.0946915351506 0.0381062355658
0.0945558739255 0.0381062355658
0.0944206008584 0.0381062355658
0.0942857142857 0.0381062355658
0.0941512125535 0.0381062355658
0.0940170940171 0.0381062355658
0.0938833570413 0.0381062355658
0.09375 0.0381062355658
0.0936170212766 0.0381062355658
0.0934844192635 0.0381062355658
0.0933521923621 0.0381062355658
0.0932203389831 0.0381062355658
0.0930888575458 0.0381062355658
0.0929577464789 0.0381062355658
0.0928270042194 0.0381062355658
0.0926966292135 0.0381062355658
0.0925666199158 0.0381062355658
0.0924369747899 0.0381062355658
0.0923076923077 0.0381062355658
0.0935754189944 0.0386836027714
0.094839609484 0.0392609699769
0.0947075208914 0.0392609699769
0.0945757997218 0.0392609699769
0.0944444444444 0.0392609699769
0.0943134535368 0.0392609699769
0.0941828254848 0.0392609699769
0.0940525587828 0.0392609699769
0.0939226519337 0.0392609699769
0.0937931034483 0.0392609699769
0.0936639118457 0.0392609699769
0.0935350756534 0.0392609699769
0.0934065934066 0.0392609699769
0.0932784636488 0.0392609699769
0.0931506849315 0.0392609699769
0.093023255814 0.0392609699769
0.0928961748634 0.0392609699769
0.0927694406548 0.0392609699769
0.0926430517711 0.0392609699769
0.0925170068027 0.0392609699769
0.09375 0.0398383371824
0.0936227951153 0.0398383371824
0.0934959349593 0.0398383371824
0.0933694181326 0.0398383371824
0.0932432432432 0.0398383371824
0.0931174089069 0.0398383371824
0.0929919137466 0.0398383371824
0.092866756393 0.0398383371824
0.0927419354839 0.0398383371824
0.0926174496644 0.0398383371824
0.0924932975871 0.0398383371824
0.0937081659973 0.040415704388
0.0935828877005 0.040415704388
0.0934579439252 0.040415704388
0.0933333333333 0.040415704388
0.0932090545939 0.040415704388
0.093085106383 0.040415704388
0.0929614873838 0.040415704388
0.0928381962865 0.040415704388
0.0927152317881 0.040415704388
0.0925925925926 0.040415704388
0.0937912813738 0.0409930715935
0.0936675461741 0.0409930715935
0.0935441370224 0.0409930715935
0.0947368421053 0.0415704387991
0.0946123521682 0.0415704387991
0.0944881889764 0.0415704387991
0.0943643512451 0.0415704387991
0.0942408376963 0.0415704387991
0.0941176470588 0.0415704387991
0.0953002610966 0.0421478060046
0.0951760104302 0.0421478060046
0.0950520833333 0.0421478060046
0.0949284785436 0.0421478060046
0.0948051948052 0.0421478060046
0.094682230869 0.0421478060046
0.0945595854922 0.0421478060046
0.0957309184994 0.0427251732102
0.0956072351421 0.0427251732102
0.0954838709677 0.0427251732102
0.0953608247423 0.0427251732102
0.0952380952381 0.0427251732102
0.0951156812339 0.0427251732102
0.0949935815148 0.0427251732102
0.0948717948718 0.0427251732102
0.0947503201024 0.0427251732102
0.0946291560102 0.0427251732102
0.0945083014049 0.0427251732102
0.094387755102 0.0427251732102
0.0942675159236 0.0427251732102
0.0941475826972 0.0427251732102
0.0940279542567 0.0427251732102
0.0939086294416 0.0427251732102
0.0950570342205 0.0433025404157
0.0949367088608 0.0433025404157
0.094816687737 0.0433025404157
0.094696969697 0.0433025404157
0.0945775535939 0.0433025404157
0.0944584382872 0.0433025404157
0.0943396226415 0.0433025404157
0.0954773869347 0.0438799076212
0.0953575909661 0.0438799076212
0.0964912280702 0.0444572748268
0.0976220275344 0.0450346420323
0.0975 0.0450346420323
0.0973782771536 0.0450346420323
0.0972568578554 0.0450346420323
0.0971357409714 0.0450346420323
0.0970149253731 0.0450346420323
0.0968944099379 0.0450346420323
0.0967741935484 0.0450346420323
0.0966542750929 0.0450346420323
0.0965346534653 0.0450346420323
0.0964153275649 0.0450346420323
0.0962962962963 0.0450346420323
0.0961775585697 0.0450346420323
0.0960591133005 0.0450346420323
0.0959409594096 0.0450346420323
0.0958230958231 0.0450346420323
0.0957055214724 0.0450346420323
0.0955882352941 0.0450346420323
0.0954712362301 0.0450346420323
0.0965770171149 0.0456120092379
0.0964590964591 0.0456120092379
0.0963414634146 0.0456120092379
0.0962241169306 0.0456120092379
0.0961070559611 0.0456120092379
0.0959902794654 0.0456120092379
0.0958737864078 0.0456120092379
0.0957575757576 0.0456120092379
0.0956416464891 0.0456120092379
0.0955259975816 0.0456120092379
0.0954106280193 0.0456120092379
0.0952955367913 0.0456120092379
0.0951807228916 0.0456120092379
0.0950661853189 0.0456120092379
0.0949519230769 0.0456120092379
0.0948379351741 0.0456120092379
0.0947242206235 0.0456120092379
0.0946107784431 0.0456120092379
0.0944976076555 0.0456120092379
0.0955794504182 0.0461893764434
0.0954653937947 0.0461893764434
0.0953516090584 0.0461893764434
0.0952380952381 0.0461893764434
0.0963139120095 0.046766743649
0.0961995249406 0.046766743649
0.0960854092527 0.046766743649
0.095971563981 0.046766743649
0.0970414201183 0.0473441108545
0.096926713948 0.0473441108545
0.0968122786305 0.0473441108545
0.0966981132075 0.0473441108545
0.0965842167256 0.0473441108545
0.0964705882353 0.0473441108545
0.096357226792 0.0473441108545
0.0962441314554 0.0473441108545
0.0973036342321 0.04792147806
0.0971896955504 0.04792147806
0.0970760233918 0.04792147806
0.0969626168224 0.04792147806
0.0968494749125 0.04792147806
0.0967365967366 0.04792147806
0.0966239813737 0.04792147806
0.096511627907 0.04792147806
0.0963995354239 0.04792147806
0.0962877030162 0.04792147806
0.0961761297798 0.04792147806
0.0960648148148 0.04792147806
0.0959537572254 0.04792147806
0.0958429561201 0.04792147806
0.0957324106113 0.04792147806
0.0956221198157 0.04792147806
0.0955120828539 0.04792147806
0.0954022988506 0.04792147806
0.0952927669346 0.04792147806
0.0951834862385 0.04792147806
0.0950744558992 0.04792147806
0.0949656750572 0.04792147806
0.0948571428571 0.04792147806
0.0958904109589 0.0484988452656
0.0957810718358 0.0484988452656
0.0956719817768 0.0484988452656
0.0955631399317 0.0484988452656
0.0954545454545 0.0484988452656
0.0953461975028 0.0484988452656
0.0952380952381 0.0484988452656
0.0951302378256 0.0484988452656
0.0950226244344 0.0484988452656
0.0949152542373 0.0484988452656
0.0948081264108 0.0484988452656
0.0958286358512 0.0490762124711
0.0957207207207 0.0490762124711
0.095613048369 0.0490762124711
0.0955056179775 0.0490762124711
0.0953984287318 0.0490762124711
0.0952914798206 0.0490762124711
0.0951847704367 0.0490762124711
0.0950782997763 0.0490762124711
0.0960893854749 0.0496535796767
0.0959821428571 0.0496535796767
0.0958751393534 0.0496535796767
0.0957683741648 0.0496535796767
0.0956618464961 0.0496535796767
0.0966666666667 0.0502309468822
0.0965593784684 0.0502309468822
0.0964523281596 0.0502309468822
0.0963455149502 0.0502309468822
0.0973451327434 0.0508083140878
0.0972375690608 0.0508083140878
0.0971302428256 0.0508083140878
0.0970231532525 0.0508083140878
0.0969162995595 0.0508083140878
0.0968096809681 0.0508083140878
0.0967032967033 0.0508083140878
0.0965971459934 0.0508083140878
0.0964912280702 0.0508083140878
0.0963855421687 0.0508083140878
0.0962800875274 0.0508083140878
0.096174863388 0.0508083140878
0.0960698689956 0.0508083140878
0.0959651035987 0.0508083140878
0.0958605664488 0.0508083140878
0.0957562568009 0.0508083140878
0.095652173913 0.0508083140878
0.0955483170467 0.0508083140878
0.0954446854664 0.0508083140878
0.0953412784399 0.0508083140878
0.0952380952381 0.0508083140878
0.0951351351351 0.0508083140878
0.0950323974082 0.0508083140878
0.0949298813376 0.0508083140878
0.0948275862069 0.0508083140878
0.0947255113025 0.0508083140878
0.094623655914 0.0508083140878
0.094522019334 0.0508083140878
0.0944206008584 0.0508083140878
0.0943193997856 0.0508083140878
0.0942184154176 0.0508083140878
0.0941176470588 0.0508083140878
0.0940170940171 0.0508083140878
0.093916755603 0.0508083140878
0.0938166311301 0.0508083140878
0.0937167199148 0.0508083140878
0.0936170212766 0.0508083140878
0.0935175345377 0.0508083140878
0.0944798301486 0.0513856812933
0.0943796394486 0.0513856812933
0.0942796610169 0.0513856812933
0.0941798941799 0.0513856812933
0.0951374207188 0.0519630484988
0.0960929250264 0.0525404157044
0.0959915611814 0.0525404157044
0.0958904109589 0.0525404157044
0.0957894736842 0.0525404157044
0.0956887486856 0.0525404157044
0.0955882352941 0.0525404157044
0.0954879328437 0.0525404157044
0.0953878406709 0.0525404157044
0.0952879581152 0.0525404157044
0.0951882845188 0.0525404157044
0.0950888192268 0.0525404157044
0.0949895615866 0.0525404157044
0.0948905109489 0.0525404157044
0.0947916666667 0.0525404157044
0.0946930280957 0.0525404157044
0.0945945945946 0.0525404157044
0.0944963655244 0.0525404157044
0.094398340249 0.0525404157044
0.0943005181347 0.0525404157044
0.0942028985507 0.0525404157044
0.0941054808687 0.0525404157044
0.0940082644628 0.0525404157044
0.09391124871 0.0525404157044
0.0938144329897 0.0525404157044
0.0937178166838 0.0525404157044
0.093621399177 0.0525404157044
0.0935251798561 0.0525404157044
0.0934291581109 0.0525404157044
0.0933333333333 0.0525404157044
0.093237704918 0.0525404157044
0.093142272262 0.0525404157044
0.0930470347648 0.0525404157044
0.093973442288 0.0531177829099
0.0948979591837 0.0536951501155
0.0958205912334 0.054272517321
0.0957230142566 0.054272517321
0.0956256358087 0.054272517321
0.0955284552846 0.054272517321
0.0954314720812 0.054272517321
0.0953346855984 0.054272517321
0.0952380952381 0.054272517321
0.0951417004049 0.054272517321
0.0950455005056 0.054272517321
0.0949494949495 0.054272517321
0.0948536831483 0.054272517321
0.0947580645161 0.054272517321
0.0946626384693 0.054272517321
0.0945674044266 0.054272517321
0.094472361809 0.054272517321
0.0943775100402 0.054272517321
0.0942828485456 0.054272517321
0.0941883767535 0.054272517321
0.0940940940941 0.054272517321
0.094 0.054272517321
0.0939060939061 0.054272517321
0.0938123752495 0.054272517321
0.0937188434696 0.054272517321
0.093625498008 0.054272517321
0.0935323383085 0.054272517321
0.0934393638171 0.054272517321
0.0933465739821 0.054272517321
0.093253968254 0.054272517321
0.0931615460852 0.054272517321
0.0930693069307 0.054272517321
0.0929772502473 0.054272517321
0.0928853754941 0.054272517321
0.0927936821323 0.054272517321
0.0927021696252 0.054272517321
0.0935960591133 0.0548498845266
0.0935039370079 0.0548498845266
0.0934119960669 0.0548498845266
0.0943025540275 0.0554272517321
0.0942100098135 0.0554272517321
0.0950980392157 0.0560046189376
0.0950048971596 0.0560046189376
0.0949119373777 0.0560046189376
0.0948191593353 0.0560046189376
0.0947265625 0.0560046189376
0.0946341463415 0.0560046189376
0.0945419103314 0.0560046189376
0.0944498539435 0.0560046189376
0.0943579766537 0.0560046189376
0.0942662779397 0.0560046189376
0.0941747572816 0.0560046189376
0.094083414161 0.0560046189376
0.093992248062 0.0560046189376
0.0939012584705 0.0560046189376
0.0938104448743 0.0560046189376
0.0937198067633 0.0560046189376
0.0936293436293 0.0560046189376
0.0935390549662 0.0560046189376
0.0934489402697 0.0560046189376
0.0943214629451 0.0565819861432
0.0942307692308 0.0565819861432
0.0941402497598 0.0565819861432
0.0940499040307 0.0565819861432
0.0939597315436 0.0565819861432
0.0938697318008 0.0565819861432
0.0937799043062 0.0565819861432
0.093690248566 0.0565819861432
0.0945558739255 0.0571593533487
0.0954198473282 0.0577367205543
0.095328884652 0.0577367205543
0.0952380952381 0.0577367205543
0.0951474785918 0.0577367205543
0.0960076045627 0.0583140877598
0.0959164292498 0.0583140877598
0.095825426945 0.0583140877598
0.0957345971564 0.0583140877598
0.0956439393939 0.0583140877598
0.0955534531693 0.0583140877598
0.0954631379962 0.0583140877598
0.09537299339 0.0583140877598
0.0952830188679 0.0583140877598
0.0951932139491 0.0583140877598
0.0951035781544 0.0583140877598
0.0950141110066 0.0583140877598
0.0949248120301 0.0583140877598
0.0948356807512 0.0583140877598
0.0947467166979 0.0583140877598
0.0946579194002 0.0583140877598
0.0945692883895 0.0583140877598
0.0944808231993 0.0583140877598
0.0943925233645 0.0583140877598
0.094304388422 0.0583140877598
0.0942164179104 0.0583140877598
0.09412861137 0.0583140877598
0.0940409683426 0.0583140877598
0.0939534883721 0.0583140877598
0.0947955390335 0.0588914549654
0.0947075208914 0.0588914549654
0.0946196660482 0.0588914549654
0.09453197405 0.0588914549654
0.0944444444444 0.0588914549654
0.0943570767808 0.0588914549654
0.09426987061 0.0588914549654
0.0941828254848 0.0588914549654
0.0940959409594 0.0588914549654
0.0940092165899 0.0588914549654
0.0939226519337 0.0588914549654
0.0947562097516 0.0594688221709
0.0946691176471 0.0594688221709
0.0955004591368 0.0600461893764
0.0954128440367 0.0600461893764
0.096241979835 0.060623556582
0.0961538461538 0.060623556582
0.096065873742 0.060623556582
0.0959780621572 0.060623556582
0.0958904109589 0.060623556582
0.095802919708 0.060623556582
0.0957155879672 0.060623556582
0.0956284153005 0.060623556582
0.0955414012739 0.060623556582
0.0954545454545 0.060623556582
0.0953678474114 0.060623556582
0.0952813067151 0.060623556582
0.0951949229374 0.060623556582
0.0951086956522 0.060623556582
0.0950226244344 0.060623556582
0.0949367088608 0.060623556582
0.0948509485095 0.060623556582
0.0947653429603 0.060623556582
0.0946798917944 0.060623556582
0.0945945945946 0.060623556582
0.0954095409541 0.0612009237875
0.0953237410072 0.0612009237875
0.0952380952381 0.0612009237875
0.0951526032316 0.0612009237875
0.095067264574 0.0612009237875
0.094982078853 0.0612009237875
0.094897045658 0.0612009237875
0.0948121645796 0.0612009237875
0.09472743521 0.0612009237875
0.0946428571429 0.0612009237875
0.0945584299732 0.0612009237875
0.0944741532977 0.0612009237875
0.0943900267142 0.0612009237875
0.0943060498221 0.0612009237875
0.0942222222222 0.0612009237875
0.0941385435169 0.0612009237875
0.0940550133097 0.0612009237875
0.0939716312057 0.0612009237875
0.0938883968113 0.0612009237875
0.0938053097345 0.0612009237875
0.0937223695844 0.0612009237875
0.0936395759717 0.0612009237875
0.0935569285084 0.0612009237875
0.0934744268078 0.0612009237875
0.0933920704846 0.0612009237875
0.0933098591549 0.0612009237875
0.0932277924362 0.0612009237875
0.0931458699473 0.0612009237875
0.0930640913082 0.0612009237875
0.0929824561404 0.0612009237875
0.0929009640666 0.0612009237875
0.092819614711 0.0612009237875
0.092738407699 0.0612009237875
0.0926573426573 0.0612009237875
0.092576419214 0.0612009237875
0.0924956369983 0.0612009237875
0.0924149956408 0.0612009237875
0.0923344947735 0.0612009237875
0.0922541340296 0.0612009237875
0.0921739130435 0.0612009237875
0.0920938314509 0.0612009237875
0.0920138888889 0.0612009237875
0.0928013876843 0.0617782909931
0.0927209705373 0.0617782909931
0.0926406926407 0.0617782909931
0.0925605536332 0.0617782909931
0.0924805531547 0.0617782909931
0.0924006908463 0.0617782909931
0.0923209663503 0.0617782909931
0.0922413793103 0.0617782909931
0.0921619293712 0.0617782909931
0.092082616179 0.0617782909931
0.0920034393809 0.0617782909931
0.0919243986254 0.0617782909931
0.0918454935622 0.0617782909931
0.0917667238422 0.0617782909931
0.0916880891174 0.0617782909931
0.0916095890411 0.0617782909931
0.0923866552609 0.0623556581986
0.0923076923077 0.0623556581986
0.0922288642186 0.0623556581986
0.0921501706485 0.0623556581986
0.0920716112532 0.0623556581986
0.0919931856899 0.0623556581986
0.091914893617 0.0623556581986
0.0926870748299 0.0629330254042
0.0926083262532 0.0629330254042
0.0925297113752 0.0629330254042
0.0924512298558 0.0629330254042
0.0923728813559 0.0629330254042
0.0922946655377 0.0629330254042
0.0922165820643 0.0629330254042
0.0921386306002 0.0629330254042
0.0920608108108 0.0629330254042
0.0919831223629 0.0629330254042
0.0919055649241 0.0629330254042
0.0918281381634 0.0629330254042
0.0917508417508 0.0629330254042
0.0916736753574 0.0629330254042
0.0915966386555 0.0629330254042
0.0915197313182 0.0629330254042
0.0914429530201 0.0629330254042
0.0913663034367 0.0629330254042
0.0912897822446 0.0629330254042
0.0912133891213 0.0629330254042
0.0911371237458 0.0629330254042
0.0910609857978 0.0629330254042
0.0909849749583 0.0629330254042
0.0909090909091 0.0629330254042
0.0908333333333 0.0629330254042
0.0907577019151 0.0629330254042
0.0906821963394 0.0629330254042
0.0906068162926 0.0629330254042
0.0905315614618 0.0629330254042
0.0904564315353 0.0629330254042
0.0903814262023 0.0629330254042
0.0903065451533 0.0629330254042
0.0902317880795 0.0629330254042
0.0901571546733 0.0629330254042
0.0900826446281 0.0629330254042
0.0900082576383 0.0629330254042
0.0899339933993 0.0629330254042
0.0898598516076 0.0629330254042
0.0897858319605 0.0629330254042
0.0897119341564 0.0629330254042
0.0896381578947 0.0629330254042
0.0903861955629 0.0635103926097
0.0903119868637 0.0635103926097
0.090237899918 0.0635103926097
0.0901639344262 0.0635103926097
0.0900900900901 0.0635103926097
0.0908346972177 0.0640877598152
0.090760425184 0.0640877598152
0.0906862745098 0.0640877598152
0.090612244898 0.0640877598152
0.0905383360522 0.0640877598152
0.0904645476773 0.0640877598152
0.0903908794788 0.0640877598152
0.0903173311635 0.0640877598152
0.0910569105691 0.0646651270208
0.0909829406986 0.0646651270208
0.0909090909091 0.0646651270208
0.0908353609084 0.0646651270208
0.0907617504052 0.0646651270208
0.0906882591093 0.0646651270208
0.0906148867314 0.0646651270208
0.090541632983 0.0646651270208
0.0904684975767 0.0646651270208
0.090395480226 0.0646651270208
0.0903225806452 0.0646651270208
0.0902497985496 0.0646651270208
0.0901771336554 0.0646651270208
0.0901045856798 0.0646651270208
0.0900321543408 0.0646651270208
0.0899598393574 0.0646651270208
0.0898876404494 0.0646651270208
0.0898155573376 0.0646651270208
0.0897435897436 0.0646651270208
0.0896717373899 0.0646651270208
0.0896 0.0646651270208
0.0895283772982 0.0646651270208
0.0902555910543 0.0652424942263
0.0901835594573 0.0652424942263
0.0901116427432 0.0652424942263
0.0900398406375 0.0652424942263
0.0899681528662 0.0652424942263
0.0898965791567 0.0652424942263
0.0898251192369 0.0652424942263
0.0897537728356 0.0652424942263
0.0896825396825 0.0652424942263
0.0896114195083 0.0652424942263
0.0895404120444 0.0652424942263
0.089469517023 0.0652424942263
0.0893987341772 0.0652424942263
0.0893280632411 0.0652424942263
0.0900473933649 0.0658198614319
0.0899763220205 0.0658198614319
0.089905362776 0.0658198614319
0.0898345153664 0.0658198614319
0.0905511811024 0.0663972286374
0.0904799370574 0.0663972286374
0.0904088050314 0.0663972286374
0.0903377847604 0.0663972286374
0.0902668759812 0.0663972286374
0.0901960784314 0.0663972286374
0.0901253918495 0.0663972286374
0.0908379013312 0.066974595843
0.0907668231612 0.066974595843
0.0906958561376 0.066974595843
0.090625 0.066974595843
0.0905542544887 0.066974595843
0.091263650546 0.0675519630485
0.091192517537 0.0675519630485
0.0911214953271 0.0675519630485
0.0910505836576 0.0675519630485
0.0909797822706 0.0675519630485
0.0909090909091 0.0675519630485
0.0908385093168 0.0675519630485
0.0907680372382 0.0675519630485
0.0906976744186 0.0675519630485
0.0906274206042 0.0675519630485
0.0905572755418 0.0675519630485
0.0904872389791 0.0675519630485
0.0904173106646 0.0675519630485
0.0903474903475 0.0675519630485
0.0902777777778 0.0675519630485
0.0902081727062 0.0675519630485
0.0901386748844 0.0675519630485
0.0900692840647 0.0675519630485
0.09 0.0675519630485
0.0899308224443 0.0675519630485
0.0898617511521 0.0675519630485
0.0897927858787 0.0675519630485
0.0897239263804 0.0675519630485
0.0896551724138 0.0675519630485
0.0895865237366 0.0675519630485
0.0895179801071 0.0675519630485
0.0894495412844 0.0675519630485
0.0893812070283 0.0675519630485
0.0893129770992 0.0675519630485
0.0892448512586 0.0675519630485
0.0891768292683 0.0675519630485
0.0891089108911 0.0675519630485
0.0890410958904 0.0675519630485
0.0889733840304 0.0675519630485
0.088905775076 0.0675519630485
0.0888382687927 0.0675519630485
0.0895295902883 0.068129330254
0.0894617134193 0.068129330254
0.0893939393939 0.068129330254
0.0893262679788 0.068129330254
0.089258698941 0.068129330254
0.0891912320484 0.068129330254
0.0891238670695 0.068129330254
0.0890566037736 0.068129330254
0.0889894419306 0.068129330254
0.0889223813112 0.068129330254
0.0888554216867 0.068129330254
0.0887885628292 0.068129330254
0.0887218045113 0.068129330254
0.0886551465064 0.068129330254
0.0885885885886 0.068129330254
0.0885221305326 0.068129330254
0.0884557721139 0.068129330254
0.0883895131086 0.068129330254
0.0883233532934 0.068129330254
0.0882572924458 0.068129330254
0.0881913303438 0.068129330254
0.0881254667662 0.068129330254
0.0880597014925 0.068129330254
0.0879940343028 0.068129330254
0.0879284649776 0.068129330254
0.0878629932986 0.068129330254
0.0877976190476 0.068129330254
0.0877323420074 0.068129330254
0.0876671619614 0.068129330254
0.0876020786934 0.068129330254
0.0875370919881 0.068129330254
0.0874722016308 0.068129330254
0.0874074074074 0.068129330254
0.0873427091044 0.068129330254
0.0872781065089 0.068129330254
0.0872135994087 0.068129330254
0.0871491875923 0.068129330254
0.0878228782288 0.0687066974596
0.0877581120944 0.0687066974596
0.0876934414149 0.0687066974596
0.0876288659794 0.0687066974596
0.0875643855776 0.0687066974596
0.0875 0.0687066974596
0.0874357090375 0.0687066974596
0.0873715124816 0.0687066974596
0.0873074101247 0.0687066974596
0.0872434017595 0.0687066974596
0.0871794871795 0.0687066974596
0.0878477306003 0.0692840646651
0.087783467447 0.0692840646651
0.0877192982456 0.0692840646651
0.0876552227904 0.0692840646651
0.0875912408759 0.0692840646651
0.0875273522976 0.0692840646651
0.0874635568513 0.0692840646651
0.0873998543336 0.0692840646651
0.0873362445415 0.0692840646651
0.0872727272727 0.0692840646651
0.0872093023256 0.0692840646651
0.0871459694989 0.0692840646651
0.0870827285922 0.0692840646651
0.0870195794054 0.0692840646651
0.0869565217391 0.0692840646651
0.0868935553946 0.0692840646651
0.0868306801737 0.0692840646651
0.0867678958785 0.0692840646651
0.0867052023121 0.0692840646651
0.086642599278 0.0692840646651
0.0865800865801 0.0692840646651
0.0865176640231 0.0692840646651
0.0864553314121 0.0692840646651
0.0863930885529 0.0692840646651
0.0863309352518 0.0692840646651
0.0862688713156 0.0692840646651
0.0862068965517 0.0692840646651
0.0861450107681 0.0692840646651
0.0860832137733 0.0692840646651
0.0860215053763 0.0692840646651
0.0859598853868 0.0692840646651
0.0858983536149 0.0692840646651
0.0858369098712 0.0692840646651
0.0857755539671 0.0692840646651
0.0857142857143 0.0692840646651
0.0856531049251 0.0692840646651
0.0855920114123 0.0692840646651
0.0855310049893 0.0692840646651
0.0854700854701 0.0692840646651
0.085409252669 0.0692840646651
0.0853485064011 0.0692840646651
0.0852878464819 0.0692840646651
0.0852272727273 0.0692840646651
0.0851667849539 0.0692840646651
0.0858156028369 0.0698614318707
0.0857547838412 0.0698614318707
0.0856940509915 0.0698614318707
0.0856334041047 0.0698614318707
0.0855728429986 0.0698614318707
0.0855123674912 0.0698614318707
0.0854519774011 0.0698614318707
0.0853916725476 0.0698614318707
0.0853314527504 0.0698614318707
0.0852713178295 0.0698614318707
0.0852112676056 0.0698614318707
0.0851513019001 0.0698614318707
0.0850914205345 0.0698614318707
0.085031623331 0.0698614318707
0.0849719101124 0.0698614318707
0.0849122807018 0.0698614318707
0.0848527349229 0.0698614318707
0.0847932725999 0.0698614318707
0.0847338935574 0.0698614318707
0.0846745976207 0.0698614318707
0.0846153846154 0.0698614318707
0.0845562543676 0.0698614318707
0.0844972067039 0.0698614318707
0.0844382414515 0.0698614318707
0.0843793584379 0.0698614318707
0.0843205574913 0.0698614318707
0.0842618384401 0.0698614318707
0.0848990953375 0.0704387990762
0.0848400556328 0.0704387990762
0.0847810979847 0.0704387990762
0.0847222222222 0.0704387990762
0.0846634281749 0.0704387990762
0.0852981969487 0.0710161662818
0.0852390852391 0.0710161662818
0.0851800554017 0.0710161662818
0.0858131487889 0.0715935334873
0.0857538035961 0.0715935334873
0.0856945404285 0.0715935334873
0.085635359116 0.0715935334873
0.0855762594893 0.0715935334873
0.0855172413793 0.0715935334873
0.0854583046175 0.0715935334873
0.08608815427 0.0721709006928
0.0860289057123 0.0721709006928
0.085969738652 0.0721709006928
0.0865979381443 0.0727482678984
0.0865384615385 0.0727482678984
0.0864790665752 0.0727482678984
0.0864197530864 0.0727482678984
0.0863605209047 0.0727482678984
0.086301369863 0.0727482678984
0.0862422997947 0.0727482678984
0.0861833105335 0.0727482678984
0.0861244019139 0.0727482678984
0.0860655737705 0.0727482678984
0.0860068259386 0.0727482678984
0.0859481582538 0.0727482678984
0.0858895705521 0.0727482678984
0.0858310626703 0.0727482678984
0.0857726344452 0.0727482678984
0.0857142857143 0.0727482678984
0.0856560163154 0.0727482678984
0.085597826087 0.0727482678984
0.0855397148676 0.0727482678984
0.0854816824966 0.0727482678984
0.0861016949153 0.0733256351039
0.0860433604336 0.0733256351039
0.0859851049425 0.0733256351039
0.0859269282815 0.0733256351039
0.0858688302907 0.0733256351039
0.0858108108108 0.0733256351039
0.0857528696826 0.0733256351039
0.0856950067476 0.0733256351039
0.0856372218476 0.0733256351039
0.0855795148248 0.0733256351039
0.0855218855219 0.0733256351039
0.085464333782 0.0733256351039
0.0854068594486 0.0733256351039
0.0853494623656 0.0733256351039
0.0852921423774 0.0733256351039
0.0852348993289 0.0733256351039
0.0851777330651 0.0733256351039
0.0851206434316 0.0733256351039
0.0850636302746 0.0733256351039
0.0850066934404 0.0733256351039
0.0849498327759 0.0733256351039
0.0848930481283 0.0733256351039
0.0855043420174 0.0739030023095
0.0854472630174 0.0739030023095
0.0853902601734 0.0739030023095
0.0853333333333 0.0739030023095
0.0852764823451 0.0739030023095
0.0858854860186 0.074480369515
0.0858283433134 0.074480369515
0.0857712765957 0.074480369515
0.0857142857143 0.074480369515
0.0863213811421 0.0750577367206
0.0862641008626 0.0750577367206
0.0862068965517 0.0750577367206
0.0861497680583 0.0750577367206
0.0860927152318 0.0750577367206
0.0866975512905 0.0756351039261
0.0866402116402 0.0756351039261
0.0865829477859 0.0756351039261
0.0865257595773 0.0756351039261
0.0864686468647 0.0756351039261
0.0864116094987 0.0756351039261
0.0863546473303 0.0756351039261
0.0862977602108 0.0756351039261
0.0862409479921 0.0756351039261
0.0861842105263 0.0756351039261
0.086127547666 0.0756351039261
0.0860709592641 0.0756351039261
0.086014445174 0.0756351039261
0.0859580052493 0.0756351039261
0.0859016393443 0.0756351039261
0.0858453473132 0.0756351039261
0.0857891290111 0.0756351039261
0.0857329842932 0.0756351039261
0.085676913015 0.0756351039261
0.0856209150327 0.0756351039261
0.0855649902025 0.0756351039261
0.0855091383812 0.0756351039261
0.085453359426 0.0756351039261
0.0853976531943 0.0756351039261
0.085342019544 0.0756351039261
0.0852864583333 0.0756351039261
0.0852309694209 0.0756351039261
0.0851755526658 0.0756351039261
0.0851202079272 0.0756351039261
0.0850649350649 0.0756351039261
0.085009733939 0.0756351039261
0.0849546044099 0.0756351039261
0.0848995463383 0.0756351039261
0.0848445595855 0.0756351039261
0.0847896440129 0.0756351039261
0.0853816300129 0.0762124711316
0.0853264382676 0.0762124711316
0.0852713178295 0.0762124711316
0.0852162685604 0.0762124711316
0.0858064516129 0.0767898383372
0.0857511283043 0.0767898383372
0.0856958762887 0.0767898383372
0.0862846104314 0.0773672055427
0.0862290862291 0.0773672055427
0.0861736334405 0.0773672055427
0.086118251928 0.0773672055427
0.0860629415543 0.0773672055427
0.0860077021823 0.0773672055427
0.0859525336754 0.0773672055427
0.0858974358974 0.0773672055427
0.0858424087124 0.0773672055427
0.0857874519846 0.0773672055427
0.085732565579 0.0773672055427
0.0856777493606 0.0773672055427
0.0856230031949 0.0773672055427
0.0855683269476 0.0773672055427
0.085513720485 0.0773672055427
0.0854591836735 0.0773672055427
0.0854047163799 0.0773672055427
0.0853503184713 0.0773672055427
0.0852959898154 0.0773672055427
0.0852417302799 0.0773672055427
0.085187539733 0.0773672055427
0.0851334180432 0.0773672055427
0.0850793650794 0.0773672055427
0.0850253807107 0.0773672055427
0.0856055802156 0.0779445727483
0.0855513307985 0.0779445727483
0.085497150095 0.0779445727483
0.0854430379747 0.0779445727483
0.0860215053763 0.0785219399538
0.0859671302149 0.0785219399538
0.0859128237524 0.0785219399538
0.0858585858586 0.0785219399538
0.0858044164038 0.0785219399538
0.0857503152585 0.0785219399538
0.0856962822936 0.0785219399538
0.0856423173804 0.0785219399538
0.0862177470107 0.0790993071594
0.0861635220126 0.0790993071594
0.0861093651791 0.0790993071594
0.0860552763819 0.0790993071594
0.0866290018832 0.0796766743649
0.0865746549561 0.0796766743649
0.0871473354232 0.0802540415704
0.0870927318296 0.0802540415704
0.0870381966187 0.0802540415704
0.0869837296621 0.0802540415704
0.0869293308318 0.0802540415704
0.086875 0.0802540415704
0.0874453466583 0.080831408776
0.0873907615481 0.080831408776
0.0879600748596 0.0814087759815
0.0879052369077 0.0814087759815
0.0878504672897 0.0814087759815
0.087795765878 0.0814087759815
0.0877411325451 0.0814087759815
0.0876865671642 0.0814087759815
0.0876320696085 0.0814087759815
0.0875776397516 0.0814087759815
0.0875232774674 0.0814087759815
0.0874689826303 0.0814087759815
0.0874147551147 0.0814087759815
0.087980173482 0.0819861431871
0.0879256965944 0.0819861431871
0.0878712871287 0.0819861431871
0.0878169449598 0.0819861431871
0.0877626699629 0.0819861431871
0.0877084620136 0.0819861431871
0.0876543209877 0.0819861431871
0.0876002467613 0.0819861431871
0.0875462392109 0.0819861431871
0.0874922982132 0.0819861431871
0.0874384236453 0.0819861431871
0.0873846153846 0.0819861431871
0.0873308733087 0.0819861431871
0.0872771972956 0.0819861431871
0.0872235872236 0.0819861431871
0.0871700429711 0.0819861431871
0.0871165644172 0.0819861431871
0.0870631514408 0.0819861431871
0.0870098039216 0.0819861431871
0.0869565217391 0.0819861431871
0.0869033047736 0.0819861431871
0.0868501529052 0.0819861431871
0.0867970660147 0.0819861431871
0.0867440439829 0.0819861431871
0.0866910866911 0.0819861431871
0.0866381940207 0.0819861431871
0.0865853658537 0.0819861431871
0.0865326020719 0.0819861431871
0.0864799025579 0.0819861431871
0.0864272671942 0.0819861431871
0.0863746958637 0.0819861431871
0.0863221884498 0.0819861431871
0.086269744836 0.0819861431871
0.0862173649059 0.0819861431871
0.0861650485437 0.0819861431871
0.0861127956337 0.0819861431871
0.0860606060606 0.0819861431871
0.0860084797093 0.0819861431871
0.0859564164649 0.0819861431871
0.0859044162129 0.0819861431871
0.0858524788392 0.0819861431871
0.0858006042296 0.0819861431871
0.0857487922705 0.0819861431871
0.0856970428485 0.0819861431871
0.0856453558504 0.0819861431871
0.086196503918 0.0825635103926
0.0861445783133 0.0825635103926
0.0860927152318 0.0825635103926
0.0860409145608 0.0825635103926
0.0859891761876 0.0825635103926
0.0859375 0.0825635103926
0.0858858858859 0.0825635103926
0.0858343337335 0.0825635103926
0.0857828434313 0.0825635103926
0.0857314148681 0.0825635103926
0.0856800479329 0.0825635103926
0.085628742515 0.0825635103926
0.0855774985039 0.0825635103926
0.0855263157895 0.0825635103926
0.0854751942618 0.0825635103926
0.0854241338112 0.0825635103926
0.0853731343284 0.0825635103926
0.0853221957041 0.0825635103926
0.0852713178295 0.0825635103926
0.0852205005959 0.0825635103926
0.0851697438952 0.0825635103926
0.085119047619 0.0825635103926
0.0850684116597 0.0825635103926
0.0850178359096 0.0825635103926
0.0849673202614 0.0825635103926
0.0849168646081 0.0825635103926
0.0848664688427 0.0825635103926
0.0848161328588 0.0825635103926
0.0847658565501 0.0825635103926
0.0847156398104 0.0825635103926
0.084665482534 0.0825635103926
0.0846153846154 0.0825635103926
0.0845653459491 0.0825635103926
0.0845153664303 0.0825635103926
0.0844654459539 0.0825635103926
0.0844155844156 0.0825635103926
0.0843657817109 0.0825635103926
0.0843160377358 0.0825635103926
0.0842663523866 0.0825635103926
0.0842167255595 0.0825635103926
0.0841671571513 0.0825635103926
0.0841176470588 0.0825635103926
0.0840681951793 0.0825635103926
0.0840188014101 0.0825635103926
0.0839694656489 0.0825635103926
0.0839201877934 0.0825635103926
0.0838709677419 0.0825635103926
0.0838218053927 0.0825635103926
0.0837727006444 0.0825635103926
0.0837236533958 0.0825635103926
0.0836746635459 0.0825635103926
0.0836257309942 0.0825635103926
0.08357685564 0.0825635103926
0.0835280373832 0.0825635103926
0.0834792761238 0.0825635103926
0.083430571762 0.0825635103926
0.0833819241983 0.0825635103926
0.0833333333333 0.0825635103926
0.0832847990681 0.0825635103926
0.0832363213038 0.0825635103926
0.0831878999418 0.0825635103926
0.0831395348837 0.0825635103926
0.0830912260314 0.0825635103926
0.0830429732869 0.0825635103926
0.0829947765525 0.0825635103926
0.0829466357309 0.0825635103926
0.0828985507246 0.0825635103926
0.0828505214368 0.0825635103926
0.0828025477707 0.0825635103926
0.0827546296296 0.0825635103926
0.0827067669173 0.0825635103926
0.0832369942197 0.0831408775982
0.0831889081456 0.0831408775982
0.0831408775982 0.0831408775982
0.0830929024812 0.0831408775982
0.083044982699 0.0831408775982
0.0829971181556 0.0831408775982
0.0829493087558 0.0831408775982
0.0829015544041 0.0831408775982
0.0828538550058 0.0831408775982
0.0828062104658 0.0831408775982
0.0827586206897 0.0831408775982
0.082711085583 0.0831408775982
0.0826636050517 0.0831408775982
0.0826161790017 0.0831408775982
0.0825688073394 0.0831408775982
0.0825214899713 0.0831408775982
0.0824742268041 0.0831408775982
0.0824270177447 0.0831408775982
0.0823798627002 0.0831408775982
0.082332761578 0.0831408775982
0.0822857142857 0.0831408775982
0.082238720731 0.0831408775982
0.0821917808219 0.0831408775982
0.0821448944666 0.0831408775982
0.0820980615735 0.0831408775982
0.0820512820513 0.0831408775982
0.0825740318907 0.0837182448037
0.0825270347183 0.0837182448037
0.0824800910125 0.0837182448037
0.0830017055145 0.0842956120092
0.0829545454545 0.0842956120092
0.0829074389551 0.0842956120092
0.0828603859251 0.0842956120092
0.0828133862734 0.0842956120092
0.0827664399093 0.0842956120092
0.0827195467422 0.0842956120092
0.0826727066818 0.0842956120092
0.0826259196378 0.0842956120092
0.0825791855204 0.0842956120092
0.0825325042397 0.0842956120092
0.0824858757062 0.0842956120092
0.0824392998306 0.0842956120092
0.0823927765237 0.0842956120092
0.0823463056966 0.0842956120092
0.0822998872604 0.0842956120092
0.0822535211268 0.0842956120092
0.0822072072072 0.0842956120092
0.0821609454136 0.0842956120092
0.082114735658 0.0842956120092
0.0820685778527 0.0842956120092
0.0820224719101 0.0842956120092
0.0819764177428 0.0842956120092
0.0824915824916 0.0848729792148
0.0824453168817 0.0848729792148
0.082399103139 0.0848729792148
0.0823529411765 0.0848729792148
0.0823068309071 0.0848729792148
0.082260772244 0.0848729792148
0.0822147651007 0.0848729792148
0.0821688093907 0.0848729792148
0.0821229050279 0.0848729792148
0.0820770519263 0.0848729792148
0.08203125 0.0848729792148
0.0819854991634 0.0848729792148
0.0819397993311 0.0848729792148
0.0818941504178 0.0848729792148
0.0818485523385 0.0848729792148
0.0818030050083 0.0848729792148
0.0817575083426 0.0848729792148
0.0817120622568 0.0848729792148
0.0816666666667 0.0848729792148
0.0816213214881 0.0848729792148
0.0815760266371 0.0848729792148
0.08153078203 0.0848729792148
0.0814855875831 0.0848729792148
0.0814404432133 0.0848729792148
0.0813953488372 0.0848729792148
0.0813503043719 0.0848729792148
0.0813053097345 0.0848729792148
0.08181315644 0.0854503464203
0.0817679558011 0.0854503464203
0.0817228050801 0.0854503464203
0.0816777041943 0.0854503464203
0.0816326530612 0.0854503464203
0.0815876515987 0.0854503464203
0.0815426997245 0.0854503464203
0.0814977973568 0.0854503464203
0.0814529444139 0.0854503464203
0.0814081408141 0.0854503464203
0.0813633864761 0.0854503464203
0.0813186813187 0.0854503464203
0.0812740252608 0.0854503464203
0.0812294182217 0.0854503464203
0.0811848601207 0.0854503464203
0.0811403508772 0.0854503464203
0.081095890411 0.0854503464203
0.0810514786418 0.0854503464203
0.0810071154899 0.0854503464203
0.0809628008753 0.0854503464203
