3227 1 0.969890534878
3226 1 0.969890534878
38799 4 0.923552215099
38798 4 0.923552215099
4891 1 0.922128260136
4892 1 0.922128260136
5797 4 0.908553421497
5796 4 0.908553421497
44291 4 0.897983014584
23091 4 0.889153778553
11801 4 0.888699233532
11803 4 0.888699233532
36697 1 0.882026851177
36698 1 0.882026851177
44361 1 0.880923509598
44360 1 0.880923509598
47716 4 0.877178966999
41719 1 0.874418377876
41720 1 0.874418377876
41718 1 0.874418377876
37936 1 0.874418377876
41721 1 0.874418377876
27489 4 0.87082618475
49 4 0.87082618475
50 4 0.87082618475
504 4 0.870213568211
505 4 0.870213568211
54604 1 0.869929969311
54605 1 0.869929969311
4930 1 0.869929969311
54603 1 0.869929969311
4932 1 0.869929969311
31176 4 0.869156837463
31175 4 0.869156837463
10137 4 0.868478953838
5356 1 0.868078351021
5355 1 0.868078351021
11804 4 0.863573372364
11802 4 0.863573372364
31427 4 0.862103521824
31428 4 0.862103521824
42023 1 0.85124951601
42022 1 0.85124951601
30831 4 0.849932849407
8324 1 0.848836004734
38853 1 0.848836004734
38852 1 0.848836004734
8325 1 0.848836004734
6757 1 0.848836004734
6758 1 0.848836004734
1959 1 0.846717655659
1960 1 0.846717655659
66591 1 0.844241797924
66592 1 0.844241797924
33118 1 0.842938840389
4429 4 0.841600358486
4431 4 0.841600358486
21389 1 0.841120004654
21390 1 0.841120004654
21387 1 0.841120004654
21386 1 0.841120004654
21388 1 0.841120004654
23375 4 0.838115632534
23373 4 0.838115632534
33979 4 0.837022960186
38231 1 0.835302948952
38228 1 0.835302948952
38230 1 0.835302710533
38232 1 0.835302710533
38229 1 0.835302710533
38227 1 0.835302710533
31972 4 0.834508359432
62544 1 0.834307253361
62543 1 0.834307253361
25586 1 0.834149122238
32216 1 0.832125544548
62164 1 0.832125484943
62165 1 0.832125484943
62163 1 0.832125484943
38450 1 0.829735577106
38451 1 0.829735577106
50241 1 0.829169094563
50240 1 0.829169094563
27050 4 0.825688660145
27051 4 0.825688660145
32596 1 0.823761403561
32595 1 0.823761403561
62813 1 0.82307767868
14081 4 0.822841227055
14082 4 0.822841227055
39763 4 0.820385038853
76197 4 0.819326341152
76196 4 0.819326341152
58839 1 0.818581104279
58841 1 0.818581104279
58836 1 0.818581104279
58840 1 0.818581104279
58837 1 0.818581104279
58838 1 0.818581104279
90740 4 0.81230121851
3153 1 0.809553563595
3156 1 0.809553563595
3154 1 0.809553563595
3151 1 0.809553563595
3152 1 0.809553563595
3155 1 0.809553563595
25416 1 0.809494614601
25417 1 0.809494614601
4536 4 0.808090269566
37713 1 0.807542264462
37712 1 0.807542264462
37711 1 0.807542264462
19644 1 0.807542085648
19645 1 0.807542085648
53931 1 0.807371020317
53930 1 0.807371020317
227 3 0.805132329464
222 3 0.805132329464
36505 1 0.805068731308
36504 1 0.805068731308
77148 1 0.801740825176
77150 1 0.801740825176
60764 4 0.801622986794
60763 4 0.801622986794
58332 1 0.796765506268
58333 1 0.796765506268
45982 1 0.795232117176
45981 1 0.795232117176
16343 1 0.793201327324
16347 1 0.793201327324
10736 1 0.791101038456
44306 4 0.79095941782
44307 4 0.79095941782
77149 1 0.788984060287
77155 1 0.788984060287
78322 1 0.785788953304
78324 1 0.785788953304
43202 1 0.782895386219
43201 1 0.782895386219
8517 4 0.782741546631
8518 4 0.782741546631
3689 1 0.782450914383
3690 1 0.782450914383
10823 4 0.780349135399
40916 1 0.779885709286
40915 1 0.779885709286
35410 1 0.778656899929
35409 1 0.778656899929
37260 1 0.778656840324
37258 1 0.778656840324
37259 1 0.778656840324
37261 1 0.778656840324
24857 3 0.778650701046
24859 3 0.778650701046
923 1 0.778350889683
924 1 0.778350889683
52508 4 0.7769510746
52507 4 0.7769510746
34665 4 0.7769510746
77154 1 0.772201895714
77152 1 0.772201895714
77151 1 0.772201895714
19272 4 0.771032035351
5364 3 0.769287586212
24856 3 0.769287586212
5363 3 0.769287586212
24858 3 0.769287586212
33308 1 0.769032239914
33309 1 0.769032239914
81506 1 0.768136203289
81507 1 0.768136203289
81508 1 0.768136203289
70547 1 0.768136143684
31298 1 0.765544891357
31299 1 0.765544891357
3066 1 0.765314817429
90703 1 0.76509141922
90702 1 0.76509141922
81359 3 0.763333320618
81358 3 0.763333320618
21694 1 0.762401163578
21695 1 0.762401163578
87904 1 0.759045004845
7862 4 0.758464813232
15828 4 0.758464813232
7865 4 0.758464813232
15829 4 0.758464813232
33675 1 0.757628679276
70389 4 0.755617439747
70388 4 0.755617439747
57243 1 0.752058148384
57242 1 0.752058148384
54622 1 0.745166420937
54621 1 0.745166420937
27049 4 0.745102822781
27048 4 0.745102822781
1749 1 0.743606507778
1748 1 0.743606507778
81741 4 0.743068635464
81742 4 0.743068635464
29696 1 0.742983043194
29695 1 0.742983043194
5687 1 0.74227809906
5686 1 0.74227809906
73757 1 0.741240680218
73756 1 0.741240680218
33106 1 0.740473151207
33107 1 0.740473151207
51591 1 0.740410447121
51592 1 0.740410447121
23707 4 0.737335503101
54543 1 0.735448777676
54544 1 0.735448777676
21667 1 0.734851062298
21666 1 0.734851062298
35197 1 0.733664870262
35196 1 0.733664870262
25127 4 0.732657313347
25126 4 0.732657313347
88355 4 0.732038676739
64040 1 0.728178441525
64041 1 0.728178441525
15233 4 0.726722955704
12542 1 0.724570572376
12543 1 0.724570572376
38642 1 0.723847270012
38643 1 0.723847270012
5508 1 0.723739981651
5507 1 0.723739981651
48374 4 0.723529934883
48371 4 0.723529934883
48372 4 0.723529934883
48373 4 0.723529934883
48370 4 0.723529934883
48369 4 0.723529934883
41778 1 0.72345328331
7402 1 0.72345328331
41777 1 0.723453223705
41776 1 0.723453223705
11367 4 0.722041726112
11368 4 0.722041726112
17691 1 0.720593750477
17692 1 0.720593750477
69852 4 0.720275521278
69853 4 0.720275521278
7609 1 0.719401955605
7611 1 0.719401955605
7608 1 0.719401955605
7604 1 0.719401955605
7605 1 0.719401955605
7607 1 0.719401955605
7603 1 0.719401776791
7610 1 0.719401776791
4751 1 0.719401776791
4750 1 0.719401776791
7606 1 0.719401776791
31379 1 0.718490064144
31380 1 0.718490064144
89176 1 0.715893685818
89177 1 0.715893685818
7109 4 0.712720751762
79094 1 0.71081250906
79092 1 0.71081250906
5892 1 0.709847927094
5893 1 0.709847927094
40124 4 0.70849865675
40123 4 0.70849865675
40120 4 0.70849865675
40122 4 0.70849865675
40121 4 0.70849865675
714 1 0.708433628082
713 1 0.708433628082
32906 1 0.706151843071
32905 1 0.706151843071
39201 1 0.705870389938
39200 1 0.705870389938
48540 1 0.705165982246
48539 1 0.705165982246
66754 1 0.704463243484
66753 1 0.704463243484
68488 1 0.703791379929
23358 1 0.702531635761
23353 1 0.702531635761
23355 1 0.702531635761
23356 1 0.702531635761
23354 1 0.702531635761
23357 1 0.702531635761
32045 1 0.702169239521
32044 1 0.702169239521
74243 4 0.701588511467
74244 4 0.701588511467
74245 4 0.701588511467
74246 4 0.701588511467
67505 1 0.701335191727
2771 4 0.695404708385
2770 4 0.695404708385
12301 1 0.694859206676
12300 1 0.694859206676
30463 1 0.693704485893
30462 1 0.693704485893
12788 4 0.690313339233
12789 4 0.690313339233
70884 4 0.690313220024
70883 4 0.690313220024
70882 4 0.690313220024
70885 4 0.690313220024
11539 1 0.686444580555
22177 4 0.686430215836
22176 4 0.686430215836
43079 4 0.683768749237
43080 4 0.683768749237
4822 4 0.683768749237
4819 4 0.683768749237
81505 1 0.683683514595
62098 4 0.680569708347
25630 1 0.680200695992
25629 1 0.680200695992
63462 1 0.67993324995
63461 1 0.67993324995
11041 1 0.678011000156
11040 1 0.678011000156
129 1 0.67783087492
1522 1 0.673936903477
1520 1 0.673936903477
72207 4 0.672131717205
72206 4 0.672131717205
10518 4 0.671726584435
10516 4 0.671726584435
77568 4 0.671726405621
77569 4 0.671726405621
88937 1 0.669962108135
88938 1 0.669962108135
85346 1 0.669250130653
85345 1 0.669250130653
59702 4 0.668378651142
60739 4 0.667801916599
60738 4 0.667801916599
31081 1 0.66541326046
31080 1 0.66541326046
76866 4 0.663808226585
76867 4 0.663808226585
90034 1 0.663542807102
90035 1 0.663542807102
15998 1 0.663402020931
15997 1 0.663402020931
24177 1 0.66053134203
24181 1 0.66053134203
24178 1 0.66053134203
24179 1 0.66053134203
24180 1 0.66053134203
24176 1 0.66053134203
44180 4 0.660106956959
44178 4 0.660106956959
60858 4 0.657414913177
14634 1 0.657008171082
23369 4 0.654948055744
23370 4 0.654948055744
23371 4 0.654948055744
23376 4 0.654948055744
23374 4 0.654948055744
23372 4 0.654948055744
23594 4 0.653565824032
23595 4 0.653565824032
59809 1 0.652697145939
59811 1 0.652697145939
59807 1 0.652697145939
59806 1 0.652697145939
59810 1 0.652697145939
59808 1 0.652697145939
49833 1 0.651680409908
49832 1 0.651680409908
81755 1 0.650628566742
81756 1 0.650628566742
84732 1 0.649657070637
84731 1 0.649657070637
89449 1 0.648502647877
89450 1 0.648502647877
16160 1 0.648104906082
16159 1 0.648104906082
41021 1 0.647079050541
41022 1 0.647079050541
6988 1 0.647000253201
6987 1 0.647000253201
9967 1 0.644834637642
9965 1 0.644834637642
45966 1 0.643905043602
45965 1 0.643905043602
74464 4 0.640192806721
74463 4 0.640192806721
68728 4 0.639390528202
25941 1 0.638387322426
25939 1 0.638387322426
25938 1 0.638387322426
25937 1 0.638387322426
25936 1 0.638387322426
25940 1 0.638387322426
18436 1 0.637915432453
18435 1 0.637915432453
68641 1 0.637527346611
68642 1 0.637527346611
59030 1 0.634853184223
59029 1 0.634853184223
84226 1 0.634465277195
63601 4 0.633883237839
63602 4 0.633883237839
13920 1 0.633097469807
13919 1 0.633097469807
45545 1 0.63084089756
45533 1 0.63084089756
45334 1 0.630556166172
45335 1 0.630556166172
31372 1 0.628613829613
31371 1 0.628613829613
66234 1 0.627662837505
66235 1 0.627662837505
8443 1 0.62740957737
8442 1 0.62740957737
8444 1 0.62740957737
8440 1 0.62740957737
8439 1 0.62740957737
8441 1 0.62740957737
69050 1 0.627232193947
69051 1 0.627232193947
62992 1 0.626994669437
62993 1 0.626994669437
12977 4 0.625582396984
12980 4 0.625582396984
44110 1 0.624123454094
44109 1 0.624123454094
12176 4 0.623380601406
42423 1 0.62300401926
42426 1 0.62300401926
42425 1 0.62300401926
42424 1 0.62300401926
42422 1 0.62300401926
38093 1 0.619875311852
67138 1 0.619875311852
67139 1 0.619875311852
67140 1 0.619875311852
67141 1 0.619875311852
38092 1 0.619875311852
37172 4 0.619634270668
37173 4 0.619634270668
43892 1 0.618798553944
43891 1 0.618798553944
43888 1 0.618798553944
43890 1 0.618798553944
43889 1 0.618798553944
43887 1 0.618798553944
50257 4 0.617113173008
50258 4 0.617113173008
8237 1 0.616732001305
8238 1 0.616732001305
50425 4 0.612882912159
50424 4 0.612882912159
2559 4 0.612762212753
2560 4 0.612762212753
15742 4 0.61256057024
57328 1 0.610860943794
57326 1 0.610860943794
57324 1 0.610860943794
57329 1 0.610860943794
57327 1 0.610860943794
57325 1 0.610860943794
35407 1 0.610858678818
35408 1 0.610858678818
4846 1 0.610223412514
4847 1 0.610223412514
573 1 0.610121965408
568 1 0.610121965408
51073 4 0.609831869602
51074 4 0.609831869602
78312 1 0.608635306358
64269 1 0.608635306358
64270 1 0.608635306358
78313 1 0.608635306358
78311 1 0.608635306358
78314 1 0.608635306358
21503 1 0.606477081776
21502 1 0.606477081776
4447 4 0.605493068695
63082 1 0.604153871536
63081 1 0.604153871536
438 1 0.60206335783
437 1 0.60206335783
87338 1 0.602062880993
87340 1 0.602062880993
87339 1 0.602062880993
28458 1 0.601925611496
28462 1 0.601925611496
28460 1 0.601925611496
28459 1 0.601925611496
28461 1 0.601925611496
28457 1 0.601925611496
88606 4 0.601364970207
88607 4 0.601364970207
89909 1 0.599610924721
89910 1 0.599610924721
56568 4 0.598184108734
56567 4 0.598184108734
56566 4 0.598184108734
56569 4 0.598184108734
56570 4 0.598184108734
12181 1 0.597656667233
12180 1 0.597656667233
6572 4 0.596893012524
6571 4 0.596893012524
23001 4 0.596430599689
23002 4 0.596430599689
90914 1 0.59455704689
90915 1 0.59455704689
90912 1 0.59455704689
90913 1 0.59455704689
2273 1 0.594397366047
2284 1 0.594397366047
54398 1 0.593685209751
54397 1 0.593685209751
20282 4 0.59274148941
20283 4 0.59274148941
49524 1 0.592596232891
49525 1 0.592596232891
708 1 0.589237093925
12117 1 0.587840199471
12116 1 0.587840199471
89730 1 0.587129473686
89731 1 0.587129473686
38439 2 0.586859464645
38438 2 0.586859464645
17143 1 0.586755514145
17144 1 0.586755514145
64825 4 0.586573839188
64824 4 0.586573839188
27656 1 0.586420953274
77136 4 0.584893643856
77137 4 0.584893643856
64427 1 0.584494829178
50547 4 0.584321677685
50546 4 0.584321677685
62572 1 0.58389467001
62573 1 0.58389467001
3821 4 0.582608044147
3822 4 0.582608044147
50187 3 0.582605361938
50186 3 0.582605361938
77259 1 0.582140028477
4790 1 0.580687701702
4791 1 0.580687701702
35153 1 0.58044308424
41399 1 0.58044308424
41401 1 0.58044308424
58547 1 0.580442965031
58551 1 0.580442965031
58550 1 0.580442965031
58549 1 0.580442965031
58546 1 0.580442965031
58548 1 0.580442965031
11394 1 0.580442488194
77962 1 0.579620957375
77953 1 0.579620957375
77958 1 0.579620957375
77960 1 0.579620957375
77954 1 0.579620957375
77959 1 0.579620957375
52213 1 0.579620957375
52211 1 0.579620957375
77957 1 0.579620957375
77956 1 0.579620957375
77955 1 0.579620957375
77961 1 0.579620957375
25413 1 0.579299271107
25412 1 0.579299271107
13539 1 0.579064905643
13538 1 0.579064905643
84730 1 0.578541755676
84729 1 0.578541755676
84960 4 0.577814936638
84959 4 0.577814936638
4811 1 0.57773911953
4808 1 0.57773911953
89197 4 0.576582849026
89198 4 0.576582849026
29148 7 0.576421320438
29149 7 0.576421320438
15305 1 0.575695872307
15304 1 0.575695872307
33933 1 0.574943065643
33934 1 0.574943065643
36054 4 0.573512971401
64048 4 0.573167204857
5197 1 0.571290850639
55167 4 0.570999145508
55168 4 0.570999145508
62183 4 0.570431530476
62184 4 0.570431530476
62182 4 0.570431530476
62185 4 0.570431530476
62186 4 0.570431530476
62181 4 0.570431530476
35926 1 0.570331573486
69097 4 0.570212423801
69098 4 0.570212423801
69095 4 0.570212423801
69096 4 0.570212423801
51715 1 0.569961190224
51717 1 0.569961190224
81098 1 0.56992328167
42227 4 0.566768050194
42228 4 0.566768050194
17773 1 0.565970242023
17774 1 0.565970242023
68230 4 0.565678298473
68229 4 0.565678298473
19875 4 0.56565618515
23118 4 0.562191009521
23119 4 0.562191009521
7979 1 0.56168961525
72599 1 0.561196744442
72600 1 0.561196744442
72601 1 0.561196744442
72598 1 0.561196744442
72602 1 0.561196744442
72603 1 0.561196744442
15534 1 0.561074733734
15530 1 0.561074733734
15532 1 0.561074733734
15531 1 0.561074733734
15533 1 0.56107455492
15535 1 0.56107455492
20973 1 0.560839474201
20974 1 0.560839474201
30927 1 0.560526072979
30925 1 0.560526072979
42530 1 0.560526072979
42532 1 0.560526072979
42531 1 0.560526072979
42529 1 0.560526072979
58061 1 0.560291528702
58062 1 0.560291528702
25800 4 0.558822989464
33980 4 0.558515846729
45122 1 0.557272315025
45121 1 0.557272315025
67406 1 0.556734919548
88914 4 0.555509209633
88913 4 0.555509209633
23366 1 0.555122792721
23365 1 0.555122792721
21070 1 0.554970920086
79502 4 0.551878869534
79503 4 0.551878869534
83781 4 0.551488697529
83777 4 0.551488697529
83778 4 0.551488697529
83779 4 0.551488697529
83780 4 0.551488697529
55219 1 0.551483690739
55218 1 0.551483690739
5777 1 0.551108777523
5779 1 0.551108777523
89209 1 0.550569117069
89210 1 0.550569117069
89211 1 0.550569117069
89213 1 0.550569117069
89214 1 0.550569117069
89212 1 0.550569117069
19747 1 0.550303459167
19746 1 0.550303459167
19745 1 0.550303459167
19748 1 0.550303459167
3719 1 0.550303459167
3718 1 0.550303459167
89206 1 0.550018787384
89205 1 0.550018787384
4538 1 0.54936337471
4537 1 0.54936337471
38952 1 0.549053549767
38951 1 0.549053549767
79582 1 0.548728346825
79571 1 0.548728346825
79573 1 0.548728346825
79577 1 0.548728346825
79572 1 0.548728346825
79581 1 0.548728346825
79574 1 0.548728346825
79580 1 0.548728346825
79579 1 0.548728346825
79578 1 0.548728346825
79575 1 0.548728346825
79576 1 0.548728346825
35597 1 0.547420084476
75990 1 0.546492040157
75989 1 0.546492040157
22617 1 0.54584646225
47546 1 0.544593691826
47547 1 0.544593691826
43164 1 0.544208288193
43163 1 0.544208288193
52414 1 0.543788194656
52415 1 0.543788194656
54739 1 0.542709231377
54738 1 0.542709231377
13679 4 0.541602015495
13677 4 0.541602015495
16462 4 0.541601538658
16461 4 0.541601538658
60336 4 0.541601538658
60335 4 0.541601538658
2659 1 0.541235089302
2658 1 0.541235089302
63273 1 0.540181159973
63272 1 0.540181159973
50541 1 0.539511442184
55446 1 0.539000749588
55445 1 0.539000749588
22237 1 0.538309812546
22238 1 0.538309812546
2355 1 0.538118958473
2356 1 0.538118958473
31366 1 0.537812650204
37714 1 0.537469029427
37715 1 0.537469029427
51898 1 0.536508142948
17608 4 0.536296904087
5660 1 0.535483658314
5661 1 0.535483658314
43979 1 0.535395026207
1947 1 0.535295844078
1948 1 0.535295844078
91520 1 0.535295665264
91521 1 0.535295665264
91522 1 0.535295665264
91523 1 0.535295665264
10512 4 0.534829676151
10509 4 0.534829676151
10510 4 0.534829556942
10508 4 0.534829556942
10513 4 0.534829556942
10511 4 0.534829556942
16316 1 0.534661650658
16315 1 0.534661650658
90375 1 0.534187614918
90374 1 0.534187614918
76958 4 0.533920705318
76957 4 0.533920705318
16425 3 0.533670961857
16424 3 0.533670961857
68056 4 0.532175779343
74410 1 0.531987786293
74411 1 0.531987786293
20798 1 0.53074157238
20796 1 0.53074157238
68024 4 0.530741393566
68025 4 0.530741393566
30207 4 0.529921293259
30208 4 0.529921293259
34792 1 0.529704868793
34791 1 0.529704868793
1013 1 0.526888549328
1014 1 0.526888549328
47838 1 0.526321291924
47839 1 0.526321291924
1765 1 0.526029646397
1764 1 0.526029646397
78371 1 0.525983572006
90821 1 0.52596873045
90822 1 0.52596873045
90823 1 0.52596873045
90824 1 0.52596873045
90825 1 0.52596873045
90826 1 0.52596873045
3145 1 0.525488972664
3148 1 0.525488972664
3147 1 0.525488972664
3146 1 0.525488972664
3144 1 0.525488972664
3143 1 0.525488972664
3142 1 0.525488972664
3141 1 0.525488972664
3140 1 0.525488972664
3139 1 0.525488972664
3135 1 0.525488972664
3133 1 0.525488972664
18460 1 0.525472283363
18459 1 0.525472283363
6584 1 0.524458706379
6583 1 0.524458706379
2793 1 0.524450600147
2792 1 0.524450600147
7051 1 0.523545444012
7052 1 0.523545444012
4112 1 0.523541331291
4114 1 0.523541331291
21022 1 0.523541152477
21024 1 0.523541152477
21664 1 0.523540914059
21665 1 0.523540914059
50484 1 0.523332357407
90849 1 0.52303057909
90850 1 0.52303057909
90851 1 0.52303057909
90852 1 0.52303057909
2089 1 0.523030459881
2090 1 0.523030459881
30777 3 0.522885799408
30767 3 0.522885799408
80350 4 0.522019505501
80351 4 0.522019505501
7378 1 0.521831929684
7383 1 0.521831929684
5476 1 0.520603120327
5475 1 0.520603120327
46086 4 0.519206523895
46088 4 0.519206523895
46087 4 0.519206523895
46089 4 0.519206523895
46091 4 0.519206523895
46090 4 0.519206523895
18109 1 0.518647491932
64638 1 0.518547654152
64639 1 0.518547654152
62516 1 0.518387198448
62515 1 0.518387198448
66561 4 0.518042683601
66562 4 0.518042683601
82160 4 0.517207145691
82159 4 0.517207145691
82158 4 0.517207145691
82157 4 0.517207145691
3089 1 0.51570045948
3090 1 0.51570045948
36053 1 0.515558004379
36052 1 0.515558004379
9461 1 0.513217389584
41790 1 0.513217389584
41789 1 0.513217389584
41791 1 0.513217389584
41792 1 0.513217389584
9462 1 0.513217389584
33782 1 0.513090491295
33781 1 0.513090491295
21744 1 0.510936021805
21743 1 0.510936021805
48846 1 0.510650217533
48845 1 0.510650217533
64061 1 0.509751975536
64062 1 0.509751975536
53844 1 0.509750962257
11121 4 0.509589493275
75670 1 0.509581029415
75669 1 0.509581029415
60483 1 0.509287178516
60482 1 0.509287178516
63079 1 0.508462190628
63080 1 0.508462190628
45342 1 0.507941007614
59334 1 0.505580961704
82586 1 0.50510174036
82587 1 0.50510174036
7400 1 0.505068719387
72199 1 0.504359781742
72198 1 0.504359781742
44183 4 0.504061043262
44184 4 0.504061043262
44179 4 0.504061043262
44181 4 0.504061043262
44187 4 0.504061043262
44186 4 0.504061043262
44185 4 0.504061043262
44182 4 0.504061043262
9003 4 0.504060924053
9002 4 0.504060924053
47717 4 0.504025042057
47718 4 0.504025042057
6580 1 0.503916800022
6579 1 0.503916800022
40908 1 0.503916561604
40909 1 0.503916561604
40910 1 0.503916561604
65193 1 0.503522396088
16533 1 0.502208173275
16534 1 0.502208173275
23324 4 0.501560866833
62552 7 0.500114738941
62555 7 0.500114738941
62551 7 0.500114679337
62553 7 0.500114679337
62554 7 0.500114679337
62556 7 0.500114679337
82833 1 0.499706298113
82832 1 0.499706298113
50239 4 0.499195456505
17330 1 0.499139308929
17329 1 0.499139308929
36939 1 0.499139070511
36940 1 0.499139070511
36941 1 0.499139070511
44243 1 0.49798437953
44244 1 0.49798437953
32807 1 0.497778981924
32808 1 0.497778981924
11860 1 0.497391194105
11859 1 0.497391194105
3043 4 0.496944338083
3042 4 0.496944338083
85006 4 0.496371656656
85005 4 0.496371656656
75119 1 0.494329720736
75118 1 0.494329720736
19758 1 0.493902683258
19757 1 0.493902683258
12424 1 0.493827581406
12422 1 0.493827581406
11059 1 0.493759155273
11058 1 0.493759155273
65431 4 0.49269336462
65432 4 0.49269336462
65434 4 0.49269336462
65430 4 0.49269336462
65433 4 0.49269336462
32450 4 0.491062939167
32452 4 0.491062939167
80464 1 0.491011589766
80463 1 0.491011589766
23557 4 0.48999196291
23556 4 0.48999196291
2518 1 0.489930212498
2517 1 0.489930212498
23553 1 0.489500135183
23552 1 0.489500135183
62531 1 0.488878697157
62532 1 0.488878697157
83808 1 0.488769441843
83807 1 0.488769441843
83806 1 0.488769441843
78834 1 0.488769441843
78835 1 0.488769441843
76777 1 0.488217353821
76776 1 0.488217353821
3190 4 0.488198727369
3191 4 0.488198727369
4529 4 0.487540453672
4527 4 0.487540453672
69910 4 0.487539172173
69911 4 0.487539172173
30070 1 0.487331092358
30069 1 0.487331092358
7936 1 0.486459225416
7935 1 0.486459225416
48347 4 0.485390990973
48346 4 0.485390990973
48154 3 0.485036492348
48155 3 0.485036492348
80020 1 0.480990260839
3159 1 0.48093855381
3160 1 0.48093855381
32705 4 0.480453580618
32706 4 0.480453580618
1178 1 0.479356795549
1174 1 0.479356795549
33096 4 0.478948384523
33097 4 0.478948384523
29998 3 0.478709578514
29997 3 0.478709578514
50428 4 0.476720660925
50429 4 0.476720660925
1253 1 0.476214230061
1252 1 0.476214230061
83201 1 0.476186007261
83200 1 0.476186007261
5011 1 0.476009786129
5010 1 0.476009786129
16911 4 0.475868552923
16910 4 0.475868552923
9697 1 0.475539684296
9696 1 0.475539684296
85504 1 0.474455922842
85503 1 0.474455922842
1177 1 0.474148243666
1180 1 0.474148243666
24379 4 0.47297206521
24380 4 0.47297206521
32198 1 0.472909122705
32199 1 0.472909122705
84936 1 0.47283616662
84935 1 0.47283616662
54713 4 0.472426533699
54712 4 0.472426533699
4355 1 0.47011706233
4359 1 0.47011706233
4356 1 0.47011706233
4357 1 0.47011706233
4358 1 0.47011706233
66010 1 0.469897001982
83811 4 0.468557089567
2155 1 0.465990632772
2153 1 0.465990632772
34695 3 0.465848624706
34693 3 0.465848624706
30308 1 0.462616384029
30307 1 0.462616384029
54560 1 0.462040781975
54559 1 0.462040781975
3754 4 0.455626159906
3755 4 0.455626159906
40655 1 0.454978615046
40654 1 0.454978615046
21142 1 0.454069852829
21141 1 0.454069852829
71753 4 0.453636288643
71755 4 0.453636288643
71752 4 0.453636288643
71754 4 0.453636288643
71756 4 0.453636288643
2056 2 0.443021327257
2055 2 0.443021327257
83998 1 0.440881878138
83997 1 0.440881878138
71594 4 0.440672248602
10530 1 0.440148741007
52821 7 0.439339160919
52820 7 0.439339160919
16471 1 0.437299370766
16472 1 0.437299370766
46213 1 0.434386283159
46212 1 0.434386283159
90061 1 0.428434431553
90060 1 0.428434431553
29271 1 0.425817042589
29270 1 0.425817042589
21658 1 0.422899663448
21659 1 0.422899663448
34553 1 0.418812423944
34552 1 0.418812423944
65528 1 0.415514200926
65529 1 0.415514200926
67684 1 0.413021981716
67683 1 0.413021981716
3024 1 0.411236912012
3025 1 0.411236912012
1476 3 0.410112917423
1475 3 0.410112917423
32424 1 0.402934104204
32425 1 0.402934104204
55643 1 0.384334981441
55644 1 0.384334981441
17473 1 0.381837874651
17474 1 0.381837874651
81860 1 0.3758007586
81861 1 0.3758007586
69132 1 0.37438416481
69131 1 0.37438416481
69133 1 0.37438416481
69129 1 0.37438416481
69130 1 0.37438416481
69134 1 0.37438416481
44727 1 0.373742818832
44726 1 0.373742818832
75740 1 0.372219860554
75739 1 0.372219860554
57651 1 0.335717201233
57650 1 0.335717201233
969 2 0.305977851152
970 2 0.305977851152
395 1 0.305339992046
65148 1 0.305339992046
65147 1 0.305339992046
