5356 1 0.967828392982
5355 1 0.967828392982
38799 4 0.948243796825
38798 4 0.948243796825
3226 1 0.944039583206
3227 1 0.944039583206
3154 1 0.930824875832
3155 1 0.930824875832
3151 1 0.930824875832
3156 1 0.930824875832
3153 1 0.930824875832
3152 1 0.930824875832
19644 1 0.923707127571
37712 1 0.923707127571
37713 1 0.923707127571
19645 1 0.923707127571
37711 1 0.923707127571
44361 1 0.9221585989
44360 1 0.9221585989
41778 1 0.919986307621
41777 1 0.919986307621
41776 1 0.919986307621
7402 1 0.919986307621
36505 1 0.916628658772
36504 1 0.916628658772
4930 1 0.916554450989
4932 1 0.916554450989
54605 1 0.916554391384
54604 1 0.916554391384
54603 1 0.916554391384
25586 1 0.9152110219
32216 1 0.912052333355
62165 1 0.912052333355
62164 1 0.912052333355
62163 1 0.912052333355
17692 1 0.909437716007
17691 1 0.909437716007
11539 1 0.907460331917
21539 3 0.90710413456
21538 3 0.90710413456
50484 1 0.902427256107
5661 1 0.902427256107
5660 1 0.902427256107
76196 4 0.899777710438
76197 4 0.899777710438
66592 1 0.899698019028
66591 1 0.899698019028
26726 1 0.898900330067
26725 1 0.898900330067
36697 1 0.893642365932
36698 1 0.893642365932
41718 1 0.891386151314
37936 1 0.891386151314
41721 1 0.891386151314
41720 1 0.891386151314
41719 1 0.891386151314
8238 1 0.883893430233
8237 1 0.883893430233
924 1 0.877898871899
923 1 0.877898871899
81508 1 0.877407550812
81507 1 0.877407550812
81506 1 0.877407550812
70547 1 0.877407491207
44291 4 0.873811006546
79092 1 0.870880901814
79094 1 0.870880901814
27489 4 0.869947195053
50 4 0.869947016239
49 4 0.869947016239
5686 1 0.869611382484
5687 1 0.869611382484
4891 1 0.869498431683
4892 1 0.869498431683
73757 1 0.869269609451
73756 1 0.869269609451
19272 4 0.867603719234
29149 7 0.865660250187
29148 7 0.865660250187
45981 1 0.863813042641
45982 1 0.863813042641
31972 4 0.861044466496
12180 1 0.858863472939
12181 1 0.858863472939
47716 4 0.85861325264
38451 1 0.854334294796
38450 1 0.854334294796
38228 1 0.846538364887
38227 1 0.846538364887
38229 1 0.846538364887
38230 1 0.846538364887
38231 1 0.846538364887
38232 1 0.846538364887
38642 1 0.846293509007
38643 1 0.846293509007
39202 1 0.846023082733
39203 1 0.846023082733
7607 1 0.845294952393
7611 1 0.845294952393
7604 1 0.845294952393
7605 1 0.845294952393
7608 1 0.845294952393
7609 1 0.845294952393
4751 1 0.845294833183
7610 1 0.845294833183
7603 1 0.845294833183
4750 1 0.845294833183
7606 1 0.845294833183
50241 1 0.844967901707
50240 1 0.844967901707
5797 4 0.844960212708
5796 4 0.844960212708
227 3 0.843846142292
222 3 0.843846142292
21389 1 0.838330626488
21386 1 0.838330626488
21388 1 0.838330626488
21387 1 0.838330626488
21390 1 0.838330626488
30831 4 0.838147580624
23091 4 0.83681499958
23509 1 0.834582269192
33118 1 0.832233190536
17282 1 0.831402659416
17281 1 0.831402659416
72603 1 0.828347444534
72602 1 0.828347444534
72601 1 0.828347444534
72600 1 0.828347444534
72599 1 0.828347444534
72598 1 0.828347444534
90034 1 0.828127920628
90035 1 0.828127920628
78324 1 0.826865792274
78322 1 0.826865792274
3690 1 0.825640141964
3689 1 0.825640141964
1960 1 0.820323646069
1959 1 0.820323646069
53931 1 0.817679047585
53930 1 0.817679047585
67763 1 0.813588202
67764 1 0.813588202
67766 1 0.813588202
67765 1 0.813588202
21695 1 0.812518060207
21694 1 0.812518060207
82833 1 0.807177245617
82832 1 0.807177245617
33675 1 0.805153787136
63602 4 0.804701328278
63601 4 0.804701328278
45966 1 0.803566217422
45965 1 0.803566217422
62533 1 0.80323600769
62534 1 0.80323600769
62535 1 0.80323600769
62536 1 0.80323600769
62537 1 0.80323600769
62538 1 0.80323600769
504 4 0.802482306957
11801 4 0.802482306957
505 4 0.802482306957
11803 4 0.802482306957
11802 4 0.802482247353
11804 4 0.802482247353
31371 1 0.799859464169
31372 1 0.799859464169
15998 1 0.799564301968
15997 1 0.799564301968
39763 4 0.799416124821
48539 1 0.79864436388
48540 1 0.79864436388
1013 1 0.793700516224
1014 1 0.793700516224
14081 4 0.792573988438
14082 4 0.792573988438
4412 1 0.78866904974
4411 1 0.78866904974
62543 1 0.787352740765
62544 1 0.787352740765
86553 1 0.787143230438
86552 1 0.787143230438
2273 1 0.787101209164
2284 1 0.787101209164
32596 1 0.78691470623
32595 1 0.78691470623
63461 1 0.784782350063
63462 1 0.784782350063
1749 1 0.78345489502
1748 1 0.78345489502
737 1 0.780511081219
7378 1 0.779775440693
7383 1 0.779775440693
35196 1 0.777375280857
35197 1 0.777375280857
28459 1 0.777065753937
28461 1 0.777065753937
28460 1 0.777065753937
28458 1 0.777065753937
28457 1 0.777065753937
28462 1 0.777065753937
84729 1 0.775754928589
84730 1 0.775754928589
54544 1 0.775376737118
54543 1 0.775376737118
77259 1 0.773545861244
84732 1 0.768786370754
84731 1 0.768786370754
89176 1 0.767805457115
89177 1 0.767805457115
27656 1 0.767695367336
58332 1 0.765967428684
58333 1 0.765967428684
31299 1 0.763935744762
31298 1 0.763935744762
46022 1 0.763788938522
46023 1 0.763788938522
46024 1 0.763788938522
46025 1 0.763788938522
46026 1 0.763788938522
52508 4 0.762342631817
52507 4 0.762342631817
34665 4 0.762342631817
69051 1 0.760531485081
69050 1 0.760531485081
72207 4 0.758492469788
72206 4 0.758492469788
708 1 0.757361412048
18436 1 0.756308794022
18435 1 0.756308794022
10137 4 0.754603028297
88938 1 0.753380179405
88937 1 0.753380179405
27049 4 0.752732515335
27048 4 0.752732515335
8324 1 0.751421570778
8325 1 0.751421570778
38853 1 0.751421570778
6757 1 0.751421570778
6758 1 0.751421570778
38852 1 0.751421570778
80797 1 0.749744653702
80798 1 0.749744653702
44244 1 0.749529719353
44243 1 0.749529719353
77958 1 0.749251306057
77953 1 0.749251306057
77954 1 0.749251306057
77955 1 0.749251306057
77956 1 0.749251306057
77957 1 0.749251306057
77959 1 0.749251306057
77962 1 0.749251306057
77961 1 0.749251306057
77960 1 0.749251306057
52211 1 0.749251246452
52213 1 0.749251246452
62992 1 0.748001933098
62993 1 0.748001933098
89730 1 0.74729347229
89731 1 0.74729347229
26644 1 0.746906876564
26647 1 0.746906876564
30462 1 0.746715307236
30463 1 0.746715307236
77051 1 0.742899417877
77048 1 0.742899417877
77049 1 0.742899417877
77047 1 0.742899417877
77050 1 0.742899417877
77052 1 0.742899417877
16159 1 0.742533802986
16160 1 0.742533802986
32808 1 0.741074562073
32807 1 0.741074562073
1764 1 0.739608407021
1765 1 0.739608407021
12542 1 0.738162219524
12543 1 0.738162219524
35410 1 0.736561834812
35409 1 0.736561834812
40120 4 0.735501348972
40123 4 0.735501348972
40121 4 0.735501348972
40122 4 0.735501348972
40124 4 0.735501348972
54622 1 0.73517781496
54621 1 0.73517781496
10823 4 0.733579099178
52415 1 0.733389377594
52414 1 0.733389377594
3066 1 0.732403755188
68488 1 0.730282366276
31366 1 0.730029165745
12117 1 0.728519618511
12116 1 0.728519618511
24181 1 0.728381752968
24180 1 0.728381752968
24179 1 0.728381752968
24176 1 0.728381752968
24177 1 0.728381752968
24178 1 0.728381752968
33309 1 0.727500021458
33308 1 0.727500021458
35597 1 0.727064609528
23355 1 0.72700971365
23358 1 0.72700971365
23353 1 0.72700971365
23354 1 0.72700971365
23357 1 0.72700971365
23356 1 0.72700971365
21024 1 0.726624071598
21022 1 0.726624071598
4114 1 0.726624071598
4112 1 0.726624071598
21665 1 0.726623952389
21664 1 0.726623952389
437 1 0.726350426674
438 1 0.726350426674
87340 1 0.72635024786
87339 1 0.72635024786
87338 1 0.72635024786
87878 3 0.7262403965
87879 3 0.7262403965
15304 1 0.725949943066
15305 1 0.725949943066
57242 1 0.724671125412
57243 1 0.724671125412
8518 4 0.724472045898
8517 4 0.724472045898
3718 1 0.723783612251
3719 1 0.723783612251
19748 1 0.723783433437
19747 1 0.723783433437
19745 1 0.723783433437
19746 1 0.723783433437
3140 1 0.723417162895
3135 1 0.723417162895
3139 1 0.723417162895
3133 1 0.723417162895
3143 1 0.723416864872
3147 1 0.723416864872
3148 1 0.723416864872
3141 1 0.723416864872
3142 1 0.723416864872
3144 1 0.723416864872
3145 1 0.723416864872
3146 1 0.723416864872
62664 1 0.722960114479
62665 1 0.722960114479
59810 1 0.722078621387
59806 1 0.722078621387
59807 1 0.722078621387
59808 1 0.722078621387
59809 1 0.722078621387
59811 1 0.722078621387
64638 1 0.719837486744
64639 1 0.719837486744
4447 4 0.719330430031
90375 1 0.719093620777
90374 1 0.719093620777
62572 1 0.719022870064
62573 1 0.719022870064
31176 4 0.718999505043
31175 4 0.718999505043
12720 1 0.717425465584
64041 1 0.717299163342
64040 1 0.717299163342
90129 1 0.717151880264
90125 1 0.717151880264
90128 1 0.717151880264
90126 1 0.717151880264
90127 1 0.717151880264
90130 1 0.717151880264
68642 1 0.715232670307
68641 1 0.715232670307
14871 1 0.714757204056
14866 1 0.714757204056
14867 1 0.714757204056
14868 1 0.714757204056
14869 1 0.714757204056
14870 1 0.714757204056
4811 1 0.714374125004
4808 1 0.714374125004
1520 1 0.714325845242
1522 1 0.714325845242
2355 1 0.713462412357
2356 1 0.713462412357
70957 1 0.713333845139
70958 1 0.713333845139
45674 1 0.713333785534
45676 1 0.713333785534
89450 1 0.713291585445
89449 1 0.713291585445
25417 1 0.713286101818
25416 1 0.713286101818
75841 1 0.712141931057
75842 1 0.712141931057
27050 4 0.71204584837
27051 4 0.71204584837
4847 1 0.710667729378
4846 1 0.710667729378
88225 1 0.70973277092
88226 1 0.70973277092
63080 1 0.709550023079
63079 1 0.709550023079
12789 4 0.709383010864
12788 4 0.709383010864
70883 4 0.709382891655
70882 4 0.709382891655
70884 4 0.709382891655
70885 4 0.709382891655
28666 1 0.707991421223
28665 1 0.707991421223
15233 4 0.706793129444
67141 1 0.706750035286
67138 1 0.706750035286
38092 1 0.706750035286
67139 1 0.706750035286
38093 1 0.706750035286
67140 1 0.706750035286
5010 1 0.706671893597
5011 1 0.706671893597
2658 1 0.705863893032
2659 1 0.705863893032
5508 1 0.705853044987
5507 1 0.705853044987
11040 1 0.704710662365
11041 1 0.704710662365
44307 4 0.704056024551
44306 4 0.704056024551
63273 1 0.700096845627
63272 1 0.700096845627
5893 1 0.699838757515
5892 1 0.699838757515
31427 4 0.698567807674
31428 4 0.698567807674
25872 1 0.696102440357
25873 1 0.696102440357
64062 1 0.695552170277
64061 1 0.695552170277
51592 1 0.694093465805
51591 1 0.694093465805
44180 4 0.693894743919
44178 4 0.693894743919
31081 1 0.693320333958
31080 1 0.693320333958
67406 1 0.692956626415
12415 1 0.692637503147
12414 1 0.692637503147
67505 1 0.692634344101
48846 1 0.6911662817
48845 1 0.6911662817
45335 1 0.689579248428
45334 1 0.689579248428
23375 4 0.68852353096
23373 4 0.68852353096
40915 1 0.688340365887
40916 1 0.688340365887
79571 1 0.688316047192
79581 1 0.688316047192
79582 1 0.688316047192
79579 1 0.688316047192
79578 1 0.688316047192
79577 1 0.688316047192
79576 1 0.688316047192
79575 1 0.688316047192
79574 1 0.688316047192
79573 1 0.688316047192
79572 1 0.688316047192
79580 1 0.688316047192
81755 1 0.687222778797
81756 1 0.687222778797
78318 1 0.686992228031
78316 1 0.686992228031
78323 1 0.686992049217
78321 1 0.686992049217
5363 3 0.685990393162
5364 3 0.685990393162
24857 3 0.685990393162
24859 3 0.685990393162
24856 3 0.685990154743
24858 3 0.685990154743
60739 4 0.685636281967
60738 4 0.685636281967
68728 4 0.685270786285
33106 1 0.685183644295
33107 1 0.685183644295
32210 1 0.684070289135
32207 1 0.684070289135
32211 1 0.684070169926
32206 1 0.684070169926
32208 1 0.684070169926
32209 1 0.684070169926
77150 1 0.680606663227
77148 1 0.680606663227
59702 4 0.679828286171
87904 1 0.679684937
43201 1 0.679667592049
43202 1 0.679667592049
89715 1 0.679092645645
89714 1 0.679092645645
23119 4 0.678053498268
23118 4 0.678053498268
60763 4 0.677948832512
60764 4 0.677948832512
35054 1 0.677727103233
35053 1 0.677727103233
51073 4 0.677544057369
51074 4 0.677544057369
29696 1 0.676471412182
29695 1 0.676471412182
23002 4 0.676124811172
23001 4 0.676124811172
58838 1 0.673041522503
58841 1 0.673041522503
58840 1 0.673041522503
58839 1 0.673041522503
58836 1 0.673041522503
58837 1 0.673041522503
11859 1 0.67282551527
11860 1 0.67282551527
14634 1 0.67215025425
8439 1 0.67188847065
8442 1 0.67188847065
8443 1 0.67188847065
8440 1 0.67188847065
8441 1 0.67188847065
8444 1 0.67188847065
81505 1 0.671279132366
81742 4 0.670850396156
81741 4 0.670850396156
713 1 0.667088985443
714 1 0.667088985443
20020 1 0.666752338409
20021 1 0.666752338409
4431 4 0.666236698627
4429 4 0.666236698627
63081 1 0.664829671383
63082 1 0.664829671383
6247 1 0.664676368237
84226 1 0.664655745029
12301 1 0.66415899992
12300 1 0.66415899992
74244 4 0.660766780376
74243 4 0.660766780376
74246 4 0.660766780376
74245 4 0.660766780376
33703 1 0.659769415855
67617 1 0.659769415855
33701 1 0.659769415855
31997 1 0.659769415855
67616 1 0.659769415855
42023 1 0.659608781338
42022 1 0.659608781338
62813 1 0.659453392029
3090 1 0.658069908619
3089 1 0.658069908619
25127 4 0.657616436481
25126 4 0.657616436481
30389 1 0.657533228397
30388 1 0.657533228397
13706 1 0.657158076763
13705 1 0.657158076763
32906 1 0.656961619854
32905 1 0.656961619854
33979 4 0.655880630016
51715 1 0.65511572361
51717 1 0.65511572361
60483 1 0.65486818552
60482 1 0.65486818552
71088 3 0.654837369919
7400 1 0.654001235962
55219 1 0.653663516045
55218 1 0.653663516045
49525 1 0.653613328934
49524 1 0.653613328934
81069 1 0.65279507637
81068 1 0.65279507637
36052 1 0.652206480503
36053 1 0.652206480503
632 1 0.651872992516
633 1 0.651872992516
630 1 0.651872992516
634 1 0.651872992516
631 1 0.651872992516
629 1 0.651872992516
40910 1 0.651163220406
40908 1 0.651163220406
6580 1 0.651163220406
6579 1 0.651163220406
40909 1 0.651163220406
16343 1 0.65108859539
16347 1 0.65108859539
75989 1 0.650837063789
75990 1 0.650837063789
32409 1 0.650683403015
32405 1 0.650683403015
32406 1 0.650683403015
32407 1 0.650683403015
32408 1 0.650683403015
32410 1 0.650683403015
32411 1 0.650683403015
32412 1 0.650683403015
32413 1 0.650683403015
32414 1 0.650683403015
32415 1 0.650683403015
56648 1 0.650399327278
56651 1 0.650399327278
56652 1 0.650399327278
56649 1 0.650399327278
56650 1 0.650399327278
70281 1 0.650112092495
70282 1 0.650112092495
86026 1 0.649554491043
86025 1 0.649554491043
65320 1 0.648871123791
84798 1 0.648871123791
84799 1 0.648871123791
84800 1 0.648871123791
65321 1 0.648871123791
84797 1 0.648871123791
4019 1 0.648094594479
4018 1 0.648094594479
70968 1 0.648058414459
70967 1 0.648058414459
37953 1 0.648004055023
37954 1 0.648004055023
62552 7 0.647831857204
62555 7 0.647831857204
62554 7 0.6478317976
62553 7 0.6478317976
62551 7 0.6478317976
62556 7 0.6478317976
77155 1 0.647676050663
77149 1 0.647676050663
80637 1 0.647478997707
80636 1 0.647478997707
54267 1 0.647291958332
54266 1 0.647291958332
69258 1 0.647240519524
69259 1 0.647240519524
69260 1 0.647240519524
69261 1 0.647240519524
69262 1 0.647240519524
69263 1 0.647240519524
17143 1 0.647194266319
17144 1 0.647194266319
76339 1 0.64675283432
76338 1 0.64675283432
76340 1 0.64675283432
76341 1 0.64675283432
5739 1 0.646749436855
5740 1 0.646749436855
55650 1 0.645050168037
55649 1 0.645050168037
55654 1 0.645050168037
55653 1 0.645050168037
55652 1 0.645050168037
55657 1 0.645050168037
55651 1 0.645050168037
55656 1 0.645050168037
55655 1 0.645050168037
55658 1 0.645050168037
55647 1 0.645050168037
55648 1 0.645050168037
23707 4 0.644217729568
15828 4 0.643736958504
7862 4 0.643736958504
7865 4 0.643736958504
15829 4 0.643736958504
6988 1 0.64371907711
6987 1 0.64371907711
70386 1 0.642351567745
70387 1 0.642351567745
21070 1 0.641275167465
32661 1 0.640951812267
32660 1 0.640951812267
25629 1 0.640586793423
25630 1 0.640586793423
90914 1 0.640120327473
90915 1 0.640120327473
90913 1 0.640120327473
90912 1 0.640120327473
10736 1 0.639699280262
85345 1 0.638336956501
85346 1 0.638336956501
49832 1 0.637512266636
49833 1 0.637512266636
38951 1 0.637376368046
38952 1 0.637376368046
25800 4 0.636765480042
23594 4 0.636644542217
23595 4 0.636644542217
68025 4 0.632595598698
68024 4 0.632595598698
62516 1 0.631891846657
62515 1 0.631891846657
77151 1 0.631603717804
77154 1 0.631603717804
77152 1 0.631603717804
90702 1 0.631516456604
90703 1 0.631516456604
35667 1 0.631394147873
35666 1 0.631394147873
1177 1 0.630965948105
1180 1 0.630965948105
54739 1 0.630922317505
54738 1 0.630922317505
41022 1 0.630525290966
41021 1 0.630525290966
32045 1 0.630089879036
32044 1 0.630089879036
37819 1 0.629280865192
18220 1 0.629043698311
18221 1 0.629043698311
72626 1 0.6289498806
72627 1 0.6289498806
72628 1 0.6289498806
18456 1 0.628949820995
90740 4 0.628718078136
5779 1 0.628574430943
5777 1 0.628574430943
45677 1 0.626683831215
45678 1 0.626683831215
45675 1 0.626683831215
45679 1 0.626683831215
15535 1 0.624433875084
15533 1 0.624433875084
15530 1 0.624433636665
15532 1 0.624433636665
15534 1 0.624433636665
15531 1 0.624433636665
57887 1 0.624386906624
57886 1 0.624386906624
80969 1 0.624089837074
80968 1 0.624089837074
64427 1 0.623265028
20944 1 0.622299492359
20953 1 0.622299492359
20948 1 0.622299492359
20945 1 0.622299492359
20946 1 0.622299492359
20943 1 0.622299492359
20947 1 0.622299492359
20950 1 0.622299492359
20956 1 0.622299492359
20957 1 0.622299492359
20960 1 0.622299492359
20954 1 0.622299492359
20959 1 0.622299492359
20952 1 0.622299492359
20958 1 0.622299492359
20951 1 0.622299492359
20955 1 0.62229937315
20949 1 0.62229937315
43979 1 0.621509253979
11367 4 0.619458377361
11368 4 0.619458377361
4536 4 0.619004309177
16154 1 0.618723988533
16153 1 0.618723988533
18109 1 0.618194162846
91099 1 0.617287039757
91098 1 0.617287039757
20314 1 0.617217123508
20315 1 0.617217123508
52820 7 0.61639124155
52821 7 0.61639124155
37258 1 0.614392995834
37261 1 0.614392995834
37260 1 0.614392995834
37259 1 0.614392995834
4057 1 0.613854825497
4058 1 0.613854825497
4059 1 0.613854825497
4056 1 0.613854825497
4049 1 0.613854765892
4048 1 0.613854765892
66235 1 0.613854110241
66234 1 0.613854110241
39201 1 0.613416314125
39200 1 0.613416314125
66753 1 0.612548470497
66754 1 0.612548470497
11380 1 0.610968828201
11383 1 0.610968828201
11381 1 0.610968828201
11384 1 0.610968828201
11382 1 0.610968828201
11385 1 0.610968828201
51898 1 0.610214948654
55445 1 0.60958391428
55446 1 0.60958391428
89210 1 0.608916342258
89209 1 0.608916342258
89212 1 0.608916342258
89213 1 0.608916342258
89214 1 0.608916342258
89211 1 0.608916342258
56567 4 0.608809828758
56566 4 0.608809828758
56568 4 0.608809828758
56569 4 0.608809828758
56570 4 0.608809828758
1282 1 0.60868871212
1283 1 0.60868871212
11121 4 0.607625126839
111 1 0.605036795139
113 1 0.605036795139
69853 4 0.604732751846
69852 4 0.604732751846
12177 1 0.604541242123
69095 4 0.604227006435
69097 4 0.604227006435
69096 4 0.604227006435
69098 4 0.604227006435
31296 1 0.603735506535
31297 1 0.603735506535
9303 1 0.603591680527
24363 1 0.603591680527
24364 1 0.603591680527
9298 1 0.603591680527
24362 1 0.603591680527
24361 1 0.603591680527
8714 4 0.603554546833
8715 4 0.603554546833
30208 4 0.603283047676
30207 4 0.603283047676
2517 1 0.602418005466
2518 1 0.602418005466
48373 4 0.601535379887
48370 4 0.601535379887
48371 4 0.601535379887
48372 4 0.601535379887
48369 4 0.601535379887
48374 4 0.601535379887
45533 1 0.601431667805
45545 1 0.601431667805
13920 1 0.601321876049
13919 1 0.601321876049
52236 1 0.600537538528
52237 1 0.600537538528
31380 1 0.600156009197
31379 1 0.600156009197
20798 1 0.600018978119
20796 1 0.600018978119
4064 1 0.59986269474
4063 1 0.59986269474
21142 1 0.599482953548
21141 1 0.599482953548
78371 1 0.598150908947
21666 1 0.597544074059
21667 1 0.597544074059
59334 1 0.596269726753
5197 1 0.595811188221
57650 7 0.593721449375
57651 7 0.593721449375
79502 4 0.592500805855
79503 4 0.592500805855
45980 1 0.592100262642
45979 1 0.592100262642
10512 4 0.590933978558
10509 4 0.590933978558
10508 4 0.590933859348
10513 4 0.590933859348
10511 4 0.590933859348
10510 4 0.590933859348
1947 1 0.590844213963
1948 1 0.590844213963
91521 1 0.590843498707
91523 1 0.590843498707
91522 1 0.590843498707
91520 1 0.590843498707
53703 1 0.589883804321
53698 1 0.589883804321
53702 1 0.589883804321
53699 1 0.589883804321
53700 1 0.589883804321
53701 1 0.589883804321
5139 1 0.589497327805
5138 1 0.589497327805
8503 1 0.589497208595
8504 1 0.589497208595
25764 1 0.587385952473
25763 1 0.587385952473
85392 1 0.586959719658
85396 1 0.586959719658
85395 1 0.586959719658
85394 1 0.586959719658
85393 1 0.586959719658
85391 1 0.586959719658
44282 1 0.585768640041
44285 1 0.585768640041
46052 1 0.585768520832
46051 1 0.585768520832
46050 1 0.585768520832
46049 1 0.585768520832
24379 4 0.585122585297
24380 4 0.585122585297
73354 1 0.584705710411
73353 1 0.584705710411
90821 1 0.584592163563
90822 1 0.584592163563
90823 1 0.584592163563
90824 1 0.584592163563
90825 1 0.584592163563
90826 1 0.584592163563
21503 1 0.58438372612
21502 1 0.58438372612
85503 1 0.584253013134
85504 1 0.584253013134
11536 1 0.583600282669
11535 1 0.583600282669
86310 1 0.58348095417
86309 1 0.58348095417
22177 4 0.583162903786
22176 4 0.583162903786
20203 1 0.58218318224
65528 1 0.581616163254
65529 1 0.581616163254
67405 3 0.581443965435
83999 1 0.579934895039
34222 1 0.579901993275
34223 1 0.579901993275
9967 1 0.579182505608
9965 1 0.579182505608
13544 1 0.579172492027
13545 1 0.579172492027
46672 1 0.577327311039
46673 1 0.577327311039
43219 1 0.577316224575
43217 1 0.577316224575
43216 1 0.577316224575
43212 1 0.577316224575
43215 1 0.577316224575
43213 1 0.577316224575
43214 1 0.577316224575
43218 1 0.577316224575
8911 1 0.577315688133
23366 1 0.577023923397
23365 1 0.577023923397
21225 1 0.576723515987
21226 1 0.576723515987
71281 1 0.576394975185
71280 1 0.576394975185
65193 1 0.57601082325
67124 1 0.575133860111
56107 1 0.574721693993
56108 1 0.574721693993
19758 1 0.573198139668
19757 1 0.573198139668
59898 1 0.571580827236
59897 1 0.571580827236
59893 1 0.571580827236
59896 1 0.571580827236
59894 1 0.571580827236
59895 1 0.571580827236
54 1 0.569999277592
53 1 0.569999277592
90060 1 0.569931209087
90061 1 0.569931209087
17095 1 0.569373071194
17096 1 0.569373071194
43053 1 0.56925368309
43054 1 0.56925368309
43163 1 0.569212734699
43164 1 0.569212734699
42423 1 0.569006502628
42425 1 0.569006502628
42422 1 0.569006502628
42424 1 0.569006502628
42426 1 0.569006502628
42228 4 0.568866670132
42227 4 0.568866670132
84960 4 0.56863707304
84959 4 0.56863707304
16501 1 0.568196177483
16499 1 0.568196177483
16500 1 0.568196177483
16502 1 0.568196177483
16503 1 0.568196177483
16504 1 0.568196177483
129 1 0.567740023136
27748 1 0.566380500793
43785 4 0.566140949726
43784 4 0.566140949726
58871 1 0.565994381905
58870 1 0.565994381905
46088 4 0.565825402737
46091 4 0.565825402737
46089 4 0.565825402737
46090 4 0.565825402737
46086 4 0.565825402737
46087 4 0.565825402737
33242 1 0.565614938736
33243 1 0.565614938736
20282 4 0.565200924873
20283 4 0.565200924873
54559 1 0.564785599709
54560 1 0.564785599709
54398 1 0.56363350153
54397 1 0.56363350153
9945 1 0.562820017338
41370 1 0.561312198639
41371 1 0.561312198639
41372 1 0.561312198639
41373 1 0.561312198639
41369 1 0.561312198639
41368 1 0.561312198639
58046 1 0.561065852642
58040 1 0.561065852642
58041 1 0.561065852642
58038 1 0.561065852642
58042 1 0.561065852642
58043 1 0.561065852642
58047 1 0.561065852642
58039 1 0.561065852642
58044 1 0.561065852642
58037 1 0.561065852642
58036 1 0.561065852642
58045 1 0.561065852642
58463 1 0.560728728771
58464 1 0.560728728771
62182 4 0.560604572296
62184 4 0.560604572296
62183 4 0.560604572296
62186 4 0.560604572296
62181 4 0.560604572296
62185 4 0.560604572296
83215 1 0.560030043125
83214 1 0.560030043125
38467 1 0.558462321758
38466 1 0.558462321758
13245 1 0.558236956596
13246 1 0.558236956596
13247 1 0.558236956596
13248 1 0.558236956596
28332 1 0.557545661926
28334 1 0.557545661926
28331 1 0.557545661926
28335 1 0.557545661926
28330 1 0.557545661926
28333 1 0.557545661926
88355 4 0.557080864906
27491 1 0.557016551495
27490 1 0.557016551495
48656 1 0.556887865067
48657 1 0.556887865067
32212 1 0.556517720222
32213 1 0.556517720222
32214 1 0.556517720222
32215 1 0.556517720222
15552 1 0.556280314922
89909 1 0.556159555912
89910 1 0.556159555912
52584 1 0.553840339184
13315 1 0.55317825079
13314 1 0.55317825079
60858 4 0.552919089794
4831 1 0.551839828491
4830 1 0.551839828491
47838 1 0.551007866859
47839 1 0.551007866859
18460 1 0.550988256931
18459 1 0.550988256931
66010 1 0.550041079521
34792 1 0.549510836601
34791 1 0.549510836601
19226 1 0.549319446087
19227 1 0.549319446087
34998 1 0.549074470997
34997 1 0.549074470997
63936 1 0.547591567039
63935 1 0.547591567039
87613 1 0.546792507172
87612 1 0.546792507172
65997 1 0.546029090881
65996 1 0.546029090881
65994 1 0.546029090881
65993 1 0.546029090881
65992 1 0.546029090881
65995 1 0.546029090881
82920 7 0.545611739159
82921 7 0.545611739159
49958 1 0.54514414072
49957 1 0.54514414072
19751 1 0.544997036457
19752 1 0.544997036457
57325 1 0.544134616852
57326 1 0.544134616852
57327 1 0.544134616852
57329 1 0.544134616852
57328 1 0.544134616852
57324 1 0.544134616852
17474 1 0.543816506863
17473 1 0.543816506863
8235 7 0.543651461601
8236 7 0.543651461601
20973 1 0.543273031712
20974 1 0.543273031712
29997 3 0.543077230453
29998 3 0.543077230453
28146 1 0.542072057724
28147 1 0.542072057724
50541 1 0.542012274265
56463 1 0.541779339314
56464 1 0.541779339314
24338 1 0.541022777557
24337 1 0.541022777557
56316 1 0.540911197662
56315 1 0.540911197662
89205 1 0.540453314781
89206 1 0.540453314781
76776 1 0.54014903307
76777 1 0.54014903307
7109 4 0.539912641048
30927 1 0.539306938648
30925 1 0.539306938648
42529 1 0.539306938648
42531 1 0.539306938648
42530 1 0.539306819439
42532 1 0.539306819439
37794 1 0.538489639759
37785 1 0.538489639759
32107 1 0.538489639759
32108 1 0.538489639759
3160 1 0.538427174091
3159 1 0.538427174091
75669 1 0.535825133324
75670 1 0.535825133324
40977 1 0.535568892956
40976 1 0.535568892956
17312 1 0.535463094711
17311 1 0.535463094711
36939 1 0.535124003887
17329 1 0.535124003887
36940 1 0.535124003887
17330 1 0.535124003887
36941 1 0.535124003887
2089 1 0.534171640873
90850 1 0.534171640873
90851 1 0.534171640873
90849 1 0.534171640873
2090 1 0.534171640873
90852 1 0.534171640873
1174 1 0.532681822777
1178 1 0.532681822777
72198 1 0.532418370247
72199 1 0.532418370247
80020 1 0.532416820526
32705 4 0.529776334763
32706 4 0.529776334763
48573 1 0.529306709766
5476 1 0.528818309307
5475 1 0.528818309307
89816 1 0.527670383453
89815 1 0.527670383453
90335 1 0.526480317116
90334 1 0.526480317116
11394 1 0.526129305363
41401 1 0.526129007339
35153 1 0.526129007339
41399 1 0.526129007339
58547 1 0.52612888813
58548 1 0.52612888813
58546 1 0.52612888813
58551 1 0.52612888813
58549 1 0.52612888813
58550 1 0.52612888813
21926 1 0.526126205921
21924 1 0.526126205921
21921 1 0.526126086712
21922 1 0.526126086712
21925 1 0.526126086712
21923 1 0.526126086712
2399 1 0.525973916054
2397 1 0.525973916054
2402 1 0.525973916054
2400 1 0.525973916054
2398 1 0.525973916054
2401 1 0.525973916054
12422 1 0.525193035603
12424 1 0.525193035603
90876 1 0.525120615959
90875 1 0.525120615959
57040 1 0.525068640709
57041 1 0.525068640709
68183 1 0.524530827999
68184 1 0.524530827999
4256 1 0.523505091667
4255 1 0.523505091667
12041 1 0.523504793644
12040 1 0.523504793644
12039 1 0.523504793644
12038 1 0.523504793644
4358 1 0.523421704769
4357 1 0.523421704769
4356 1 0.523421704769
4359 1 0.523421704769
4355 1 0.523421704769
4296 1 0.523290514946
4297 1 0.523290514946
2703 1 0.52275031805
2705 1 0.52275031805
54713 4 0.522668898106
54712 4 0.522668898106
1252 1 0.522641181946
1253 1 0.522641181946
47717 4 0.521794140339
47718 4 0.521794140339
42374 1 0.521560847759
42371 1 0.521560847759
76607 1 0.521560609341
76608 1 0.521560609341
76609 1 0.521560609341
76606 1 0.521560609341
4791 1 0.520198225975
4790 1 0.520198225975
23699 1 0.520122110844
23697 1 0.520122110844
23700 1 0.520121991634
23698 1 0.520121991634
42925 1 0.519570291042
42926 1 0.519570291042
17774 1 0.519084215164
17773 1 0.519084215164
45964 1 0.518691897392
45963 1 0.518691897392
58208 1 0.518614888191
58209 1 0.518614888191
6584 1 0.517689943314
6583 1 0.517689943314
43079 4 0.517422139645
4819 4 0.517422020435
43080 4 0.517422020435
4822 4 0.517422020435
48636 1 0.51726937294
48637 1 0.51726937294
50706 1 0.517268002033
50705 1 0.517268002033
91057 1 0.51560229063
91058 1 0.51560229063
79677 1 0.51544958353
79676 1 0.51544958353
5733 1 0.51465678215
5734 1 0.51465678215
5732 1 0.51465678215
5731 1 0.51465678215
5730 1 0.51465678215
50258 4 0.514444172382
50257 4 0.514444172382
25413 1 0.513966321945
25412 1 0.513966321945
74303 1 0.513062655926
74302 1 0.513062655926
25661 1 0.51284044981
25664 1 0.51284044981
25663 1 0.51284044981
25662 1 0.51284044981
25659 1 0.51284044981
25660 1 0.51284044981
90324 1 0.512060344219
90325 1 0.512060344219
90323 1 0.512060344219
90322 1 0.512060344219
1280 1 0.511014044285
1281 1 0.511014044285
41791 1 0.510885775089
41789 1 0.510885775089
41792 1 0.510885775089
41790 1 0.510885775089
9462 1 0.51088565588
9461 1 0.51088565588
2770 4 0.510870277882
2771 4 0.510870277882
2281 1 0.510792613029
2259 1 0.510792613029
72667 1 0.510792374611
72670 1 0.510792374611
72669 1 0.510792374611
72668 1 0.510792374611
3165 1 0.509604036808
3167 1 0.509604036808
3166 1 0.509604036808
3169 1 0.509604036808
3168 1 0.509603977203
3170 1 0.509603977203
74514 1 0.508158504963
74513 1 0.508158504963
82635 1 0.506876289845
82634 1 0.506876289845
83528 1 0.506586670876
83527 1 0.506586670876
89670 1 0.506068468094
89674 1 0.506068468094
89681 1 0.506068468094
89679 1 0.506068468094
89673 1 0.50595241785
89668 1 0.50595241785
89671 1 0.50595241785
89684 1 0.50595241785
89669 1 0.505952179432
89678 1 0.505952179432
32198 1 0.505171597004
32199 1 0.505171597004
20074 1 0.505017399788
20073 1 0.505017399788
88289 1 0.504916667938
88288 1 0.504916667938
89672 1 0.504541456699
89686 1 0.504541456699
89682 1 0.504541456699
89675 1 0.504541456699
44109 1 0.504197955132
44110 1 0.504197955132
30069 1 0.504144728184
30070 1 0.504144728184
64653 1 0.503733336926
4192 1 0.503214359283
78847 1 0.503079950809
78846 1 0.503079950809
66069 1 0.502870678902
66068 1 0.502870678902
69937 1 0.501748800278
69938 1 0.501748800278
641 1 0.501748800278
69936 1 0.501748561859
37714 1 0.501437306404
37715 1 0.501437306404
55193 1 0.501254081726
55194 1 0.501254081726
48361 4 0.501093685627
48362 4 0.501093685627
35407 1 0.50100839138
35408 1 0.50100839138
52209 1 0.500877678394
52208 1 0.500877678394
52210 1 0.500877678394
52212 1 0.500877678394
25773 1 0.500460743904
25772 1 0.500460743904
50429 4 0.500316917896
50428 4 0.500316917896
50546 4 0.500303328037
50547 4 0.500303328037
4583 1 0.499483644962
89687 1 0.49899828434
70944 1 0.49899828434
13119 1 0.49899828434
13120 1 0.49899828434
43893 1 0.49899828434
89677 1 0.49899828434
70942 1 0.49899828434
1669 1 0.49899828434
43894 1 0.49899828434
70941 1 0.49899828434
1667 1 0.49899828434
70946 1 0.49899828434
89685 1 0.498691648245
89676 1 0.498691648245
89683 1 0.498691648245
89680 1 0.498691648245
71570 1 0.497451454401
71571 1 0.497451454401
33933 1 0.496570795774
33934 1 0.496570795774
9877 1 0.496548801661
75739 7 0.49645909667
75740 7 0.49645909667
74463 4 0.496107071638
74464 4 0.496107071638
65165 1 0.495163798332
65163 1 0.495163798332
65164 1 0.495163798332
65166 1 0.49516376853
3163 1 0.494986742735
3164 1 0.494986742735
50239 4 0.494135797024
58833 1 0.493979901075
58832 1 0.493979901075
2704 1 0.49394646287
2706 1 0.49394646287
81103 1 0.493770867586
81104 1 0.493770867586
51711 1 0.493730455637
51712 1 0.493730455637
62532 1 0.493096888065
62531 1 0.493096888065
16534 1 0.492413431406
16533 1 0.492413431406
20965 1 0.49238294363
20966 1 0.49238294363
17919 1 0.492166787386
17916 1 0.492166787386
30544 7 0.492116481066
30545 7 0.492116481066
78389 1 0.491057783365
78390 1 0.491057783365
7051 1 0.49055108428
7052 1 0.49055108428
55970 1 0.489881813526
55969 1 0.489881813526
68650 1 0.489795446396
68649 1 0.489795446396
89190 4 0.489312410355
89189 4 0.489312410355
79825 1 0.489301264286
79824 1 0.489301264286
48440 1 0.489140808582
48441 1 0.489140808582
72882 1 0.488638401031
72881 1 0.488638401031
41886 7 0.488548338413
41885 7 0.488548338413
12623 1 0.488423675299
66774 1 0.488276898861
66773 1 0.488276898861
12176 4 0.487235486507
89197 4 0.486936867237
89198 4 0.486936867237
44727 7 0.486423611641
44726 7 0.486423611641
55168 4 0.485818088055
55167 4 0.485818088055
42393 1 0.485527455807
42392 1 0.485527455807
90707 1 0.485527306795
90706 1 0.485527306795
90705 1 0.485527306795
90704 1 0.485527306795
85005 4 0.485481828451
85006 4 0.485481828451
21916 1 0.485300809145
21915 1 0.485300809145
45121 1 0.48502612114
45122 1 0.48502612114
74797 1 0.483334422112
74798 1 0.483334422112
84967 4 0.483200132847
84968 4 0.483200132847
76234 4 0.483200013638
76235 4 0.483200013638
34217 1 0.483071297407
11203 1 0.48304566741
11204 1 0.48304566741
11857 1 0.482650339603
11856 1 0.482650339603
5676 1 0.482650220394
11858 1 0.482650220394
5684 1 0.482650220394
17608 4 0.482591181993
3831 1 0.482151061296
3830 1 0.482151061296
90386 1 0.481993734837
64048 4 0.481967717409
37406 1 0.481644690037
37405 1 0.481644690037
59030 1 0.481637358665
59029 1 0.481637358665
35926 1 0.481567949057
27592 1 0.481376349926
60594 1 0.481352865696
60593 1 0.481352865696
60597 1 0.481352865696
60598 1 0.481352865696
60595 1 0.481352865696
60596 1 0.481352865696
21551 1 0.479195535183
21550 1 0.479195535183
70612 1 0.478690505028
2972 1 0.477290630341
2973 1 0.477290630341
22980 1 0.47661074996
22979 1 0.47661074996
75118 1 0.475335389376
75119 1 0.475335389376
71547 1 0.47418987751
71546 1 0.47418987751
22238 1 0.473587065935
22237 1 0.473587065935
39181 1 0.472929537296
39180 1 0.472929537296
90321 1 0.472395837307
90318 1 0.472395837307
90319 1 0.472395837307
90320 1 0.472395837307
33782 7 0.468969017267
33781 7 0.468969017267
54021 1 0.467516303062
54020 1 0.467516303062
16371 1 0.467294514179
16370 1 0.467294514179
78488 3 0.465279608965
78489 3 0.465279608965
27052 3 0.465279489756
27054 3 0.465279489756
9369 3 0.465279489756
9370 3 0.465279489756
30308 1 0.464996635914
30307 1 0.464996635914
80463 1 0.464368015528
80464 1 0.464368015528
86493 1 0.464331120253
86492 1 0.464331120253
53921 1 0.464325398207
53920 1 0.464325398207
41099 1 0.464037925005
41100 1 0.464037925005
62098 4 0.46359449625
4201 1 0.463507413864
4200 1 0.463507413864
53844 1 0.460682988167
51311 1 0.457454174757
51312 1 0.457454174757
68175 1 0.45713147521
73711 3 0.457107037306
73712 3 0.457107037306
44905 1 0.456755101681
44903 1 0.456755101681
48907 1 0.456334769726
48908 1 0.456334769726
34995 1 0.453968167305
34996 1 0.453968167305
46201 1 0.453856915236
46200 1 0.453856915236
40405 1 0.452032208443
40406 1 0.452032208443
20350 1 0.451672285795
20349 1 0.451672285795
87762 1 0.451350778341
87761 1 0.451350778341
53363 1 0.451335728168
53362 1 0.451335728168
36880 1 0.449939370155
36879 1 0.449939370155
57451 1 0.448681414127
57452 1 0.448681414127
24999 1 0.444840192795
25000 1 0.444840192795
76916 1 0.442982554436
76917 1 0.442982554436
2153 1 0.442597687244
2155 1 0.442597687244
28772 1 0.440010666847
28771 1 0.440010666847
67684 7 0.439999461174
67683 7 0.439999461174
35709 1 0.439458876848
35708 1 0.439458876848
40655 1 0.439158290625
40654 1 0.439158290625
22043 1 0.439080685377
22042 1 0.439080685377
26386 7 0.437066853046
26387 7 0.437066853046
2558 1 0.436814755201
2557 1 0.436814755201
5699 1 0.436235517263
5698 1 0.436235517263
5700 1 0.436235517263
5697 1 0.436235517263
6859 1 0.434443593025
6849 1 0.434443593025
84935 1 0.433146119118
84936 1 0.433146119118
65787 1 0.432162731886
65786 1 0.432162731886
56415 1 0.431514978409
56416 1 0.431514978409
8562 1 0.429407536983
8564 1 0.429407536983
253 1 0.429407536983
8547 1 0.429407536983
47714 7 0.428972065449
47715 7 0.428972065449
68823 1 0.428583651781
68826 1 0.428583651781
68822 1 0.428583651781
68827 1 0.428583651781
68825 1 0.428583651781
68824 1 0.428583651781
7697 1 0.426822334528
7696 1 0.426822334528
64077 7 0.426252663136
83599 1 0.425833761692
9697 1 0.424772769213
9696 1 0.424772769213
62384 1 0.42455008626
62383 1 0.42455008626
572 1 0.423604696989
565 1 0.423604696989
16315 1 0.420931041241
16316 1 0.420931041241
69130 7 0.419643759727
69132 7 0.419643759727
69131 7 0.419643759727
69134 7 0.419643759727
69133 7 0.419643759727
69129 7 0.419643759727
76750 4 0.418744385242
76751 4 0.418744385242
89622 1 0.418172687292
89621 1 0.418172687292
29270 1 0.415046364069
29271 1 0.415046364069
3080 1 0.414483189583
3078 1 0.414483189583
12236 1 0.414483010769
12237 1 0.414483010769
72048 1 0.412158966064
43211 1 0.409895807505
55644 1 0.408905744553
55643 1 0.408905744553
78835 1 0.404819041491
78834 1 0.404819041491
83807 1 0.404819011688
83808 1 0.404819011688
83806 1 0.404819011688
32425 7 0.404616951942
32424 7 0.404616951942
81514 1 0.403299659491
81515 1 0.403299659491
47546 1 0.402694433928
47547 1 0.402694433928
38438 2 0.399149924517
38439 2 0.399149924517
34552 1 0.397661626339
34553 1 0.397661626339
5654 1 0.393220901489
5653 1 0.393220901489
49004 1 0.391317099333
49003 1 0.391317099333
10530 1 0.388815909624
6841 1 0.38072642684
6842 1 0.38072642684
7936 1 0.377383232117
7935 1 0.377383232117
66030 1 0.37316980958
66029 1 0.37316980958
62599 7 0.372635781765
62598 7 0.372635781765
21234 7 0.366443485022
21233 7 0.366443485022
81860 1 0.363050699234
81861 1 0.363050699234
25014 4 0.362386077642
25015 4 0.362386077642
48295 1 0.360855817795
48296 1 0.360855817795
1476 3 0.358744174242
1475 3 0.358744174242
24759 7 0.357760667801
24758 7 0.357760667801
11610 1 0.349997222424
11611 1 0.349997222424
48350 1 0.343358486891
48351 1 0.343358486891
81777 1 0.342803776264
81778 1 0.342803776264
59998 1 0.34193366766
23801 1 0.339651912451
23800 1 0.339651912451
29687 4 0.339251875877
29688 4 0.339251875877
72806 7 0.32136669755
72805 7 0.32136669755
5591 1 0.317501395941
5592 1 0.317501395941
4681 1 0.310402601957
4682 1 0.310402601957
14768 2 0.303002297878
14769 2 0.303002297878
49803 1 0.278049975634
49802 1 0.278049975634
53347 5 0.267240941525
53348 5 0.267240941525
5630 8 0.262768924236
5629 8 0.262768924236
