3227 1 0.95719742775
3226 1 0.95719742775
21388 1 0.949982583523
21389 1 0.949982583523
21386 1 0.949982583523
21390 1 0.949982583523
21387 1 0.949982523918
44360 1 0.932118177414
44361 1 0.932118177414
32216 1 0.925476014614
62165 1 0.925475955009
62164 1 0.925475955009
62163 1 0.925475955009
4932 1 0.919992506504
4930 1 0.919992506504
54605 1 0.919992387295
54604 1 0.919992387295
54603 1 0.919992387295
23091 4 0.916158139706
44291 4 0.910032808781
4891 1 0.900746762753
4892 1 0.900746762753
42023 1 0.899153530598
42022 1 0.899153530598
66591 1 0.899085462093
66592 1 0.899085462093
47716 4 0.897590816021
38451 1 0.89592730999
38450 1 0.89592730999
1748 1 0.88642168045
1749 1 0.88642168045
11804 4 0.873717367649
11802 4 0.873717367649
504 4 0.873717188835
11803 4 0.873717188835
11801 4 0.873717188835
505 4 0.873717188835
39200 1 0.87154841423
39201 1 0.87154841423
49 4 0.870507061481
50 4 0.870507061481
27489 4 0.870507001877
5796 4 0.866564631462
5797 4 0.866564631462
33118 1 0.865639388561
38798 4 0.862913966179
38799 4 0.862913966179
30831 4 0.862438559532
44109 1 0.856990396976
44110 1 0.856990396976
70547 1 0.855902552605
81507 1 0.855902433395
81506 1 0.855902433395
81508 1 0.855902433395
222 3 0.852198958397
227 3 0.852198958397
37936 1 0.851662933826
53931 1 0.8508695364
53930 1 0.8508695364
923 1 0.843090295792
924 1 0.843090295792
44307 4 0.841570496559
44306 4 0.841570496559
31176 4 0.841474950314
31175 4 0.841474950314
81358 3 0.834384560585
81359 3 0.834384560585
4429 4 0.83415967226
4431 4 0.83415967226
57242 1 0.833939313889
57243 1 0.833939313889
62813 1 0.829702436924
25416 1 0.827747881413
25417 1 0.827747881413
21695 1 0.826960265636
21694 1 0.826960265636
23373 4 0.821967720985
23375 4 0.821967720985
2273 1 0.818114936352
2284 1 0.818114936352
27051 4 0.81720918417
27050 4 0.81720918417
31972 4 0.816231489182
64041 1 0.814574897289
64040 1 0.814574897289
19645 1 0.808275341988
19644 1 0.808275341988
37713 1 0.808275282383
37712 1 0.808275282383
37711 1 0.808275282383
10137 4 0.807607293129
10823 4 0.805446147919
52508 4 0.805384516716
52507 4 0.805384516716
34665 4 0.805384516716
69853 4 0.803892016411
69852 4 0.803892016411
2771 4 0.802090406418
2770 4 0.802090406418
4536 4 0.802081227303
35410 1 0.8015422225
35409 1 0.8015422225
31428 4 0.800859153271
31427 4 0.800859153271
16347 1 0.800816178322
16343 1 0.800816178322
33979 4 0.797664284706
81098 1 0.797468602657
7109 4 0.796821415424
76197 4 0.796547830105
76196 4 0.796547830105
90740 4 0.793093502522
81755 1 0.792944014072
81756 1 0.792944014072
45981 1 0.792031526566
45982 1 0.792031526566
77149 1 0.790872812271
77155 1 0.790872812271
77150 1 0.790475726128
77148 1 0.790475726128
38852 1 0.790257930756
38853 1 0.790257930756
6758 1 0.790257930756
6757 1 0.790257930756
8324 1 0.790257930756
8325 1 0.790257930756
31380 1 0.787477731705
31379 1 0.787477731705
39763 4 0.786788523197
3156 1 0.786743938923
3155 1 0.786743938923
3154 1 0.786743938923
3153 1 0.786743938923
3152 1 0.786743938923
3151 1 0.786743938923
14082 4 0.782411336899
14081 4 0.782411336899
23594 4 0.78100913763
23595 4 0.78100913763
90702 1 0.778871774673
90703 1 0.778871774673
5364 3 0.777101278305
5363 3 0.777101278305
24859 3 0.777101278305
24858 3 0.777101278305
24857 3 0.777101278305
24856 3 0.777101278305
1960 1 0.773126959801
1959 1 0.773126959801
15532 1 0.771778523922
15535 1 0.771778523922
15531 1 0.771778523922
15530 1 0.771778523922
15533 1 0.771778523922
15534 1 0.771778523922
3093 1 0.770651161671
39068 1 0.770651161671
3091 1 0.770651161671
61922 1 0.770651161671
39069 1 0.770651161671
1031 1 0.770651161671
61921 1 0.770651161671
77338 1 0.770651161671
15183 1 0.770651161671
15181 1 0.770651161671
11879 1 0.770651161671
11880 1 0.770651161671
1034 1 0.770651161671
77347 1 0.770651161671
35687 1 0.770651161671
35690 1 0.770651161671
77342 1 0.770650982857
77336 1 0.770650982857
77340 1 0.770650982857
77339 1 0.770650982857
77335 1 0.770650982857
77337 1 0.770650982857
77341 1 0.770650982857
77345 1 0.770650982857
77348 1 0.770650982857
77346 1 0.770650982857
77343 1 0.770650982857
77344 1 0.770650982857
12106 1 0.770650565624
12107 1 0.770650565624
5507 1 0.770329236984
5508 1 0.770329236984
37173 4 0.765322029591
37172 4 0.765322029591
13538 1 0.763963162899
13539 1 0.763963162899
54621 1 0.76248639822
54622 1 0.76248639822
60763 4 0.760351896286
60764 4 0.760351896286
40915 1 0.759771585464
40916 1 0.759771585464
3066 1 0.758555173874
17773 1 0.757964551449
17774 1 0.757964551449
66234 1 0.756946980953
66235 1 0.756946980953
27049 4 0.755935490131
27048 4 0.755935490131
37258 1 0.755305886269
37259 1 0.755305886269
37260 1 0.755305886269
37261 1 0.755305886269
20974 1 0.753513872623
20973 1 0.753513872623
31372 1 0.749923229218
31371 1 0.749923229218
6580 1 0.747197628021
6579 1 0.747197628021
40909 1 0.747197568417
40908 1 0.747197568417
40910 1 0.747197568417
41720 1 0.746122121811
41719 1 0.746122121811
41718 1 0.746122121811
41721 1 0.746122121811
77154 1 0.745073497295
77151 1 0.745073497295
77152 1 0.744986474514
58840 1 0.742789328098
58836 1 0.742789328098
58837 1 0.742789328098
58838 1 0.742789328098
58841 1 0.742789328098
58839 1 0.742789328098
7608 1 0.742419302464
4750 1 0.742419302464
7604 1 0.742419302464
7607 1 0.742419302464
4751 1 0.742419302464
7610 1 0.742419302464
7609 1 0.742419302464
7611 1 0.742419302464
7605 1 0.742419302464
7606 1 0.742419302464
7603 1 0.742419302464
68488 1 0.741905093193
38642 1 0.739990830421
38643 1 0.739990830421
63462 1 0.737669110298
63461 1 0.737669110298
50258 4 0.737668573856
50257 4 0.737668573856
32045 1 0.735715687275
32044 1 0.735715687275
25127 4 0.735485911369
25126 4 0.735485911369
23553 1 0.735131025314
23552 1 0.735131025314
51591 1 0.734162628651
51592 1 0.734162628651
45335 1 0.732934355736
45334 1 0.732934355736
45533 1 0.732782185078
45545 1 0.732782185078
75989 1 0.732326924801
75990 1 0.732326924801
3089 1 0.731729149818
3090 1 0.731729149818
38232 1 0.728365659714
38227 1 0.728365659714
38230 1 0.728365659714
38229 1 0.728365659714
38231 1 0.7283654809
38228 1 0.7283654809
43202 1 0.72806841135
43201 1 0.72806841135
5011 1 0.727421343327
5010 1 0.727421343327
11367 4 0.72735440731
11368 4 0.72735440731
70388 4 0.72676897049
70389 4 0.72676897049
82587 1 0.725881278515
82586 1 0.725881278515
90375 1 0.725206434727
90374 1 0.725206434727
36698 1 0.723852574825
36697 1 0.723852574825
25630 1 0.721198439598
25629 1 0.721198439598
10518 4 0.721072077751
10516 4 0.721072077751
77569 4 0.721072077751
77568 4 0.721072077751
29696 1 0.719103455544
29695 1 0.719103455544
5355 1 0.717690110207
5356 1 0.717690110207
74411 1 0.71699398756
74410 1 0.71699398756
44180 4 0.715845644474
44178 4 0.715845644474
89674 1 0.711886167526
89681 1 0.711886167526
89679 1 0.711886167526
89670 1 0.711886167526
10736 1 0.711290597916
57329 1 0.709634661674
57328 1 0.709634661674
57324 1 0.709634661674
57327 1 0.709634661674
57325 1 0.709634661674
57326 1 0.709634661674
4447 4 0.705895245075
78324 1 0.705264747143
78322 1 0.705264747143
5197 1 0.703955173492
69050 1 0.703752100468
69051 1 0.703752100468
15829 4 0.70302259922
15828 4 0.70302259922
7862 4 0.70302259922
7865 4 0.70302259922
89212 1 0.702706813812
89210 1 0.702706813812
89211 1 0.702706813812
89209 1 0.702706813812
89213 1 0.702706813812
89214 1 0.702706813812
25413 1 0.70263004303
25412 1 0.70263004303
89671 1 0.700717329979
89684 1 0.700717329979
81741 4 0.700632274151
81742 4 0.700632274151
90915 1 0.70046132803
90913 1 0.70046132803
90914 1 0.70046132803
90912 1 0.70046132803
15997 1 0.700087547302
15998 1 0.700087547302
2259 1 0.699409663677
72669 1 0.699409663677
72670 1 0.699409663677
72667 1 0.699409663677
2281 1 0.699409663677
72668 1 0.699409663677
15233 4 0.697666704655
7160 3 0.697187960148
7159 3 0.697187960148
63601 4 0.696062982082
63602 4 0.696062982082
70883 4 0.695700347424
70884 4 0.695700347424
70882 4 0.695700347424
70885 4 0.695700347424
12789 4 0.695700228214
12788 4 0.695700228214
72602 1 0.694255650043
72603 1 0.694255650043
72601 1 0.694255650043
72600 1 0.694255650043
72599 1 0.694255650043
72598 1 0.694255650043
89669 1 0.692296624184
89678 1 0.692296624184
89668 1 0.69229644537
89673 1 0.69229644537
23374 4 0.691662073135
23376 4 0.691662073135
23370 4 0.691661953926
23371 4 0.691661953926
23372 4 0.691661953926
23369 4 0.691661953926
8517 4 0.691457509995
8518 4 0.691457509995
62098 4 0.690893411636
34693 3 0.690870523453
34695 3 0.690870523453
80798 1 0.690462529659
80797 1 0.690462529659
56570 4 0.689169108868
56569 4 0.689169108868
56568 4 0.689169108868
56567 4 0.689169108868
56566 4 0.689169108868
89686 1 0.688069462776
89682 1 0.688069462776
89672 1 0.688069462776
89675 1 0.688069462776
74246 4 0.687223434448
74245 4 0.687223434448
74244 4 0.687223434448
74243 4 0.687223434448
15700 1 0.687164783478
15699 1 0.687164783478
89177 1 0.687130212784
89176 1 0.687130212784
43894 1 0.687119364738
70941 1 0.687119364738
1667 1 0.687119364738
1669 1 0.687119364738
43893 1 0.687119364738
70944 1 0.687119364738
89683 1 0.686760544777
89676 1 0.686760544777
89680 1 0.686760544777
89685 1 0.686760544777
54543 1 0.686286389828
54544 1 0.686286389828
70942 1 0.685886323452
70946 1 0.685886323452
89687 1 0.685886085033
89677 1 0.685886085033
89730 1 0.685252547264
89731 1 0.685252547264
713 1 0.685197472572
714 1 0.685197472572
13119 1 0.684191405773
13120 1 0.684191405773
10511 4 0.683976888657
10508 4 0.683976888657
10513 4 0.683976888657
10510 4 0.683976888657
10512 4 0.683976769447
10509 4 0.683976769447
82833 1 0.683713078499
82832 1 0.683713078499
1948 1 0.68315666914
1947 1 0.68315666914
91523 1 0.683156251907
91520 1 0.683156251907
91521 1 0.683156251907
91522 1 0.683156251907
33675 1 0.682602286339
1522 1 0.681811749935
1520 1 0.681811749935
21667 1 0.68141746521
21666 1 0.68141746521
77259 1 0.68054908514
13679 4 0.679880201817
13677 4 0.679880201817
16462 4 0.679879486561
16461 4 0.679879486561
60336 4 0.679879486561
60335 4 0.679879486561
22237 1 0.679082632065
22238 1 0.679082632065
23002 4 0.678897082806
23001 4 0.678897082806
90826 1 0.678605139256
90825 1 0.678605139256
90824 1 0.678605139256
90823 1 0.678605139256
90822 1 0.678605139256
90821 1 0.678605139256
69095 4 0.675634205341
69098 4 0.675634205341
69096 4 0.675634205341
69097 4 0.675634205341
31366 1 0.675589859486
62493 1 0.674751222134
62494 1 0.674751222134
69262 1 0.674577772617
69258 1 0.674577772617
69259 1 0.674577772617
69260 1 0.674577772617
69261 1 0.674577772617
69263 1 0.674577772617
64825 4 0.673662781715
64824 4 0.673662781715
80350 4 0.671743988991
80351 4 0.671743988991
73757 1 0.671416401863
73756 1 0.671416401863
54397 1 0.670320868492
54398 1 0.670320868492
6987 1 0.670024514198
6988 1 0.670024514198
76866 4 0.669408261776
76867 4 0.669408261776
60739 4 0.66880941391
60738 4 0.66880941391
88938 1 0.667102575302
88937 1 0.667102575302
66754 1 0.6641690135
66753 1 0.6641690135
55446 1 0.663602888584
55445 1 0.663602888584
25938 1 0.663282692432
25939 1 0.663282692432
25941 1 0.663282692432
25937 1 0.663282692432
25936 1 0.663282692432
25940 1 0.663282692432
55167 4 0.662348806858
55168 4 0.662348806858
89198 4 0.661077558994
89197 4 0.661077558994
87338 1 0.6606990695
87339 1 0.6606990695
87340 1 0.6606990695
438 1 0.660698831081
437 1 0.660698831081
89692 1 0.659434318542
16018 1 0.659434318542
26968 1 0.659434318542
26967 1 0.659434318542
16017 1 0.659434318542
24776 1 0.659434318542
24774 1 0.659434318542
17916 1 0.659434318542
89693 1 0.659434318542
17919 1 0.659434318542
63273 1 0.659210920334
63272 1 0.659210920334
33781 1 0.658961176872
33782 1 0.658961176872
2560 4 0.6577886343
2559 4 0.6577886343
31081 1 0.65665435791
31080 1 0.65665435791
33308 1 0.65560734272
33309 1 0.65560734272
20283 4 0.655302703381
20282 4 0.655302703381
14634 1 0.65471559763
35407 1 0.654530882835
35408 1 0.654530882835
27656 1 0.654335021973
21743 1 0.653672158718
21744 1 0.653672158718
72206 4 0.653097033501
72207 4 0.653097033501
28462 1 0.652411818504
28460 1 0.652411818504
28457 1 0.652411818504
28461 1 0.652411818504
28458 1 0.652411818504
28459 1 0.652411818504
19272 4 0.652317106724
50241 1 0.651858568192
50240 1 0.651858568192
62573 1 0.651813387871
62572 1 0.651813387871
84960 4 0.651567816734
84959 4 0.651567816734
48347 4 0.650589048862
48346 4 0.650589048862
573 1 0.649241268635
568 1 0.649241268635
36054 4 0.647963523865
70938 1 0.647720634937
70937 1 0.647720634937
19246 1 0.647720634937
70945 1 0.647720634937
19247 1 0.647720634937
70939 1 0.647720634937
70940 1 0.647720634937
3910 1 0.647720634937
9945 1 0.647720634937
13817 1 0.647720634937
70943 1 0.647720634937
13819 1 0.647720634937
48369 4 0.647703826427
48370 4 0.647703826427
48371 4 0.647703826427
48372 4 0.647703826427
48373 4 0.647703826427
48374 4 0.647703826427
60858 4 0.646189808846
58061 1 0.645897984505
58062 1 0.645897984505
87904 1 0.645110964775
48540 1 0.644013524055
48539 1 0.644013524055
42422 1 0.643529593945
42425 1 0.643529593945
42426 1 0.643529593945
42423 1 0.643529593945
42424 1 0.643529593945
62544 1 0.643030464649
62543 1 0.643030464649
8237 1 0.641969740391
8238 1 0.641969740391
68641 1 0.641545653343
68642 1 0.641545653343
3689 1 0.641477942467
3690 1 0.641477942467
4846 1 0.641452491283
4847 1 0.641452491283
50186 3 0.640775620937
50187 3 0.640775620937
16345 1 0.640579104424
16341 1 0.640579104424
22547 1 0.639312803745
22549 1 0.639312803745
11040 1 0.638542056084
11041 1 0.638542056084
23557 4 0.638112902641
23556 4 0.638112902641
21503 1 0.637374520302
21502 1 0.637374520302
5687 1 0.637290477753
5686 1 0.637290477753
32595 1 0.636886954308
32596 1 0.636886954308
30767 3 0.636757016182
30777 3 0.636757016182
11859 1 0.636530637741
11860 1 0.636530637741
12117 1 0.635860979557
12116 1 0.635860979557
31297 1 0.634465277195
31296 1 0.634465277195
43892 1 0.634345471859
43891 1 0.634345471859
43890 1 0.634345471859
43888 1 0.634345471859
43887 1 0.634345471859
43889 1 0.634345471859
36505 1 0.633941888809
36504 1 0.633941888809
25586 1 0.632218718529
90034 1 0.631883919239
90035 1 0.631883919239
72198 1 0.631273388863
72199 1 0.631273388863
49524 1 0.630027472973
49525 1 0.630027472973
12720 1 0.629676043987
65434 4 0.628993749619
65431 4 0.628993749619
65432 4 0.628993749619
65433 4 0.628993749619
65430 4 0.628993749619
62992 1 0.62886762619
62993 1 0.62886762619
33106 1 0.628335058689
33107 1 0.628335058689
22177 4 0.627543866634
22176 4 0.627543866634
20292 1 0.627307295799
20295 1 0.627307295799
88355 4 0.627231001854
1014 1 0.626659452915
1013 1 0.626659452915
54739 1 0.626174509525
54738 1 0.626174509525
23356 1 0.625194251537
23357 1 0.625194251537
23358 1 0.625194251537
23353 1 0.625194251537
23354 1 0.625194251537
23355 1 0.625194251537
77157 1 0.623699367046
77153 1 0.623699367046
248 3 0.623623371124
249 3 0.623623371124
42228 4 0.622245311737
42227 4 0.622245311737
84226 1 0.621991693974
43079 4 0.621928095818
4819 4 0.621928095818
4822 4 0.621928095818
43080 4 0.621928095818
51717 1 0.621892392635
51715 1 0.621892392635
48361 4 0.621639966965
48362 4 0.621639966965
18435 1 0.619962990284
18436 1 0.619962990284
52598 1 0.619744718075
52597 1 0.619744718075
32452 4 0.619100928307
32450 4 0.619100928307
28666 1 0.618395745754
28665 1 0.618395745754
7199 1 0.618379175663
7200 1 0.618379175663
77162 1 0.618379056454
77164 1 0.618379056454
8441 1 0.617766916752
8444 1 0.617766916752
8443 1 0.617766916752
8439 1 0.617766916752
8440 1 0.617766916752
8442 1 0.617766916752
80637 1 0.617715895176
80636 1 0.617715895176
37767 1 0.617046773434
37769 1 0.617046773434
39162 1 0.617046773434
39166 1 0.617046773434
77161 1 0.617046713829
77163 1 0.617046713829
6961 1 0.616282463074
6962 1 0.616282463074
43163 1 0.616125583649
43164 1 0.616125583649
48846 1 0.614431798458
48845 1 0.614431798458
17043 1 0.613771617413
17042 1 0.613771617413
5739 1 0.613365769386
5740 1 0.613365769386
37761 1 0.612854003906
37762 1 0.612854003906
31299 1 0.612736523151
31298 1 0.612736523151
77158 1 0.610798001289
77160 1 0.610798001289
70612 1 0.610789418221
47547 1 0.610585272312
47546 1 0.610585272312
32706 4 0.610309660435
32705 4 0.610309660435
29333 1 0.609895646572
29331 1 0.609895646572
16424 3 0.609573662281
16425 3 0.609573662281
88606 4 0.60933059454
88607 4 0.60933059454
20021 1 0.609214782715
20020 1 0.609214782715
83793 1 0.607647061348
83792 1 0.607647061348
83791 1 0.607647061348
83790 1 0.607647061348
4926 1 0.607646822929
4929 1 0.607646822929
77156 1 0.607644021511
77159 1 0.607644021511
34791 1 0.607247292995
34792 1 0.607247292995
33097 4 0.607073664665
33096 4 0.607073664665
7935 1 0.606300830841
7936 1 0.606300830841
91035 4 0.606229066849
91036 4 0.606229066849
40614 1 0.605798721313
40612 1 0.605798721313
40611 1 0.605798721313
40613 1 0.605798721313
16915 1 0.605798721313
16914 1 0.605798721313
83777 4 0.605643212795
83778 4 0.605643212795
83779 4 0.605643212795
83781 4 0.605643212795
83780 4 0.605643212795
6706 1 0.605343282223
6704 1 0.605343282223
7261 1 0.60534286499
7262 1 0.60534286499
11394 1 0.604782581329
58548 1 0.60478246212
58546 1 0.60478246212
58547 1 0.60478246212
58549 1 0.60478246212
58550 1 0.60478246212
58551 1 0.60478246212
41401 1 0.604782342911
41399 1 0.604782342911
35153 1 0.604782342911
85345 1 0.604204237461
85346 1 0.604204237461
17143 1 0.601843595505
17144 1 0.601843595505
84967 4 0.601780593395
84968 4 0.601780593395
76235 4 0.601780533791
76234 4 0.601780533791
67406 1 0.60151386261
41021 1 0.60136705637
41022 1 0.60136705637
90875 1 0.60028386116
90876 1 0.60028386116
58333 1 0.599953174591
58332 1 0.599953174591
30207 4 0.59978801012
30208 4 0.59978801012
19924 4 0.599402308464
19923 4 0.599402308464
23366 1 0.59926700592
23365 1 0.59926700592
21023 1 0.598045647144
21020 1 0.598045647144
1909 1 0.597678601742
1910 1 0.597678601742
74575 4 0.597516953945
74576 4 0.597516953945
24177 1 0.597305476665
24181 1 0.597305476665
24176 1 0.597305476665
24178 1 0.597305476665
24179 1 0.597305476665
24180 1 0.597305476665
73354 1 0.596226632595
73353 1 0.596226632595
52211 1 0.59528195858
52213 1 0.59528195858
77958 1 0.595281898975
77960 1 0.595281898975
77961 1 0.595281898975
77962 1 0.595281898975
77953 1 0.595281898975
77954 1 0.595281898975
77955 1 0.595281898975
77956 1 0.595281898975
77957 1 0.595281898975
77959 1 0.595281898975
82767 1 0.594756603241
82768 1 0.594756603241
22473 1 0.594756364822
22461 1 0.594756364822
40123 4 0.594337284565
40124 4 0.594337284565
40121 4 0.594337284565
40120 4 0.594337284565
40122 4 0.594337284565
31155 1 0.593571782112
17691 1 0.592974126339
17692 1 0.592974126339
6572 4 0.592422544956
6571 4 0.592422544956
45965 1 0.592035770416
45966 1 0.592035770416
1476 3 0.591049432755
1475 3 0.591049432755
80405 3 0.590511500835
80406 3 0.590511500835
629 1 0.589674770832
630 1 0.589674770832
631 1 0.589674770832
632 1 0.589674770832
633 1 0.589674770832
634 1 0.589674770832
23707 4 0.589370012283
65166 1 0.589320600033
65165 1 0.589320480824
65164 1 0.589320480824
65163 1 0.589320480824
24514 1 0.587787568569
24513 1 0.587787568569
50446 1 0.58753567934
50445 1 0.58753567934
76834 1 0.587371647358
76838 1 0.587371647358
76840 1 0.587371647358
76836 1 0.587371647358
76841 1 0.587371647358
76837 1 0.587371647358
28521 1 0.587371647358
76835 1 0.587371647358
28519 1 0.587371647358
11944 1 0.587371647358
11943 1 0.587371647358
76839 1 0.587371647358
55218 1 0.587234139442
55219 1 0.587234139442
44281 1 0.586818277836
44284 1 0.586818277836
44285 1 0.586818277836
44286 1 0.586818277836
44283 1 0.586818277836
44282 1 0.586818277836
9965 1 0.585341870785
9967 1 0.585341870785
32 1 0.585210025311
31 1 0.585210025311
33 1 0.585210025311
34 1 0.585210025311
30 1 0.585209786892
1180 1 0.584586143494
1177 1 0.584586143494
66562 4 0.584040939808
66561 4 0.584040939808
77136 4 0.583525776863
77137 4 0.583525776863
4537 1 0.582805991173
4538 1 0.582805991173
2793 1 0.582669377327
2792 1 0.582669377327
64270 1 0.581658303738
64269 1 0.581658303738
78311 1 0.581658303738
78312 1 0.581658303738
78313 1 0.581658303738
78314 1 0.581658303738
88646 3 0.581349790096
88647 3 0.581349790096
60483 1 0.580613017082
60482 1 0.580613017082
12176 4 0.579172492027
35196 1 0.579136312008
35197 1 0.579136312008
41778 1 0.578919172287
7402 1 0.578919172287
41777 1 0.578918933868
41776 1 0.578918933868
4355 1 0.578846931458
4359 1 0.578846931458
4358 1 0.578846931458
4356 1 0.578846931458
4357 1 0.578846931458
25663 1 0.57689499855
25660 1 0.57689499855
25661 1 0.57689499855
25662 1 0.57689499855
25659 1 0.57689499855
25664 1 0.57689499855
1004 4 0.576214432716
1003 4 0.576214432716
71088 3 0.576175749302
19728 4 0.576143443584
19727 4 0.576143443584
35054 1 0.57566511631
35053 1 0.57566511631
21070 1 0.575240433216
13314 1 0.57417100668
13315 1 0.57417100668
52414 1 0.574017882347
52415 1 0.574017882347
74463 4 0.573883533478
74464 4 0.573883533478
12181 1 0.573290109634
12180 1 0.573290109634
129 1 0.572232484818
28146 1 0.572098433971
28147 1 0.572098433971
10333 4 0.571760356426
10336 4 0.571760356426
2090 1 0.571298182011
2089 1 0.571298182011
90852 1 0.571298062801
90851 1 0.571298062801
90850 1 0.571298062801
90849 1 0.571298062801
21142 1 0.57107180357
21141 1 0.57107180357
48073 3 0.570524215698
48072 3 0.570524215698
4292 1 0.569828927517
4293 1 0.569828927517
36940 1 0.569240391254
36941 1 0.569240391254
36939 1 0.569240391254
17329 1 0.56924033165
17330 1 0.56924033165
4674 1 0.568710386753
4676 1 0.568710386753
12543 1 0.568670213223
12542 1 0.568670213223
66010 1 0.567295253277
74798 1 0.566527366638
74797 1 0.566527366638
51898 1 0.56629049778
6726 1 0.565596878529
6725 1 0.565596878529
5892 1 0.565374076366
5893 1 0.565374076366
42530 1 0.564574420452
42529 1 0.564574420452
30925 1 0.564574420452
30927 1 0.564574420452
42531 1 0.564574420452
42532 1 0.564574420452
34908 4 0.564305901527
81505 1 0.564028382301
9697 1 0.563942492008
9696 1 0.563942492008
86294 1 0.562346696854
86293 1 0.562346696854
33775 1 0.562155604362
33780 1 0.562155604362
33776 1 0.562155604362
33777 1 0.562155604362
33779 1 0.562155604362
33778 1 0.562155604362
36053 1 0.561737179756
36052 1 0.561737179756
5777 1 0.560772955418
5779 1 0.560772955418
45342 1 0.560218989849
61312 4 0.560156583786
61313 4 0.560156583786
28649 1 0.559832274914
28650 1 0.559832274914
79092 1 0.559201419353
79094 1 0.559201419353
4296 1 0.558798789978
4297 1 0.558798789978
32905 1 0.558301448822
32906 1 0.558301448822
17608 4 0.557563841343
78834 1 0.557309627533
78835 1 0.557309627533
83806 1 0.557309448719
83808 1 0.557309448719
83807 1 0.557309448719
7400 1 0.556212365627
23324 4 0.555536806583
26647 1 0.554769039154
26644 1 0.554769039154
15305 1 0.553927898407
15304 1 0.553927898407
15742 4 0.553901672363
43257 1 0.553534150124
43256 1 0.553534150124
63936 1 0.553189098835
63935 1 0.553189098835
12301 1 0.552428007126
12300 1 0.552428007126
11058 1 0.552319467068
11059 1 0.552319467068
45979 1 0.551446914673
45980 1 0.551446914673
9003 4 0.551270842552
9002 4 0.551270842552
44187 4 0.551270782948
44186 4 0.551270782948
44185 4 0.551270782948
44184 4 0.551270782948
44183 4 0.551270782948
44182 4 0.551270782948
44181 4 0.551270782948
44179 4 0.551270782948
79677 1 0.551149308681
79676 1 0.551149308681
32808 1 0.550248146057
32807 1 0.550248146057
33980 4 0.55015784502
67505 1 0.549769222736
45121 1 0.549366533756
45122 1 0.549366533756
48155 3 0.54918974638
48154 3 0.54918974638
18456 1 0.548535764217
72626 1 0.548535704613
72627 1 0.548535704613
72628 1 0.548535704613
3822 4 0.546529710293
3821 4 0.546529710293
35597 1 0.546447098255
74062 3 0.54391425848
74061 3 0.54391425848
53 1 0.543797016144
54 1 0.543797016144
38952 1 0.542445480824
38951 1 0.542445480824
50424 4 0.541652500629
50425 4 0.541652500629
1919 4 0.540213406086
1920 4 0.540213406086
67139 1 0.539622843266
38092 1 0.539622843266
67140 1 0.539622843266
67141 1 0.539622843266
67138 1 0.539622843266
38093 1 0.539622843266
83999 1 0.539258599281
50429 4 0.539243638515
50428 4 0.539243638515
88686 4 0.539201259613
88687 4 0.539201259613
7052 1 0.53896522522
7051 1 0.53896522522
78847 1 0.53821849823
78846 1 0.53821849823
28551 1 0.537735581398
28552 1 0.537735581398
3718 1 0.537505269051
3719 1 0.537505269051
19748 1 0.537504553795
19747 1 0.537504553795
19745 1 0.537504553795
19746 1 0.537504553795
11535 1 0.53740888834
11536 1 0.53740888834
45266 4 0.53731316328
45267 4 0.53731316328
64427 1 0.536955833435
25800 4 0.536677360535
53698 1 0.536327838898
53703 1 0.536327838898
53699 1 0.536327838898
53700 1 0.536327838898
53701 1 0.536327838898
53702 1 0.536327838898
78371 1 0.536016464233
89910 1 0.53530472517
89909 1 0.53530472517
64639 1 0.534463763237
64638 1 0.534463763237
45934 4 0.534296691418
45933 4 0.534296691418
48677 1 0.534101724625
48676 1 0.534101724625
14871 1 0.533535540104
14869 1 0.533535540104
14868 1 0.533535540104
14867 1 0.533535540104
14866 1 0.533535540104
14870 1 0.533535540104
5476 1 0.532902121544
5475 1 0.532902121544
63197 3 0.532259523869
63198 3 0.532259523869
64208 3 0.531734406948
64207 3 0.531734406948
12977 4 0.530633568764
12980 4 0.530633568764
8467 1 0.530365586281
8468 1 0.530365586281
43979 1 0.530051112175
30750 3 0.529745578766
30749 3 0.529745578766
49003 1 0.528984308243
49004 1 0.528984308243
21226 1 0.527250468731
21225 1 0.527250468731
35926 1 0.527122318745
35980 4 0.526173055172
35981 4 0.526173055172
1526 4 0.525515675545
1527 4 0.525515675545
16533 1 0.525385439396
16534 1 0.525385439396
36494 1 0.525266051292
36501 1 0.525266051292
49833 1 0.524535000324
49832 1 0.524535000324
2153 1 0.524065554142
2155 1 0.524065554142
59702 4 0.523877978325
29271 1 0.523410260677
29270 1 0.523410260677
7319 1 0.523401558399
7320 1 0.523401558399
65786 1 0.52207505703
65787 1 0.52207505703
44244 1 0.521685540676
44243 1 0.521685540676
4412 1 0.521559536457
4411 1 0.521559536457
41100 1 0.521530687809
41099 1 0.521530687809
37715 1 0.520520031452
37714 1 0.520520031452
91626 4 0.520497739315
14604 2 0.520418167114
14602 2 0.520418167114
42569 4 0.520321249962
42570 4 0.520321249962
81514 1 0.520143449306
81515 1 0.520143449306
37819 1 0.518043458462
116 1 0.517655789852
34694 3 0.517551243305
30103 3 0.517551243305
30100 3 0.517551243305
34696 3 0.517551243305
18109 1 0.516618430614
86026 1 0.516549646854
86025 1 0.516549646854
66775 1 0.516396701336
66776 1 0.516396701336
19758 1 0.515825510025
19757 1 0.515825510025
68728 4 0.515784859657
7797 1 0.515647768974
7798 1 0.515647768974
50239 4 0.515028834343
89450 1 0.513294875622
89449 1 0.513294875622
57530 4 0.512640416622
57529 4 0.512640416622
50436 1 0.512510001659
62184 4 0.512059390545
62182 4 0.512059390545
62181 4 0.512059390545
62185 4 0.512059390545
62186 4 0.512059390545
62183 4 0.512059390545
17573 4 0.511999666691
68056 4 0.511431872845
85504 1 0.511126101017
85503 1 0.511126101017
42977 4 0.510512113571
42978 4 0.510512113571
65193 1 0.509770691395
21539 3 0.509597599506
21538 3 0.509597599506
53844 1 0.508900105953
54267 1 0.508234858513
54266 1 0.508234858513
70273 1 0.508083403111
70274 1 0.508083403111
85525 4 0.507265329361
85526 4 0.507265329361
50547 4 0.507020294666
50546 4 0.507020294666
80968 1 0.506876170635
80969 1 0.506876170635
27490 1 0.506157338619
27491 1 0.506157338619
56108 1 0.505582213402
56107 1 0.505582213402
7938 4 0.505177259445
7937 4 0.505177259445
54560 1 0.502984464169
54559 1 0.502984464169
64653 1 0.500989377499
84732 1 0.5005017519
84731 1 0.5005017519
9712 1 0.499760776758
90492 1 0.498843431473
90493 1 0.498843431473
85831 1 0.498591125011
85834 1 0.498591125011
1765 1 0.497947335243
1764 1 0.497947335243
82791 4 0.496961563826
82789 4 0.496961563826
82790 4 0.496961563826
47889 4 0.496961444616
47888 4 0.496961444616
74058 3 0.496896088123
74057 3 0.496896088123
74059 3 0.496896088123
74060 3 0.496896088123
67942 3 0.495423287153
67941 3 0.495423287153
67862 1 0.495253801346
67867 1 0.495253801346
67856 1 0.495253801346
67857 1 0.495253801346
67858 1 0.495253801346
67866 1 0.495253801346
67863 1 0.495253801346
67859 1 0.495253801346
67860 1 0.495253801346
67865 1 0.495253801346
67861 1 0.495253801346
67864 1 0.495253801346
58833 1 0.494887202978
58832 1 0.494887202978
40406 1 0.493880748749
40405 1 0.493880748749
43785 4 0.493245154619
43784 4 0.493245154619
87878 3 0.493227869272
87879 3 0.493227869272
25764 1 0.493191212416
25763 1 0.493191212416
4527 4 0.493171393871
4529 4 0.493171393871
10530 1 0.49298363924
71958 4 0.492780596018
71955 4 0.492780596018
71957 4 0.492780596018
71956 4 0.492780596018
55505 4 0.492780596018
55507 4 0.492780596018
1252 1 0.492776840925
1253 1 0.492776840925
67405 3 0.49228516221
9462 1 0.492161870003
41791 1 0.492161870003
41789 1 0.492161870003
41790 1 0.492161870003
9461 1 0.492161870003
41792 1 0.492161870003
46088 4 0.492136538029
46086 4 0.492136538029
46091 4 0.492136418819
46087 4 0.492136418819
46089 4 0.492136418819
46090 4 0.492136418819
80615 1 0.490789443254
80614 1 0.490789443254
23118 4 0.490761369467
23119 4 0.490761369467
48657 1 0.489037424326
48656 1 0.489037424326
39180 1 0.488530158997
39181 1 0.488530158997
59029 1 0.486650258303
59030 1 0.486650258303
16159 1 0.486254274845
16160 1 0.486254274845
9882 4 0.486119061708
9883 4 0.486119061708
1281 1 0.486045330763
1280 1 0.486045330763
58821 1 0.485286980867
58822 1 0.485286980867
58820 1 0.485286980867
58823 1 0.485286980867
58824 1 0.485286980867
58825 1 0.485286980867
15833 4 0.484932512045
15832 4 0.484932512045
19115 4 0.484932512045
19114 4 0.484932512045
71954 4 0.484932392836
71953 4 0.484932392836
64061 1 0.484484940767
64062 1 0.484484940767
21633 4 0.484461128712
21634 4 0.484461128712
21635 4 0.484461128712
21631 4 0.484461128712
21630 4 0.484461039305
21632 4 0.484461039305
79658 1 0.483854830265
79659 1 0.483854830265
85006 4 0.483437925577
85005 4 0.483437925577
51401 4 0.48338341713
51400 4 0.48338341713
3190 4 0.481477022171
3191 4 0.481477022171
10959 1 0.481033951044
10960 1 0.481033951044
82158 4 0.480598211288
82160 4 0.480598211288
82159 4 0.480598211288
82157 4 0.480598211288
8310 1 0.480564922094
21960 1 0.480564922094
8306 1 0.480564922094
17795 1 0.480564922094
17799 1 0.480564922094
21962 1 0.480564922094
35238 1 0.480564922094
35239 1 0.480564922094
20123 1 0.480564922094
20125 1 0.480564922094
15419 1 0.480564922094
15428 1 0.480564922094
63193 3 0.480145454407
63194 3 0.480145454407
63195 3 0.480145454407
63196 3 0.480145454407
3112 3 0.48014524579
3111 3 0.48014524579
13821 1 0.480117350817
13820 1 0.480117350817
13818 1 0.480117350817
13822 1 0.480117350817
54712 4 0.47922706604
54713 4 0.47922706604
48341 3 0.479129016399
48340 3 0.479129016399
48339 3 0.479129016399
48338 3 0.479129016399
48337 3 0.479129016399
46730 1 0.479013293982
42748 1 0.478921324015
42747 1 0.478921324015
6932 1 0.478651493788
6930 1 0.478651493788
83200 1 0.477751791477
83201 1 0.477751791477
79579 1 0.477665036917
79573 1 0.477665036917
79571 1 0.477665036917
79572 1 0.477665036917
79578 1 0.477665036917
79582 1 0.477665036917
79575 1 0.477665036917
79574 1 0.477665036917
79576 1 0.477665036917
79581 1 0.477665036917
79577 1 0.477665036917
79580 1 0.477665036917
9327 4 0.475248396397
9329 4 0.475248396397
58293 4 0.474804162979
58294 4 0.474804162979
58463 1 0.472597360611
58464 1 0.472597360611
17289 4 0.471316665411
17290 4 0.471316665411
80464 1 0.469683468342
80463 1 0.469683468342
50486 1 0.469682723284
50485 1 0.469682723284
33934 1 0.467966914177
33933 1 0.467966914177
111 1 0.465666264296
113 1 0.465666264296
76958 4 0.464951187372
76957 4 0.464951187372
37735 2 0.463847726583
37736 2 0.463847726583
70534 4 0.463635861874
70535 4 0.463635861874
70536 4 0.463635861874
70531 4 0.463635861874
70533 4 0.463635861874
70532 4 0.463635861874
63790 4 0.460960477591
63789 4 0.460960477591
56416 1 0.456365078688
56415 1 0.456365078688
47718 4 0.454884678125
47717 4 0.454884678125
16315 1 0.454220145941
16316 1 0.454220145941
8122 3 0.453206419945
8123 3 0.453206419945
29997 3 0.452495455742
29998 3 0.452495455742
17095 1 0.450458973646
17096 1 0.450458973646
49556 4 0.448498398066
2055 2 0.445899248123
2056 2 0.445899248123
11168 2 0.445059269667
11169 2 0.445059269667
38438 2 0.438577353954
38439 2 0.438577353954
90060 1 0.436931580305
90061 1 0.436931580305
3755 4 0.425773352385
3754 4 0.425773352385
73469 2 0.425020128489
73470 2 0.425020128489
44727 1 0.424954265356
44726 1 0.424954265356
49803 1 0.423018395901
49802 1 0.423018395901
3830 1 0.418818920851
3831 1 0.418818920851
5654 1 0.410238415003
5653 1 0.410238415003
62556 1 0.371892929077
62553 1 0.371892929077
62551 1 0.371892929077
62554 1 0.371892929077
62555 1 0.371892809868
62552 1 0.371892809868
65528 1 0.319656044245
65529 1 0.319656044245
