1.0 0.0
0.0 0.0
0.0769230769231 0.000577367205543
0.0714285714286 0.000577367205543
0.0666666666667 0.000577367205543
0.0625 0.000577367205543
0.0588235294118 0.000577367205543
0.0555555555556 0.000577367205543
0.0526315789474 0.000577367205543
0.1 0.00115473441109
0.0952380952381 0.00115473441109
0.0909090909091 0.00115473441109
0.0869565217391 0.00115473441109
0.0833333333333 0.00115473441109
0.12 0.00173210161663
0.115384615385 0.00173210161663
0.111111111111 0.00173210161663
0.107142857143 0.00173210161663
0.103448275862 0.00173210161663
0.1 0.00173210161663
0.0967741935484 0.00173210161663
0.09375 0.00173210161663
0.0909090909091 0.00173210161663
0.0882352941176 0.00173210161663
0.0857142857143 0.00173210161663
0.0833333333333 0.00173210161663
0.0810810810811 0.00173210161663
0.0789473684211 0.00173210161663
0.0769230769231 0.00173210161663
0.075 0.00173210161663
0.0731707317073 0.00173210161663
0.0714285714286 0.00173210161663
0.0697674418605 0.00173210161663
0.0681818181818 0.00173210161663
0.0666666666667 0.00173210161663
0.0652173913043 0.00173210161663
0.063829787234 0.00173210161663
0.0625 0.00173210161663
0.0816326530612 0.00230946882217
0.08 0.00230946882217
0.078431372549 0.00230946882217
0.0769230769231 0.00230946882217
0.0754716981132 0.00230946882217
0.0740740740741 0.00230946882217
0.0909090909091 0.00288683602771
0.0892857142857 0.00288683602771
0.0877192982456 0.00288683602771
0.0862068965517 0.00288683602771
0.0847457627119 0.00288683602771
0.0833333333333 0.00288683602771
0.0819672131148 0.00288683602771
0.0806451612903 0.00288683602771
0.0793650793651 0.00288683602771
0.078125 0.00288683602771
0.0769230769231 0.00288683602771
0.0757575757576 0.00288683602771
0.0746268656716 0.00288683602771
0.0735294117647 0.00288683602771
0.0724637681159 0.00288683602771
0.0714285714286 0.00288683602771
0.0704225352113 0.00288683602771
0.0694444444444 0.00288683602771
0.0684931506849 0.00288683602771
0.0675675675676 0.00288683602771
0.0666666666667 0.00288683602771
0.0657894736842 0.00288683602771
0.0649350649351 0.00288683602771
0.0641025641026 0.00288683602771
0.0632911392405 0.00288683602771
0.0625 0.00288683602771
0.0617283950617 0.00288683602771
0.0609756097561 0.00288683602771
0.0602409638554 0.00288683602771
0.0595238095238 0.00288683602771
0.0588235294118 0.00288683602771
0.0581395348837 0.00288683602771
0.0574712643678 0.00288683602771
0.0568181818182 0.00288683602771
0.0561797752809 0.00288683602771
0.0555555555556 0.00288683602771
0.0659340659341 0.00346420323326
0.0652173913043 0.00346420323326
0.0645161290323 0.00346420323326
0.063829787234 0.00346420323326
0.0631578947368 0.00346420323326
0.0625 0.00346420323326
0.0721649484536 0.0040415704388
0.0714285714286 0.0040415704388
0.0808080808081 0.00461893764434
0.09 0.00519630484988
0.0891089108911 0.00519630484988
0.0882352941176 0.00519630484988
0.0873786407767 0.00519630484988
0.0865384615385 0.00519630484988
0.0857142857143 0.00519630484988
0.0849056603774 0.00519630484988
0.0841121495327 0.00519630484988
0.0833333333333 0.00519630484988
0.0825688073394 0.00519630484988
0.0818181818182 0.00519630484988
0.0900900900901 0.00577367205543
0.0892857142857 0.00577367205543
0.0973451327434 0.00635103926097
0.0964912280702 0.00635103926097
0.095652173913 0.00635103926097
0.0948275862069 0.00635103926097
0.0940170940171 0.00635103926097
0.0932203389831 0.00635103926097
0.0924369747899 0.00635103926097
0.1 0.00692840646651
0.107438016529 0.00750577367206
0.114754098361 0.0080831408776
0.113821138211 0.0080831408776
0.120967741935 0.00866050808314
0.12 0.00866050808314
0.119047619048 0.00866050808314
0.11811023622 0.00866050808314
0.1171875 0.00866050808314
0.116279069767 0.00866050808314
0.123076923077 0.00923787528868
0.12213740458 0.00923787528868
0.128787878788 0.00981524249423
0.127819548872 0.00981524249423
0.126865671642 0.00981524249423
0.133333333333 0.0103926096998
0.132352941176 0.0103926096998
0.131386861314 0.0103926096998
0.130434782609 0.0103926096998
0.129496402878 0.0103926096998
0.128571428571 0.0103926096998
0.127659574468 0.0103926096998
0.12676056338 0.0103926096998
0.125874125874 0.0103926096998
0.131944444444 0.0109699769053
0.131034482759 0.0109699769053
0.130136986301 0.0109699769053
0.12925170068 0.0109699769053
0.128378378378 0.0109699769053
0.127516778523 0.0109699769053
0.133333333333 0.0115473441109
0.139072847682 0.0121247113164
0.144736842105 0.0127020785219
0.143790849673 0.0127020785219
0.142857142857 0.0127020785219
0.141935483871 0.0127020785219
0.141025641026 0.0127020785219
0.146496815287 0.0132794457275
0.151898734177 0.013856812933
0.150943396226 0.013856812933
0.15 0.013856812933
0.149068322981 0.013856812933
0.148148148148 0.013856812933
0.147239263804 0.013856812933
0.146341463415 0.013856812933
0.145454545455 0.013856812933
0.144578313253 0.013856812933
0.14371257485 0.013856812933
0.142857142857 0.013856812933
0.14201183432 0.013856812933
0.141176470588 0.013856812933
0.140350877193 0.013856812933
0.139534883721 0.013856812933
0.138728323699 0.013856812933
0.137931034483 0.013856812933
0.142857142857 0.0144341801386
0.142045454545 0.0144341801386
0.141242937853 0.0144341801386
0.140449438202 0.0144341801386
0.139664804469 0.0144341801386
0.138888888889 0.0144341801386
0.138121546961 0.0144341801386
0.142857142857 0.0150115473441
0.142076502732 0.0150115473441
0.141304347826 0.0150115473441
0.140540540541 0.0150115473441
0.139784946237 0.0150115473441
0.139037433155 0.0150115473441
0.13829787234 0.0150115473441
0.137566137566 0.0150115473441
0.136842105263 0.0150115473441
0.13612565445 0.0150115473441
0.135416666667 0.0150115473441
0.134715025907 0.0150115473441
0.134020618557 0.0150115473441
0.138461538462 0.0155889145497
0.137755102041 0.0155889145497
0.137055837563 0.0155889145497
0.136363636364 0.0155889145497
0.13567839196 0.0155889145497
0.135 0.0155889145497
0.134328358209 0.0155889145497
0.133663366337 0.0155889145497
0.133004926108 0.0155889145497
0.132352941176 0.0155889145497
0.131707317073 0.0155889145497
0.135922330097 0.0161662817552
0.135265700483 0.0161662817552
0.134615384615 0.0161662817552
0.133971291866 0.0161662817552
0.133333333333 0.0161662817552
0.132701421801 0.0161662817552
0.132075471698 0.0161662817552
0.131455399061 0.0161662817552
0.130841121495 0.0161662817552
0.13023255814 0.0161662817552
0.12962962963 0.0161662817552
0.129032258065 0.0161662817552
0.128440366972 0.0161662817552
0.127853881279 0.0161662817552
0.127272727273 0.0161662817552
0.126696832579 0.0161662817552
0.126126126126 0.0161662817552
0.125560538117 0.0161662817552
0.125 0.0161662817552
0.124444444444 0.0161662817552
0.12389380531 0.0161662817552
0.123348017621 0.0161662817552
0.122807017544 0.0161662817552
0.122270742358 0.0161662817552
0.121739130435 0.0161662817552
0.121212121212 0.0161662817552
0.120689655172 0.0161662817552
0.12017167382 0.0161662817552
0.119658119658 0.0161662817552
0.11914893617 0.0161662817552
0.118644067797 0.0161662817552
0.118143459916 0.0161662817552
0.117647058824 0.0161662817552
0.117154811715 0.0161662817552
0.116666666667 0.0161662817552
0.120331950207 0.0167436489607
0.119834710744 0.0167436489607
0.119341563786 0.0167436489607
0.118852459016 0.0167436489607
0.118367346939 0.0167436489607
0.117886178862 0.0167436489607
0.117408906883 0.0167436489607
0.116935483871 0.0167436489607
0.116465863454 0.0167436489607
0.116 0.0167436489607
0.115537848606 0.0167436489607
0.115079365079 0.0167436489607
0.114624505929 0.0167436489607
0.114173228346 0.0167436489607
0.113725490196 0.0167436489607
0.11328125 0.0167436489607
0.112840466926 0.0167436489607
0.112403100775 0.0167436489607
0.111969111969 0.0167436489607
0.111538461538 0.0167436489607
0.111111111111 0.0167436489607
0.110687022901 0.0167436489607
0.110266159696 0.0167436489607
0.109848484848 0.0167436489607
0.109433962264 0.0167436489607
0.109022556391 0.0167436489607
0.10861423221 0.0167436489607
0.111940298507 0.0173210161663
0.111524163569 0.0173210161663
0.111111111111 0.0173210161663
0.110701107011 0.0173210161663
0.110294117647 0.0173210161663
0.10989010989 0.0173210161663
0.109489051095 0.0173210161663
0.109090909091 0.0173210161663
0.108695652174 0.0173210161663
0.111913357401 0.0178983833718
0.111510791367 0.0178983833718
0.111111111111 0.0178983833718
0.110714285714 0.0178983833718
0.110320284698 0.0178983833718
0.109929078014 0.0178983833718
0.109540636042 0.0178983833718
0.109154929577 0.0178983833718
0.108771929825 0.0178983833718
0.108391608392 0.0178983833718
0.108013937282 0.0178983833718
0.107638888889 0.0178983833718
0.107266435986 0.0178983833718
0.106896551724 0.0178983833718
0.109965635739 0.0184757505774
0.109589041096 0.0184757505774
0.112627986348 0.0190531177829
0.112244897959 0.0190531177829
0.11186440678 0.0190531177829
0.111486486486 0.0190531177829
0.111111111111 0.0190531177829
0.110738255034 0.0190531177829
0.110367892977 0.0190531177829
0.11 0.0190531177829
0.112956810631 0.0196304849885
0.112582781457 0.0196304849885
0.112211221122 0.0196304849885
0.111842105263 0.0196304849885
0.111475409836 0.0196304849885
0.111111111111 0.0196304849885
0.110749185668 0.0196304849885
0.11038961039 0.0196304849885
0.11003236246 0.0196304849885
0.109677419355 0.0196304849885
0.109324758842 0.0196304849885
0.108974358974 0.0196304849885
0.108626198083 0.0196304849885
0.108280254777 0.0196304849885
0.107936507937 0.0196304849885
0.107594936709 0.0196304849885
0.107255520505 0.0196304849885
0.106918238994 0.0196304849885
0.1065830721 0.0196304849885
0.10625 0.0196304849885
0.105919003115 0.0196304849885
0.105590062112 0.0196304849885
0.105263157895 0.0196304849885
0.104938271605 0.0196304849885
0.104615384615 0.0196304849885
0.104294478528 0.0196304849885
0.103975535168 0.0196304849885
0.103658536585 0.0196304849885
0.103343465046 0.0196304849885
0.10303030303 0.0196304849885
0.102719033233 0.0196304849885
0.102409638554 0.0196304849885
0.102102102102 0.0196304849885
0.101796407186 0.0196304849885
0.101492537313 0.0196304849885
0.10119047619 0.0196304849885
0.100890207715 0.0196304849885
0.100591715976 0.0196304849885
0.103244837758 0.020207852194
0.105882352941 0.0207852193995
0.105571847507 0.0207852193995
0.108187134503 0.0213625866051
0.107871720117 0.0213625866051
0.107558139535 0.0213625866051
0.107246376812 0.0213625866051
0.106936416185 0.0213625866051
0.106628242075 0.0213625866051
0.10632183908 0.0213625866051
0.106017191977 0.0213625866051
0.105714285714 0.0213625866051
0.105413105413 0.0213625866051
0.105113636364 0.0213625866051
0.104815864023 0.0213625866051
0.104519774011 0.0213625866051
0.104225352113 0.0213625866051
0.10393258427 0.0213625866051
0.103641456583 0.0213625866051
0.103351955307 0.0213625866051
0.103064066852 0.0213625866051
0.102777777778 0.0213625866051
0.102493074792 0.0213625866051
0.102209944751 0.0213625866051
0.101928374656 0.0213625866051
0.101648351648 0.0213625866051
0.101369863014 0.0213625866051
0.101092896175 0.0213625866051
0.100817438692 0.0213625866051
0.100543478261 0.0213625866051
0.10027100271 0.0213625866051
0.1 0.0213625866051
0.099730458221 0.0213625866051
0.0994623655914 0.0213625866051
0.0991957104558 0.0213625866051
0.0989304812834 0.0213625866051
0.0986666666667 0.0213625866051
0.0984042553191 0.0213625866051
0.0981432360743 0.0213625866051
0.0978835978836 0.0213625866051
0.0976253298153 0.0213625866051
0.0973684210526 0.0213625866051
0.0971128608924 0.0213625866051
0.0968586387435 0.0213625866051
0.0966057441253 0.0213625866051
0.0963541666667 0.0213625866051
0.0961038961039 0.0213625866051
0.0958549222798 0.0213625866051
0.0956072351421 0.0213625866051
0.0953608247423 0.0213625866051
0.0951156812339 0.0213625866051
0.0948717948718 0.0213625866051
0.0946291560102 0.0213625866051
0.094387755102 0.0213625866051
0.0941475826972 0.0213625866051
0.0939086294416 0.0213625866051
0.0962025316456 0.0219399538106
0.0984848484848 0.0225173210162
0.100755667506 0.0230946882217
0.100502512563 0.0230946882217
0.100250626566 0.0230946882217
0.1 0.0230946882217
0.102244389027 0.0236720554273
0.101990049751 0.0236720554273
0.101736972705 0.0236720554273
0.101485148515 0.0236720554273
0.101234567901 0.0236720554273
0.100985221675 0.0236720554273
0.100737100737 0.0236720554273
0.100490196078 0.0236720554273
0.100244498778 0.0236720554273
0.10243902439 0.0242494226328
0.102189781022 0.0242494226328
0.101941747573 0.0242494226328
0.101694915254 0.0242494226328
0.101449275362 0.0242494226328
0.101204819277 0.0242494226328
0.100961538462 0.0242494226328
0.10071942446 0.0242494226328
0.1004784689 0.0242494226328
0.100238663484 0.0242494226328
0.1 0.0242494226328
0.0997624703088 0.0242494226328
0.0995260663507 0.0242494226328
0.0992907801418 0.0242494226328
0.0990566037736 0.0242494226328
0.0988235294118 0.0242494226328
0.0985915492958 0.0242494226328
0.0983606557377 0.0242494226328
0.0981308411215 0.0242494226328
0.0979020979021 0.0242494226328
0.0976744186047 0.0242494226328
0.0974477958237 0.0242494226328
0.0972222222222 0.0242494226328
0.0969976905312 0.0242494226328
0.0967741935484 0.0242494226328
0.0965517241379 0.0242494226328
0.0963302752294 0.0242494226328
0.0961098398169 0.0242494226328
0.0958904109589 0.0242494226328
0.0956719817768 0.0242494226328
0.0954545454545 0.0242494226328
0.0952380952381 0.0242494226328
0.0950226244344 0.0242494226328
0.097065462754 0.0248267898383
0.0968468468468 0.0248267898383
0.0966292134831 0.0248267898383
0.0964125560538 0.0248267898383
0.0961968680089 0.0248267898383
0.0982142857143 0.0254041570439
0.097995545657 0.0254041570439
0.1 0.0259815242494
0.09977827051 0.0259815242494
0.0995575221239 0.0259815242494
0.0993377483444 0.0259815242494
0.0991189427313 0.0259815242494
0.0989010989011 0.0259815242494
0.0986842105263 0.0259815242494
0.0984682713348 0.0259815242494
0.100436681223 0.026558891455
0.100217864924 0.026558891455
0.1 0.026558891455
0.0997830802603 0.026558891455
0.0995670995671 0.026558891455
0.0993520518359 0.026558891455
0.0991379310345 0.026558891455
0.0989247311828 0.026558891455
0.0987124463519 0.026558891455
0.0985010706638 0.026558891455
0.0982905982906 0.026558891455
0.100213219616 0.0271362586605
0.1 0.0271362586605
0.0997876857749 0.0271362586605
0.0995762711864 0.0271362586605
0.0993657505285 0.0271362586605
0.0991561181435 0.0271362586605
0.0989473684211 0.0271362586605
0.0987394957983 0.0271362586605
0.0985324947589 0.0271362586605
0.0983263598326 0.0271362586605
0.098121085595 0.0271362586605
0.0979166666667 0.0271362586605
0.0977130977131 0.0271362586605
0.097510373444 0.0271362586605
0.0973084886128 0.0271362586605
0.0971074380165 0.0271362586605
0.0969072164948 0.0271362586605
0.09670781893 0.0271362586605
0.0965092402464 0.0271362586605
0.0963114754098 0.0271362586605
0.0961145194274 0.0271362586605
0.0959183673469 0.0271362586605
0.0957230142566 0.0271362586605
0.0955284552846 0.0271362586605
0.0953346855984 0.0271362586605
0.0951417004049 0.0271362586605
0.0949494949495 0.0271362586605
0.0947580645161 0.0271362586605
0.0945674044266 0.0271362586605
0.0943775100402 0.0271362586605
0.0941883767535 0.0271362586605
0.094 0.0271362586605
0.0938123752495 0.0271362586605
0.093625498008 0.0271362586605
0.0934393638171 0.0271362586605
0.093253968254 0.0271362586605
0.0930693069307 0.0271362586605
0.0928853754941 0.0271362586605
0.0927021696252 0.0271362586605
0.0925196850394 0.0271362586605
0.0923379174853 0.0271362586605
0.0921568627451 0.0271362586605
0.0919765166341 0.0271362586605
0.09375 0.0277136258661
0.093567251462 0.0277136258661
0.0933852140078 0.0277136258661
0.0932038834951 0.0277136258661
0.093023255814 0.0277136258661
0.0928433268859 0.0277136258661
0.0926640926641 0.0277136258661
0.0924855491329 0.0277136258661
0.0923076923077 0.0277136258661
0.0921305182342 0.0277136258661
0.0919540229885 0.0277136258661
0.0917782026769 0.0277136258661
0.0916030534351 0.0277136258661
0.0914285714286 0.0277136258661
0.0912547528517 0.0277136258661
0.0910815939279 0.0277136258661
0.0909090909091 0.0277136258661
0.0907372400756 0.0277136258661
0.0905660377358 0.0277136258661
0.090395480226 0.0277136258661
0.0921052631579 0.0282909930716
0.0919324577861 0.0282909930716
0.0917602996255 0.0282909930716
0.0934579439252 0.0288683602771
0.0932835820896 0.0288683602771
0.0931098696462 0.0288683602771
0.092936802974 0.0288683602771
0.0927643784787 0.0288683602771
0.0925925925926 0.0288683602771
0.0924214417745 0.0288683602771
0.0922509225092 0.0288683602771
0.0920810313076 0.0288683602771
0.0919117647059 0.0288683602771
0.0917431192661 0.0288683602771
0.0915750915751 0.0288683602771
0.091407678245 0.0288683602771
0.0912408759124 0.0288683602771
0.0910746812386 0.0288683602771
0.0927272727273 0.0294457274827
0.0925589836661 0.0294457274827
0.0942028985507 0.0300230946882
0.0940325497288 0.0300230946882
0.0938628158845 0.0300230946882
0.0936936936937 0.0300230946882
0.0935251798561 0.0300230946882
0.0933572710952 0.0300230946882
0.0931899641577 0.0300230946882
0.093023255814 0.0300230946882
0.0928571428571 0.0300230946882
0.0926916221034 0.0300230946882
0.0925266903915 0.0300230946882
0.0923623445826 0.0300230946882
0.0921985815603 0.0300230946882
0.0920353982301 0.0300230946882
0.0918727915194 0.0300230946882
0.0917107583774 0.0300230946882
0.0915492957746 0.0300230946882
0.091388400703 0.0300230946882
0.0912280701754 0.0300230946882
0.092819614711 0.0306004618938
0.0944055944056 0.0311778290993
0.0942408376963 0.0311778290993
0.0940766550523 0.0311778290993
0.0939130434783 0.0311778290993
0.09375 0.0311778290993
0.0953206239168 0.0317551963048
0.0951557093426 0.0317551963048
0.0949913644214 0.0317551963048
0.0948275862069 0.0317551963048
0.0946643717728 0.0317551963048
0.0945017182131 0.0317551963048
0.0943396226415 0.0317551963048
0.0941780821918 0.0317551963048
0.0940170940171 0.0317551963048
0.0938566552901 0.0317551963048
0.0936967632027 0.0317551963048
0.093537414966 0.0317551963048
0.0933786078098 0.0317551963048
0.0932203389831 0.0317551963048
0.093062605753 0.0317551963048
0.0929054054054 0.0317551963048
0.0927487352445 0.0317551963048
0.0925925925926 0.0317551963048
0.0924369747899 0.0317551963048
0.0922818791946 0.0317551963048
0.0921273031826 0.0317551963048
0.0919732441472 0.0317551963048
0.0918196994992 0.0317551963048
0.0916666666667 0.0317551963048
0.0931780366057 0.0323325635104
0.093023255814 0.0323325635104
0.0928689883914 0.0323325635104
0.0927152317881 0.0323325635104
0.0925619834711 0.0323325635104
0.0924092409241 0.0323325635104
0.0922570016474 0.0323325635104
0.0921052631579 0.0323325635104
0.0919540229885 0.0323325635104
0.0918032786885 0.0323325635104
0.0916530278232 0.0323325635104
0.0915032679739 0.0323325635104
0.0913539967374 0.0323325635104
0.0928338762215 0.0329099307159
0.0926829268293 0.0329099307159
0.0925324675325 0.0329099307159
0.0923824959481 0.0329099307159
0.0922330097087 0.0329099307159
0.092084006462 0.0329099307159
0.091935483871 0.0329099307159
0.0917874396135 0.0329099307159
0.0916398713826 0.0329099307159
0.091492776886 0.0329099307159
0.0913461538462 0.0329099307159
0.0912 0.0329099307159
0.091054313099 0.0329099307159
0.0909090909091 0.0329099307159
0.0907643312102 0.0329099307159
0.0906200317965 0.0329099307159
0.0904761904762 0.0329099307159
0.0903328050713 0.0329099307159
0.0901898734177 0.0329099307159
0.0900473933649 0.0329099307159
0.089905362776 0.0329099307159
0.0897637795276 0.0329099307159
0.0896226415094 0.0329099307159
0.0894819466248 0.0329099307159
0.08934169279 0.0329099307159
0.0892018779343 0.0329099307159
0.0890625 0.0329099307159
0.0889235569423 0.0329099307159
0.088785046729 0.0329099307159
0.0886469673406 0.0329099307159
0.0885093167702 0.0329099307159
0.0883720930233 0.0329099307159
0.0882352941176 0.0329099307159
0.0880989180835 0.0329099307159
0.087962962963 0.0329099307159
0.0878274268105 0.0329099307159
0.0876923076923 0.0329099307159
0.0875576036866 0.0329099307159
0.0874233128834 0.0329099307159
0.0888208269525 0.0334872979215
0.0886850152905 0.0334872979215
0.0885496183206 0.0334872979215
0.0884146341463 0.0334872979215
0.0882800608828 0.0334872979215
0.0881458966565 0.0334872979215
0.0880121396055 0.0334872979215
0.0878787878788 0.0334872979215
0.0877458396369 0.0334872979215
0.0876132930514 0.0334872979215
0.0874811463047 0.0334872979215
0.0873493975904 0.0334872979215
0.0872180451128 0.0334872979215
0.0870870870871 0.0334872979215
0.0869565217391 0.0334872979215
0.0868263473054 0.0334872979215
0.0866965620329 0.0334872979215
0.0865671641791 0.0334872979215
0.0864381520119 0.0334872979215
0.0863095238095 0.0334872979215
0.0861812778603 0.0334872979215
0.0860534124629 0.0334872979215
0.0859259259259 0.0334872979215
0.085798816568 0.0334872979215
0.0856720827179 0.0334872979215
0.0855457227139 0.0334872979215
0.0868924889543 0.034064665127
0.0867647058824 0.034064665127
0.0881057268722 0.0346420323326
0.0879765395894 0.0346420323326
0.0878477306003 0.0346420323326
0.0877192982456 0.0346420323326
0.0875912408759 0.0346420323326
0.0874635568513 0.0346420323326
0.0873362445415 0.0346420323326
0.0872093023256 0.0346420323326
0.0870827285922 0.0346420323326
0.0869565217391 0.0346420323326
0.0868306801737 0.0346420323326
0.0867052023121 0.0346420323326
0.0865800865801 0.0346420323326
0.0864553314121 0.0346420323326
0.0863309352518 0.0346420323326
0.0862068965517 0.0346420323326
0.0860832137733 0.0346420323326
0.0859598853868 0.0346420323326
0.0858369098712 0.0346420323326
0.0857142857143 0.0346420323326
0.0855920114123 0.0346420323326
0.0854700854701 0.0346420323326
0.0853485064011 0.0346420323326
0.0852272727273 0.0346420323326
0.0851063829787 0.0346420323326
0.0849858356941 0.0346420323326
0.0848656294201 0.0346420323326
0.0847457627119 0.0346420323326
0.0846262341326 0.0346420323326
0.0845070422535 0.0346420323326
0.084388185654 0.0346420323326
0.0842696629213 0.0346420323326
0.0841514726508 0.0346420323326
0.0840336134454 0.0346420323326
0.0839160839161 0.0346420323326
0.0837988826816 0.0346420323326
0.0836820083682 0.0346420323326
0.08356545961 0.0346420323326
0.0834492350487 0.0346420323326
0.0833333333333 0.0346420323326
0.0846047156727 0.0352193995381
0.084487534626 0.0352193995381
0.0843706777317 0.0352193995381
0.0842541436464 0.0352193995381
0.0841379310345 0.0352193995381
0.0853994490358 0.0357967667436
0.0852819807428 0.0357967667436
0.0851648351648 0.0357967667436
0.0850480109739 0.0357967667436
0.0849315068493 0.0357967667436
0.0848153214774 0.0357967667436
0.0846994535519 0.0357967667436
0.0845839017735 0.0357967667436
0.0844686648501 0.0357967667436
0.0843537414966 0.0357967667436
0.0842391304348 0.0357967667436
0.0854816824966 0.0363741339492
0.0853658536585 0.0363741339492
0.085250338295 0.0363741339492
0.0851351351351 0.0363741339492
0.085020242915 0.0363741339492
0.0849056603774 0.0363741339492
0.0847913862719 0.0363741339492
0.0846774193548 0.0363741339492
0.0845637583893 0.0363741339492
0.0844504021448 0.0363741339492
0.0856760374833 0.0369515011547
0.0868983957219 0.0375288683603
0.086782376502 0.0375288683603
0.0866666666667 0.0375288683603
0.08655126498 0.0375288683603
0.0864361702128 0.0375288683603
0.0863213811421 0.0375288683603
0.0862068965517 0.0375288683603
0.0860927152318 0.0375288683603
0.0859788359788 0.0375288683603
0.0858652575958 0.0375288683603
0.0857519788918 0.0375288683603
0.0856389986825 0.0375288683603
0.0855263157895 0.0375288683603
0.0854139290407 0.0375288683603
0.0853018372703 0.0375288683603
0.0851900393185 0.0375288683603
0.0850785340314 0.0375288683603
0.0849673202614 0.0375288683603
0.0848563968668 0.0375288683603
0.0847457627119 0.0375288683603
0.0846354166667 0.0375288683603
0.0845253576073 0.0375288683603
0.0844155844156 0.0375288683603
0.0843060959792 0.0375288683603
0.0841968911917 0.0375288683603
0.0840879689521 0.0375288683603
0.0839793281654 0.0375288683603
0.0838709677419 0.0375288683603
0.0837628865979 0.0375288683603
0.0836550836551 0.0375288683603
0.0835475578406 0.0375288683603
0.0834403080873 0.0375288683603
0.0833333333333 0.0375288683603
0.0832266325224 0.0375288683603
0.0831202046036 0.0375288683603
0.0830140485313 0.0375288683603
0.0829081632653 0.0375288683603
0.0828025477707 0.0375288683603
0.0826972010178 0.0375288683603
0.0825921219822 0.0375288683603
0.0824873096447 0.0375288683603
0.0823827629911 0.0375288683603
0.0822784810127 0.0375288683603
0.0821744627054 0.0375288683603
0.0820707070707 0.0375288683603
0.0819672131148 0.0375288683603
0.0818639798489 0.0375288683603
0.0817610062893 0.0375288683603
0.0816582914573 0.0375288683603
0.0815558343789 0.0375288683603
0.0814536340852 0.0375288683603
0.081351689612 0.0375288683603
0.08125 0.0375288683603
0.0811485642946 0.0375288683603
0.0810473815461 0.0375288683603
0.0809464508095 0.0375288683603
0.0808457711443 0.0375288683603
0.0819875776398 0.0381062355658
0.0818858560794 0.0381062355658
0.0830235439901 0.0386836027714
0.0829207920792 0.0386836027714
0.0828182941904 0.0386836027714
0.0827160493827 0.0386836027714
0.0826140567201 0.0386836027714
0.0825123152709 0.0386836027714
0.0824108241082 0.0386836027714
0.0823095823096 0.0386836027714
0.0822085889571 0.0386836027714
0.0821078431373 0.0386836027714
0.0820073439412 0.0386836027714
0.0819070904645 0.0386836027714
0.0818070818071 0.0386836027714
0.0817073170732 0.0386836027714
0.0816077953715 0.0386836027714
0.0815085158151 0.0386836027714
0.0826245443499 0.0392609699769
0.0837378640777 0.0398383371824
0.0836363636364 0.0398383371824
0.0835351089588 0.0398383371824
0.0834340991536 0.0398383371824
0.0833333333333 0.0398383371824
0.0832328106152 0.0398383371824
0.0831325301205 0.0398383371824
0.0830324909747 0.0398383371824
0.0829326923077 0.0398383371824
0.0828331332533 0.0398383371824
0.0827338129496 0.0398383371824
0.0826347305389 0.0398383371824
0.0825358851675 0.0398383371824
0.0824372759857 0.0398383371824
0.082338902148 0.0398383371824
0.0822407628129 0.0398383371824
0.0821428571429 0.0398383371824
0.0820451843044 0.0398383371824
0.0819477434679 0.0398383371824
0.0830367734282 0.040415704388
0.0829383886256 0.040415704388
0.0828402366864 0.040415704388
0.0827423167849 0.040415704388
0.0826446280992 0.040415704388
0.0837264150943 0.0409930715935
0.0836277974087 0.0409930715935
0.0835294117647 0.0409930715935
0.0834312573443 0.0409930715935
0.0833333333333 0.0409930715935
0.0832356389215 0.0409930715935
0.0831381733021 0.0409930715935
0.0830409356725 0.0409930715935
0.0829439252336 0.0409930715935
0.0828471411902 0.0409930715935
0.0827505827506 0.0409930715935
0.0826542491269 0.0409930715935
0.0837209302326 0.0415704387991
0.0836236933798 0.0415704387991
0.0835266821346 0.0415704387991
0.0834298957126 0.0415704387991
0.0833333333333 0.0415704387991
0.0843930635838 0.0421478060046
0.0842956120092 0.0421478060046
0.0853517877739 0.0427251732102
0.0852534562212 0.0427251732102
0.0851553509781 0.0427251732102
0.0850574712644 0.0427251732102
0.0849598163031 0.0427251732102
0.0848623853211 0.0427251732102
0.0847651775487 0.0427251732102
0.0846681922197 0.0427251732102
0.0845714285714 0.0427251732102
0.0844748858447 0.0427251732102
0.0843785632839 0.0427251732102
0.0854214123007 0.0433025404157
0.0853242320819 0.0433025404157
0.0852272727273 0.0433025404157
0.0851305334847 0.0433025404157
0.0861678004535 0.0438799076212
0.0860702151755 0.0438799076212
0.0859728506787 0.0438799076212
0.0858757062147 0.0438799076212
0.0857787810384 0.0438799076212
0.0856820744081 0.0438799076212
0.0855855855856 0.0438799076212
0.0854893138358 0.0438799076212
0.085393258427 0.0438799076212
0.0852974186308 0.0438799076212
0.085201793722 0.0438799076212
0.0851063829787 0.0438799076212
0.0850111856823 0.0438799076212
0.0849162011173 0.0438799076212
0.0848214285714 0.0438799076212
0.0847268673356 0.0438799076212
0.0846325167038 0.0438799076212
0.0845383759733 0.0438799076212
0.0844444444444 0.0438799076212
0.0843507214206 0.0438799076212
0.0842572062084 0.0438799076212
0.0852713178295 0.0444572748268
0.0851769911504 0.0444572748268
0.0850828729282 0.0444572748268
0.0849889624724 0.0444572748268
0.0848952590959 0.0444572748268
0.0848017621145 0.0444572748268
0.0847084708471 0.0444572748268
0.0846153846154 0.0444572748268
0.0845225027442 0.0444572748268
0.0855263157895 0.0450346420323
0.0854326396495 0.0450346420323
0.0853391684902 0.0450346420323
0.0852459016393 0.0450346420323
0.0851528384279 0.0450346420323
0.0850599781897 0.0450346420323
0.0849673202614 0.0450346420323
0.0848748639826 0.0450346420323
0.0847826086957 0.0450346420323
0.0846905537459 0.0450346420323
0.0845986984816 0.0450346420323
0.0845070422535 0.0450346420323
0.0844155844156 0.0450346420323
0.0843243243243 0.0450346420323
0.085313174946 0.0456120092379
0.0852211434736 0.0456120092379
0.0851293103448 0.0456120092379
0.0861141011841 0.0461893764434
0.0860215053763 0.0461893764434
0.0859291084855 0.0461893764434
0.0858369098712 0.0461893764434
0.085744908896 0.0461893764434
0.0856531049251 0.0461893764434
0.0855614973262 0.0461893764434
0.0854700854701 0.0461893764434
0.08537886873 0.0461893764434
0.0852878464819 0.0461893764434
0.0851970181044 0.0461893764434
0.0851063829787 0.0461893764434
0.0850159404888 0.0461893764434
0.0849256900212 0.0461893764434
0.084835630965 0.0461893764434
0.0847457627119 0.0461893764434
0.0846560846561 0.0461893764434
0.0845665961945 0.0461893764434
0.0844772967265 0.0461893764434
0.084388185654 0.0461893764434
0.0842992623815 0.0461893764434
0.0842105263158 0.0461893764434
0.0841219768665 0.0461893764434
0.0840336134454 0.0461893764434
0.0839454354669 0.0461893764434
0.083857442348 0.0461893764434
0.0837696335079 0.0461893764434
0.0836820083682 0.0461893764434
0.0835945663532 0.0461893764434
0.0835073068894 0.0461893764434
0.0834202294056 0.0461893764434
0.0833333333333 0.0461893764434
0.0832466181061 0.0461893764434
0.0831600831601 0.0461893764434
0.0830737279335 0.0461893764434
0.0829875518672 0.0461893764434
0.0829015544041 0.0461893764434
0.0828157349896 0.0461893764434
0.0837642192347 0.046766743649
0.0836776859504 0.046766743649
0.0835913312693 0.046766743649
0.0835051546392 0.046766743649
0.0834191555098 0.046766743649
0.0833333333333 0.046766743649
0.0832476875642 0.046766743649
0.0831622176591 0.046766743649
0.0830769230769 0.046766743649
0.0829918032787 0.046766743649
0.0829068577277 0.046766743649
0.0838445807771 0.0473441108545
0.0837589376915 0.0473441108545
0.0836734693878 0.0473441108545
0.0835881753313 0.0473441108545
0.0835030549898 0.0473441108545
0.0834181078332 0.0473441108545
0.0833333333333 0.0473441108545
0.0832487309645 0.0473441108545
0.0831643002028 0.0473441108545
0.0830800405268 0.0473441108545
0.082995951417 0.0473441108545
0.0829120323559 0.0473441108545
0.0828282828283 0.0473441108545
0.0827447023209 0.0473441108545
0.0826612903226 0.0473441108545
0.0825780463243 0.0473441108545
0.0824949698189 0.0473441108545
0.0824120603015 0.0473441108545
0.0823293172691 0.0473441108545
0.0822467402207 0.0473441108545
0.0821643286573 0.0473441108545
0.0820820820821 0.0473441108545
0.082 0.0473441108545
0.0819180819181 0.0473441108545
0.0818363273453 0.0473441108545
0.0817547357926 0.0473441108545
0.0816733067729 0.0473441108545
0.081592039801 0.0473441108545
0.0815109343936 0.0473441108545
0.0814299900695 0.0473441108545
0.0813492063492 0.0473441108545
0.0812685827552 0.0473441108545
0.0811881188119 0.0473441108545
0.082096933729 0.04792147806
0.0820158102767 0.04792147806
0.0819348469891 0.04792147806
0.0818540433925 0.04792147806
0.0817733990148 0.04792147806
0.0816929133858 0.04792147806
0.0816125860374 0.04792147806
0.0815324165029 0.04792147806
0.081452404318 0.04792147806
0.0813725490196 0.04792147806
0.0812928501469 0.04792147806
0.0812133072407 0.04792147806
0.0811339198436 0.04792147806
0.0810546875 0.04792147806
0.0809756097561 0.04792147806
0.0808966861598 0.04792147806
0.080817916261 0.04792147806
0.0807392996109 0.04792147806
0.0806608357629 0.04792147806
0.0805825242718 0.04792147806
0.0805043646945 0.04792147806
0.0804263565891 0.04792147806
0.080348499516 0.04792147806
0.0802707930368 0.04792147806
0.080193236715 0.04792147806
0.0801158301158 0.04792147806
0.0800385728062 0.04792147806
0.0799614643545 0.04792147806
0.0798845043311 0.04792147806
0.0798076923077 0.04792147806
0.0797310278578 0.04792147806
0.0796545105566 0.04792147806
0.0795781399808 0.04792147806
0.0795019157088 0.04792147806
0.0794258373206 0.04792147806
0.0793499043977 0.04792147806
0.0792741165234 0.04792147806
0.0791984732824 0.04792147806
0.0791229742612 0.04792147806
0.0790476190476 0.04792147806
0.0789724072312 0.04792147806
0.078897338403 0.04792147806
0.0788224121557 0.04792147806
0.0787476280835 0.04792147806
0.078672985782 0.04792147806
0.0785984848485 0.04792147806
0.0785241248817 0.04792147806
0.078449905482 0.04792147806
0.0783758262512 0.04792147806
0.0783018867925 0.04792147806
0.0782280867107 0.04792147806
0.0781544256121 0.04792147806
0.0780809031044 0.04792147806
0.078007518797 0.04792147806
0.0779342723005 0.04792147806
0.077861163227 0.04792147806
0.0777881911903 0.04792147806
0.0777153558052 0.04792147806
0.0776426566885 0.04792147806
0.0775700934579 0.04792147806
0.077497665733 0.04792147806
0.0774253731343 0.04792147806
0.0773532152842 0.04792147806
0.0772811918063 0.04792147806
0.0772093023256 0.04792147806
0.0771375464684 0.04792147806
0.0770659238626 0.04792147806
0.0769944341373 0.04792147806
0.0778498609824 0.0484988452656
0.0777777777778 0.0484988452656
0.0777058279371 0.0484988452656
0.0776340110906 0.0484988452656
0.0775623268698 0.0484988452656
0.0774907749077 0.0484988452656
0.0774193548387 0.0484988452656
0.0773480662983 0.0484988452656
0.0772769089236 0.0484988452656
0.0772058823529 0.0484988452656
0.0771349862259 0.0484988452656
0.0770642201835 0.0484988452656
0.076993583868 0.0484988452656
0.0769230769231 0.0484988452656
0.0768526989936 0.0484988452656
0.0767824497258 0.0484988452656
0.0767123287671 0.0484988452656
0.0766423357664 0.0484988452656
0.0765724703737 0.0484988452656
0.0765027322404 0.0484988452656
0.0764331210191 0.0484988452656
0.0763636363636 0.0484988452656
0.0762942779292 0.0484988452656
0.0762250453721 0.0484988452656
0.07615593835 0.0484988452656
0.0760869565217 0.0484988452656
0.0760180995475 0.0484988452656
0.0768535262206 0.0490762124711
0.0767841011743 0.0490762124711
0.076714801444 0.0490762124711
0.0766456266907 0.0490762124711
0.0765765765766 0.0490762124711
0.0765076507651 0.0490762124711
0.0764388489209 0.0490762124711
0.0763701707098 0.0490762124711
0.0763016157989 0.0490762124711
0.0762331838565 0.0490762124711
0.076164874552 0.0490762124711
0.076096687556 0.0490762124711
0.0760286225403 0.0490762124711
0.0759606791778 0.0490762124711
0.0758928571429 0.0490762124711
0.0758251561106 0.0490762124711
0.0757575757576 0.0490762124711
0.0756901157614 0.0490762124711
0.0756227758007 0.0490762124711
0.0755555555556 0.0490762124711
0.0754884547069 0.0490762124711
0.075421472937 0.0490762124711
0.0753546099291 0.0490762124711
0.0761736049601 0.0496535796767
0.0761061946903 0.0496535796767
0.0760389036251 0.0496535796767
0.0759717314488 0.0496535796767
0.0759046778464 0.0496535796767
0.0758377425044 0.0496535796767
0.0757709251101 0.0496535796767
0.0757042253521 0.0496535796767
0.07563764292 0.0496535796767
0.0755711775044 0.0496535796767
0.0755048287972 0.0496535796767
0.0754385964912 0.0496535796767
0.0753724802805 0.0496535796767
0.0753064798599 0.0496535796767
0.0752405949256 0.0496535796767
0.0751748251748 0.0496535796767
0.0751091703057 0.0496535796767
0.0750436300175 0.0496535796767
0.0749782040105 0.0496535796767
0.0757839721254 0.0502309468822
0.0757180156658 0.0502309468822
0.075652173913 0.0502309468822
0.0764552562989 0.0508083140878
0.0763888888889 0.0508083140878
0.0763226366002 0.0508083140878
0.0762564991334 0.0508083140878
0.0761904761905 0.0508083140878
0.076124567474 0.0508083140878
0.076058772688 0.0508083140878
0.0759930915371 0.0508083140878
0.0759275237274 0.0508083140878
0.0758620689655 0.0508083140878
0.0757967269595 0.0508083140878
0.0757314974182 0.0508083140878
0.0756663800516 0.0508083140878
0.0756013745704 0.0508083140878
0.0755364806867 0.0508083140878
0.0754716981132 0.0508083140878
0.0754070265638 0.0508083140878
0.0753424657534 0.0508083140878
0.0752780153978 0.0508083140878
0.0752136752137 0.0508083140878
0.0751494449189 0.0508083140878
0.0750853242321 0.0508083140878
0.075021312873 0.0508083140878
0.0758091993186 0.0513856812933
0.0757446808511 0.0513856812933
0.0765306122449 0.0519630484988
0.0764655904843 0.0519630484988
0.0764006791171 0.0519630484988
0.0763358778626 0.0519630484988
0.0762711864407 0.0519630484988
0.0762066045724 0.0519630484988
0.0761421319797 0.0519630484988
0.0760777683855 0.0519630484988
0.0760135135135 0.0519630484988
0.0759493670886 0.0519630484988
0.0758853288364 0.0519630484988
0.0758213984836 0.0519630484988
0.0757575757576 0.0519630484988
0.0756938603869 0.0519630484988
0.0756302521008 0.0519630484988
0.0755667506297 0.0519630484988
0.0755033557047 0.0519630484988
0.0754400670578 0.0519630484988
0.0753768844221 0.0519630484988
0.0753138075314 0.0519630484988
0.0752508361204 0.0519630484988
0.0751879699248 0.0519630484988
0.0751252086811 0.0519630484988
0.0750625521268 0.0519630484988
0.075 0.0519630484988
0.07493755204 0.0519630484988
0.0748752079867 0.0519630484988
0.074812967581 0.0519630484988
0.0747508305648 0.0519630484988
0.0746887966805 0.0519630484988
0.0746268656716 0.0519630484988
0.0745650372825 0.0519630484988
0.0745033112583 0.0519630484988
0.0744416873449 0.0519630484988
0.0743801652893 0.0519630484988
0.074318744839 0.0519630484988
0.0742574257426 0.0519630484988
0.0741962077494 0.0519630484988
0.0741350906096 0.0519630484988
0.0740740740741 0.0519630484988
0.0740131578947 0.0519630484988
0.0739523418242 0.0519630484988
0.0738916256158 0.0519630484988
0.0738310090238 0.0519630484988
0.0737704918033 0.0519630484988
0.0737100737101 0.0519630484988
0.0736497545008 0.0519630484988
0.073589533933 0.0519630484988
0.0735294117647 0.0519630484988
0.0742857142857 0.0525404157044
0.0742251223491 0.0525404157044
0.0741646291769 0.0525404157044
0.0741042345277 0.0525404157044
0.0740439381611 0.0525404157044
0.0739837398374 0.0525404157044
0.0739236393176 0.0525404157044
0.0738636363636 0.0525404157044
0.073803730738 0.0525404157044
0.0737439222042 0.0525404157044
0.0736842105263 0.0525404157044
0.0736245954693 0.0525404157044
0.0735650767987 0.0525404157044
0.0735056542811 0.0525404157044
0.0734463276836 0.0525404157044
0.0733870967742 0.0525404157044
0.0733279613215 0.0525404157044
0.073268921095 0.0525404157044
0.0732099758648 0.0525404157044
0.0731511254019 0.0525404157044
0.0730923694779 0.0525404157044
0.0730337078652 0.0525404157044
0.0729751403368 0.0525404157044
0.0729166666667 0.0525404157044
0.0728582866293 0.0525404157044
0.0728 0.0525404157044
0.0727418065548 0.0525404157044
0.0726837060703 0.0525404157044
0.072625698324 0.0525404157044
0.0725677830941 0.0525404157044
0.0725099601594 0.0525404157044
0.0724522292994 0.0525404157044
0.0723945902944 0.0525404157044
0.0723370429253 0.0525404157044
0.0722795869738 0.0525404157044
0.0722222222222 0.0525404157044
0.0729579698652 0.0531177829099
0.0729001584786 0.0531177829099
0.0728424386382 0.0531177829099
0.0727848101266 0.0531177829099
0.0727272727273 0.0531177829099
0.0726698262243 0.0531177829099
0.0726124704025 0.0531177829099
0.0725552050473 0.0531177829099
0.0724980299448 0.0531177829099
0.0724409448819 0.0531177829099
0.0723839496459 0.0531177829099
0.0723270440252 0.0531177829099
0.0722702278083 0.0531177829099
0.0722135007849 0.0531177829099
0.0721568627451 0.0531177829099
0.0721003134796 0.0531177829099
0.07204385278 0.0531177829099
0.0719874804382 0.0531177829099
0.0727130570758 0.0536951501155
0.07265625 0.0536951501155
0.0725995316159 0.0536951501155
0.0733229329173 0.054272517321
0.0732657833203 0.054272517321
0.0732087227414 0.054272517321
0.0731517509728 0.054272517321
0.0730948678072 0.054272517321
0.0730380730381 0.054272517321
0.0729813664596 0.054272517321
0.0729247478666 0.054272517321
0.0736434108527 0.0548498845266
0.0735863671572 0.0548498845266
0.0735294117647 0.0548498845266
0.0734725444702 0.0548498845266
0.0734157650696 0.0548498845266
0.0733590733591 0.0548498845266
0.0733024691358 0.0548498845266
0.0732459521974 0.0548498845266
0.0731895223421 0.0548498845266
0.0731331793687 0.0548498845266
0.0730769230769 0.0548498845266
0.0730207532667 0.0548498845266
0.0729646697389 0.0548498845266
0.0729086722947 0.0548498845266
0.0728527607362 0.0548498845266
0.0727969348659 0.0548498845266
0.072741194487 0.0548498845266
0.0726855394032 0.0548498845266
0.072629969419 0.0548498845266
0.0725744843392 0.0548498845266
0.0725190839695 0.0548498845266
0.0724637681159 0.0548498845266
0.0724085365854 0.0548498845266
0.0723533891851 0.0548498845266
0.072298325723 0.0548498845266
0.0722433460076 0.0548498845266
0.072188449848 0.0548498845266
0.0721336370539 0.0548498845266
0.0720789074355 0.0548498845266
0.0720242608036 0.0548498845266
0.0719696969697 0.0548498845266
0.0719152157456 0.0548498845266
0.071860816944 0.0548498845266
0.0718065003779 0.0548498845266
0.071752265861 0.0548498845266
0.0716981132075 0.0548498845266
0.0716440422323 0.0548498845266
0.0715900527506 0.0548498845266
0.0715361445783 0.0548498845266
0.071482317532 0.0548498845266
0.0714285714286 0.0548498845266
0.0713749060856 0.0548498845266
0.0713213213213 0.0548498845266
0.0712678169542 0.0548498845266
0.071964017991 0.0554272517321
0.0719101123596 0.0554272517321
0.0718562874251 0.0554272517321
0.0718025430067 0.0554272517321
0.0717488789238 0.0554272517321
0.0716952949963 0.0554272517321
0.0716417910448 0.0554272517321
0.0715883668904 0.0554272517321
0.0715350223547 0.0554272517321
0.0714817572599 0.0554272517321
0.0714285714286 0.0554272517321
0.0721189591078 0.0560046189376
0.0720653789004 0.0560046189376
0.0727542687454 0.0565819861432
0.0727002967359 0.0565819861432
0.0726464047443 0.0565819861432
0.0725925925926 0.0565819861432
0.0725388601036 0.0565819861432
0.0724852071006 0.0565819861432
0.0724316334072 0.0565819861432
0.0731166912851 0.0571593533487
0.0730627306273 0.0571593533487
0.0730088495575 0.0571593533487
0.0729550478998 0.0571593533487
0.0729013254786 0.0571593533487
0.0728476821192 0.0571593533487
0.0727941176471 0.0571593533487
0.0727406318883 0.0571593533487
0.0734214390602 0.0577367205543
0.0733675715334 0.0577367205543
0.0733137829912 0.0577367205543
0.0732600732601 0.0577367205543
0.0732064421669 0.0577367205543
0.0731528895391 0.0577367205543
0.0730994152047 0.0577367205543
0.073046018992 0.0577367205543
0.0729927007299 0.0577367205543
0.072939460248 0.0577367205543
0.0728862973761 0.0577367205543
0.0728332119446 0.0577367205543
0.0727802037846 0.0577367205543
0.0734545454545 0.0583140877598
0.0734011627907 0.0583140877598
0.0733478576616 0.0583140877598
0.0732946298984 0.0583140877598
0.0732414793328 0.0583140877598
0.0731884057971 0.0583140877598
0.0731354091238 0.0583140877598
0.0738060781476 0.0588914549654
0.0737527114967 0.0588914549654
0.0736994219653 0.0588914549654
0.0736462093863 0.0588914549654
0.0735930735931 0.0588914549654
0.0735400144196 0.0588914549654
0.0734870317003 0.0588914549654
0.07343412527 0.0588914549654
0.073381294964 0.0588914549654
0.0733285406183 0.0588914549654
0.073275862069 0.0588914549654
0.0732232591529 0.0588914549654
0.0731707317073 0.0588914549654
0.0731182795699 0.0588914549654
0.0730659025788 0.0588914549654
0.0730136005727 0.0588914549654
0.0729613733906 0.0588914549654
0.0736240171551 0.0594688221709
0.0735714285714 0.0594688221709
0.0735189150607 0.0594688221709
0.0734664764622 0.0594688221709
0.0734141126158 0.0594688221709
0.0733618233618 0.0594688221709
0.0733096085409 0.0594688221709
0.0732574679943 0.0594688221709
0.0732054015636 0.0594688221709
0.0731534090909 0.0594688221709
0.0731014904187 0.0594688221709
0.0730496453901 0.0594688221709
0.0729978738483 0.0594688221709
0.0729461756374 0.0594688221709
0.0728945506016 0.0594688221709
0.0728429985856 0.0594688221709
0.0727915194346 0.0594688221709
0.0727401129944 0.0594688221709
0.0726887791108 0.0594688221709
0.0726375176305 0.0594688221709
0.0725863284003 0.0594688221709
0.0725352112676 0.0594688221709
0.0724841660802 0.0594688221709
0.0724331926864 0.0594688221709
0.0723822909346 0.0594688221709
0.0723314606742 0.0594688221709
0.0722807017544 0.0594688221709
0.0722300140252 0.0594688221709
0.0721793973371 0.0594688221709
0.0721288515406 0.0594688221709
0.0720783764871 0.0594688221709
0.072027972028 0.0594688221709
0.0719776380154 0.0594688221709
0.0719273743017 0.0594688221709
0.0718771807397 0.0594688221709
0.0718270571827 0.0594688221709
0.0717770034843 0.0594688221709
0.0717270194986 0.0594688221709
0.07167710508 0.0594688221709
0.0716272600834 0.0594688221709
0.0715774843641 0.0594688221709
0.0715277777778 0.0594688221709
0.0714781401804 0.0594688221709
0.0714285714286 0.0594688221709
0.0713790713791 0.0594688221709
0.0713296398892 0.0594688221709
0.0712802768166 0.0594688221709
0.0712309820194 0.0594688221709
0.0711817553559 0.0594688221709
0.0711325966851 0.0594688221709
0.0710835058661 0.0594688221709
0.0710344827586 0.0594688221709
0.0709855272226 0.0594688221709
0.0709366391185 0.0594688221709
0.070887818307 0.0594688221709
0.0708390646492 0.0594688221709
0.0707903780069 0.0594688221709
0.0707417582418 0.0594688221709
0.0706932052162 0.0594688221709
0.0706447187929 0.0594688221709
0.0712816997944 0.0600461893764
0.0712328767123 0.0600461893764
0.0711841204654 0.0600461893764
0.0711354309166 0.0600461893764
0.0710868079289 0.0600461893764
0.0710382513661 0.0600461893764
0.0709897610922 0.0600461893764
0.0709413369714 0.0600461893764
0.0708929788684 0.0600461893764
0.0708446866485 0.0600461893764
0.070796460177 0.0600461893764
0.0707482993197 0.0600461893764
0.0707002039429 0.0600461893764
0.070652173913 0.0600461893764
0.0706042090971 0.0600461893764
0.0705563093623 0.0600461893764
0.0705084745763 0.0600461893764
0.070460704607 0.0600461893764
0.070412999323 0.0600461893764
0.0703653585927 0.0600461893764
0.0703177822853 0.0600461893764
0.0702702702703 0.0600461893764
0.0708980418636 0.060623556582
0.0708502024291 0.060623556582
0.0708024275118 0.060623556582
0.0707547169811 0.060623556582
0.0707070707071 0.060623556582
0.0706594885599 0.060623556582
0.0706119704102 0.060623556582
0.0712365591398 0.0612009237875
0.0711887172599 0.0612009237875
0.0711409395973 0.0612009237875
0.0710932260228 0.0612009237875
0.0710455764075 0.0612009237875
0.0709979906229 0.0612009237875
0.0709504685408 0.0612009237875
0.0709030100334 0.0612009237875
0.0708556149733 0.0612009237875
0.0708082832331 0.0612009237875
0.0707610146862 0.0612009237875
0.0707138092061 0.0612009237875
0.0706666666667 0.0612009237875
0.070619586942 0.0612009237875
0.0705725699068 0.0612009237875
0.0705256154358 0.0612009237875
0.0704787234043 0.0612009237875
0.0704318936877 0.0612009237875
0.070385126162 0.0612009237875
0.0703384207034 0.0612009237875
0.0702917771883 0.0612009237875
0.0702451954937 0.0612009237875
0.0701986754967 0.0612009237875
0.0701522170748 0.0612009237875
0.0701058201058 0.0612009237875
0.0700594844679 0.0612009237875
0.0700132100396 0.0612009237875
0.0699669966997 0.0612009237875
0.0699208443272 0.0612009237875
0.0698747528016 0.0612009237875
0.0698287220026 0.0612009237875
0.0697827518104 0.0612009237875
0.0697368421053 0.0612009237875
0.0696909927679 0.0612009237875
0.0696452036794 0.0612009237875
0.0695994747209 0.0612009237875
0.0695538057743 0.0612009237875
0.0695081967213 0.0612009237875
0.0694626474443 0.0612009237875
0.0694171578258 0.0612009237875
0.0693717277487 0.0612009237875
0.0693263570961 0.0612009237875
0.0692810457516 0.0612009237875
0.069235793599 0.0612009237875
0.0691906005222 0.0612009237875
0.0691454664057 0.0612009237875
0.0691003911343 0.0612009237875
0.0690553745928 0.0612009237875
0.0690104166667 0.0612009237875
0.0689655172414 0.0612009237875
0.0689206762029 0.0612009237875
0.0688758934373 0.0612009237875
0.0688311688312 0.0612009237875
0.069435431538 0.0617782909931
0.0693904020752 0.0617782909931
0.0693454309786 0.0617782909931
0.0693005181347 0.0617782909931
0.0692556634304 0.0617782909931
0.0692108667529 0.0617782909931
0.0691661279897 0.0617782909931
0.0691214470284 0.0617782909931
0.0690768237573 0.0617782909931
0.0690322580645 0.0617782909931
0.0689877498388 0.0617782909931
0.0689432989691 0.0617782909931
0.0688989053445 0.0617782909931
0.0688545688546 0.0617782909931
0.0688102893891 0.0617782909931
0.068766066838 0.0617782909931
0.0687219010918 0.0617782909931
0.0686777920411 0.0617782909931
0.0686337395767 0.0617782909931
0.0685897435897 0.0617782909931
0.0685458039718 0.0617782909931
0.0685019206146 0.0617782909931
0.0684580934101 0.0617782909931
0.0684143222506 0.0617782909931
0.0683706070288 0.0617782909931
0.0683269476373 0.0617782909931
0.0682833439694 0.0617782909931
0.0682397959184 0.0617782909931
0.0681963033779 0.0617782909931
0.068152866242 0.0617782909931
0.0681094844048 0.0617782909931
0.0680661577608 0.0617782909931
0.0680228862047 0.0617782909931
0.0679796696315 0.0617782909931
0.0679365079365 0.0617782909931
0.0678934010152 0.0617782909931
0.0678503487635 0.0617782909931
0.0678073510773 0.0617782909931
0.0677644078531 0.0617782909931
0.0677215189873 0.0617782909931
0.067678684377 0.0617782909931
0.0676359039191 0.0617782909931
0.0675931775111 0.0617782909931
0.0675505050505 0.0617782909931
0.0675078864353 0.0617782909931
0.0674653215637 0.0617782909931
0.067422810334 0.0617782909931
0.0673803526448 0.0617782909931
0.0673379483952 0.0617782909931
0.0672955974843 0.0617782909931
0.0672532998114 0.0617782909931
0.0672110552764 0.0617782909931
0.067168863779 0.0617782909931
0.0671267252196 0.0617782909931
0.0670846394984 0.0617782909931
0.0670426065163 0.0617782909931
0.0670006261741 0.0617782909931
0.066958698373 0.0617782909931
0.0669168230144 0.0617782909931
0.066875 0.0617782909931
0.0668332292317 0.0617782909931
0.0667915106117 0.0617782909931
0.0673736743606 0.0623556581986
0.0673316708229 0.0623556581986
0.0672897196262 0.0623556581986
0.0672478206725 0.0623556581986
0.0672059738643 0.0623556581986
0.0671641791045 0.0623556581986
0.0671224362958 0.0623556581986
0.0670807453416 0.0623556581986
0.0670391061453 0.0623556581986
0.0669975186104 0.0623556581986
0.066955982641 0.0623556581986
0.0675340768278 0.0629330254042
0.0674922600619 0.0629330254042
0.0674504950495 0.0629330254042
0.0674087816945 0.0629330254042
0.0673671199011 0.0629330254042
0.0679431747993 0.0635103926097
0.0679012345679 0.0635103926097
0.0678593460827 0.0635103926097
0.0678175092478 0.0635103926097
0.067775723968 0.0635103926097
0.0677339901478 0.0635103926097
0.0676923076923 0.0635103926097
0.0682656826568 0.0640877598152
0.0682237246466 0.0640877598152
0.0687960687961 0.0646651270208
0.0687538367096 0.0646651270208
0.0687116564417 0.0646651270208
0.068669527897 0.0646651270208
0.0686274509804 0.0646651270208
0.0685854255971 0.0646651270208
0.0685434516524 0.0646651270208
0.068501529052 0.0646651270208
0.0684596577017 0.0646651270208
0.0684178375076 0.0646651270208
0.0683760683761 0.0646651270208
0.0683343502135 0.0646651270208
0.0682926829268 0.0646651270208
0.0682510664229 0.0646651270208
0.068209500609 0.0646651270208
0.0681679853926 0.0646651270208
0.0681265206813 0.0646651270208
0.068085106383 0.0646651270208
0.0680437424058 0.0646651270208
0.0680024286582 0.0646651270208
0.0679611650485 0.0646651270208
0.0679199514857 0.0646651270208
0.0678787878788 0.0646651270208
0.0678376741369 0.0646651270208
0.0677966101695 0.0646651270208
0.0677555958863 0.0646651270208
0.0677146311971 0.0646651270208
0.0676737160121 0.0646651270208
0.0676328502415 0.0646651270208
0.067592033796 0.0646651270208
0.0681544028951 0.0652424942263
0.0681133212779 0.0652424942263
0.0680722891566 0.0652424942263
0.0680313064419 0.0652424942263
0.0679903730445 0.0652424942263
0.0679494888755 0.0652424942263
0.0679086538462 0.0652424942263
0.0678678678679 0.0652424942263
0.0678271308523 0.0652424942263
0.0677864427115 0.0652424942263
0.0677458033573 0.0652424942263
0.0677052127022 0.0652424942263
0.0676646706587 0.0652424942263
0.0676241771394 0.0652424942263
0.0675837320574 0.0652424942263
0.0675433353258 0.0652424942263
0.0675029868578 0.0652424942263
0.0674626865672 0.0652424942263
0.0674224343675 0.0652424942263
0.0673822301729 0.0652424942263
0.0673420738975 0.0652424942263
0.0673019654556 0.0652424942263
0.0672619047619 0.0652424942263
0.0672218917311 0.0652424942263
0.0671819262782 0.0652424942263
0.0671420083185 0.0652424942263
0.0671021377672 0.0652424942263
0.0676557863501 0.0658198614319
0.067615658363 0.0658198614319
0.067575577949 0.0658198614319
0.0675355450237 0.0658198614319
0.0674955595027 0.0658198614319
0.0674556213018 0.0658198614319
0.0674157303371 0.0658198614319
0.0673758865248 0.0658198614319
0.0673360897815 0.0658198614319
0.0672963400236 0.0658198614319
0.0672566371681 0.0658198614319
0.0672169811321 0.0658198614319
0.0671773718326 0.0658198614319
0.0671378091873 0.0658198614319
0.0670982931136 0.0658198614319
0.0670588235294 0.0658198614319
0.0670194003527 0.0658198614319
0.0669800235018 0.0658198614319
0.0669406928949 0.0658198614319
0.0669014084507 0.0658198614319
0.066862170088 0.0658198614319
0.067409144197 0.0663972286374
0.0679554774458 0.066974595843
0.0679156908665 0.066974595843
0.0678759508484 0.066974595843
0.0684210526316 0.0675519630485
0.0683810637054 0.0675519630485
0.0683411214953 0.0675519630485
0.0683012259194 0.0675519630485
0.0682613768961 0.0675519630485
0.068221574344 0.0675519630485
0.0681818181818 0.0675519630485
0.0681421083285 0.0675519630485
0.0681024447031 0.0675519630485
0.0680628272251 0.0675519630485
0.068023255814 0.0675519630485
0.0679837303893 0.0675519630485
0.0679442508711 0.0675519630485
0.0679048171793 0.0675519630485
0.0684454756381 0.068129330254
0.0684057971014 0.068129330254
0.0683661645423 0.068129330254
0.0683265778807 0.068129330254
0.068287037037 0.068129330254
0.0682475419318 0.068129330254
0.0682080924855 0.068129330254
0.0681686886193 0.068129330254
0.068129330254 0.068129330254
0.068090017311 0.068129330254
0.0680507497116 0.068129330254
0.0680115273775 0.068129330254
0.0679723502304 0.068129330254
0.0679332181923 0.068129330254
0.0678941311853 0.068129330254
0.0678550891317 0.068129330254
0.067816091954 0.068129330254
0.067777139575 0.068129330254
0.0677382319173 0.068129330254
0.0676993689042 0.068129330254
0.0676605504587 0.068129330254
0.0676217765043 0.068129330254
0.0675830469645 0.068129330254
0.0681167716085 0.0687066974596
0.0680778032037 0.0687066974596
0.0680388793596 0.0687066974596
0.068 0.0687066974596
0.0679611650485 0.0687066974596
0.0679223744292 0.0687066974596
0.0678836280662 0.0687066974596
0.0678449258837 0.0687066974596
0.0678062678063 0.0687066974596
0.0677676537585 0.0687066974596
0.0677290836653 0.0687066974596
0.0676905574516 0.0687066974596
0.0676520750426 0.0687066974596
0.0676136363636 0.0687066974596
0.0675752413401 0.0687066974596
0.0675368898978 0.0687066974596
0.0674985819626 0.0687066974596
0.0674603174603 0.0687066974596
0.0674220963173 0.0687066974596
0.0673839184598 0.0687066974596
0.0673457838144 0.0687066974596
0.0673076923077 0.0687066974596
0.0672696438666 0.0687066974596
0.0672316384181 0.0687066974596
0.0671936758893 0.0687066974596
0.0671557562077 0.0687066974596
0.0671178793006 0.0687066974596
0.0670800450958 0.0687066974596
0.0670422535211 0.0687066974596
0.0670045045045 0.0687066974596
0.0669667979741 0.0687066974596
0.0669291338583 0.0687066974596
0.0668915120854 0.0687066974596
0.0668539325843 0.0687066974596
0.0668163952835 0.0687066974596
0.0667789001122 0.0687066974596
0.0667414469994 0.0687066974596
0.0667040358744 0.0687066974596
0.0666666666667 0.0687066974596
0.0666293393057 0.0687066974596
0.0665920537213 0.0687066974596
0.0665548098434 0.0687066974596
0.066517607602 0.0687066974596
0.0664804469274 0.0687066974596
0.0670016750419 0.0692840646651
0.0669642857143 0.0692840646651
0.0669269380926 0.0692840646651
0.066889632107 0.0692840646651
0.066852367688 0.0692840646651
0.0668151447661 0.0692840646651
0.0667779632721 0.0692840646651
0.0667408231368 0.0692840646651
0.0667037242913 0.0692840646651
0.0672222222222 0.0698614318707
0.0671848972793 0.0698614318707
0.0671476137625 0.0698614318707
0.0671103716029 0.0698614318707
0.0670731707317 0.0698614318707
0.0670360110803 0.0698614318707
0.0669988925803 0.0698614318707
0.0675152185944 0.0704387990762
0.0674778761062 0.0704387990762
0.0674405749033 0.0704387990762
0.0674033149171 0.0704387990762
0.0673660960795 0.0704387990762
0.0673289183223 0.0704387990762
0.0672917815775 0.0704387990762
0.0672546857773 0.0704387990762
0.067217630854 0.0704387990762
0.0671806167401 0.0704387990762
0.0671436433682 0.0704387990762
0.0671067106711 0.0704387990762
0.0670698185816 0.0704387990762
0.067032967033 0.0704387990762
0.0669961559583 0.0704387990762
0.0669593852909 0.0704387990762
0.0669226549643 0.0704387990762
0.0668859649123 0.0704387990762
0.0668493150685 0.0704387990762
0.0668127053669 0.0704387990762
0.0667761357417 0.0704387990762
0.0667396061269 0.0704387990762
0.0667031164571 0.0704387990762
0.0666666666667 0.0704387990762
0.0666302566903 0.0704387990762
0.0665938864629 0.0704387990762
0.0665575559193 0.0704387990762
0.0665212649945 0.0704387990762
0.066485013624 0.0704387990762
0.0664488017429 0.0704387990762
0.0664126292869 0.0704387990762
0.0663764961915 0.0704387990762
0.0663404023926 0.0704387990762
0.0663043478261 0.0704387990762
0.066268332428 0.0704387990762
0.0662323561346 0.0704387990762
0.0661964188823 0.0704387990762
0.0661605206074 0.0704387990762
0.0661246612466 0.0704387990762
0.0660888407367 0.0704387990762
0.0660530590146 0.0704387990762
0.0660173160173 0.0704387990762
0.065981611682 0.0704387990762
0.0659459459459 0.0704387990762
0.0659103187466 0.0704387990762
0.0664146868251 0.0710161662818
0.066378845116 0.0710161662818
0.0663430420712 0.0710161662818
0.066307277628 0.0710161662818
0.0662715517241 0.0710161662818
0.0662358642973 0.0710161662818
0.0662002152853 0.0710161662818
0.0661646046261 0.0710161662818
0.0661290322581 0.0710161662818
0.0660934981193 0.0710161662818
0.0660580021482 0.0710161662818
0.0660225442834 0.0710161662818
0.0665236051502 0.0715935334873
0.0664879356568 0.0715935334873
0.0664523043944 0.0715935334873
0.0664167113016 0.0715935334873
0.0663811563169 0.0715935334873
0.0663456393793 0.0715935334873
0.0663101604278 0.0715935334873
0.0662747194014 0.0715935334873
0.0662393162393 0.0715935334873
0.0662039508809 0.0715935334873
0.0661686232657 0.0715935334873
0.0661333333333 0.0715935334873
0.0660980810235 0.0715935334873
0.066062866276 0.0715935334873
0.0660276890309 0.0715935334873
0.0659925492283 0.0715935334873
0.0659574468085 0.0715935334873
0.0659223817119 0.0715935334873
0.0658873538789 0.0715935334873
0.0658523632501 0.0715935334873
0.0658174097665 0.0715935334873
0.0657824933687 0.0715935334873
0.0657476139979 0.0715935334873
0.0657127715951 0.0715935334873
0.0656779661017 0.0715935334873
0.065643197459 0.0715935334873
0.0656084656085 0.0715935334873
0.0655737704918 0.0715935334873
0.0655391120507 0.0715935334873
0.0655044902272 0.0715935334873
0.065469904963 0.0715935334873
0.0654353562005 0.0715935334873
0.0654008438819 0.0715935334873
0.0653663679494 0.0715935334873
0.0653319283456 0.0715935334873
0.0652975250132 0.0715935334873
0.0652631578947 0.0715935334873
0.0652288269332 0.0715935334873
0.0651945320715 0.0715935334873
0.0651602732528 0.0715935334873
0.0651260504202 0.0715935334873
0.0650918635171 0.0715935334873
0.0650577124869 0.0715935334873
0.0650235972732 0.0715935334873
0.0649895178197 0.0715935334873
0.0649554740702 0.0715935334873
0.0649214659686 0.0715935334873
0.0648874934589 0.0715935334873
0.0648535564854 0.0715935334873
0.0648196549922 0.0715935334873
0.0647857889237 0.0715935334873
0.0647519582245 0.0715935334873
0.0647181628392 0.0715935334873
0.0646844027126 0.0715935334873
0.0646506777894 0.0715935334873
0.0646169880146 0.0715935334873
0.0645833333333 0.0715935334873
0.0645497136908 0.0715935334873
0.0650364203954 0.0721709006928
0.065002600104 0.0721709006928
0.0649688149688 0.0721709006928
0.0649350649351 0.0721709006928
0.0649013499481 0.0721709006928
0.0648676699533 0.0721709006928
0.0648340248963 0.0721709006928
0.0648004147227 0.0721709006928
0.0647668393782 0.0721709006928
0.0647332988089 0.0721709006928
0.0646997929607 0.0721709006928
0.0646663217796 0.0721709006928
0.064632885212 0.0721709006928
0.0645994832041 0.0721709006928
0.0645661157025 0.0721709006928
0.0645327826536 0.0721709006928
0.0644994840041 0.0721709006928
0.0644662197009 0.0721709006928
0.0649484536082 0.0727482678984
0.064914992272 0.0727482678984
0.0648815653965 0.0727482678984
0.0648481729285 0.0727482678984
0.0648148148148 0.0727482678984
0.0647814910026 0.0727482678984
0.0647482014388 0.0727482678984
0.0647149460709 0.0727482678984
0.0651950718686 0.0733256351039
0.0651616213443 0.0733256351039
0.0651282051282 0.0733256351039
0.0650948231676 0.0733256351039
0.0650614754098 0.0733256351039
0.0655401945725 0.0739030023095
0.0655066530194 0.0739030023095
0.0654731457801 0.0739030023095
0.0654396728016 0.0739030023095
0.0654062340317 0.0739030023095
0.0653728294178 0.0739030023095
0.0653394589076 0.0739030023095
0.065306122449 0.0739030023095
0.0652728199898 0.0739030023095
0.0652395514781 0.0739030023095
0.0652063168619 0.0739030023095
0.0651731160896 0.0739030023095
0.0656488549618 0.074480369515
0.0656154628688 0.074480369515
0.065582104728 0.074480369515
0.0655487804878 0.074480369515
0.0655154900965 0.074480369515
0.0654822335025 0.074480369515
0.0659563673262 0.0750577367206
0.0659229208925 0.0750577367206
0.0658895083629 0.0750577367206
0.0658561296859 0.0750577367206
0.0658227848101 0.0750577367206
0.0657894736842 0.0750577367206
0.065756196257 0.0750577367206
0.0657229524772 0.0750577367206
0.0656897422941 0.0750577367206
0.0656565656566 0.0750577367206
0.0656234225139 0.0750577367206
0.0655903128153 0.0750577367206
0.0655572365103 0.0750577367206
0.0655241935484 0.0750577367206
0.0654911838791 0.0750577367206
0.0654582074522 0.0750577367206
0.0654252642174 0.0750577367206
0.0658953722334 0.0756351039261
0.0658622423328 0.0756351039261
0.0658291457286 0.0756351039261
0.0657960823707 0.0756351039261
0.0657630522088 0.0756351039261
0.0657300551932 0.0756351039261
0.0661985957874 0.0762124711316
0.0661654135338 0.0762124711316
0.0661322645291 0.0762124711316
0.0660991487231 0.0762124711316
0.0660660660661 0.0762124711316
0.0665332666333 0.0767898383372
0.0665 0.0767898383372
0.0664667666167 0.0767898383372
0.0664335664336 0.0767898383372
0.0664003994009 0.0767898383372
0.0663672654691 0.0767898383372
0.0663341645885 0.0767898383372
0.0663010967099 0.0767898383372
0.0662680617838 0.0767898383372
0.0667330677291 0.0773672055427
0.066699850672 0.0773672055427
0.0666666666667 0.0773672055427
0.0666335156638 0.0773672055427
0.0666003976143 0.0773672055427
0.066567312469 0.0773672055427
0.0665342601787 0.0773672055427
0.0665012406948 0.0773672055427
0.0664682539683 0.0773672055427
0.0664352999504 0.0773672055427
0.0664023785927 0.0773672055427
0.0663694898465 0.0773672055427
0.0663366336634 0.0773672055427
0.0663038099951 0.0773672055427
0.066765578635 0.0779445727483
0.0667325753831 0.0779445727483
0.0666996047431 0.0779445727483
0.0666666666667 0.0779445727483
0.0666337611056 0.0779445727483
0.0666008880118 0.0779445727483
0.0665680473373 0.0779445727483
0.066535239034 0.0779445727483
0.0665024630542 0.0779445727483
0.0664697193501 0.0779445727483
0.066437007874 0.0779445727483
0.0664043285785 0.0779445727483
0.0663716814159 0.0779445727483
0.0663390663391 0.0779445727483
0.0663064833006 0.0779445727483
0.0662739322533 0.0779445727483
0.0662414131501 0.0779445727483
0.0662089259441 0.0779445727483
0.0661764705882 0.0779445727483
0.0661440470358 0.0779445727483
0.06611165524 0.0779445727483
0.0660792951542 0.0779445727483
0.0660469667319 0.0779445727483
0.0660146699267 0.0779445727483
0.0659824046921 0.0779445727483
0.0659501709819 0.0779445727483
0.06591796875 0.0779445727483
0.0658857979502 0.0779445727483
0.0658536585366 0.0779445727483
0.0658215504632 0.0779445727483
0.0657894736842 0.0779445727483
0.0657574281539 0.0779445727483
0.0657254138267 0.0779445727483
0.0656934306569 0.0779445727483
0.0656614785992 0.0779445727483
0.0656295576082 0.0779445727483
0.0655976676385 0.0779445727483
0.065565808645 0.0779445727483
0.0655339805825 0.0779445727483
0.0655021834061 0.0779445727483
0.0654704170708 0.0779445727483
0.0654386815317 0.0779445727483
0.0654069767442 0.0779445727483
0.0653753026634 0.0779445727483
0.0658276863504 0.0785219399538
0.0657958393807 0.0785219399538
0.0657640232108 0.0785219399538
0.065732237796 0.0785219399538
0.0657004830918 0.0785219399538
0.0656687590536 0.0785219399538
0.0656370656371 0.0785219399538
0.0656054027979 0.0785219399538
0.0655737704918 0.0785219399538
0.0655421686747 0.0785219399538
0.0655105973025 0.0785219399538
0.0654790563312 0.0785219399538
0.065447545717 0.0785219399538
0.0654160654161 0.0785219399538
0.0653846153846 0.0785219399538
0.065353195579 0.0785219399538
0.0653218059558 0.0785219399538
0.0652904464714 0.0785219399538
0.0652591170825 0.0785219399538
0.0652278177458 0.0785219399538
0.065196548418 0.0785219399538
0.0651653090561 0.0785219399538
0.0651340996169 0.0785219399538
0.0651029200574 0.0785219399538
0.0650717703349 0.0785219399538
0.065518890483 0.0790993071594
0.0654875717017 0.0790993071594
0.0654562828476 0.0790993071594
0.0654250238777 0.0790993071594
0.0653937947494 0.0790993071594
0.0653625954198 0.0790993071594
0.0653314258464 0.0790993071594
0.0653002859867 0.0790993071594
0.065269175798 0.0790993071594
0.0652380952381 0.0790993071594
0.0652070442646 0.0790993071594
0.0651760228354 0.0790993071594
0.0651450309082 0.0790993071594
0.0651140684411 0.0790993071594
0.0650831353919 0.0790993071594
0.0650522317189 0.0790993071594
0.0650213573802 0.0790993071594
0.064990512334 0.0790993071594
0.0649596965386 0.0790993071594
0.0654028436019 0.0796766743649
0.0653718616769 0.0796766743649
0.0653409090909 0.0796766743649
0.0653099858022 0.0796766743649
0.0652790917692 0.0796766743649
0.0652482269504 0.0796766743649
0.0652173913043 0.0796766743649
0.0651865847898 0.0796766743649
0.0651558073654 0.0796766743649
0.0651250589901 0.0796766743649
0.0650943396226 0.0796766743649
0.0650636492221 0.0796766743649
0.0650329877474 0.0796766743649
0.0650023551578 0.0796766743649
0.0649717514124 0.0796766743649
0.0649411764706 0.0796766743649
0.0649106302916 0.0796766743649
0.064880112835 0.0796766743649
0.0648496240602 0.0796766743649
0.0648191639267 0.0796766743649
0.0647887323944 0.0796766743649
0.0647583294228 0.0796766743649
0.0647279549719 0.0796766743649
0.065166432255 0.0802540415704
0.0651358950328 0.0802540415704
0.0651053864169 0.0802540415704
0.065074906367 0.0802540415704
0.0650444548432 0.0802540415704
0.0650140318054 0.0802540415704
0.0649836372137 0.0802540415704
0.064953271028 0.0802540415704
0.0649229332088 0.0802540415704
0.0653594771242 0.080831408776
0.0653289780681 0.080831408776
0.0652985074627 0.080831408776
0.0657342657343 0.0814087759815
0.0657036346692 0.0814087759815
0.0656730321379 0.0814087759815
0.0656424581006 0.0814087759815
0.0656119125174 0.0814087759815
0.0655813953488 0.0814087759815
0.0655509065551 0.0814087759815
0.0655204460967 0.0814087759815
0.065490013934 0.0814087759815
0.0659238625812 0.0819861431871
0.0658932714617 0.0819861431871
0.0658627087199 0.0819861431871
0.0662957811776 0.0825635103926
0.066265060241 0.0825635103926
0.0662343677629 0.0825635103926
0.0662037037037 0.0825635103926
0.0661730680241 0.0825635103926
0.0661424606846 0.0825635103926
0.0661118816459 0.0825635103926
0.0660813308688 0.0825635103926
0.0660508083141 0.0825635103926
0.0660203139428 0.0825635103926
0.0659898477157 0.0825635103926
0.0659594095941 0.0825635103926
0.0663900414938 0.0831408775982
0.0663594470046 0.0831408775982
0.0663288807001 0.0831408775982
0.066758747698 0.0837182448037
0.0667280257708 0.0837182448037
0.0666973321067 0.0837182448037
0.0666666666667 0.0837182448037
0.0666360294118 0.0837182448037
0.0666054203032 0.0837182448037
0.0665748393021 0.0837182448037
0.0665442863699 0.0837182448037
0.0665137614679 0.0837182448037
0.0664832645575 0.0837182448037
0.0664527956004 0.0837182448037
0.0664223545579 0.0837182448037
0.0663919413919 0.0837182448037
0.066819221968 0.0842956120092
0.0667886550778 0.0842956120092
0.0667581161408 0.0842956120092
0.0667276051188 0.0842956120092
0.0666971219735 0.0842956120092
0.0666666666667 0.0842956120092
0.0666362391602 0.0842956120092
0.0666058394161 0.0842956120092
0.0665754673963 0.0842956120092
0.0665451230629 0.0842956120092
0.0665148063781 0.0842956120092
0.0664845173042 0.0842956120092
0.0664542558034 0.0842956120092
0.066424021838 0.0842956120092
0.0663938153706 0.0842956120092
0.0663636363636 0.0842956120092
0.0663334847796 0.0842956120092
0.0663033605813 0.0842956120092
0.0662732637313 0.0842956120092
0.0662431941924 0.0842956120092
0.0662131519274 0.0842956120092
0.0661831368994 0.0842956120092
0.0661531490711 0.0842956120092
0.0661231884058 0.0842956120092
0.0660932548665 0.0842956120092
0.0660633484163 0.0842956120092
0.0664857530529 0.0848729792148
0.0664556962025 0.0848729792148
0.066425666516 0.0848729792148
0.0663956639566 0.0848729792148
0.0663656884876 0.0848729792148
0.0663357400722 0.0848729792148
0.0663058186739 0.0848729792148
0.0662759242561 0.0848729792148
0.0662460567823 0.0848729792148
0.0662162162162 0.0848729792148
0.0661864025214 0.0848729792148
0.0666066606661 0.0854503464203
0.0665766981556 0.0854503464203
0.0665467625899 0.0854503464203
0.0665168539326 0.0854503464203
0.0664869721473 0.0854503464203
0.066457117198 0.0854503464203
0.0664272890485 0.0854503464203
0.0663974876626 0.0854503464203
0.0663677130045 0.0854503464203
0.0663379650381 0.0854503464203
0.0663082437276 0.0854503464203
0.0662785490372 0.0854503464203
0.0662488809311 0.0854503464203
0.0662192393736 0.0854503464203
0.0661896243292 0.0854503464203
0.0661600357622 0.0854503464203
0.0661304736372 0.0854503464203
0.0661009379187 0.0854503464203
0.0660714285714 0.0854503464203
0.06604194556 0.0854503464203
0.0660124888492 0.0854503464203
0.0659830584039 0.0854503464203
0.0659536541889 0.0854503464203
0.0663697104677 0.0860277136259
0.066340160285 0.0860277136259
0.0663106364041 0.0860277136259
0.0667259786477 0.0866050808314
0.0666963094709 0.0866050808314
0.0666666666667 0.0866050808314
0.0666370501999 0.0866050808314
0.0666074600355 0.0866050808314
0.0665778961385 0.0866050808314
0.0665483584738 0.0866050808314
0.0665188470067 0.0866050808314
0.0669326241135 0.087182448037
0.0669029685423 0.087182448037
0.0668733392383 0.087182448037
0.0668437361664 0.087182448037
0.066814159292 0.087182448037
0.0672268907563 0.0877598152425
0.0671971706454 0.0877598152425
0.0671674768007 0.0877598152425
0.0671378091873 0.0877598152425
0.0671081677704 0.0877598152425
0.0670785525154 0.0877598152425
0.0670489633877 0.0877598152425
0.0670194003527 0.0877598152425
0.0669898633759 0.0877598152425
0.0669603524229 0.0877598152425
0.0669308674593 0.0877598152425
0.0669014084507 0.0877598152425
0.066871975363 0.0877598152425
0.0668425681618 0.0877598152425
0.0668131868132 0.0877598152425
0.066783831283 0.0877598152425
0.0667545015371 0.0877598152425
0.0667251975417 0.0877598152425
0.0666959192628 0.0877598152425
0.0671052631579 0.088337182448
0.0670758439281 0.088337182448
0.067046450482 0.088337182448
0.0670170827858 0.088337182448
0.0669877408056 0.088337182448
0.0669584245077 0.088337182448
0.0669291338583 0.088337182448
0.0668998688238 0.088337182448
0.0668706293706 0.088337182448
0.0668414154653 0.088337182448
0.0668122270742 0.088337182448
0.0667830641641 0.088337182448
0.0667539267016 0.088337182448
0.0667248146533 0.088337182448
0.0666957279861 0.088337182448
0.0666666666667 0.088337182448
0.066637630662 0.088337182448
0.0666086199391 0.088337182448
0.0665796344648 0.088337182448
0.0665506742062 0.088337182448
0.0665217391304 0.088337182448
0.0664928292047 0.088337182448
0.0664639443962 0.088337182448
0.0664350846722 0.088337182448
0.06640625 0.088337182448
0.0663774403471 0.088337182448
0.0663486556808 0.088337182448
0.0663198959688 0.088337182448
0.0662911611785 0.088337182448
0.0662624512776 0.088337182448
0.0662337662338 0.088337182448
0.0662051060147 0.088337182448
0.0661764705882 0.088337182448
0.0661478599222 0.088337182448
0.0661192739844 0.088337182448
0.066090712743 0.088337182448
0.0660621761658 0.088337182448
0.066033664221 0.088337182448
0.0660051768766 0.088337182448
0.0664079344545 0.0889145496536
0.0663793103448 0.0889145496536
0.0663507109005 0.0889145496536
0.0663221360896 0.0889145496536
0.0662935858803 0.0889145496536
0.066265060241 0.0889145496536
0.0662365591398 0.0889145496536
0.0666380051591 0.0894919168591
0.0666093682853 0.0894919168591
0.0665807560137 0.0894919168591
0.0665521683126 0.0894919168591
0.0665236051502 0.0894919168591
0.0664950664951 0.0894919168591
0.0664665523156 0.0894919168591
0.0664380625804 0.0894919168591
0.0664095972579 0.0894919168591
0.0663811563169 0.0894919168591
0.066352739726 0.0894919168591
0.066324347454 0.0894919168591
0.0662959794696 0.0894919168591
0.0662676357418 0.0894919168591
0.0662393162393 0.0894919168591
0.0662110209312 0.0894919168591
0.0661827497865 0.0894919168591
0.0661545027742 0.0894919168591
0.0661262798635 0.0894919168591
0.0660980810235 0.0894919168591
0.0660699062234 0.0894919168591
0.0660417554325 0.0894919168591
0.0660136286201 0.0894919168591
0.0659855257556 0.0894919168591
0.0659574468085 0.0894919168591
0.0659293917482 0.0894919168591
0.0659013605442 0.0894919168591
0.0662983425414 0.0900692840647
0.0662701784197 0.0900692840647
0.0662420382166 0.0900692840647
0.0662139219015 0.0900692840647
0.0661858294442 0.0900692840647
0.0661577608142 0.0900692840647
0.0661297159813 0.0900692840647
0.0661016949153 0.0900692840647
0.0660736975858 0.0900692840647
0.0660457239627 0.0900692840647
0.0660177740161 0.0900692840647
0.0659898477157 0.0900692840647
0.0659619450317 0.0900692840647
0.0659340659341 0.0900692840647
0.0659062103929 0.0900692840647
0.0658783783784 0.0900692840647
0.0658505698607 0.0900692840647
0.0658227848101 0.0900692840647
0.065795023197 0.0900692840647
0.0657672849916 0.0900692840647
0.0657395701643 0.0900692840647
0.0657118786858 0.0900692840647
0.0656842105263 0.0900692840647
0.0656565656566 0.0900692840647
0.0656289440471 0.0900692840647
0.0656013456686 0.0900692840647
0.0655737704918 0.0900692840647
0.0655462184874 0.0900692840647
0.0655186896262 0.0900692840647
0.0654911838791 0.0900692840647
0.065463701217 0.0900692840647
0.0654362416107 0.0900692840647
0.0654088050314 0.0900692840647
0.0653813914501 0.0900692840647
0.0657729367407 0.0906466512702
0.0657453936348 0.0906466512702
0.0657178735873 0.0906466512702
0.065690376569 0.0906466512702
0.0656629025512 0.0906466512702
0.065635451505 0.0906466512702
0.0656080234016 0.0906466512702
0.0655806182122 0.0906466512702
0.0655532359081 0.0906466512702
0.0655258764608 0.0906466512702
0.0654985398415 0.0906466512702
0.0654712260217 0.0906466512702
0.0654439349729 0.0906466512702
0.0654166666667 0.0906466512702
0.0653894210746 0.0906466512702
0.0653621981682 0.0906466512702
0.0653349979193 0.0906466512702
0.0653078202995 0.0906466512702
0.0652806652807 0.0906466512702
0.0652535328346 0.0906466512702
0.0652264229331 0.0906466512702
0.0651993355482 0.0906466512702
0.0651722706517 0.0906466512702
0.0651452282158 0.0906466512702
0.0651182082124 0.0906466512702
0.0650912106136 0.0906466512702
0.0650642353916 0.0906466512702
0.0650372825186 0.0906466512702
0.0650103519669 0.0906466512702
0.0649834437086 0.0906466512702
0.0649565577162 0.0906466512702
0.064929693962 0.0906466512702
0.0649028524184 0.0906466512702
0.0648760330579 0.0906466512702
0.064849235853 0.0906466512702
0.0648224607762 0.0906466512702
0.0647957078002 0.0906466512702
0.0647689768977 0.0906466512702
0.0647422680412 0.0906466512702
0.0647155812036 0.0906466512702
0.0646889163576 0.0906466512702
0.0646622734761 0.0906466512702
0.0646356525319 0.0906466512702
0.0646090534979 0.0906466512702
0.0645824763472 0.0906466512702
0.0645559210526 0.0906466512702
0.0645293875873 0.0906466512702
0.0645028759244 0.0906466512702
0.064476386037 0.0906466512702
0.0644499178982 0.0906466512702
0.0644234714813 0.0906466512702
0.064807219032 0.0912240184758
0.0647806478065 0.0912240184758
0.0647540983607 0.0912240184758
0.0647275706678 0.0912240184758
0.0651105651106 0.0918013856813
0.0650839132214 0.0918013856813
0.0650572831424 0.0918013856813
0.0650306748466 0.0918013856813
0.0650040883074 0.0918013856813
0.0649775234982 0.0918013856813
0.0649509803922 0.0918013856813
0.0649244589628 0.0918013856813
0.0648979591837 0.0918013856813
0.0648714810282 0.0918013856813
0.0648450244698 0.0918013856813
0.0648185894823 0.0918013856813
0.0647921760391 0.0918013856813
0.0647657841141 0.0918013856813
0.0647394136808 0.0918013856813
0.0647130647131 0.0918013856813
0.0646867371847 0.0918013856813
0.0646604310695 0.0918013856813
0.0646341463415 0.0918013856813
0.0646078829744 0.0918013856813
0.0645816409423 0.0918013856813
0.0645554202192 0.0918013856813
0.0645292207792 0.0918013856813
0.0645030425963 0.0918013856813
0.0644768856448 0.0918013856813
0.0644507498987 0.0918013856813
0.064829821718 0.0923787528868
0.064803564196 0.0923787528868
0.0647773279352 0.0923787528868
0.0647511129098 0.0923787528868
0.0647249190939 0.0923787528868
0.0646987464618 0.0923787528868
0.0646725949879 0.0923787528868
0.0646464646465 0.0923787528868
0.064620355412 0.0923787528868
0.0645942672588 0.0923787528868
0.0645682001614 0.0923787528868
0.0645421540944 0.0923787528868
0.0649193548387 0.0929561200924
0.0648931882306 0.0929561200924
0.0648670427075 0.0929561200924
0.0648409182441 0.0929561200924
0.0648148148148 0.0929561200924
0.0651911468813 0.0935334872979
0.065164923572 0.0935334872979
0.065138721351 0.0935334872979
0.0651125401929 0.0935334872979
0.0650863800723 0.0935334872979
0.0650602409639 0.0935334872979
0.0650341228422 0.0935334872979
0.0650080256822 0.0935334872979
0.0649819494585 0.0935334872979
0.064955894146 0.0935334872979
0.0649298597194 0.0935334872979
0.0649038461538 0.0935334872979
0.0648778534241 0.0935334872979
0.0648518815052 0.0935334872979
0.0648259303721 0.0935334872979
0.0648 0.0935334872979
0.0647740903639 0.0935334872979
0.0647482014388 0.0935334872979
0.0647223332002 0.0935334872979
0.064696485623 0.0935334872979
0.0646706586826 0.0935334872979
0.0646448523543 0.0935334872979
0.0646190666135 0.0935334872979
0.0645933014354 0.0935334872979
0.0645675567955 0.0935334872979
0.0645418326693 0.0935334872979
0.0649143767423 0.0941108545035
0.0648885350318 0.0941108545035
0.0652606446478 0.094688221709
0.0652346857597 0.094688221709
0.0652087475149 0.094688221709
0.0651828298887 0.094688221709
0.0651569328566 0.094688221709
0.065131056394 0.094688221709
0.0651052004764 0.094688221709
0.0650793650794 0.094688221709
0.0650535501785 0.094688221709
0.0650277557494 0.094688221709
0.0650019817677 0.094688221709
0.0649762282092 0.094688221709
0.0649504950495 0.094688221709
0.0649247822644 0.094688221709
0.0648990898298 0.094688221709
0.0648734177215 0.094688221709
0.0648477659154 0.094688221709
0.0648221343874 0.094688221709
0.0651916238641 0.0952655889145
0.0651658767773 0.0952655889145
0.0651401500197 0.0952655889145
0.0651144435675 0.0952655889145
0.0650887573964 0.0952655889145
0.0650630914826 0.0952655889145
0.0650374458021 0.0952655889145
0.065011820331 0.0952655889145
0.0649862150453 0.0952655889145
0.0649606299213 0.0952655889145
0.0649350649351 0.0952655889145
0.0653029110936 0.0958429561201
0.0652772316162 0.0958429561201
0.065251572327 0.0958429561201
0.0652259332024 0.0958429561201
0.0652003142184 0.0958429561201
0.0651747153514 0.0958429561201
0.0651491365777 0.0958429561201
0.0651235778737 0.0958429561201
0.0650980392157 0.0958429561201
0.0650725205802 0.0958429561201
0.0650470219436 0.0958429561201
0.0650215432824 0.0958429561201
0.0649960845732 0.0958429561201
0.0649706457926 0.0958429561201
0.0649452269171 0.0958429561201
0.0649198279233 0.0958429561201
0.0648944487881 0.0958429561201
0.0648690894881 0.0958429561201
0.06484375 0.0958429561201
0.0648184303007 0.0958429561201
0.0647931303669 0.0958429561201
0.0647678501756 0.0958429561201
0.0647425897036 0.0958429561201
0.0647173489279 0.0958429561201
0.0646921278254 0.0958429561201
0.0650564861706 0.0964203233256
0.065031152648 0.0964203233256
0.0650058388478 0.0964203233256
0.0649805447471 0.0964203233256
0.0649552703228 0.0964203233256
0.0649300155521 0.0964203233256
0.064904780412 0.0964203233256
0.0648795648796 0.0964203233256
0.0652427184466 0.0969976905312
0.0652173913043 0.0969976905312
0.0651920838184 0.0969976905312
0.0651667959659 0.0969976905312
0.0651415277239 0.0969976905312
0.0651162790698 0.0969976905312
0.0650910499806 0.0969976905312
0.0650658404338 0.0969976905312
0.0650406504065 0.0969976905312
0.0650154798762 0.0969976905312
0.0649903288201 0.0969976905312
0.0649651972158 0.0969976905312
0.0649400850406 0.0969976905312
0.064914992272 0.0969976905312
0.0648899188876 0.0969976905312
0.0648648648649 0.0969976905312
0.0648398301814 0.0969976905312
0.0648148148148 0.0969976905312
0.0647898187428 0.0969976905312
0.0647648419429 0.0969976905312
0.0647398843931 0.0969976905312
0.0647149460709 0.0969976905312
0.0646900269542 0.0969976905312
0.0646651270208 0.0969976905312
0.0646402462486 0.0969976905312
0.0646153846154 0.0969976905312
0.0645905420992 0.0969976905312
0.0645657186779 0.0969976905312
0.0645409143296 0.0969976905312
0.0645161290323 0.0969976905312
0.0644913627639 0.0969976905312
0.0644666155027 0.0969976905312
0.0644418872267 0.0969976905312
0.0644171779141 0.0969976905312
0.0643924875431 0.0969976905312
0.064367816092 0.0969976905312
0.0643431635389 0.0969976905312
0.0647013782542 0.0975750577367
0.0646766169154 0.0975750577367
0.0646518745218 0.0975750577367
0.0646271510516 0.0975750577367
0.0646024464832 0.0975750577367
0.0645777607948 0.0975750577367
0.0645530939649 0.0975750577367
0.0645284459717 0.0975750577367
0.0645038167939 0.0975750577367
0.0644792064098 0.0975750577367
0.0644546147979 0.0975750577367
0.0644300419367 0.0975750577367
0.0644054878049 0.0975750577367
0.064380952381 0.0975750577367
0.0643564356436 0.0975750577367
0.0643319375714 0.0975750577367
0.0643074581431 0.0975750577367
0.0642829973374 0.0975750577367
0.06463878327 0.0981524249423
0.0646142151273 0.0981524249423
0.0645896656535 0.0981524249423
0.0645651348272 0.0981524249423
0.0645406226272 0.0981524249423
0.0645161290323 0.0981524249423
0.0644916540212 0.0981524249423
0.064467197573 0.0981524249423
0.0644427596664 0.0981524249423
0.0644183402804 0.0981524249423
0.0643939393939 0.0981524249423
0.064369556986 0.0981524249423
0.0643451930356 0.0981524249423
0.0643208475218 0.0981524249423
0.0642965204236 0.0981524249423
0.0642722117202 0.0981524249423
0.0642479213908 0.0981524249423
0.0642236494144 0.0981524249423
0.0641993957704 0.0981524249423
0.0641751604379 0.0981524249423
0.0641509433962 0.0981524249423
0.0641267446247 0.0981524249423
0.0641025641026 0.0981524249423
0.0640784018093 0.0981524249423
0.0640542577242 0.0981524249423
0.064406779661 0.0987297921478
0.0643825301205 0.0987297921478
0.0643582988333 0.0987297921478
0.0643340857788 0.0987297921478
0.0643098909364 0.0987297921478
0.0642857142857 0.0987297921478
0.0642615558061 0.0987297921478
0.0642374154771 0.0987297921478
0.0642132932783 0.0987297921478
0.0641891891892 0.0987297921478
0.0641651031895 0.0987297921478
0.0641410352588 0.0987297921478
0.0641169853768 0.0987297921478
0.0640929535232 0.0987297921478
0.0640689396778 0.0987297921478
0.0640449438202 0.0987297921478
0.0640209659304 0.0987297921478
0.063997005988 0.0987297921478
0.0639730639731 0.0987297921478
0.0639491398654 0.0987297921478
0.0639252336449 0.0987297921478
0.0639013452915 0.0987297921478
0.0638774747852 0.0987297921478
0.063853622106 0.0987297921478
0.063829787234 0.0987297921478
0.0638059701493 0.0987297921478
0.0637821708318 0.0987297921478
0.0637583892617 0.0987297921478
0.0637346254193 0.0987297921478
0.0637108792846 0.0987297921478
0.063687150838 0.0987297921478
0.0636634400596 0.0987297921478
0.0636397469297 0.0987297921478
0.0636160714286 0.0987297921478
0.0635924135366 0.0987297921478
0.0635687732342 0.0987297921478
0.0639167595689 0.0993071593533
0.0638930163447 0.0993071593533
0.0638692907538 0.0993071593533
0.0638455827765 0.0993071593533
0.0638218923933 0.0993071593533
0.0637982195846 0.0993071593533
0.0637745643307 0.0993071593533
0.0637509266123 0.0993071593533
0.0637273064098 0.0993071593533
0.0640740740741 0.0998845265589
0.0640503517216 0.0998845265589
0.0640266469282 0.0998845265589
0.0640029596744 0.0998845265589
0.0639792899408 0.0998845265589
0.0639556377079 0.0998845265589
0.0639320029564 0.0998845265589
0.0639083856668 0.0998845265589
0.0638847858198 0.0998845265589
0.0638612033961 0.0998845265589
0.0638376383764 0.0998845265589
0.0638140907414 0.0998845265589
0.063790560472 0.0998845265589
0.0637670475488 0.0998845265589
0.0637435519528 0.0998845265589
0.0637200736648 0.0998845265589
0.0636966126657 0.0998845265589
0.0636731689363 0.0998845265589
0.0636497424577 0.0998845265589
0.0636263332107 0.0998845265589
0.0636029411765 0.0998845265589
0.0635795663359 0.0998845265589
0.0635562086701 0.0998845265589
0.0635328681601 0.0998845265589
0.0635095447871 0.0998845265589
0.0634862385321 0.0998845265589
0.0634629493764 0.0998845265589
0.0634396773011 0.0998845265589
0.0634164222874 0.0998845265589
0.0633931843166 0.0998845265589
0.06336996337 0.0998845265589
0.0633467594288 0.0998845265589
0.0633235724744 0.0998845265589
0.0633004024881 0.0998845265589
0.0632772494514 0.0998845265589
0.0632541133455 0.0998845265589
0.063230994152 0.0998845265589
0.0632078918524 0.0998845265589
0.063184806428 0.0998845265589
0.0631617378605 0.0998845265589
0.0631386861314 0.0998845265589
0.0631156512222 0.0998845265589
0.0630926331145 0.0998845265589
0.06306963179 0.0998845265589
0.0630466472303 0.0998845265589
0.0630236794171 0.0998845265589
0.0630007283321 0.0998845265589
0.062977793957 0.0998845265589
0.0629548762737 0.0998845265589
0.0629319752637 0.0998845265589
0.0629090909091 0.0998845265589
0.0628862231916 0.0998845265589
0.062863372093 0.0998845265589
0.0632037776971 0.100461893764
0.0631808278867 0.100461893764
0.0631578947368 0.100461893764
0.0631349782293 0.100461893764
0.063112078346 0.100461893764
0.0630891950689 0.100461893764
0.0630663283798 0.100461893764
0.0630434782609 0.100461893764
0.063020644694 0.100461893764
0.0629978276611 0.100461893764
0.0629750271444 0.100461893764
0.0629522431259 0.100461893764
0.0629294755877 0.100461893764
0.0629067245119 0.100461893764
0.0628839898807 0.100461893764
0.0628612716763 0.100461893764
0.0628385698808 0.100461893764
0.0628158844765 0.100461893764
0.0627932154457 0.100461893764
0.0631313131313 0.10103926097
0.0631085467003 0.10103926097
0.0630857966835 0.10103926097
0.0630630630631 0.10103926097
0.0630403458213 0.10103926097
0.0630176449406 0.10103926097
0.0629949604032 0.10103926097
0.0629722921914 0.10103926097
0.0629496402878 0.10103926097
0.0629270046746 0.10103926097
0.0629043853343 0.10103926097
0.0628817822494 0.10103926097
0.0628591954023 0.10103926097
0.0628366247756 0.10103926097
0.0628140703518 0.10103926097
0.0627915321134 0.10103926097
0.062769010043 0.10103926097
0.0627465041233 0.10103926097
0.0627240143369 0.10103926097
0.0627015406664 0.10103926097
0.0626790830946 0.10103926097
0.062656641604 0.10103926097
0.0626342161775 0.10103926097
0.0626118067979 0.10103926097
0.0625894134478 0.10103926097
0.0625670361101 0.10103926097
0.0625446747677 0.10103926097
0.0625223294034 0.10103926097
0.0625 0.10103926097
0.0624776865405 0.10103926097
0.0624553890079 0.10103926097
0.0624331073849 0.10103926097
0.0624108416548 0.10103926097
0.0623885918004 0.10103926097
0.0623663578047 0.10103926097
0.0623441396509 0.10103926097
0.0623219373219 0.10103926097
0.062299750801 0.10103926097
0.0622775800712 0.10103926097
0.0622554251156 0.10103926097
0.0622332859175 0.10103926097
0.06221116246 0.10103926097
0.0621890547264 0.10103926097
0.0621669626998 0.10103926097
0.0621448863636 0.10103926097
0.0621228257011 0.10103926097
0.0621007806955 0.10103926097
0.0620787513303 0.10103926097
0.0620567375887 0.10103926097
0.0620347394541 0.10103926097
0.06201275691 0.10103926097
0.0619907899398 0.10103926097
0.0619688385269 0.10103926097
0.0619469026549 0.10103926097
0.0619249823071 0.10103926097
0.0619030774673 0.10103926097
0.0618811881188 0.10103926097
0.0618593142453 0.10103926097
0.0618374558304 0.10103926097
0.0618156128576 0.10103926097
0.0617937853107 0.10103926097
0.0617719731733 0.10103926097
0.0617501764291 0.10103926097
0.0617283950617 0.10103926097
0.061706629055 0.10103926097
0.0616848783927 0.10103926097
0.0616631430585 0.10103926097
0.0616414230363 0.10103926097
0.0616197183099 0.10103926097
0.0615980288631 0.10103926097
0.0615763546798 0.10103926097
0.0615546957439 0.10103926097
0.0615330520394 0.10103926097
0.0615114235501 0.10103926097
0.06148981026 0.10103926097
0.0614682121531 0.10103926097
0.0614466292135 0.10103926097
0.0614250614251 0.10103926097
0.0614035087719 0.10103926097
0.0613819712382 0.10103926097
0.0613604488079 0.10103926097
0.0613389414651 0.10103926097
0.0613174491941 0.10103926097
0.061295971979 0.10103926097
0.0616246498599 0.101616628176
0.061603080154 0.101616628176
0.0615815255423 0.101616628176
0.0615599860091 0.101616628176
0.0615384615385 0.101616628176
0.0615169521146 0.101616628176
0.0614954577219 0.101616628176
0.0614739783444 0.101616628176
0.0614525139665 0.101616628176
0.0614310645724 0.101616628176
0.0614096301465 0.101616628176
0.0613882106732 0.101616628176
0.0613668061367 0.101616628176
0.0613454165214 0.101616628176
0.0613240418118 0.101616628176
0.0613026819923 0.101616628176
0.0612813370474 0.101616628176
0.0612600069614 0.101616628176
0.0612386917189 0.101616628176
0.0612173913043 0.101616628176
0.0611961057024 0.101616628176
0.0611748348975 0.101616628176
0.0611535788742 0.101616628176
0.0611323376172 0.101616628176
0.0611111111111 0.101616628176
0.0610898993405 0.101616628176
0.0610687022901 0.101616628176
0.0610475199445 0.101616628176
0.0610263522885 0.101616628176
0.0610051993068 0.101616628176
0.0609840609841 0.101616628176
0.0609629373052 0.101616628176
0.0609418282548 0.101616628176
0.0609207338179 0.101616628176
0.0608996539792 0.101616628176
0.0608785887236 0.101616628176
0.060857538036 0.101616628176
0.0608365019011 0.101616628176
0.0608154803041 0.101616628176
0.0607944732297 0.101616628176
0.060773480663 0.101616628176
0.0607525025889 0.101616628176
0.0607315389924 0.101616628176
0.0607105898586 0.101616628176
0.0606896551724 0.101616628176
0.060668734919 0.101616628176
0.0606478290834 0.101616628176
