62163 1 0.886066257954
62164 1 0.886066257954
32216 1 0.886066257954
62165 1 0.886066257954
4930 1 0.881448924541
4932 1 0.881448924541
54603 1 0.881448864937
54604 1 0.881448864937
54605 1 0.881448864937
3227 1 0.877205610275
3226 1 0.877205610275
66591 1 0.870771944523
66592 1 0.870771944523
53931 1 0.855341553688
53930 1 0.855341553688
13538 1 0.842121422291
13539 1 0.842121422291
81507 1 0.836322665215
81506 1 0.836322665215
70547 1 0.836322665215
81508 1 0.836322665215
44360 1 0.820841670036
44361 1 0.820841670036
42023 1 0.820027887821
42022 1 0.820027887821
31175 4 0.807196676731
31176 4 0.807196676731
47716 4 0.805369615555
1960 1 0.799351811409
1959 1 0.799351811409
38799 4 0.794281482697
38798 4 0.794281482697
1749 1 0.792355537415
1748 1 0.792355537415
21387 1 0.790414273739
21388 1 0.79041403532
21389 1 0.79041403532
21390 1 0.79041403532
21386 1 0.79041403532
44291 4 0.784717917442
4891 1 0.782440841198
4892 1 0.782440841198
38451 1 0.781312465668
38450 1 0.781312465668
23091 4 0.779608786106
923 1 0.777346432209
924 1 0.777346432209
81098 1 0.773352146149
5011 1 0.772562086582
5010 1 0.772562086582
2284 1 0.765885055065
2273 1 0.765885055065
33118 1 0.765279710293
43201 1 0.759710371494
43202 1 0.759710371494
37712 1 0.755275666714
37713 1 0.755275666714
37711 1 0.755275666714
19645 1 0.755275547504
19644 1 0.755275547504
39201 1 0.750506401062
39200 1 0.750506401062
5796 4 0.748327195644
5797 4 0.748327195644
3090 1 0.74347537756
3089 1 0.74347537756
11803 4 0.742872714996
11801 4 0.742872714996
504 4 0.737935125828
505 4 0.737935125828
11804 4 0.737168610096
11802 4 0.737168610096
30831 4 0.732990384102
57243 1 0.731105387211
57242 1 0.731105387211
37261 1 0.720719277859
37260 1 0.720719277859
37259 1 0.720719277859
37258 1 0.720719277859
35409 1 0.720719277859
35410 1 0.720719277859
45982 1 0.72023922205
45981 1 0.72023922205
62813 1 0.717984974384
2560 4 0.717311441898
2559 4 0.717311441898
55445 1 0.715092241764
55446 1 0.715092241764
89177 1 0.713391244411
89176 1 0.713391244411
29695 1 0.712976932526
29696 1 0.712976932526
33309 1 0.711356937885
33308 1 0.711356937885
44110 1 0.709838926792
44109 1 0.709838926792
66754 1 0.707534193993
66753 1 0.707534193993
20973 1 0.707375466824
20974 1 0.707375466824
64040 1 0.70660585165
64041 1 0.70660585165
5507 1 0.706472933292
5508 1 0.706472933292
25417 1 0.703485071659
25416 1 0.703485071659
49 4 0.702936470509
50 4 0.702936470509
27489 4 0.702936470509
8517 4 0.696468114853
8518 4 0.696468114853
3066 1 0.696057975292
32044 1 0.694056510925
32045 1 0.694056510925
10823 4 0.689158082008
37936 1 0.687128067017
60763 4 0.685436725616
60764 4 0.685436725616
70388 4 0.682377636433
70389 4 0.682377636433
51591 1 0.674250721931
51592 1 0.674250721931
7051 1 0.673850536346
7052 1 0.673850536346
9967 1 0.667419791222
9965 1 0.667419791222
77259 1 0.666947901249
25629 1 0.666659593582
25630 1 0.666659593582
54622 1 0.665409207344
54621 1 0.665409207344
15997 1 0.664038181305
15998 1 0.664038181305
21666 1 0.66030138731
21667 1 0.66030138731
81755 1 0.659957885742
81756 1 0.659957885742
713 1 0.659617960453
714 1 0.659617960453
10137 4 0.655799388885
30927 1 0.652475714684
30925 1 0.652475714684
42532 1 0.652475714684
42531 1 0.652475714684
42530 1 0.652475714684
42529 1 0.652475714684
31299 1 0.652367711067
31298 1 0.652367711067
33979 4 0.652244746685
75990 1 0.650310516357
75989 1 0.650310516357
11041 1 0.647649466991
11040 1 0.647649466991
31372 1 0.647255122662
31371 1 0.647255122662
32905 1 0.646783590317
32906 1 0.646783590317
63461 1 0.645278394222
63462 1 0.645278394222
33106 1 0.64421659708
33107 1 0.64421659708
23375 4 0.642969489098
23373 4 0.642969489098
5197 1 0.642836749554
10736 1 0.642644703388
68488 1 0.640904605389
63273 1 0.63877004385
63272 1 0.63877004385
42426 1 0.636041641235
42425 1 0.636041641235
42424 1 0.636041641235
42423 1 0.636041641235
42422 1 0.636041641235
6988 1 0.635647773743
6987 1 0.635647773743
2281 1 0.633836090565
2259 1 0.633836090565
72669 1 0.633835971355
72667 1 0.633835971355
72670 1 0.633835971355
72668 1 0.633835971355
90740 4 0.63352060318
39763 4 0.632123708725
73757 1 0.63058334589
73756 1 0.63058334589
48845 1 0.628028154373
48846 1 0.628028154373
37172 4 0.627269566059
37173 4 0.627269566059
21503 1 0.627153277397
21502 1 0.627153277397
38642 1 0.626281559467
38643 1 0.626281559467
1948 1 0.625163376331
1947 1 0.625163376331
54397 1 0.6243917346
54398 1 0.6243917346
11394 1 0.623164057732
58550 1 0.623163878918
41399 1 0.623163878918
58549 1 0.623163878918
41401 1 0.623163878918
58546 1 0.623163878918
58551 1 0.623163878918
35153 1 0.623163878918
58547 1 0.623163878918
58548 1 0.623163878918
27491 1 0.622734606266
27490 1 0.622734606266
33675 1 0.622632563114
48369 4 0.622175693512
48374 4 0.622175693512
48373 4 0.622175693512
48372 4 0.622175693512
48371 4 0.622175693512
48370 4 0.622175693512
78324 1 0.621424138546
78322 1 0.621424138546
83999 1 0.620592534542
90702 1 0.620177090168
90703 1 0.620177090168
36052 1 0.618279218674
36053 1 0.618279218674
68642 1 0.616672277451
68641 1 0.616672277451
31366 1 0.61659526825
62573 1 0.616532742977
62572 1 0.616532742977
129 1 0.616050422192
37761 1 0.614519894123
37762 1 0.614519894123
27050 4 0.614421665668
27051 4 0.614421665668
84226 1 0.613838016987
76196 4 0.613750517368
76197 4 0.613750517368
7109 4 0.613566040993
28552 1 0.609545946121
28551 1 0.609545946121
62993 1 0.607782304287
62992 1 0.607782304287
116 1 0.605773508549
15742 4 0.605472028255
12180 1 0.60467261076
12181 1 0.60467261076
12720 1 0.603474080563
69050 1 0.600569248199
69051 1 0.600569248199
51717 1 0.600335657597
51715 1 0.600335657597
36698 1 0.599951863289
36697 1 0.599951863289
88355 4 0.599857568741
6584 1 0.599320411682
6583 1 0.599320411682
38228 1 0.599078834057
38231 1 0.599078834057
38232 1 0.599078714848
38230 1 0.599078714848
38229 1 0.599078714848
38227 1 0.599078714848
5356 1 0.596864044666
5355 1 0.596864044666
4431 4 0.596687138081
4429 4 0.596687138081
23358 1 0.596102178097
23357 1 0.596102178097
23356 1 0.596102178097
23355 1 0.596102178097
23354 1 0.596102178097
23353 1 0.596102178097
33980 4 0.595109939575
31427 4 0.593324780464
31428 4 0.593324780464
38092 1 0.592087745667
67138 1 0.592087745667
67141 1 0.592087745667
38093 1 0.592087745667
67139 1 0.592087745667
67140 1 0.592087745667
14081 4 0.591565668583
14082 4 0.591565668583
25936 1 0.591176211834
25941 1 0.591176211834
25940 1 0.591176211834
25939 1 0.591176211834
25938 1 0.591176211834
25937 1 0.591176211834
43888 1 0.589285612106
43887 1 0.589285612106
43891 1 0.589285612106
43889 1 0.589285612106
43892 1 0.589285612106
43890 1 0.589285612106
45533 1 0.588371396065
45545 1 0.588371396065
64269 1 0.587392449379
78311 1 0.587392449379
78313 1 0.587392449379
64270 1 0.587392449379
78312 1 0.58739221096
78314 1 0.58739221096
17144 1 0.586560130119
17143 1 0.586560130119
5893 1 0.585842132568
5892 1 0.585842132568
34013 1 0.585786640644
56107 1 0.584730386734
56108 1 0.584730386734
3155 1 0.584680020809
3154 1 0.584680020809
3151 1 0.584680020809
3156 1 0.584680020809
3152 1 0.584680020809
3153 1 0.584680020809
51898 1 0.584558665752
67505 1 0.583987414837
41022 1 0.582976520061
41021 1 0.582976520061
54544 1 0.579892218113
54543 1 0.579892218113
31972 4 0.579168319702
12543 1 0.57901597023
12542 1 0.57901597023
35196 1 0.578803300858
35197 1 0.578803300858
40915 1 0.57789939642
40916 1 0.57789939642
90915 1 0.577853918076
90914 1 0.577853918076
90913 1 0.577853918076
90912 1 0.577853918076
30463 1 0.577833592892
30462 1 0.577833592892
47547 1 0.577574551105
47546 1 0.577574551105
64562 1 0.577508211136
64561 1 0.577508211136
34665 4 0.577399551868
52507 4 0.577399551868
52508 4 0.577399551868
31080 1 0.575912952423
31081 1 0.575912952423
37715 1 0.575318813324
37714 1 0.575318813324
50485 1 0.574700295925
50486 1 0.574700295925
4536 4 0.57195520401
45122 1 0.571846306324
45121 1 0.571846306324
58890 1 0.571561574936
58885 1 0.571561574936
58886 1 0.571561574936
58887 1 0.571561574936
58889 1 0.571561574936
58888 1 0.571561574936
89693 1 0.571504414082
26968 1 0.571504414082
26967 1 0.571504414082
16018 1 0.571504414082
17916 1 0.571504414082
89692 1 0.571504414082
16017 1 0.571504414082
24774 1 0.571504414082
24776 1 0.571504414082
17919 1 0.571504414082
2355 1 0.570748329163
2356 1 0.570748329163
21023 1 0.568344533443
21020 1 0.568344533443
10518 4 0.565329313278
77569 4 0.565329313278
77568 4 0.565329313278
10516 4 0.565329313278
81359 3 0.564929544926
81358 3 0.564929544926
35926 1 0.564721822739
6758 1 0.564121127129
38853 1 0.564121127129
6757 1 0.564121127129
8325 1 0.564121127129
38852 1 0.564121127129
8324 1 0.564121127129
27048 4 0.56101667881
27049 4 0.56101667881
74411 1 0.56010466814
74410 1 0.56010466814
21695 1 0.558985948563
21694 1 0.558985948563
22237 1 0.556981146336
22238 1 0.556981146336
12176 4 0.556812524796
66234 1 0.556528508663
66235 1 0.556528508663
65786 1 0.556211590767
65787 1 0.556211590767
19272 4 0.555973529816
8467 1 0.555513739586
8468 1 0.555513739586
17773 1 0.555411279202
17774 1 0.555411279202
5779 1 0.554444551468
5777 1 0.554444551468
30069 1 0.553477168083
30070 1 0.553477168083
50541 1 0.55203217268
11367 4 0.551843225956
11368 4 0.551843225956
2090 1 0.551730394363
2089 1 0.551730394363
90849 1 0.55173009634
90852 1 0.55173009634
90851 1 0.55173009634
90850 1 0.55173009634
50546 4 0.549081683159
50547 4 0.549081683159
6579 1 0.549002766609
40909 1 0.549002766609
6580 1 0.549002766609
40910 1 0.549002766609
40908 1 0.549002766609
40654 1 0.548099339008
40655 1 0.548099339008
58062 1 0.547411680222
58061 1 0.547411680222
90823 1 0.546909272671
90824 1 0.546909272671
90822 1 0.546909272671
90825 1 0.546909272671
90826 1 0.546909272671
90821 1 0.546909272671
30358 1 0.545105040073
30359 1 0.545105040073
18436 1 0.544124186039
18435 1 0.544124186039
55219 1 0.543214201927
55218 1 0.543214201927
28147 1 0.542709410191
28146 1 0.542709410191
4360 1 0.54261803627
4361 1 0.54261803627
26788 1 0.54261726141
26790 1 0.54261726141
26787 1 0.54261726141
26789 1 0.54261726141
16347 1 0.541596233845
16343 1 0.541596233845
7935 1 0.541444540024
7936 1 0.541444540024
43163 1 0.541083276272
43164 1 0.541083276272
15233 4 0.541080832481
36505 1 0.540821075439
36504 1 0.540821075439
24856 3 0.540812492371
24858 3 0.540812492371
5364 3 0.540812373161
5363 3 0.540812373161
24859 3 0.540812373161
24857 3 0.540812373161
31379 1 0.540697455406
31380 1 0.540697455406
12106 1 0.540566325188
12107 1 0.540566325188
77344 1 0.540565907955
77345 1 0.540565907955
77346 1 0.540565907955
77347 1 0.540565907955
77343 1 0.540565907955
77342 1 0.540565907955
77341 1 0.540565907955
77338 1 0.540565907955
35687 1 0.540565907955
77340 1 0.540565907955
77348 1 0.540565907955
35690 1 0.540565907955
77339 1 0.540565907955
39069 1 0.540565907955
77337 1 0.540565907955
11880 1 0.540565907955
15181 1 0.540565907955
3093 1 0.540565907955
3091 1 0.540565907955
15183 1 0.540565907955
61921 1 0.540565907955
61922 1 0.540565907955
1031 1 0.540565907955
1034 1 0.540565907955
77335 1 0.540565907955
77336 1 0.540565907955
39068 1 0.540565907955
11879 1 0.540565907955
60858 4 0.540217995644
90035 1 0.539621710777
90034 1 0.539621710777
33782 1 0.538400292397
33781 1 0.538400292397
4359 1 0.537513852119
4358 1 0.537513852119
4357 1 0.537513852119
4356 1 0.537513852119
4355 1 0.537513852119
31155 1 0.536249697208
72199 1 0.5350522995
72198 1 0.5350522995
85503 1 0.534999489784
85504 1 0.534999489784
89731 1 0.531541824341
89730 1 0.531541824341
57329 1 0.530372679234
57328 1 0.530372679234
57327 1 0.530372679234
57326 1 0.530372679234
57325 1 0.530372679234
57324 1 0.530372679234
85345 1 0.530237257481
85346 1 0.530237257481
17330 1 0.529200851917
17329 1 0.529200851917
36939 1 0.529200851917
36940 1 0.529200851917
36941 1 0.529200851917
77155 1 0.528629601002
77149 1 0.528629601002
33934 1 0.525884032249
33933 1 0.525884032249
15534 1 0.525785505772
15530 1 0.525785505772
15531 1 0.525785505772
15532 1 0.525785505772
15535 1 0.525785267353
15533 1 0.525785267353
41777 1 0.525089561939
41776 1 0.525089561939
7402 1 0.525089204311
41778 1 0.525089204311
54267 1 0.523040235043
54266 1 0.523040235043
1013 1 0.522665321827
1014 1 0.522665321827
32170 1 0.522283494473
32169 1 0.522283494473
227 3 0.521729826927
222 3 0.521729826927
45334 1 0.521483719349
45335 1 0.521483719349
30208 4 0.521428644657
30207 4 0.521428644657
60938 4 0.520953595638
60937 4 0.520953595638
14634 1 0.520425617695
1522 1 0.519291520119
1520 1 0.519291520119
1910 1 0.519144237041
1909 1 0.519144237041
77150 1 0.517821013927
77148 1 0.517821013927
45342 1 0.516164243221
13919 1 0.514882087708
13920 1 0.514882087708
49003 1 0.513865947723
49004 1 0.513865947723
63936 1 0.513483524323
63935 1 0.513483524323
50240 1 0.512114107609
50241 1 0.512114107609
89212 1 0.511463522911
89209 1 0.511463522911
89211 1 0.511463522911
89214 1 0.511463522911
89210 1 0.511463522911
89213 1 0.511463522911
80636 1 0.511027157307
80637 1 0.511027157307
44306 4 0.510836362839
44307 4 0.510836362839
38884 1 0.509583234787
38886 1 0.509583234787
38887 1 0.509583234787
38885 1 0.509583234787
8321 1 0.509582996368
8320 1 0.509582996368
5912 1 0.509275436401
5913 1 0.509275436401
6496 1 0.508716166019
6497 1 0.508716166019
82833 1 0.508415877819
82832 1 0.508415877819
79676 1 0.507053315639
79677 1 0.507053315639
22840 1 0.506787598133
22841 1 0.506787598133
22842 1 0.506787598133
22844 1 0.506787598133
22845 1 0.506787598133
22843 1 0.506787598133
60483 1 0.505643844604
60482 1 0.505643844604
32807 1 0.505361497402
32808 1 0.505361497402
25586 1 0.504940390587
2155 1 0.504361987114
2153 1 0.504361987114
23595 4 0.503756284714
23594 4 0.503756284714
4583 1 0.50361263752
54 1 0.503283977509
53 1 0.503283977509
80797 1 0.503185510635
80798 1 0.503185510635
16534 1 0.502568781376
16533 1 0.502568781376
29270 1 0.502515673637
29271 1 0.502515673637
76867 4 0.501778066158
76866 4 0.501778066158
81515 1 0.50082141161
81514 1 0.50082141161
4447 4 0.500689566135
3527 1 0.500458538532
3526 1 0.500458538532
35407 1 0.499620914459
35408 1 0.499620914459
23726 1 0.499614745378
12725 1 0.499614745378
23727 1 0.499614745378
12727 1 0.499614745378
86722 4 0.499093830585
86721 4 0.499093830585
13540 1 0.498495310545
13541 1 0.498495310545
23365 1 0.498465657234
23366 1 0.498465657234
28460 1 0.49806278944
28462 1 0.49806278944
28461 1 0.49806278944
28457 1 0.49806278944
28458 1 0.49806278944
28459 1 0.49806278944
23707 4 0.494575023651
28141 1 0.493696063757
28145 1 0.493696063757
28143 1 0.493696063757
28140 1 0.493696063757
28144 1 0.493696063757
28142 1 0.493696063757
48540 1 0.492972612381
48539 1 0.492972612381
2792 1 0.489791214466
2793 1 0.489791214466
23587 1 0.489384919405
23586 1 0.489384919405
23588 1 0.489384919405
23589 1 0.489384919405
23590 1 0.489384919405
23591 1 0.489384919405
78978 1 0.488460034132
78980 1 0.488460034132
49832 1 0.488459795713
78979 1 0.488459795713
49833 1 0.488459795713
78981 1 0.488459795713
72601 1 0.488352358341
72599 1 0.488352358341
72598 1 0.488352358341
72602 1 0.488352358341
72603 1 0.488352358341
72600 1 0.488352358341
63092 1 0.486809879541
63091 1 0.486809879541
2771 4 0.483655571938
2770 4 0.483655571938
1252 1 0.483407109976
1253 1 0.483407109976
12422 1 0.48335531354
12424 1 0.48335531354
19760 1 0.482590258121
19759 1 0.482590258121
21142 1 0.481712758541
21141 1 0.481712758541
25764 1 0.480957359076
25763 1 0.480957359076
87338 1 0.476602941751
87339 1 0.476602941751
87340 1 0.476602941751
438 1 0.476602315903
437 1 0.476602315903
9697 1 0.475385755301
9696 1 0.475385755301
25126 4 0.473790884018
25127 4 0.473790884018
573 1 0.47324219346
568 1 0.47324219346
72626 1 0.473034501076
72627 1 0.473034501076
18456 1 0.473034501076
72628 1 0.473034501076
309 1 0.472479343414
308 1 0.472479343414
58838 1 0.470068216324
58839 1 0.470068216324
58837 1 0.470068216324
58836 1 0.470068216324
58840 1 0.470068216324
58841 1 0.470068216324
59029 1 0.469075530767
59030 1 0.469075530767
22042 1 0.467156767845
22043 1 0.467156767845
50487 1 0.465567320585
50488 1 0.465567320585
7029 1 0.465567082167
7036 1 0.465567082167
62552 1 0.465153992176
62555 1 0.465153992176
62554 1 0.465153813362
62556 1 0.465153813362
62553 1 0.465153813362
62551 1 0.465153813362
53844 1 0.464192569256
52820 1 0.464109450579
52821 1 0.464109450579
66010 1 0.463880628347
83806 1 0.463130265474
83807 1 0.463130265474
83808 1 0.463130265474
78835 1 0.463130265474
78834 1 0.463130265474
87904 1 0.462946683168
54021 1 0.462168097496
54020 1 0.462168097496
67406 1 0.457151919603
42747 1 0.454686045647
42748 1 0.454686045647
18460 1 0.4532995224
18459 1 0.4532995224
5475 1 0.453285247087
5476 1 0.453285247087
32424 1 0.448033958673
32425 1 0.448033958673
74243 4 0.427486509085
74244 4 0.427486509085
74245 4 0.427486509085
74246 4 0.427486509085
17095 1 0.415919244289
17096 1 0.415919244289
46213 1 0.409645229578
46212 1 0.409645229578
55643 1 0.409033089876
55644 1 0.409033089876
90061 1 0.401487737894
90060 1 0.401487737894
49802 1 0.374279797077
49803 1 0.374279797077
