38799 4 0.96180164814
38798 4 0.96180164814
222 3 0.940086126328
227 3 0.940086126328
3227 1 0.930243849754
3226 1 0.930243849754
81359 3 0.917435288429
81358 3 0.917435288429
23091 4 0.911788225174
62165 1 0.899963200092
62164 1 0.899963200092
62163 1 0.899963200092
32216 1 0.899963140488
8518 4 0.898769617081
8517 4 0.898769617081
24857 3 0.897779643536
24859 3 0.897779643536
44291 4 0.894656896591
5797 4 0.894466876984
5796 4 0.894466876984
4930 1 0.888961553574
4932 1 0.888961553574
54603 1 0.888961493969
54604 1 0.888961493969
54605 1 0.888961493969
21386 1 0.887444734573
21388 1 0.887444734573
21387 1 0.887444734573
21390 1 0.887444734573
21389 1 0.887444734573
11802 4 0.887034654617
11804 4 0.887034654617
505 4 0.887034535408
504 4 0.887034535408
11803 4 0.887034535408
11801 4 0.887034535408
47716 4 0.886377632618
27489 4 0.884341061115
49 4 0.884341001511
50 4 0.884341001511
30831 4 0.881605923176
44360 1 0.879186153412
44361 1 0.879186153412
4892 1 0.871320784092
4891 1 0.871320784092
24858 3 0.868376135826
24856 3 0.868376135826
5364 3 0.868376076221
5363 3 0.868376076221
23119 4 0.868003129959
23118 4 0.868003129959
76196 4 0.866179049015
76197 4 0.866179049015
39763 4 0.860658586025
34665 4 0.858784854412
52508 4 0.858784854412
52507 4 0.858784854412
27050 4 0.850389838219
27051 4 0.850389838219
19272 4 0.848657608032
10823 4 0.844514846802
60763 4 0.835199356079
60764 4 0.835199356079
63601 4 0.832200050354
63602 4 0.832200050354
3689 1 0.828226447105
3690 1 0.828226447105
14081 4 0.827995359898
14082 4 0.827995359898
90740 4 0.827536404133
44307 4 0.827513337135
44306 4 0.827513337135
31175 4 0.826647460461
31176 4 0.826647460461
4431 4 0.824527144432
4429 4 0.824527144432
23375 4 0.819008469582
23373 4 0.819008469582
10137 4 0.816868305206
64207 3 0.814603626728
64208 3 0.814603626728
66591 1 0.814356327057
66592 1 0.814356327057
42022 1 0.812933683395
42023 1 0.812933683395
25127 4 0.812339067459
25126 4 0.812339067459
3156 1 0.810893237591
3155 1 0.810893237591
3152 1 0.810893237591
3153 1 0.810893237591
3154 1 0.810893237591
3151 1 0.810893237591
4447 4 0.810063958168
30767 3 0.809642314911
30777 3 0.809642314911
1476 3 0.80910885334
1475 3 0.80910885334
12789 4 0.808816313744
70882 4 0.808816313744
70883 4 0.808816313744
70884 4 0.808816313744
12788 4 0.808816313744
70885 4 0.808816313744
72207 4 0.807924985886
72206 4 0.807924985886
16424 3 0.805768966675
16425 3 0.805768966675
31972 4 0.805561125278
5139 3 0.804578602314
5138 3 0.804578602314
26310 3 0.804578542709
26312 3 0.804578542709
26311 3 0.804578542709
26313 3 0.804578542709
26309 3 0.804578542709
26308 3 0.804578542709
26305 3 0.804578542709
26307 3 0.804578542709
26306 3 0.804578542709
33979 4 0.803158402443
12176 4 0.80117559433
4536 4 0.796354532242
37711 1 0.795614242554
37712 1 0.795614242554
37713 1 0.795614242554
19644 1 0.795614123344
19645 1 0.795614123344
7109 4 0.795524060726
15233 4 0.794150352478
67405 3 0.793985903263
1749 1 0.793475031853
1748 1 0.793475031853
38451 1 0.793358623981
38450 1 0.793358623981
68728 4 0.792965292931
31428 4 0.791667163372
31427 4 0.791667163372
45982 1 0.790828287601
45981 1 0.790828287601
53930 1 0.790192425251
53931 1 0.790192425251
40120 4 0.788736402988
40121 4 0.788736402988
40122 4 0.788736402988
40123 4 0.788736402988
40124 4 0.788736402988
6758 1 0.785132586956
8324 1 0.785132586956
38852 1 0.785132586956
8325 1 0.785132586956
38853 1 0.785132586956
6757 1 0.785132586956
81742 4 0.783608138561
81741 4 0.783608138561
25416 1 0.781376183033
25417 1 0.781376183033
59702 4 0.780276417732
81506 1 0.779301226139
81507 1 0.779301226139
81508 1 0.779301226139
70547 1 0.779301226139
27048 4 0.778720080853
27049 4 0.778720080853
50186 3 0.778245985508
50187 3 0.778245985508
32595 1 0.777454555035
32596 1 0.777454555035
2771 4 0.775662183762
2770 4 0.775662183762
50240 1 0.775193631649
50241 1 0.775193631649
88355 4 0.773503959179
33118 1 0.773490309715
65434 4 0.772628247738
65431 4 0.772628247738
65430 4 0.772628247738
65432 4 0.772628247738
65433 4 0.772628247738
10518 4 0.772454738617
10516 4 0.772454738617
77568 4 0.772454559803
77569 4 0.772454559803
48072 3 0.768244624138
48073 3 0.768244624138
70389 4 0.763915598392
70388 4 0.763915598392
44180 4 0.763034820557
44178 4 0.763034820557
50546 4 0.760802745819
50547 4 0.760802745819
37936 1 0.760070383549
37601 3 0.759997785091
37600 3 0.759997785091
86508 3 0.75875890255
86509 3 0.75875890255
50258 4 0.757333993912
50257 4 0.757333993912
25586 1 0.756175816059
76726 4 0.755167782307
76725 4 0.755167782307
42228 4 0.755092799664
42227 4 0.755092799664
50577 3 0.754671216011
50576 3 0.754671216011
13171 3 0.753058135509
13172 3 0.753058135509
7865 4 0.75186342001
7862 4 0.75186342001
15829 4 0.751863241196
15828 4 0.751863241196
566 3 0.75141453743
563 3 0.75141453743
33675 1 0.750639557838
82173 4 0.749663352966
82177 4 0.749663352966
82172 4 0.749663352966
82174 4 0.749663352966
82175 4 0.749663352966
82176 4 0.749663352966
82179 4 0.749663352966
82178 4 0.749663352966
3712 4 0.749663233757
3711 4 0.749663233757
73712 3 0.74944037199
73711 3 0.74944037199
62813 1 0.746117174625
48084 3 0.74357676506
48081 3 0.74357676506
48080 3 0.74357676506
48083 3 0.74357676506
48079 3 0.74357676506
48078 3 0.74357676506
48085 3 0.74357676506
48086 3 0.74357676506
48087 3 0.74357676506
48088 3 0.74357676506
48089 3 0.74357676506
48090 3 0.74357676506
48082 3 0.74357676506
48076 3 0.74357676506
48075 3 0.74357676506
48074 3 0.74357676506
48077 3 0.74357676506
69852 4 0.743203997612
69853 4 0.743203997612
2273 1 0.74221777916
2284 1 0.74221777916
36698 1 0.740935385227
36697 1 0.740935385227
23707 4 0.740031003952
23595 4 0.739876627922
23594 4 0.739876627922
16343 1 0.738085627556
16347 1 0.738085627556
5508 1 0.73741132021
5507 1 0.73741132021
41720 1 0.736532449722
41719 1 0.736532449722
41721 1 0.736532449722
41718 1 0.736532449722
24380 4 0.735590934753
24379 4 0.735590934753
77148 1 0.735089719296
77150 1 0.735089719296
29695 1 0.734447538853
29696 1 0.734447538853
11367 4 0.733351051807
11368 4 0.733351051807
60858 4 0.73293107748
74244 4 0.732122182846
74246 4 0.732122182846
74243 4 0.732122182846
74245 4 0.732122182846
34693 3 0.731750309467
34695 3 0.731750309467
77155 1 0.731724262238
77149 1 0.731724262238
11121 4 0.731343328953
62098 4 0.730990231037
5355 1 0.728419244289
5356 1 0.728419244289
48374 4 0.72680824995
48373 4 0.72680824995
48372 4 0.72680824995
48371 4 0.72680824995
48370 4 0.72680824995
48369 4 0.72680824995
76866 4 0.726205766201
76867 4 0.726205766201
31299 1 0.725975394249
31298 1 0.725975394249
73757 1 0.723225355148
73756 1 0.723225355148
29998 3 0.721710264683
29997 3 0.721710264683
12980 4 0.719847381115
12977 4 0.719847381115
74061 3 0.716852545738
74062 3 0.716852545738
20974 1 0.716388463974
20973 1 0.716388463974
44109 1 0.71468013525
44110 1 0.71468013525
57243 1 0.713341653347
57242 1 0.713341653347
249 3 0.712277233601
248 3 0.712277233601
88647 3 0.709855735302
88646 3 0.709855735302
31371 1 0.705980956554
31372 1 0.705980956554
924 1 0.704452753067
923 1 0.704452753067
89177 1 0.704128503799
89176 1 0.704128503799
48155 3 0.703825354576
48154 3 0.703825354576
20283 4 0.703436434269
20282 4 0.703436434269
69095 4 0.702956199646
69096 4 0.702956199646
69097 4 0.702956199646
69098 4 0.702956199646
1959 1 0.702637970448
1960 1 0.702637970448
38231 1 0.701578855515
38232 1 0.701578855515
38227 1 0.701578855515
38228 1 0.701578855515
38229 1 0.701578855515
38230 1 0.701578855515
3066 1 0.700398266315
17691 1 0.69923967123
17692 1 0.69923967123
31379 1 0.697512686253
31380 1 0.697512686253
68488 1 0.696995913982
77154 1 0.696286141872
77151 1 0.696286141872
77152 1 0.696237444878
78324 1 0.695774793625
78322 1 0.695774793625
15997 1 0.69526720047
15998 1 0.69526720047
40916 1 0.693561196327
40915 1 0.693561196327
69050 1 0.692830443382
69051 1 0.692830443382
23372 4 0.691274166107
23371 4 0.691274166107
23370 4 0.691274166107
23369 4 0.691274166107
23374 4 0.691274046898
23376 4 0.691274046898
21695 1 0.691124022007
21694 1 0.691124022007
10736 1 0.689214229584
56570 4 0.686982572079
56568 4 0.686982572079
56567 4 0.686982572079
56566 4 0.686982572079
56569 4 0.686982572079
60738 4 0.68482875824
60739 4 0.68482875824
54622 1 0.68434214592
54621 1 0.68434214592
91520 1 0.683275222778
91521 1 0.683275222778
91522 1 0.683275222778
91523 1 0.683275222778
1948 1 0.683274805546
1947 1 0.683274805546
25800 4 0.681846439838
30207 4 0.681069910526
30208 4 0.681069910526
22176 4 0.6810323596
22177 4 0.6810323596
87878 3 0.679386913776
87879 3 0.679386913776
68025 4 0.679356098175
68024 4 0.679356098175
89197 4 0.679339766502
89198 4 0.679339766502
74057 3 0.678626298904
74058 3 0.678626298904
74059 3 0.678626298904
74060 3 0.678626298904
85006 4 0.678366959095
85005 4 0.678366959095
62184 4 0.677704811096
62183 4 0.677704811096
62186 4 0.677704811096
62182 4 0.677704811096
62181 4 0.677704811096
62185 4 0.677704811096
73366 4 0.677318632603
73365 4 0.677318632603
90703 1 0.67439776659
90702 1 0.67439776659
74463 4 0.67428123951
74464 4 0.67428123951
63790 4 0.674029231071
63789 4 0.674029231071
2559 4 0.673452198505
2560 4 0.673452198505
43079 4 0.671781480312
4822 4 0.671781301498
43080 4 0.671781301498
4819 4 0.671781301498
27948 4 0.671618759632
27951 4 0.671618759632
27947 4 0.671618700027
27949 4 0.671618700027
27950 4 0.671618700027
27952 4 0.671618700027
79310 3 0.671328425407
79311 3 0.671328425407
30232 3 0.670595049858
30231 3 0.670595049858
88607 4 0.670506894588
88606 4 0.670506894588
36054 4 0.670367121696
71752 4 0.670262336731
71755 4 0.670262336731
71756 4 0.670262336731
71754 4 0.670262336731
71753 4 0.670262336731
17608 4 0.669820785522
10512 4 0.66844278574
10509 4 0.66844278574
10511 4 0.66844278574
10510 4 0.66844278574
10513 4 0.66844278574
10508 4 0.66844278574
7159 3 0.666518747807
7160 3 0.666518747807
62572 1 0.66431415081
62573 1 0.66431415081
39201 1 0.663580179214
39200 1 0.663580179214
58333 1 0.663472414017
58332 1 0.663472414017
15742 4 0.66347193718
23001 4 0.663294196129
23002 4 0.663294196129
50297 4 0.662965357304
50298 4 0.662965357304
66235 1 0.662834823132
66234 1 0.662834823132
47717 4 0.661243021488
47718 4 0.661243021488
75990 1 0.660481572151
75989 1 0.660481572151
13538 1 0.659289956093
13539 1 0.659289956093
13677 4 0.658877015114
13679 4 0.658877015114
16461 4 0.658876895905
60335 4 0.658876895905
60336 4 0.658876895905
16462 4 0.658876895905
37173 4 0.658708810806
37172 4 0.658708810806
80406 3 0.658004581928
80405 3 0.658004581928
43201 1 0.657447755337
43202 1 0.657447755337
33106 1 0.655560195446
33107 1 0.655560195446
67249 4 0.652210593224
67248 4 0.652210593224
23324 4 0.651938080788
66754 1 0.651638388634
66753 1 0.651638388634
72846 3 0.651018023491
72845 3 0.651018023491
11041 1 0.649454057217
11040 1 0.649454057217
64824 4 0.649425268173
64825 4 0.649425268173
53490 3 0.649144113064
53491 3 0.649144113064
45533 1 0.643029868603
45545 1 0.643029868603
77136 4 0.642855465412
77137 4 0.642855465412
713 1 0.642652273178
714 1 0.642652273178
39630 4 0.642622292042
39631 4 0.642622292042
30337 4 0.642335474491
30336 4 0.642335474491
64041 1 0.64168292284
64040 1 0.64168292284
89449 1 0.640517890453
89450 1 0.640517890453
58840 1 0.640413343906
58839 1 0.640413343906
58838 1 0.640413343906
58841 1 0.640413343906
58837 1 0.640413343906
58836 1 0.640413343906
36505 1 0.639546632767
36504 1 0.639546632767
8122 3 0.639019012451
8123 3 0.639019012451
19875 4 0.638305127621
34403 3 0.637685120106
34402 3 0.637685120106
88938 1 0.637053847313
88937 1 0.637053847313
9329 4 0.636963546276
9327 4 0.636963546276
81098 1 0.635523974895
84960 4 0.635208487511
84959 4 0.635208487511
55167 4 0.635086297989
55168 4 0.635086297989
33308 1 0.631978750229
33309 1 0.631978750229
12180 1 0.631857991219
12181 1 0.631857991219
14634 1 0.631739020348
5686 1 0.631597101688
5687 1 0.631597101688
63461 1 0.630853056908
63462 1 0.630853056908
76750 4 0.630590796471
76751 4 0.630590796471
51591 1 0.63040715456
51592 1 0.63040715456
5010 1 0.62944406271
5011 1 0.62944406271
91035 4 0.628698170185
91036 4 0.628698170185
83811 4 0.626506567001
66561 4 0.624357402325
66562 4 0.624357402325
32706 4 0.623896002769
32705 4 0.623896002769
9002 4 0.623568475246
9003 4 0.623568475246
44182 4 0.623568296432
44186 4 0.623568296432
44179 4 0.623568296432
44181 4 0.623568296432
44183 4 0.623568296432
44184 4 0.623568296432
44187 4 0.623568296432
44185 4 0.623568296432
89730 1 0.62323397398
89731 1 0.62323397398
72843 3 0.622790575027
72844 3 0.622790575027
1244 4 0.621971786022
1245 4 0.621971786022
32045 1 0.620828807354
32044 1 0.620828807354
9965 1 0.620750486851
9967 1 0.620750486851
23353 1 0.620191931725
23358 1 0.620191931725
23357 1 0.620191931725
23356 1 0.620191931725
23355 1 0.620191931725
23354 1 0.620191931725
4529 4 0.619346380234
4527 4 0.619346380234
51898 1 0.619324326515
3090 1 0.618715524673
3089 1 0.618715524673
46087 4 0.617204725742
46091 4 0.617204725742
46090 4 0.617204725742
46089 4 0.617204725742
46088 4 0.617204666138
46086 4 0.617204666138
20021 1 0.616959452629
20020 1 0.616959452629
8715 4 0.61624956131
8714 4 0.61624956131
38642 1 0.615938484669
38643 1 0.615938484669
27656 1 0.614645004272
21666 1 0.614202082157
21667 1 0.614202082157
78313 1 0.613376498222
78311 1 0.613376498222
64269 1 0.613376498222
64270 1 0.613376498222
78314 1 0.613376379013
78312 1 0.613376379013
33980 4 0.612426400185
42570 4 0.611767649651
42569 4 0.611767649651
62544 1 0.611274659634
62543 1 0.611274659634
50425 4 0.611233949661
50424 4 0.611233949661
21538 3 0.610856771469
21539 3 0.610856771469
48338 3 0.610301315784
48339 3 0.610301315784
48340 3 0.610301315784
48337 3 0.610301315784
48341 3 0.610301315784
50239 4 0.610102236271
79502 4 0.60982978344
79503 4 0.60982978344
12543 1 0.609788477421
12542 1 0.609788477421
3822 4 0.608987271786
3821 4 0.608987271786
79748 3 0.608579456806
79747 3 0.608579456806
74411 1 0.607704639435
74410 1 0.607704639435
35410 1 0.606372773647
35409 1 0.606372773647
37261 1 0.606372654438
37258 1 0.606372654438
37260 1 0.606372654438
37259 1 0.606372654438
77259 1 0.605250775814
73749 4 0.605164051056
73747 4 0.605164051056
81755 1 0.604919433594
81756 1 0.604919433594
8442 1 0.604617357254
8441 1 0.604617357254
8440 1 0.604617357254
8439 1 0.604617357254
8444 1 0.604617357254
8443 1 0.604617357254
25629 1 0.604419291019
25630 1 0.604419291019
54544 1 0.603813111782
54543 1 0.603813111782
6140 3 0.603513598442
6141 3 0.603513598442
50182 3 0.603406965733
50183 3 0.603406965733
19727 4 0.603235185146
19728 4 0.603235185146
89909 1 0.603152453899
89910 1 0.603152453899
90912 1 0.60219168663
90913 1 0.60219168663
90914 1 0.60219168663
90915 1 0.60219168663
22238 1 0.601962924004
22237 1 0.601962924004
43163 1 0.60053896904
43164 1 0.60053896904
7051 1 0.600315868855
7052 1 0.600315868855
72598 1 0.597268879414
72599 1 0.597268879414
72600 1 0.597268879414
72601 1 0.597268879414
72602 1 0.597268879414
72603 1 0.597268879414
5808 4 0.596373796463
5807 4 0.596373796463
79092 1 0.596341311932
79094 1 0.596341311932
68452 3 0.59501683712
68453 3 0.59501683712
48539 1 0.594612598419
48540 1 0.594612598419
21631 4 0.592466235161
21635 4 0.592466235161
21633 4 0.592466235161
21634 4 0.592466235161
21630 4 0.592466115952
21632 4 0.592466115952
84967 4 0.590713083744
84968 4 0.590713083744
76235 4 0.590713083744
76234 4 0.590713083744
43959 4 0.590605199337
43960 4 0.590605199337
21020 1 0.58950483799
21023 1 0.58950483799
57529 4 0.587170898914
57530 4 0.587170898914
1520 1 0.586837351322
1522 1 0.586837351322
28461 1 0.585330486298
28459 1 0.585330486298
28460 1 0.585330486298
28457 1 0.585330486298
28462 1 0.585330486298
28458 1 0.585330486298
82157 4 0.585305273533
82159 4 0.585305273533
82160 4 0.585305273533
82158 4 0.585305273533
34696 3 0.584695756435
30100 3 0.584695756435
30103 3 0.584695756435
34694 3 0.584695756435
25147 4 0.584419250488
25146 4 0.584419250488
62993 1 0.582474470139
62992 1 0.582474470139
32452 4 0.581723213196
32450 4 0.581723213196
74739 3 0.581185102463
74738 3 0.581185102463
74737 3 0.581185102463
74736 3 0.581185102463
74735 3 0.581185102463
74734 3 0.581185102463
91277 4 0.579808413982
91278 4 0.579808413982
3190 4 0.579697072506
3191 4 0.579697072506
43785 4 0.579328000546
43784 4 0.579328000546
91626 4 0.578929364681
35197 1 0.577852666378
35196 1 0.577852666378
64048 4 0.577835023403
28665 1 0.577693343163
28666 1 0.577693343163
65897 4 0.577328979969
65898 4 0.577328979969
49044 4 0.577109217644
49046 4 0.577109217644
40910 1 0.577051639557
40909 1 0.577051639557
40908 1 0.577051639557
6579 1 0.577051639557
6580 1 0.577051639557
87338 1 0.576825857162
87339 1 0.576825857162
87340 1 0.576825857162
437 1 0.576825797558
438 1 0.576825797558
47547 1 0.575558722019
47546 1 0.575558722019
73777 3 0.575002729893
73776 3 0.575002729893
1913 4 0.574843883514
1915 4 0.574843883514
21502 1 0.572754979134
21503 1 0.572754979134
6988 1 0.572550773621
6987 1 0.572550773621
12117 1 0.572108626366
12116 1 0.572108626366
84226 1 0.571024239063
85346 1 0.570866644382
85345 1 0.570866644382
89211 1 0.570638358593
89214 1 0.570638358593
89210 1 0.570638358593
89209 1 0.570638358593
89212 1 0.570638358593
89213 1 0.570638358593
54739 1 0.570589184761
54738 1 0.570589184761
51074 4 0.570390820503
51073 4 0.570390820503
21743 1 0.569361627102
21744 1 0.569361627102
23366 1 0.568580746651
23365 1 0.568580746651
52263 4 0.567934572697
52262 4 0.567934572697
35054 1 0.567507147789
35053 1 0.567507147789
63273 1 0.565755844116
63272 1 0.565755844116
1909 1 0.563799858093
1910 1 0.563799858093
67505 1 0.56108725071
91493 3 0.559836268425
52403 4 0.559715211391
52402 4 0.559715211391
17774 1 0.559441924095
17773 1 0.559441924095
48362 4 0.559376418591
48361 4 0.559376418591
68641 1 0.558066308498
68642 1 0.558066308498
52211 1 0.558043777943
77953 1 0.558043777943
52213 1 0.558043777943
77954 1 0.558043777943
77955 1 0.558043777943
77959 1 0.558043777943
77956 1 0.558043777943
77957 1 0.558043777943
77958 1 0.558043777943
77960 1 0.558043777943
77961 1 0.558043777943
77962 1 0.558043777943
32078 4 0.557565271854
32079 4 0.557565271854
80351 4 0.557443499565
80350 4 0.557443499565
5197 1 0.557291924953
90375 1 0.557247579098
90374 1 0.557247579098
82586 1 0.556969344616
82587 1 0.556969344616
19747 1 0.552944779396
19748 1 0.552944779396
3719 1 0.552944779396
3718 1 0.552944779396
19746 1 0.552944660187
19745 1 0.552944660187
84731 1 0.552510738373
84732 1 0.552510738373
18436 1 0.552219867706
18435 1 0.552219867706
632 1 0.551085412502
631 1 0.551085412502
633 1 0.551085412502
630 1 0.551085412502
629 1 0.551085412502
634 1 0.551085412502
25412 1 0.550822377205
25413 1 0.550822377205
74253 4 0.550434291363
74254 4 0.550434291363
37819 1 0.550406455994
71088 3 0.550184726715
50321 4 0.548489391804
50320 4 0.548489391804
89681 1 0.548238396645
89679 1 0.548238396645
89674 1 0.548238396645
89670 1 0.548238396645
6572 4 0.548162102699
6571 4 0.548162102699
20295 1 0.546589553356
20292 1 0.546589553356
73595 4 0.546561896801
73596 4 0.546561896801
77153 1 0.546404242516
77157 1 0.546404242516
23556 4 0.545335650444
23557 4 0.545335650444
45335 1 0.545211851597
45334 1 0.545211851597
12301 1 0.545061945915
12300 1 0.545061945915
60483 1 0.544713675976
60482 1 0.544713675976
32905 1 0.543588101864
32906 1 0.543588101864
90035 1 0.543426275253
90034 1 0.543426275253
37769 1 0.543059289455
37767 1 0.543059289455
39166 1 0.543059289455
39162 1 0.543059289455
77161 1 0.543059170246
77163 1 0.543059170246
77162 1 0.542906165123
7200 1 0.542906165123
77164 1 0.542906165123
7199 1 0.542906165123
89684 1 0.541737616062
89671 1 0.541737616062
17573 4 0.540649175644
7611 1 0.539960801601
7610 1 0.539960801601
7609 1 0.539960801601
7608 1 0.539960801601
7607 1 0.539960801601
7606 1 0.539960801601
7605 1 0.539960801601
7603 1 0.539960801601
7604 1 0.539960801601
4750 1 0.539960801601
4751 1 0.539960801601
31066 3 0.539389312267
31067 3 0.539389312267
29331 1 0.538054347038
29333 1 0.538054347038
51113 3 0.537643015385
51114 3 0.537643015385
68229 4 0.53760522604
68230 4 0.53760522604
37376 4 0.534957528114
37381 4 0.534957528114
37380 4 0.534957528114
37379 4 0.534957528114
37375 4 0.534957528114
37378 4 0.534957528114
37358 4 0.534957528114
37360 4 0.534957528114
37372 4 0.534957528114
37373 4 0.534957528114
37377 4 0.534957528114
37374 4 0.534957528114
37382 4 0.534957528114
2604 4 0.53495746851
1879 4 0.53495746851
1882 4 0.53495746851
2572 4 0.53495746851
24179 1 0.534593641758
24178 1 0.534593641758
24177 1 0.534593641758
24176 1 0.534593641758
24181 1 0.534593641758
24180 1 0.534593641758
3042 4 0.534252941608
3043 4 0.534252941608
1014 1 0.534022390842
1013 1 0.534022390842
48347 4 0.533378481865
48346 4 0.533378481865
74585 4 0.533127784729
74586 4 0.533127784729
30408 4 0.53312766552
30409 4 0.53312766552
25940 1 0.532560050488
25938 1 0.532560050488
25941 1 0.532560050488
25937 1 0.532560050488
25936 1 0.532560050488
25939 1 0.532560050488
77156 1 0.531543076038
77159 1 0.531543076038
31081 1 0.531291782856
31080 1 0.531291782856
89676 1 0.531200230122
89683 1 0.531200230122
89685 1 0.531200230122
89680 1 0.531200230122
1667 1 0.531157076359
43893 1 0.531157076359
1669 1 0.531157076359
43894 1 0.531157076359
70941 1 0.531157076359
70944 1 0.531157076359
13119 1 0.531010508537
13120 1 0.531010508537
89675 1 0.530772149563
89682 1 0.530772149563
89686 1 0.530772149563
89672 1 0.530772149563
90852 1 0.53045463562
2089 1 0.53045463562
2090 1 0.53045463562
90849 1 0.53045463562
90850 1 0.53045463562
90851 1 0.53045463562
89673 1 0.530101537704
89668 1 0.530101537704
89669 1 0.530101299286
89678 1 0.530101299286
89677 1 0.529964566231
89687 1 0.529964566231
70946 1 0.529964327812
70942 1 0.529964327812
69911 4 0.529840767384
69910 4 0.529840767384
77158 1 0.529693067074
77160 1 0.529693067074
34908 4 0.528336882591
88913 4 0.52712649107
88914 4 0.52712649107
41625 3 0.52666836977
41626 3 0.52666836977
55219 1 0.526491820812
55218 1 0.526491820812
42426 1 0.52565908432
42422 1 0.52565908432
42425 1 0.52565908432
42423 1 0.52565908432
42424 1 0.52565908432
48677 1 0.52554744482
48676 1 0.52554744482
40389 4 0.525007843971
40390 4 0.525007843971
19924 4 0.524820685387
19923 4 0.524820685387
56107 1 0.524791479111
56108 1 0.524791479111
37179 4 0.524771332741
37178 4 0.524771332741
50428 4 0.524646699429
50429 4 0.524646699429
44852 3 0.524285912514
44853 3 0.524285912514
2793 1 0.524164915085
2792 1 0.524164915085
45966 1 0.523897886276
45965 1 0.523897886276
71594 4 0.523371756077
90824 1 0.522894442081
90822 1 0.522894442081
90825 1 0.522894442081
90823 1 0.522894442081
90821 1 0.522894442081
90826 1 0.522894442081
48846 1 0.522126793861
48845 1 0.522126793861
42977 4 0.521925449371
42978 4 0.521925449371
17358 4 0.521754324436
17357 4 0.521754324436
2295 4 0.521638274193
2296 4 0.521638274193
27490 1 0.521629750729
27491 1 0.521629750729
24855 3 0.521618068218
24854 3 0.521618068218
129 1 0.521295249462
41021 1 0.52083837986
41022 1 0.52083837986
25688 4 0.520758509636
25687 4 0.520758509636
42532 1 0.520422458649
42530 1 0.520422458649
30927 1 0.520422458649
30925 1 0.520422458649
42531 1 0.520422458649
42529 1 0.520422458649
1919 4 0.519472002983
1920 4 0.519472002983
58061 1 0.519158780575
58062 1 0.519158780575
89120 4 0.51885843277
89121 4 0.51885843277
30434 4 0.518553316593
30435 4 0.518553316593
66004 4 0.51820141077
66005 4 0.51820141077
87904 1 0.517170131207
57326 1 0.515980780125
57329 1 0.515980780125
57328 1 0.515980780125
57327 1 0.515980780125
57325 1 0.515980780125
57324 1 0.515980780125
34791 1 0.515963017941
34792 1 0.515963017941
83779 4 0.515800595284
83777 4 0.515800595284
83778 4 0.515800595284
83780 4 0.515800595284
83781 4 0.515800595284
80797 1 0.515563488007
80798 1 0.515563488007
56313 4 0.512594878674
56314 4 0.512594878674
33097 4 0.512374639511
33096 4 0.512374639511
6583 1 0.512101650238
6584 1 0.512101650238
41778 1 0.512025952339
7402 1 0.512025952339
41777 1 0.51202583313
41776 1 0.51202583313
30845 4 0.512025713921
30844 4 0.512025713921
1321 4 0.511984586716
1322 4 0.511984586716
12720 1 0.511007905006
31297 1 0.51091504097
31296 1 0.51091504097
38093 1 0.508638501167
67139 1 0.508638501167
38092 1 0.508638501167
67141 1 0.508638501167
67140 1 0.508638501167
67138 1 0.508638501167
11394 1 0.508125066757
58549 1 0.508124709129
58551 1 0.508124709129
41401 1 0.508124709129
58548 1 0.508124709129
58547 1 0.508124709129
58550 1 0.508124709129
35153 1 0.508124709129
41399 1 0.508124709129
58546 1 0.508124709129
55088 4 0.507830858231
55087 4 0.507830858231
11536 1 0.507748842239
11535 1 0.507748842239
1789 3 0.507678508759
35597 1 0.505920529366
72199 1 0.505256772041
72198 1 0.505256772041
46207 3 0.503807961941
46206 3 0.503807961941
36941 1 0.503729760647
36939 1 0.503729760647
36940 1 0.503729760647
17329 1 0.503729522228
17330 1 0.503729522228
40854 4 0.503555595875
40855 4 0.503555595875
13549 4 0.503539979458
13550 4 0.503539979458
52363 3 0.503374874592
52362 3 0.503374874592
52361 3 0.503374874592
52358 3 0.503374874592
52359 3 0.503374874592
52360 3 0.503374874592
68056 4 0.502912461758
11539 1 0.50221568346
71954 4 0.50025331974
15833 4 0.50025331974
71953 4 0.50025331974
19114 4 0.50025331974
15832 4 0.50025331974
19115 4 0.50025331974
31366 1 0.499982327223
7629 4 0.499690681696
7628 4 0.499690681696
4846 1 0.499200552702
4847 1 0.499200552702
29688 4 0.498967021704
29687 4 0.498967021704
39935 4 0.49887573719
39934 4 0.49887573719
45122 1 0.498437345028
45121 1 0.498437345028
83999 1 0.498351097107
29148 7 0.498316675425
29149 7 0.498316675425
79677 1 0.4972191751
79676 1 0.4972191751
76910 4 0.496982872486
76911 4 0.496982872486
65529 1 0.496838033199
65528 1 0.496838033199
20315 1 0.496699720621
20314 1 0.496699720621
54712 4 0.496549814939
54713 4 0.496549814939
67406 1 0.496464312077
7400 1 0.495717585087
40919 4 0.494910806417
20203 1 0.49482357502
38952 1 0.494580030441
38951 1 0.494580030441
30750 3 0.494509518147
30749 3 0.494509518147
90179 4 0.494163155556
90180 4 0.494163155556
23322 4 0.493748605251
23321 4 0.493748605251
23320 4 0.493748605251
23323 4 0.493748605251
80474 4 0.49331766367
80473 4 0.49331766367
7378 1 0.493296414614
7383 1 0.493296414614
31155 1 0.493188112974
87877 3 0.493154525757
87876 3 0.493154525757
3186 3 0.491301476955
3187 3 0.491301476955
12461 4 0.489830642939
12460 4 0.489830642939
36053 1 0.489816427231
36052 1 0.489816427231
17143 1 0.489727288485
17144 1 0.489727288485
8960 3 0.489521175623
62552 7 0.487581312656
62555 7 0.487581312656
62553 7 0.48758110404
62556 7 0.48758110404
62551 7 0.48758110404
62554 7 0.48758110404
82407 4 0.487300008535
82408 4 0.487300008535
80968 1 0.486092835665
80969 1 0.486092835665
90351 4 0.485844910145
90352 4 0.485844910145
49525 1 0.485390245914
49524 1 0.485390245914
54397 1 0.485058903694
54398 1 0.485058903694
5892 1 0.484962195158
5893 1 0.484962195158
61312 4 0.484910577536
61313 4 0.484910577536
2670 3 0.484619289637
2673 3 0.484619289637
51400 4 0.484300762415
51401 4 0.484300762415
58294 4 0.484011143446
58293 4 0.484011143446
64638 1 0.483320385218
64639 1 0.483320385218
116 1 0.482890218496
59811 1 0.48262283206
59810 1 0.48262283206
59809 1 0.48262283206
59808 1 0.48262283206
59807 1 0.48262283206
59806 1 0.48262283206
2799 1 0.48164588213
26418 1 0.48164588213
2798 1 0.48164588213
26417 1 0.48164588213
13920 1 0.481508404016
13919 1 0.481508404016
37596 1 0.480152845383
37597 1 0.480152845383
49791 4 0.479166477919
49788 4 0.479166477919
7938 4 0.478680253029
7937 4 0.478680253029
8414 4 0.478476077318
59185 4 0.476873546839
59184 4 0.476873546839
59179 4 0.476873546839
59180 4 0.476873546839
59183 4 0.476873546839
59182 4 0.476873546839
59178 4 0.476873546839
59187 4 0.476873546839
59181 4 0.476873546839
59186 4 0.476873546839
50757 4 0.476873457432
64427 1 0.475410342216
67942 3 0.474713742733
67941 3 0.474713742733
6629 3 0.47388407588
6627 3 0.47388407588
568 1 0.473768591881
573 1 0.473768591881
65193 1 0.473387598991
64062 1 0.471919119358
64061 1 0.471919119358
50485 1 0.471414774656
50486 1 0.471414774656
4192 1 0.471233874559
5779 1 0.469523251057
5777 1 0.469523251057
33933 1 0.469175845385
33934 1 0.469175845385
16160 1 0.469152837992
16159 1 0.469152837992
25764 1 0.469074130058
25763 1 0.469074130058
78371 1 0.467708855867
21070 1 0.467690765858
18109 1 0.467663943768
30463 1 0.464307099581
30462 1 0.464307099581
35129 4 0.461034268141
35130 4 0.461034268141
47044 4 0.460432767868
47043 4 0.460432767868
81505 1 0.458481550217
5653 3 0.457207709551
5654 3 0.457207709551
89206 1 0.456872880459
89205 1 0.456872880459
80020 1 0.45362341404
90917 4 0.452959597111
90916 4 0.452959597111
90919 4 0.452959597111
90918 4 0.452959597111
42848 4 0.452530801296
42849 4 0.452530801296
70535 4 0.451618552208
70534 4 0.451618552208
70533 4 0.451618552208
70532 4 0.451618552208
70531 4 0.451618552208
70536 4 0.451618552208
39467 4 0.447329968214
39466 4 0.447329968214
8236 7 0.44588264823
8235 7 0.44588264823
45180 3 0.445360809565
45181 3 0.445360809565
4791 1 0.440222501755
4790 1 0.440222501755
69084 4 0.437172323465
59029 1 0.434239208698
59030 1 0.434239208698
17095 1 0.432064652443
17096 1 0.432064652443
53844 1 0.431397974491
69416 4 0.430941462517
49832 1 0.429918974638
49833 1 0.429918974638
87263 4 0.429885417223
63082 1 0.42906114459
63081 1 0.42906114459
7067 4 0.426636487246
4356 1 0.426614254713
4357 1 0.426614254713
4358 1 0.426614254713
4355 1 0.426614254713
4359 1 0.426614254713
7936 1 0.426033526659
7935 1 0.426033526659
83582 4 0.425464004278
83579 4 0.425464004278
83581 4 0.425464004278
83580 4 0.425464004278
59482 4 0.424889713526
45342 1 0.42426559329
70612 1 0.424060165882
30545 7 0.423761755228
30544 7 0.423761755228
9696 1 0.422546714544
9697 1 0.422546714544
52821 7 0.417926132679
52820 7 0.417926132679
3754 4 0.411329746246
3755 4 0.411329746246
66010 1 0.409232527018
74615 4 0.408100187778
74620 4 0.408100187778
2056 2 0.397926986217
2055 2 0.397926986217
4213 4 0.397472769022
16534 1 0.386116892099
16533 1 0.386116892099
67684 7 0.384439349174
67683 7 0.384439349174
56416 1 0.375859349966
56415 1 0.375859349966
16315 1 0.373636364937
16316 1 0.373636364937
63620 4 0.361797660589
66254 2 0.354674965143
66253 2 0.354674965143
66255 2 0.354674965143
66252 2 0.354674965143
66256 2 0.354674965143
66257 2 0.354674965143
33782 1 0.346127718687
33781 1 0.346127718687
44727 1 0.341593503952
44726 1 0.341593503952
75739 7 0.327660083771
75740 7 0.327660083771
90061 1 0.323541134596
90060 1 0.323541134596
38439 2 0.311346977949
38438 2 0.311346977949
86492 1 0.251686215401
86493 1 0.251686215401
68439 4 0.239944592118
68438 4 0.239944592118
27510 4 0.239944592118
27511 4 0.239944592118
29288 4 0.239944592118
11124 2 0.196666315198
11125 2 0.196666315198
