1.0 0.0
1.0 0.000577367205543
0.5 0.000577367205543
0.333333333333 0.000577367205543
0.25 0.000577367205543
0.2 0.000577367205543
0.333333333333 0.00115473441109
0.285714285714 0.00115473441109
0.25 0.00115473441109
0.222222222222 0.00115473441109
0.2 0.00115473441109
0.181818181818 0.00115473441109
0.25 0.00173210161663
0.230769230769 0.00173210161663
0.214285714286 0.00173210161663
0.2 0.00173210161663
0.1875 0.00173210161663
0.176470588235 0.00173210161663
0.166666666667 0.00173210161663
0.157894736842 0.00173210161663
0.15 0.00173210161663
0.142857142857 0.00173210161663
0.136363636364 0.00173210161663
0.130434782609 0.00173210161663
0.125 0.00173210161663
0.16 0.00230946882217
0.192307692308 0.00288683602771
0.222222222222 0.00346420323326
0.214285714286 0.00346420323326
0.206896551724 0.00346420323326
0.2 0.00346420323326
0.193548387097 0.00346420323326
0.21875 0.0040415704388
0.212121212121 0.0040415704388
0.205882352941 0.0040415704388
0.228571428571 0.00461893764434
0.222222222222 0.00461893764434
0.216216216216 0.00461893764434
0.210526315789 0.00461893764434
0.230769230769 0.00519630484988
0.225 0.00519630484988
0.219512195122 0.00519630484988
0.214285714286 0.00519630484988
0.209302325581 0.00519630484988
0.204545454545 0.00519630484988
0.222222222222 0.00577367205543
0.217391304348 0.00577367205543
0.212765957447 0.00577367205543
0.208333333333 0.00577367205543
0.204081632653 0.00577367205543
0.22 0.00635103926097
0.235294117647 0.00692840646651
0.230769230769 0.00692840646651
0.22641509434 0.00692840646651
0.222222222222 0.00692840646651
0.218181818182 0.00692840646651
0.214285714286 0.00692840646651
0.228070175439 0.00750577367206
0.224137931034 0.00750577367206
0.220338983051 0.00750577367206
0.216666666667 0.00750577367206
0.213114754098 0.00750577367206
0.225806451613 0.0080831408776
0.222222222222 0.0080831408776
0.21875 0.0080831408776
0.215384615385 0.0080831408776
0.212121212121 0.0080831408776
0.223880597015 0.00866050808314
0.220588235294 0.00866050808314
0.217391304348 0.00866050808314
0.214285714286 0.00866050808314
0.211267605634 0.00866050808314
0.222222222222 0.00923787528868
0.219178082192 0.00923787528868
0.216216216216 0.00923787528868
0.213333333333 0.00923787528868
0.210526315789 0.00923787528868
0.207792207792 0.00923787528868
0.205128205128 0.00923787528868
0.20253164557 0.00923787528868
0.2 0.00923787528868
0.197530864198 0.00923787528868
0.19512195122 0.00923787528868
0.192771084337 0.00923787528868
0.190476190476 0.00923787528868
0.188235294118 0.00923787528868
0.186046511628 0.00923787528868
0.183908045977 0.00923787528868
0.181818181818 0.00923787528868
0.179775280899 0.00923787528868
0.188888888889 0.00981524249423
0.186813186813 0.00981524249423
0.184782608696 0.00981524249423
0.182795698925 0.00981524249423
0.18085106383 0.00981524249423
0.178947368421 0.00981524249423
0.177083333333 0.00981524249423
0.175257731959 0.00981524249423
0.173469387755 0.00981524249423
0.171717171717 0.00981524249423
0.17 0.00981524249423
0.178217821782 0.0103926096998
0.176470588235 0.0103926096998
0.174757281553 0.0103926096998
0.173076923077 0.0103926096998
0.171428571429 0.0103926096998
0.169811320755 0.0103926096998
0.168224299065 0.0103926096998
0.166666666667 0.0103926096998
0.165137614679 0.0103926096998
0.163636363636 0.0103926096998
0.162162162162 0.0103926096998
0.160714285714 0.0103926096998
0.159292035398 0.0103926096998
0.157894736842 0.0103926096998
0.15652173913 0.0103926096998
0.155172413793 0.0103926096998
0.153846153846 0.0103926096998
0.152542372881 0.0103926096998
0.151260504202 0.0103926096998
0.15 0.0103926096998
0.148760330579 0.0103926096998
0.147540983607 0.0103926096998
0.146341463415 0.0103926096998
0.145161290323 0.0103926096998
0.152 0.0109699769053
0.150793650794 0.0109699769053
0.149606299213 0.0109699769053
0.1484375 0.0109699769053
0.147286821705 0.0109699769053
0.146153846154 0.0109699769053
0.152671755725 0.0115473441109
0.151515151515 0.0115473441109
0.157894736842 0.0121247113164
0.15671641791 0.0121247113164
0.155555555556 0.0121247113164
0.161764705882 0.0127020785219
0.160583941606 0.0127020785219
0.159420289855 0.0127020785219
0.165467625899 0.0132794457275
0.171428571429 0.013856812933
0.170212765957 0.013856812933
0.169014084507 0.013856812933
0.167832167832 0.013856812933
0.166666666667 0.013856812933
0.165517241379 0.013856812933
0.164383561644 0.013856812933
0.163265306122 0.013856812933
0.162162162162 0.013856812933
0.161073825503 0.013856812933
0.16 0.013856812933
0.165562913907 0.0144341801386
0.164473684211 0.0144341801386
0.16339869281 0.0144341801386
0.162337662338 0.0144341801386
0.161290322581 0.0144341801386
0.160256410256 0.0144341801386
0.15923566879 0.0144341801386
0.158227848101 0.0144341801386
0.163522012579 0.0150115473441
0.1625 0.0150115473441
0.16149068323 0.0150115473441
0.16049382716 0.0150115473441
0.159509202454 0.0150115473441
0.158536585366 0.0150115473441
0.157575757576 0.0150115473441
0.16265060241 0.0155889145497
0.161676646707 0.0155889145497
0.160714285714 0.0155889145497
0.159763313609 0.0155889145497
0.158823529412 0.0155889145497
0.157894736842 0.0155889145497
0.156976744186 0.0155889145497
0.156069364162 0.0155889145497
0.155172413793 0.0155889145497
0.154285714286 0.0155889145497
0.159090909091 0.0161662817552
0.158192090395 0.0161662817552
0.157303370787 0.0161662817552
0.156424581006 0.0161662817552
0.155555555556 0.0161662817552
0.154696132597 0.0161662817552
0.153846153846 0.0161662817552
0.153005464481 0.0161662817552
0.152173913043 0.0161662817552
0.151351351351 0.0161662817552
0.150537634409 0.0161662817552
0.149732620321 0.0161662817552
0.148936170213 0.0161662817552
0.148148148148 0.0161662817552
0.147368421053 0.0161662817552
0.146596858639 0.0161662817552
0.145833333333 0.0161662817552
0.150259067358 0.0167436489607
0.149484536082 0.0167436489607
0.153846153846 0.0173210161663
0.158163265306 0.0178983833718
0.157360406091 0.0178983833718
0.156565656566 0.0178983833718
0.155778894472 0.0178983833718
0.16 0.0184757505774
0.1592039801 0.0184757505774
0.158415841584 0.0184757505774
0.162561576355 0.0190531177829
0.161764705882 0.0190531177829
0.160975609756 0.0190531177829
0.160194174757 0.0190531177829
0.159420289855 0.0190531177829
0.158653846154 0.0190531177829
0.157894736842 0.0190531177829
0.157142857143 0.0190531177829
0.156398104265 0.0190531177829
0.155660377358 0.0190531177829
0.154929577465 0.0190531177829
0.154205607477 0.0190531177829
0.158139534884 0.0196304849885
0.157407407407 0.0196304849885
0.15668202765 0.0196304849885
0.160550458716 0.020207852194
0.159817351598 0.020207852194
0.159090909091 0.020207852194
0.158371040724 0.020207852194
0.157657657658 0.020207852194
0.156950672646 0.020207852194
0.15625 0.020207852194
0.155555555556 0.020207852194
0.154867256637 0.020207852194
0.154185022026 0.020207852194
0.15350877193 0.020207852194
0.152838427948 0.020207852194
0.152173913043 0.020207852194
0.151515151515 0.020207852194
0.150862068966 0.020207852194
0.154506437768 0.0207852193995
0.153846153846 0.0207852193995
0.153191489362 0.0207852193995
0.152542372881 0.0207852193995
0.151898734177 0.0207852193995
0.151260504202 0.0207852193995
0.150627615063 0.0207852193995
0.154166666667 0.0213625866051
0.153526970954 0.0213625866051
0.152892561983 0.0213625866051
0.152263374486 0.0213625866051
0.151639344262 0.0213625866051
0.151020408163 0.0213625866051
0.150406504065 0.0213625866051
0.153846153846 0.0219399538106
0.153225806452 0.0219399538106
0.152610441767 0.0219399538106
0.152 0.0219399538106
0.151394422311 0.0219399538106
0.150793650794 0.0219399538106
0.150197628458 0.0219399538106
0.149606299213 0.0219399538106
0.149019607843 0.0219399538106
0.1484375 0.0219399538106
0.151750972763 0.0225173210162
0.151162790698 0.0225173210162
0.150579150579 0.0225173210162
0.15 0.0225173210162
0.149425287356 0.0225173210162
0.148854961832 0.0225173210162
0.148288973384 0.0225173210162
0.147727272727 0.0225173210162
0.150943396226 0.0230946882217
0.15037593985 0.0230946882217
0.149812734082 0.0230946882217
0.149253731343 0.0230946882217
0.152416356877 0.0236720554273
0.151851851852 0.0236720554273
0.151291512915 0.0236720554273
0.150735294118 0.0236720554273
0.150183150183 0.0236720554273
0.149635036496 0.0236720554273
0.152727272727 0.0242494226328
0.152173913043 0.0242494226328
0.151624548736 0.0242494226328
0.151079136691 0.0242494226328
0.154121863799 0.0248267898383
0.153571428571 0.0248267898383
0.156583629893 0.0254041570439
0.156028368794 0.0254041570439
0.155477031802 0.0254041570439
0.154929577465 0.0254041570439
0.154385964912 0.0254041570439
0.153846153846 0.0254041570439
0.156794425087 0.0259815242494
0.159722222222 0.026558891455
0.159169550173 0.026558891455
0.158620689655 0.026558891455
0.158075601375 0.026558891455
0.157534246575 0.026558891455
0.160409556314 0.0271362586605
0.159863945578 0.0271362586605
0.159322033898 0.0271362586605
0.158783783784 0.0271362586605
0.158249158249 0.0271362586605
0.157718120805 0.0271362586605
0.157190635452 0.0271362586605
0.156666666667 0.0271362586605
0.159468438538 0.0277136258661
0.158940397351 0.0277136258661
0.158415841584 0.0277136258661
0.157894736842 0.0277136258661
0.15737704918 0.0277136258661
0.156862745098 0.0277136258661
0.156351791531 0.0277136258661
0.155844155844 0.0277136258661
0.155339805825 0.0277136258661
0.154838709677 0.0277136258661
0.154340836013 0.0277136258661
0.153846153846 0.0277136258661
0.153354632588 0.0277136258661
0.152866242038 0.0277136258661
0.152380952381 0.0277136258661
0.151898734177 0.0277136258661
0.15141955836 0.0277136258661
0.150943396226 0.0277136258661
0.150470219436 0.0277136258661
0.15 0.0277136258661
0.152647975078 0.0282909930716
0.152173913043 0.0282909930716
0.151702786378 0.0282909930716
0.151234567901 0.0282909930716
0.150769230769 0.0282909930716
0.150306748466 0.0282909930716
0.149847094801 0.0282909930716
0.149390243902 0.0282909930716
0.148936170213 0.0282909930716
0.148484848485 0.0282909930716
0.148036253776 0.0282909930716
0.147590361446 0.0282909930716
0.147147147147 0.0282909930716
0.146706586826 0.0282909930716
0.146268656716 0.0282909930716
0.145833333333 0.0282909930716
0.145400593472 0.0282909930716
0.144970414201 0.0282909930716
0.144542772861 0.0282909930716
0.144117647059 0.0282909930716
0.143695014663 0.0282909930716
0.143274853801 0.0282909930716
0.142857142857 0.0282909930716
0.142441860465 0.0282909930716
0.142028985507 0.0282909930716
0.14161849711 0.0282909930716
0.14121037464 0.0282909930716
0.140804597701 0.0282909930716
0.140401146132 0.0282909930716
0.14 0.0282909930716
0.139601139601 0.0282909930716
0.139204545455 0.0282909930716
0.1388101983 0.0282909930716
0.138418079096 0.0282909930716
0.138028169014 0.0282909930716
0.140449438202 0.0288683602771
0.140056022409 0.0288683602771
0.139664804469 0.0288683602771
0.139275766017 0.0288683602771
0.138888888889 0.0288683602771
0.138504155125 0.0288683602771
0.138121546961 0.0288683602771
0.137741046832 0.0288683602771
0.137362637363 0.0288683602771
0.13698630137 0.0288683602771
0.136612021858 0.0288683602771
0.138964577657 0.0294457274827
0.138586956522 0.0294457274827
0.140921409214 0.0300230946882
0.140540540541 0.0300230946882
0.140161725067 0.0300230946882
0.139784946237 0.0300230946882
0.139410187668 0.0300230946882
0.139037433155 0.0300230946882
0.141333333333 0.0306004618938
0.140957446809 0.0306004618938
0.140583554377 0.0306004618938
0.140211640212 0.0306004618938
0.139841688654 0.0306004618938
0.139473684211 0.0306004618938
0.139107611549 0.0306004618938
0.138743455497 0.0306004618938
0.138381201044 0.0306004618938
0.138020833333 0.0306004618938
0.137662337662 0.0306004618938
0.137305699482 0.0306004618938
0.136950904393 0.0306004618938
0.136597938144 0.0306004618938
0.136246786632 0.0306004618938
0.135897435897 0.0306004618938
0.135549872123 0.0306004618938
0.135204081633 0.0306004618938
0.137404580153 0.0311778290993
0.137055837563 0.0311778290993
0.136708860759 0.0311778290993
0.136363636364 0.0311778290993
0.136020151134 0.0311778290993
0.13567839196 0.0311778290993
0.135338345865 0.0311778290993
0.135 0.0311778290993
0.134663341646 0.0311778290993
0.136815920398 0.0317551963048
0.136476426799 0.0317551963048
0.136138613861 0.0317551963048
0.135802469136 0.0317551963048
0.135467980296 0.0317551963048
0.135135135135 0.0317551963048
0.134803921569 0.0317551963048
0.134474327628 0.0317551963048
0.134146341463 0.0317551963048
0.133819951338 0.0317551963048
0.133495145631 0.0317551963048
0.133171912833 0.0317551963048
0.132850241546 0.0317551963048
0.132530120482 0.0317551963048
0.132211538462 0.0317551963048
0.131894484412 0.0317551963048
0.131578947368 0.0317551963048
0.131264916468 0.0317551963048
0.130952380952 0.0317551963048
0.130641330166 0.0317551963048
0.130331753555 0.0317551963048
0.130023640662 0.0317551963048
0.129716981132 0.0317551963048
0.129411764706 0.0317551963048
0.129107981221 0.0317551963048
0.128805620609 0.0317551963048
0.128504672897 0.0317551963048
0.128205128205 0.0317551963048
0.127906976744 0.0317551963048
0.127610208817 0.0317551963048
0.127314814815 0.0317551963048
0.129330254042 0.0323325635104
0.129032258065 0.0323325635104
0.128735632184 0.0323325635104
0.128440366972 0.0323325635104
0.128146453089 0.0323325635104
0.127853881279 0.0323325635104
0.127562642369 0.0323325635104
0.129545454545 0.0329099307159
0.12925170068 0.0329099307159
0.128959276018 0.0329099307159
0.128668171558 0.0329099307159
0.128378378378 0.0329099307159
0.12808988764 0.0329099307159
0.127802690583 0.0329099307159
0.127516778523 0.0329099307159
0.127232142857 0.0329099307159
0.126948775056 0.0329099307159
0.128888888889 0.0334872979215
0.128603104213 0.0334872979215
0.128318584071 0.0334872979215
0.128035320088 0.0334872979215
0.127753303965 0.0334872979215
0.12967032967 0.034064665127
0.129385964912 0.034064665127
0.129102844639 0.034064665127
0.128820960699 0.034064665127
0.128540305011 0.034064665127
0.128260869565 0.034064665127
0.127982646421 0.034064665127
0.127705627706 0.034064665127
0.127429805616 0.034064665127
0.127155172414 0.034064665127
0.12688172043 0.034064665127
0.128755364807 0.0346420323326
0.128479657388 0.0346420323326
0.128205128205 0.0346420323326
0.127931769723 0.0346420323326
0.127659574468 0.0346420323326
0.127388535032 0.0346420323326
0.127118644068 0.0346420323326
0.126849894292 0.0346420323326
0.126582278481 0.0346420323326
0.126315789474 0.0346420323326
0.126050420168 0.0346420323326
0.127882599581 0.0352193995381
0.127615062762 0.0352193995381
0.127348643006 0.0352193995381
0.127083333333 0.0352193995381
0.126819126819 0.0352193995381
0.126556016598 0.0352193995381
0.126293995859 0.0352193995381
0.126033057851 0.0352193995381
0.125773195876 0.0352193995381
0.125514403292 0.0352193995381
0.125256673511 0.0352193995381
0.125 0.0352193995381
0.124744376278 0.0352193995381
0.124489795918 0.0352193995381
0.124236252546 0.0352193995381
0.123983739837 0.0352193995381
0.123732251521 0.0352193995381
0.123481781377 0.0352193995381
0.123232323232 0.0352193995381
0.122983870968 0.0352193995381
0.122736418511 0.0352193995381
0.122489959839 0.0352193995381
0.122244488978 0.0352193995381
0.122 0.0352193995381
0.121756487026 0.0352193995381
0.121513944223 0.0352193995381
0.121272365805 0.0352193995381
0.121031746032 0.0352193995381
0.120792079208 0.0352193995381
0.120553359684 0.0352193995381
0.120315581854 0.0352193995381
0.120078740157 0.0352193995381
0.119842829077 0.0352193995381
0.119607843137 0.0352193995381
0.119373776908 0.0352193995381
0.119140625 0.0352193995381
0.118908382066 0.0352193995381
0.118677042802 0.0352193995381
0.118446601942 0.0352193995381
0.118217054264 0.0352193995381
0.117988394584 0.0352193995381
0.117760617761 0.0352193995381
0.11753371869 0.0352193995381
0.117307692308 0.0352193995381
0.117082533589 0.0352193995381
0.116858237548 0.0352193995381
0.116634799235 0.0352193995381
0.11641221374 0.0352193995381
0.11619047619 0.0352193995381
0.115969581749 0.0352193995381
0.115749525617 0.0352193995381
0.11553030303 0.0352193995381
0.115311909263 0.0352193995381
0.115094339623 0.0352193995381
0.114877589454 0.0352193995381
0.114661654135 0.0352193995381
0.114446529081 0.0352193995381
0.114232209738 0.0352193995381
0.114018691589 0.0352193995381
0.113805970149 0.0352193995381
0.113594040968 0.0352193995381
0.113382899628 0.0352193995381
0.113172541744 0.0352193995381
0.112962962963 0.0352193995381
0.112754158965 0.0352193995381
0.112546125461 0.0352193995381
0.112338858195 0.0352193995381
0.112132352941 0.0352193995381
0.111926605505 0.0352193995381
0.111721611722 0.0352193995381
0.111517367459 0.0352193995381
0.111313868613 0.0352193995381
0.111111111111 0.0352193995381
0.110909090909 0.0352193995381
0.110707803993 0.0352193995381
0.110507246377 0.0352193995381
0.110307414105 0.0352193995381
0.110108303249 0.0352193995381
0.111711711712 0.0357967667436
0.111510791367 0.0357967667436
0.11131059246 0.0357967667436
0.111111111111 0.0357967667436
0.11091234347 0.0357967667436
0.1125 0.0363741339492
0.112299465241 0.0363741339492
0.112099644128 0.0363741339492
0.11190053286 0.0363741339492
0.11170212766 0.0363741339492
0.111504424779 0.0363741339492
0.113074204947 0.0369515011547
0.112874779541 0.0369515011547
0.114436619718 0.0375288683603
0.114235500879 0.0375288683603
0.114035087719 0.0375288683603
0.113835376532 0.0375288683603
0.113636363636 0.0375288683603
0.113438045375 0.0375288683603
0.113240418118 0.0375288683603
0.113043478261 0.0375288683603
0.112847222222 0.0375288683603
0.112651646447 0.0375288683603
0.112456747405 0.0375288683603
0.112262521589 0.0375288683603
0.112068965517 0.0375288683603
0.111876075731 0.0375288683603
0.111683848797 0.0375288683603
0.111492281304 0.0375288683603
0.111301369863 0.0375288683603
0.111111111111 0.0375288683603
0.110921501706 0.0375288683603
0.11073253833 0.0375288683603
0.112244897959 0.0381062355658
0.112054329372 0.0381062355658
0.11186440678 0.0381062355658
0.111675126904 0.0381062355658
0.111486486486 0.0381062355658
0.111298482293 0.0381062355658
0.111111111111 0.0381062355658
0.110924369748 0.0381062355658
0.110738255034 0.0381062355658
0.110552763819 0.0381062355658
0.110367892977 0.0381062355658
0.110183639399 0.0381062355658
0.11 0.0381062355658
0.111480865225 0.0386836027714
0.111295681063 0.0386836027714
0.112769485904 0.0392609699769
0.112582781457 0.0392609699769
0.112396694215 0.0392609699769
0.112211221122 0.0392609699769
0.112026359143 0.0392609699769
0.111842105263 0.0392609699769
0.111658456486 0.0392609699769
0.111475409836 0.0392609699769
0.112929623568 0.0398383371824
0.112745098039 0.0398383371824
0.112561174551 0.0398383371824
0.112377850163 0.0398383371824
0.112195121951 0.0398383371824
0.112012987013 0.0398383371824
0.111831442464 0.0398383371824
0.111650485437 0.0398383371824
0.111470113086 0.0398383371824
0.112903225806 0.040415704388
0.112721417069 0.040415704388
0.114147909968 0.0409930715935
0.115569823435 0.0415704387991
0.116987179487 0.0421478060046
0.1168 0.0421478060046
0.11661341853 0.0421478060046
0.116427432217 0.0421478060046
0.116242038217 0.0421478060046
0.116057233704 0.0421478060046
0.115873015873 0.0421478060046
0.117274167987 0.0427251732102
0.117088607595 0.0427251732102
0.116903633491 0.0427251732102
0.116719242902 0.0427251732102
0.116535433071 0.0427251732102
0.116352201258 0.0427251732102
0.116169544741 0.0427251732102
0.115987460815 0.0427251732102
0.115805946792 0.0427251732102
0.115625 0.0427251732102
0.115444617785 0.0427251732102
0.115264797508 0.0427251732102
0.115085536547 0.0427251732102
0.114906832298 0.0427251732102
0.114728682171 0.0427251732102
0.114551083591 0.0427251732102
0.114374034003 0.0427251732102
0.114197530864 0.0427251732102
0.114021571649 0.0427251732102
0.113846153846 0.0427251732102
0.113671274962 0.0427251732102
0.113496932515 0.0427251732102
0.113323124043 0.0427251732102
0.113149847095 0.0427251732102
0.112977099237 0.0427251732102
0.112804878049 0.0427251732102
0.112633181126 0.0427251732102
0.112462006079 0.0427251732102
0.112291350531 0.0427251732102
0.112121212121 0.0427251732102
0.111951588502 0.0427251732102
0.111782477341 0.0427251732102
0.11161387632 0.0427251732102
0.111445783133 0.0427251732102
0.111278195489 0.0427251732102
0.111111111111 0.0427251732102
0.110944527736 0.0427251732102
0.110778443114 0.0427251732102
0.110612855007 0.0427251732102
0.110447761194 0.0427251732102
0.110283159463 0.0427251732102
0.110119047619 0.0427251732102
0.109955423477 0.0427251732102
0.109792284866 0.0427251732102
0.111111111111 0.0433025404157
0.110946745562 0.0433025404157
0.110782865583 0.0433025404157
0.110619469027 0.0433025404157
0.110456553756 0.0433025404157
0.110294117647 0.0433025404157
0.11013215859 0.0433025404157
0.111436950147 0.0438799076212
0.111273792094 0.0438799076212
0.111111111111 0.0438799076212
0.110948905109 0.0438799076212
0.110787172012 0.0438799076212
0.110625909753 0.0438799076212
0.110465116279 0.0438799076212
0.11030478955 0.0438799076212
0.110144927536 0.0438799076212
0.10998552822 0.0438799076212
0.109826589595 0.0438799076212
0.109668109668 0.0438799076212
0.109510086455 0.0438799076212
0.109352517986 0.0438799076212
0.110632183908 0.0444572748268
0.110473457676 0.0444572748268
0.110315186246 0.0444572748268
0.110157367668 0.0444572748268
0.11 0.0444572748268
0.109843081312 0.0444572748268
0.109686609687 0.0444572748268
0.109530583215 0.0444572748268
0.109375 0.0444572748268
0.109219858156 0.0444572748268
0.109065155807 0.0444572748268
0.108910891089 0.0444572748268
0.108757062147 0.0444572748268
0.108603667137 0.0444572748268
0.108450704225 0.0444572748268
0.108298171589 0.0444572748268
0.108146067416 0.0444572748268
0.107994389902 0.0444572748268
0.107843137255 0.0444572748268
0.107692307692 0.0444572748268
0.107541899441 0.0444572748268
0.108786610879 0.0450346420323
0.108635097493 0.0450346420323
0.108484005563 0.0450346420323
0.108333333333 0.0450346420323
0.108183079057 0.0450346420323
0.108033240997 0.0450346420323
0.107883817427 0.0450346420323
0.10773480663 0.0450346420323
0.108965517241 0.0456120092379
0.108815426997 0.0456120092379
0.108665749656 0.0456120092379
0.10989010989 0.0461893764434
0.109739368999 0.0461893764434
0.109589041096 0.0461893764434
0.109439124487 0.0461893764434
0.109289617486 0.0461893764434
0.109140518417 0.0461893764434
0.108991825613 0.0461893764434
0.108843537415 0.0461893764434
0.108695652174 0.0461893764434
0.10854816825 0.0461893764434
0.108401084011 0.0461893764434
0.108254397835 0.0461893764434
0.108108108108 0.0461893764434
0.107962213225 0.0461893764434
0.10781671159 0.0461893764434
0.107671601615 0.0461893764434
0.10752688172 0.0461893764434
0.107382550336 0.0461893764434
0.107238605898 0.0461893764434
0.107095046854 0.0461893764434
0.106951871658 0.0461893764434
0.106809078772 0.0461893764434
0.106666666667 0.0461893764434
0.106524633822 0.0461893764434
0.106382978723 0.0461893764434
0.106241699867 0.0461893764434
0.106100795756 0.0461893764434
0.105960264901 0.0461893764434
0.10582010582 0.0461893764434
0.105680317041 0.0461893764434
0.105540897098 0.0461893764434
0.105401844532 0.0461893764434
0.105263157895 0.0461893764434
0.105124835742 0.0461893764434
0.106299212598 0.046766743649
0.10747051114 0.0473441108545
0.107329842932 0.0473441108545
0.108496732026 0.04792147806
0.108355091384 0.04792147806
0.108213820078 0.04792147806
0.108072916667 0.04792147806
0.109232769831 0.0484988452656
0.109090909091 0.0484988452656
0.108949416342 0.0484988452656
0.108808290155 0.0484988452656
0.108667529107 0.0484988452656
0.108527131783 0.0484988452656
0.108387096774 0.0484988452656
0.10824742268 0.0484988452656
0.108108108108 0.0484988452656
0.107969151671 0.0484988452656
0.109114249037 0.0490762124711
0.108974358974 0.0490762124711
0.110115236876 0.0496535796767
0.109974424552 0.0496535796767
0.109833971903 0.0496535796767
0.109693877551 0.0496535796767
0.109554140127 0.0496535796767
0.10941475827 0.0496535796767
0.109275730623 0.0496535796767
0.109137055838 0.0496535796767
0.108998732573 0.0496535796767
0.108860759494 0.0496535796767
0.108723135272 0.0496535796767
0.108585858586 0.0496535796767
0.108448928121 0.0496535796767
0.108312342569 0.0496535796767
0.108176100629 0.0496535796767
0.108040201005 0.0496535796767
0.107904642409 0.0496535796767
0.107769423559 0.0496535796767
0.107634543179 0.0496535796767
0.1075 0.0496535796767
0.107365792759 0.0496535796767
0.1072319202 0.0496535796767
0.107098381071 0.0496535796767
0.106965174129 0.0496535796767
0.106832298137 0.0496535796767
0.106699751861 0.0496535796767
0.106567534077 0.0496535796767
0.106435643564 0.0496535796767
0.107540173053 0.0502309468822
0.107407407407 0.0502309468822
0.107274969174 0.0502309468822
0.107142857143 0.0502309468822
0.107011070111 0.0502309468822
0.10687960688 0.0502309468822
0.106748466258 0.0502309468822
0.106617647059 0.0502309468822
0.107711138311 0.0508083140878
0.107579462103 0.0508083140878
0.107448107448 0.0508083140878
0.107317073171 0.0508083140878
0.1071863581 0.0508083140878
0.107055961071 0.0508083140878
0.106925880923 0.0508083140878
0.106796116505 0.0508083140878
0.106666666667 0.0508083140878
0.106537530266 0.0508083140878
0.106408706167 0.0508083140878
0.106280193237 0.0508083140878
0.10615199035 0.0508083140878
0.106024096386 0.0508083140878
0.105896510229 0.0508083140878
0.106971153846 0.0513856812933
0.106842737095 0.0513856812933
0.106714628297 0.0513856812933
0.106586826347 0.0513856812933
0.106459330144 0.0513856812933
0.10633213859 0.0513856812933
0.106205250597 0.0513856812933
0.106078665077 0.0513856812933
0.105952380952 0.0513856812933
0.105826397146 0.0513856812933
0.105700712589 0.0513856812933
0.105575326216 0.0513856812933
