87878 3 0.993929862976
87879 3 0.993929862976
21539 3 0.988519787788
21538 3 0.988519787788
5355 1 0.980723083019
5356 1 0.980723083019
38798 4 0.973941445351
38799 4 0.973941445351
3226 1 0.969165086746
3227 1 0.969165086746
44361 1 0.968812823296
44360 1 0.968812823296
11539 1 0.968191981316
8238 1 0.961761474609
8237 1 0.961761474609
50484 1 0.959429144859
5660 1 0.959429144859
5661 1 0.959429144859
46206 3 0.958558797836
46207 3 0.958558797836
227 3 0.95803797245
222 3 0.95803797245
77259 1 0.951907157898
17691 1 0.950758218765
17692 1 0.950758218765
5686 1 0.949188709259
5687 1 0.949188709259
79094 1 0.947215259075
79092 1 0.947215259075
3151 1 0.945359885693
3154 1 0.945359885693
3155 1 0.945359885693
3153 1 0.945359885693
3156 1 0.945359885693
3152 1 0.945359885693
36504 1 0.9447016716
36505 1 0.9447016716
30389 1 0.941812396049
30388 1 0.941812396049
67764 1 0.939371287823
67763 1 0.939371287823
67765 1 0.939371287823
67766 1 0.939371287823
4932 1 0.937553703785
4930 1 0.937553703785
54603 1 0.937553584576
54604 1 0.937553584576
54605 1 0.937553584576
12180 1 0.937012195587
12181 1 0.937012195587
86508 3 0.931498467922
86509 3 0.931498467922
75766 3 0.926665246487
75765 3 0.926665246487
75842 1 0.925582110882
75841 1 0.925582110882
38229 1 0.924827694893
38230 1 0.924827694893
38231 1 0.924827694893
38228 1 0.924827694893
38227 1 0.924827694893
38232 1 0.924827694893
83038 3 0.920564651489
83039 3 0.920564651489
63102 3 0.920564591885
63097 3 0.920564591885
18293 3 0.920564591885
18281 3 0.920564591885
60764 4 0.920043587685
60763 4 0.920043587685
21695 1 0.919534623623
21694 1 0.919534623623
86552 1 0.918248236179
86553 1 0.918248236179
54497 3 0.91529583931
8740 3 0.91529583931
54499 3 0.91529583931
8739 3 0.91529583931
54498 3 0.915295779705
54496 3 0.915295779705
19645 1 0.915086150169
19644 1 0.915086150169
37713 1 0.91508603096
37711 1 0.91508603096
37712 1 0.91508603096
48341 3 0.914185345173
48339 3 0.914185345173
48338 3 0.914185345173
48340 3 0.914185345173
48337 3 0.914185345173
37936 1 0.912960767746
39203 1 0.911051690578
39202 1 0.911051690578
76197 4 0.910872042179
76196 4 0.910872042179
72603 1 0.910356163979
72602 1 0.910356163979
72599 1 0.910356163979
72598 1 0.910356163979
72601 1 0.910356163979
72600 1 0.910356163979
39763 4 0.909755647182
47716 4 0.909672260284
26725 1 0.90924268961
26726 1 0.90924268961
14082 4 0.908458948135
14081 4 0.908458948135
33675 1 0.907769858837
23091 4 0.907055854797
30831 4 0.906178176403
45982 1 0.901021838188
45981 1 0.901021838188
62163 1 0.900867760181
62164 1 0.900867760181
32216 1 0.900867760181
62165 1 0.900867760181
67405 3 0.900658011436
3088 3 0.900466740131
3087 3 0.900466740131
9069 3 0.900466561317
9070 3 0.900466561317
49047 3 0.900466561317
49048 3 0.900466561317
505 4 0.898217201233
504 4 0.898217201233
21387 1 0.897668242455
21389 1 0.89766818285
21388 1 0.89766818285
21390 1 0.89766818285
21386 1 0.89766818285
27489 4 0.894642710686
50 4 0.894642710686
49 4 0.894642710686
31972 4 0.892455101013
737 1 0.892328083515
17282 1 0.892075240612
17281 1 0.892075240612
26644 1 0.891543447971
26647 1 0.891543447971
27050 4 0.891407847404
27051 4 0.891407847404
5796 4 0.889718770981
5797 4 0.889718770981
31080 1 0.889595746994
31081 1 0.889595746994
63601 4 0.886669814587
63602 4 0.886669814587
924 1 0.886005580425
923 1 0.886005580425
23509 1 0.885271668434
24857 3 0.8804038167
5364 3 0.8804038167
24859 3 0.8804038167
5363 3 0.8804038167
24856 3 0.880403757095
24858 3 0.880403757095
44291 4 0.880119204521
43071 1 0.879903018475
43072 1 0.879903018475
89177 1 0.878884017467
89176 1 0.878884017467
48075 3 0.878567814827
48090 3 0.878567814827
48089 3 0.878567814827
48088 3 0.878567814827
48086 3 0.878567814827
48076 3 0.878567814827
48085 3 0.878567814827
48074 3 0.878567814827
48082 3 0.878567814827
48087 3 0.878567814827
48078 3 0.878567814827
48081 3 0.878567814827
48084 3 0.878567814827
48080 3 0.878567814827
48079 3 0.878567814827
48083 3 0.878567814827
48077 3 0.878567814827
19272 4 0.876638293266
11368 4 0.876055300236
11367 4 0.876055300236
29149 7 0.872764766216
29148 7 0.872764766216
12789 4 0.872131586075
12788 4 0.872131586075
70885 4 0.87213152647
70884 4 0.87213152647
70883 4 0.87213152647
70882 4 0.87213152647
84730 1 0.871825695038
84729 1 0.871825695038
31372 1 0.86923289299
31371 1 0.86923289299
3112 3 0.869177341461
3111 3 0.869177341461
63193 3 0.869177222252
63196 3 0.869177222252
63194 3 0.869177222252
63195 3 0.869177222252
1960 1 0.868690609932
1959 1 0.868690609932
24380 4 0.865050792694
24379 4 0.865050792694
17161 3 0.863947033882
17162 3 0.863947033882
79747 3 0.863393306732
79748 3 0.863393306732
40122 4 0.862908780575
40121 4 0.862908780575
40123 4 0.862908780575
40124 4 0.862908780575
40120 4 0.862908780575
88938 1 0.861743330956
88937 1 0.861743330956
62664 1 0.861186683178
62665 1 0.861186683178
18220 1 0.85967206955
18221 1 0.85967206955
4892 1 0.856203496456
4891 1 0.856203496456
5893 1 0.855566382408
5892 1 0.855566382408
48395 1 0.855064272881
48396 1 0.855064272881
90129 1 0.85196274519
90125 1 0.85196274519
90128 1 0.85196274519
90127 1 0.85196274519
90130 1 0.85196274519
90126 1 0.85196274519
80406 3 0.847262144089
80405 3 0.847262144089
31176 4 0.845057606697
31175 4 0.845057606697
68024 4 0.844866454601
68025 4 0.844866454601
70386 1 0.842527270317
70387 1 0.842527270317
52508 4 0.841877222061
52507 4 0.841877222061
34665 4 0.841877222061
36697 1 0.841433763504
36698 1 0.841433763504
75087 3 0.841347396374
75086 3 0.841347396374
10823 4 0.841275334358
68545 3 0.841000080109
68546 3 0.841000080109
11326 1 0.840452075005
5674 1 0.840452075005
11329 1 0.840452075005
5679 1 0.840452075005
33651 1 0.840452075005
33654 1 0.840452075005
38642 1 0.840139210224
38643 1 0.840139210224
48540 1 0.840138852596
48539 1 0.840138852596
25586 1 0.839883744717
11121 4 0.83969771862
78322 1 0.839083015919
78324 1 0.839083015919
35393 1 0.838660538197
35394 1 0.838660538197
30208 4 0.8381934762
30207 4 0.8381934762
33118 1 0.837936460972
81359 3 0.83729070425
81358 3 0.83729070425
11803 4 0.837212502956
11801 4 0.837212502956
89715 1 0.837018072605
89714 1 0.837018072605
25127 4 0.836387634277
25126 4 0.836387634277
39200 1 0.834122061729
39201 1 0.834122061729
23358 1 0.831211209297
23355 1 0.831211209297
23356 1 0.831211209297
23357 1 0.831211209297
23354 1 0.831211209297
23353 1 0.831211209297
63152 1 0.830767452717
63153 1 0.830767452717
89730 1 0.83074003458
89731 1 0.83074003458
62544 1 0.830367088318
62543 1 0.830367088318
51073 4 0.830024540424
51074 4 0.830024540424
62182 4 0.828644990921
62185 4 0.828644990921
62186 4 0.828644990921
62184 4 0.828644990921
62183 4 0.828644990921
62181 4 0.828644990921
2104 3 0.827001929283
2103 3 0.827001929283
9420 3 0.827001929283
17876 3 0.827001929283
17875 3 0.827001929283
9419 3 0.827001929283
59702 4 0.825416266918
4447 4 0.823205173016
89212 1 0.818889021873
89211 1 0.818889021873
89210 1 0.818889021873
89209 1 0.818889021873
89213 1 0.818889021873
89214 1 0.818889021873
29696 1 0.818472385406
29695 1 0.818472385406
55445 1 0.817770659924
55446 1 0.817770659924
69259 1 0.816315710545
69258 1 0.816315710545
69263 1 0.816315710545
69262 1 0.816315710545
69261 1 0.816315710545
69260 1 0.816315710545
38450 1 0.81600856781
38451 1 0.81600856781
24177 1 0.815916955471
24180 1 0.815916955471
24179 1 0.815916955471
24178 1 0.815916955471
24176 1 0.815916955471
24181 1 0.815916955471
46464 3 0.814523816109
46463 3 0.814523816109
49833 1 0.813776731491
49832 1 0.813776731491
15360 3 0.812791645527
15359 3 0.812791645527
58838 1 0.812014460564
58839 1 0.812014460564
58837 1 0.812014460564
58840 1 0.812014460564
58836 1 0.812014460564
58841 1 0.812014460564
6929 3 0.811802148819
6924 3 0.811802148819
6925 3 0.811802148819
6926 3 0.811802148819
6927 3 0.811802148819
6928 3 0.811802148819
81756 1 0.81121379137
81755 1 0.81121379137
11804 4 0.810865342617
11802 4 0.810865342617
63461 1 0.81078761816
63462 1 0.81078761816
41777 1 0.809767603874
41776 1 0.809767603874
41778 1 0.80976754427
7402 1 0.80976754427
48573 1 0.809542238712
26338 3 0.809161663055
26337 3 0.809161663055
3066 1 0.808969140053
16957 3 0.80820697546
16954 3 0.80820697546
16951 3 0.80820697546
16950 3 0.80820697546
1188 3 0.80820697546
1189 3 0.80820697546
17608 4 0.807210803032
59809 1 0.806924581528
59806 1 0.806924581528
59807 1 0.806924581528
59811 1 0.806924581528
59808 1 0.806924581528
59810 1 0.806924581528
2284 1 0.806706130505
2273 1 0.806706130505
51592 1 0.806674957275
51591 1 0.806674957275
1873 3 0.805848300457
1872 3 0.805848300457
3147 1 0.805830180645
3139 1 0.805830180645
3133 1 0.805830180645
3148 1 0.805830180645
3145 1 0.805830180645
3146 1 0.805830180645
3144 1 0.805830180645
3143 1 0.805830180645
3140 1 0.805830180645
3141 1 0.805830180645
3142 1 0.805830180645
3135 1 0.805830180645
48370 4 0.805800080299
48371 4 0.805800080299
48369 4 0.805800080299
48372 4 0.805800080299
48374 4 0.805800080299
48373 4 0.805800080299
44307 4 0.803366363049
44306 4 0.803366363049
87904 1 0.803152620792
63079 1 0.802959680557
63080 1 0.802959680557
10137 4 0.802507996559
90740 4 0.801988601685
72206 4 0.80194658041
72207 4 0.80194658041
4902 1 0.800839722157
4903 1 0.800839722157
80969 1 0.800651788712
80968 1 0.800651788712
31366 1 0.80048584938
23118 4 0.799210548401
23119 4 0.799210548401
27049 4 0.799147307873
27048 4 0.799147307873
73756 1 0.798312962055
73757 1 0.798312962055
74057 3 0.798103392124
74058 3 0.798103392124
74060 3 0.798103392124
74059 3 0.798103392124
1475 3 0.797976195812
1476 3 0.797976195812
58332 1 0.797185063362
58333 1 0.797185063362
23001 4 0.791212677956
23002 4 0.791212677956
29998 3 0.791076540947
29997 3 0.791076540947
66592 1 0.791022181511
66591 1 0.791022181511
44178 4 0.789922833443
44180 4 0.789922833443
79502 4 0.789290130138
79503 4 0.789290130138
42023 1 0.789028406143
42022 1 0.789028406143
30750 3 0.788068234921
30749 3 0.788068234921
16159 1 0.787809371948
16160 1 0.787809371948
33309 1 0.78744250536
33308 1 0.78744250536
84959 4 0.786255955696
84960 4 0.786255955696
4429 4 0.785325884819
4431 4 0.785325884819
34695 3 0.785322606564
34693 3 0.785322606564
3719 1 0.785225152969
3718 1 0.785225152969
19748 1 0.785224854946
19747 1 0.785224854946
19746 1 0.785224676132
19745 1 0.785224676132
47717 4 0.784583449364
47718 4 0.784583449364
65320 1 0.784519672394
65321 1 0.784519672394
84800 1 0.784519314766
84799 1 0.784519314766
84798 1 0.784519314766
84797 1 0.784519314766
27656 1 0.78433740139
42032 1 0.784187436104
42033 1 0.784187436104
31427 4 0.783037245274
31428 4 0.783037245274
33550 3 0.780676066875
33549 3 0.780676066875
23689 3 0.780247807503
23690 3 0.780247807503
65992 1 0.778895497322
65993 1 0.778895497322
65994 1 0.778895497322
65995 1 0.778895497322
65996 1 0.778895497322
65997 1 0.778895497322
162 3 0.77842849493
40427 3 0.77842849493
40428 3 0.77842849493
149 3 0.77842849493
64048 4 0.777063012123
14634 1 0.776774168015
45334 1 0.776225268841
45335 1 0.776225268841
2155 1 0.774242758751
2153 1 0.774242758751
32079 4 0.774130165577
32078 4 0.774130165577
30451 3 0.773164451122
30450 3 0.773164451122
35410 1 0.772576630116
35409 1 0.772576630116
54738 1 0.772067964077
54739 1 0.772067964077
43201 1 0.771194636822
43202 1 0.771194636822
70547 1 0.770812571049
81508 1 0.770812511444
81506 1 0.770812511444
81507 1 0.770812511444
35196 1 0.770425260067
35197 1 0.770425260067
27691 1 0.76981562376
27692 1 0.76981562376
5139 3 0.769779741764
26307 3 0.769779741764
26313 3 0.769779741764
26309 3 0.769779741764
26306 3 0.769779741764
26310 3 0.769779741764
26305 3 0.769779741764
26308 3 0.769779741764
26311 3 0.769779741764
26312 3 0.769779741764
5138 3 0.769779741764
25800 4 0.769216537476
11041 1 0.768658816814
11040 1 0.768658816814
81505 1 0.768399834633
15233 4 0.767930865288
20955 1 0.76770734787
20949 1 0.76770734787
20952 1 0.767707228661
20956 1 0.767707228661
20953 1 0.767707228661
20948 1 0.767707228661
20958 1 0.767707228661
20959 1 0.767707228661
20960 1 0.767707228661
20954 1 0.767707228661
20957 1 0.767707228661
20947 1 0.767707228661
20946 1 0.767707228661
20945 1 0.767707228661
20951 1 0.767707228661
20944 1 0.767707228661
20950 1 0.767707228661
20943 1 0.767707228661
22176 4 0.767394125462
22177 4 0.767394125462
25147 4 0.766946554184
25146 4 0.766946554184
9171 3 0.76587164402
9172 3 0.76587164402
4929 1 0.765634000301
4926 1 0.765634000301
7261 1 0.765634000301
7262 1 0.765634000301
6704 1 0.765633881092
6706 1 0.765633881092
85504 1 0.764664292336
85503 1 0.764664292336
21847 1 0.764611423016
21848 1 0.764611423016
67505 1 0.763345003128
1948 1 0.762968063354
1947 1 0.762968063354
91520 1 0.762967348099
91521 1 0.762967348099
91522 1 0.762967348099
91523 1 0.762967348099
34791 1 0.762614965439
34792 1 0.762614965439
12414 1 0.762163937092
12415 1 0.762163937092
26964 3 0.761861264706
26963 3 0.761861264706
57971 1 0.761270642281
57970 1 0.761270642281
46649 3 0.761083781719
46648 3 0.761083781719
46647 3 0.761083781719
46646 3 0.761083781719
46645 3 0.761083781719
46644 3 0.761083781719
58046 1 0.760725855827
58045 1 0.760725855827
58044 1 0.760725855827
58043 1 0.760725855827
58042 1 0.760725855827
58041 1 0.760725855827
58040 1 0.760725855827
58039 1 0.760725855827
58038 1 0.760725855827
58037 1 0.760725855827
58036 1 0.760725855827
58047 1 0.760725855827
88225 1 0.759944438934
88226 1 0.759944438934
31299 1 0.759633302689
31298 1 0.759633302689
50239 4 0.759623885155
2659 1 0.758822202682
2658 1 0.758822202682
52213 1 0.758776426315
52211 1 0.758776426315
77956 1 0.758776366711
77959 1 0.758776366711
77961 1 0.758776366711
77955 1 0.758776366711
77954 1 0.758776366711
77957 1 0.758776366711
77953 1 0.758776366711
77958 1 0.758776366711
77960 1 0.758776366711
77962 1 0.758776366711
4846 1 0.757586538792
4847 1 0.757586538792
8251 1 0.757052242756
8250 1 0.757052242756
90325 1 0.756579875946
90322 1 0.756579875946
90323 1 0.756579875946
90324 1 0.756579875946
23366 1 0.756542921066
23365 1 0.756542921066
88355 4 0.755958735943
12177 1 0.754784822464
18331 1 0.753767967224
18332 1 0.753767967224
3045 3 0.753469824791
3044 3 0.753469824791
41719 1 0.75345146656
41720 1 0.75345146656
41718 1 0.75345146656
41721 1 0.75345146656
8715 4 0.753086030483
8714 4 0.753086030483
46202 3 0.752890884876
46203 3 0.752890884876
39630 4 0.752833485603
39631 4 0.752833485603
55218 1 0.751872479916
55219 1 0.751872479916
3689 1 0.751004338264
3690 1 0.751004338264
35053 1 0.749959051609
35054 1 0.749959051609
4114 1 0.748152315617
4112 1 0.748152315617
21664 1 0.748152315617
21024 1 0.748152315617
21022 1 0.748152315617
21665 1 0.748152315617
9764 1 0.747055411339
9763 1 0.747055411339
85546 1 0.746469974518
85545 1 0.746469974518
15829 4 0.746361017227
15828 4 0.746361017227
7862 4 0.746360957623
7865 4 0.746360957623
56570 4 0.745981574059
56568 4 0.745981574059
56569 4 0.745981574059
56566 4 0.745981574059
56567 4 0.745981574059
90714 3 0.7458999753
90715 3 0.7458999753
5011 1 0.745331645012
5010 1 0.745331645012
33979 4 0.74508690834
22185 1 0.744948446751
22184 1 0.744948446751
68912 4 0.74429500103
68911 4 0.74429500103
68909 4 0.74429500103
68910 4 0.74429500103
68906 4 0.744294822216
68905 4 0.744294822216
18109 1 0.744148135185
6757 1 0.743920862675
8325 1 0.743920862675
6758 1 0.743920862675
38852 1 0.743920862675
38853 1 0.743920862675
8324 1 0.743920862675
27497 1 0.74350965023
27496 1 0.74350965023
35597 1 0.743373274803
50546 4 0.742819130421
50547 4 0.742819130421
60482 1 0.742373943329
60483 1 0.742373943329
57451 1 0.741720676422
57452 1 0.741720676422
16816 1 0.741666376591
16817 1 0.741666376591
4296 1 0.741161704063
4297 1 0.741161704063
50101 4 0.740840137005
50100 4 0.740840137005
23595 4 0.740665376186
23594 4 0.740665376186
16425 3 0.740455687046
16424 3 0.740455687046
77047 1 0.738936662674
77048 1 0.738936662674
77049 1 0.738936662674
77050 1 0.738936662674
77052 1 0.738936662674
77051 1 0.738936662674
5508 1 0.738890588284
5507 1 0.738890588284
37260 1 0.737972795963
37258 1 0.737972795963
37261 1 0.737972795963
37259 1 0.737972795963
4811 1 0.736837804317
4808 1 0.736837804317
40916 1 0.735831916332
40915 1 0.735831916332
32596 1 0.733545124531
32595 1 0.733545124531
60493 4 0.733395636082
60492 4 0.733395636082
75670 1 0.733381986618
75669 1 0.733381986618
68650 1 0.733107864857
68649 1 0.733107864857
33107 1 0.732688188553
33106 1 0.732688188553
45674 1 0.730474174023
70957 1 0.730474174023
70958 1 0.730474174023
45676 1 0.730474174023
150 3 0.730120539665
146 3 0.730120539665
71313 1 0.7295576334
71312 1 0.7295576334
80797 1 0.728946745396
80798 1 0.728946745396
43163 1 0.728941082954
43164 1 0.728941082954
67848 4 0.728932023048
67849 4 0.728932023048
12176 4 0.727935791016
2480 4 0.727103233337
2481 4 0.727103233337
64041 1 0.722483575344
64040 1 0.722483575344
81937 1 0.722077071667
81936 1 0.722077071667
89815 1 0.720481276512
89816 1 0.720481276512
67140 1 0.71959066391
67141 1 0.71959066391
67138 1 0.71959066391
67139 1 0.71959066391
38092 1 0.71959066391
38093 1 0.71959066391
83811 4 0.719453036785
68728 4 0.71893119812
64473 1 0.717189729214
64472 1 0.717189729214
1014 1 0.716368734837
1013 1 0.716368734837
12542 1 0.713783800602
12543 1 0.713783800602
78389 1 0.710436165333
78390 1 0.710436165333
54622 1 0.710305273533
54621 1 0.710305273533
85345 1 0.71008682251
85346 1 0.71008682251
1245 4 0.709732055664
1244 4 0.709732055664
2884 3 0.709141135216
2886 3 0.709141135216
708 1 0.708789944649
64061 1 0.708678245544
64062 1 0.708678245544
46024 1 0.708343446255
46025 1 0.708343446255
46026 1 0.708343446255
46022 1 0.708343446255
46023 1 0.708343446255
88200 3 0.708264231682
88199 3 0.708264231682
45966 1 0.70752030611
45965 1 0.70752030611
74246 4 0.706572711468
74245 4 0.706572711468
74244 4 0.706572711468
74243 4 0.706572711468
34402 3 0.706228137016
34403 3 0.706228137016
74254 4 0.705359041691
74253 4 0.705359041691
25891 1 0.704088568687
25890 1 0.704088568687
5231 1 0.704088330269
5232 1 0.704088330269
62536 1 0.703278899193
62537 1 0.703278899193
62535 1 0.703278899193
62538 1 0.703278899193
62534 1 0.703278899193
62533 1 0.703278899193
23707 4 0.702703297138
7935 1 0.70254522562
7936 1 0.70254522562
7400 1 0.702031314373
82173 4 0.701116144657
82179 4 0.701116144657
82178 4 0.701116144657
82177 4 0.701116144657
82176 4 0.701116144657
82175 4 0.701116144657
82174 4 0.701116144657
82172 4 0.701116144657
3711 4 0.701116085052
3712 4 0.701116085052
15860 3 0.700231432915
15861 3 0.700231432915
58062 1 0.699633181095
58061 1 0.699633181095
13706 1 0.698217153549
13705 1 0.698217153549
73462 4 0.698118209839
73461 4 0.698118209839
52263 4 0.69784450531
52262 4 0.69784450531
129 1 0.696118652821
32808 1 0.695762276649
32807 1 0.695762276649
56649 1 0.695730805397
56650 1 0.695730805397
56651 1 0.695730805397
56652 1 0.695730805397
56648 1 0.695730805397
7811 1 0.6957077384
7812 1 0.6957077384
87464 1 0.694927453995
87463 1 0.694927453995
76725 4 0.694778501987
76726 4 0.694778501987
50257 4 0.693724513054
50258 4 0.693724513054
48845 1 0.693556070328
48846 1 0.693556070328
17096 1 0.692817986012
17095 1 0.692817986012
68488 1 0.692577898502
20683 1 0.691910505295
20689 1 0.691910505295
44627 4 0.691001236439
7378 1 0.690992355347
7383 1 0.690992355347
9298 1 0.690589189529
9303 1 0.690589189529
24364 1 0.690588951111
24363 1 0.690588951111
24361 1 0.690588951111
24362 1 0.690588951111
1748 1 0.690585076809
1749 1 0.690585076809
30925 1 0.690304636955
83782 1 0.690304636955
83784 1 0.690304636955
83785 1 0.690304636955
83783 1 0.690304636955
30927 1 0.690304636955
30767 3 0.690295279026
30777 3 0.690295279026
41502 3 0.689235568047
41501 3 0.689235568047
41506 3 0.689235568047
41504 3 0.689235568047
41505 3 0.689235568047
41503 3 0.689235568047
85526 4 0.688720822334
85525 4 0.688720822334
13820 1 0.688407301903
13818 1 0.688407301903
13822 1 0.688407301903
13821 1 0.688407301903
13819 1 0.688407242298
13817 1 0.688407242298
1282 1 0.688105583191
1283 1 0.688105583191
69095 4 0.688083350658
69097 4 0.688083350658
69096 4 0.688083350658
69098 4 0.688083350658
32045 1 0.687713742256
32044 1 0.687713742256
41368 1 0.687526464462
41369 1 0.687526464462
41370 1 0.687526464462
41371 1 0.687526464462
41372 1 0.687526464462
41373 1 0.687526464462
41022 1 0.685709834099
41021 1 0.685709834099
2355 1 0.685591876507
2356 1 0.685591876507
60738 4 0.685223281384
60739 4 0.685223281384
57242 1 0.683978974819
57243 1 0.683978974819
18141 1 0.683457314968
18139 1 0.683457314968
3158 1 0.683457314968
3157 1 0.683457314968
18138 1 0.68345707655
18140 1 0.68345707655
69852 4 0.682552278042
69853 4 0.682552278042
22513 1 0.682201564312
22514 1 0.682201564312
3132 1 0.681198179722
3131 1 0.681198179722
42228 4 0.680058598518
42227 4 0.680058598518
73749 4 0.677995026112
73747 4 0.677995026112
78401 4 0.67790222168
78402 4 0.67790222168
9461 1 0.676958680153
41789 1 0.676958680153
41790 1 0.676958680153
41791 1 0.676958680153
41792 1 0.676958680153
9462 1 0.676958680153
85395 1 0.675452709198
85393 1 0.675452709198
85391 1 0.675452709198
85392 1 0.675452709198
85396 1 0.675452709198
85394 1 0.675452709198
57614 1 0.674080014229
57613 1 0.674080014229
69910 4 0.673715889454
69911 4 0.673715889454
69051 1 0.672946214676
69050 1 0.672946214676
74010 3 0.672253072262
74011 3 0.672253072262
42926 1 0.671088933945
42925 1 0.671088933945
49524 1 0.670959115028
49525 1 0.670959115028
59030 1 0.670817911625
59029 1 0.670817911625
62992 1 0.670584142208
62993 1 0.670584142208
28665 1 0.670368313789
28666 1 0.670368313789
4527 4 0.670057237148
4529 4 0.670057237148
2703 1 0.668154835701
2705 1 0.668154835701
15997 1 0.666994690895
15998 1 0.666994690895
26078 1 0.666927754879
26077 1 0.666927754879
2055 2 0.666178524494
2056 2 0.666178524494
21503 1 0.666083157063
21502 1 0.666083157063
38951 1 0.66553068161
38952 1 0.66553068161
38118 1 0.664973139763
38119 1 0.664973139763
665 3 0.664484381676
664 3 0.664484381676
638 1 0.664269268513
639 1 0.664269268513
640 1 0.664269268513
636 1 0.664269268513
635 1 0.664269208908
637 1 0.664269208908
50424 4 0.664073824883
50425 4 0.664073824883
67866 1 0.662882387638
67862 1 0.662882387638
67856 1 0.662882387638
67860 1 0.662882387638
67859 1 0.662882387638
67863 1 0.662882387638
67861 1 0.662882387638
67857 1 0.662882387638
67867 1 0.662882387638
67864 1 0.662882387638
67858 1 0.662882387638
67865 1 0.662882387638
49046 4 0.662683010101
49044 4 0.662683010101
13544 1 0.662559807301
13545 1 0.662559807301
78371 1 0.661732852459
15487 3 0.66049772501
15486 3 0.66049772501
28461 1 0.660353660583
28460 1 0.660353660583
28459 1 0.660353660583
28462 1 0.660353660583
28458 1 0.660353660583
28457 1 0.660353660583
62551 7 0.659688472748
62553 7 0.659688472748
62554 7 0.659688472748
62556 7 0.659688472748
62552 7 0.659688353539
62555 7 0.659688353539
10508 4 0.659407556057
10513 4 0.659407556057
10510 4 0.659407556057
10511 4 0.659407556057
10512 4 0.659407317638
10509 4 0.659407317638
16974 4 0.659153342247
16975 4 0.659153342247
79310 3 0.658736646175
79311 3 0.658736646175
33091 3 0.65796995163
33090 3 0.65796995163
62174 4 0.655920147896
65434 4 0.654806673527
65433 4 0.654806673527
65432 4 0.654806673527
65431 4 0.654806673527
65430 4 0.654806673527
88647 3 0.654362976551
88646 3 0.654362976551
76751 4 0.652395963669
76750 4 0.652395963669
2517 1 0.651522219181
2518 1 0.651522219181
6987 1 0.649935781956
6988 1 0.649935781956
89189 4 0.649467945099
89190 4 0.649467945099
4049 1 0.649432957172
4057 1 0.649432957172
4059 1 0.649432957172
4056 1 0.649432957172
4048 1 0.649432957172
4058 1 0.649432957172
64653 1 0.649358570576
12300 1 0.649161815643
12301 1 0.649161815643
26789 1 0.648621857166
26790 1 0.648621857166
26787 1 0.648621857166
26788 1 0.648621857166
4360 1 0.648621559143
4361 1 0.648621559143
43784 4 0.648602247238
43785 4 0.648602247238
17143 1 0.648302853107
17144 1 0.648302853107
63338 1 0.648087203503
63339 1 0.648087203503
87339 1 0.648001015186
87340 1 0.648001015186
87338 1 0.648001015186
437 1 0.648000895977
438 1 0.648000895977
60858 4 0.647903859615
81773 1 0.647705852985
81774 1 0.647705852985
50183 3 0.647543668747
50182 3 0.647543668747
32706 4 0.647479951382
32705 4 0.647479951382
22766 1 0.646942019463
22768 1 0.646942019463
55167 4 0.646936953068
55168 4 0.646936953068
32199 1 0.645525336266
32198 1 0.645525336266
32906 1 0.644991993904
32905 1 0.644991993904
63082 1 0.644893705845
63081 1 0.644893705845
61063 1 0.64391797781
61062 1 0.64391797781
2770 4 0.643083512783
2771 4 0.643083512783
70714 3 0.642681956291
7979 1 0.641405880451
80350 4 0.640546679497
80351 4 0.640546679497
3821 4 0.640113651752
3822 4 0.640113651752
90703 1 0.64008718729
90702 1 0.64008718729
40374 4 0.638584494591
40373 4 0.638584494591
27491 1 0.637375950813
27490 1 0.637375950813
1915 4 0.63655102253
1913 4 0.63655102253
1522 1 0.636258244514
1520 1 0.636258244514
54397 1 0.63622879982
54398 1 0.63622879982
36024 4 0.635908484459
36025 4 0.635908484459
632 1 0.635886907578
631 1 0.635886907578
633 1 0.635886907578
629 1 0.635886907578
630 1 0.635886907578
634 1 0.635886907578
90034 1 0.635605931282
90035 1 0.635605931282
42529 1 0.635274648666
42532 1 0.635274648666
42531 1 0.635274648666
42530 1 0.635274648666
30435 4 0.634970664978
30434 4 0.634970664978
54020 1 0.634630560875
54021 1 0.634630560875
34696 3 0.633104145527
34694 3 0.633104145527
30103 3 0.633104026318
30100 3 0.633104026318
63197 3 0.632706046104
63198 3 0.632706046104
70388 4 0.632426559925
70389 4 0.632426559925
53701 1 0.632328510284
53699 1 0.632328510284
53702 1 0.632328510284
53698 1 0.632328510284
53700 1 0.632328510284
53703 1 0.632328510284
79292 1 0.630829870701
79293 1 0.630829870701
40015 4 0.629430532455
40016 4 0.629430532455
53931 1 0.628745079041
53930 1 0.628745079041
71752 4 0.626601994038
71753 4 0.626601994038
71754 4 0.626601994038
71755 4 0.626601994038
71756 4 0.626601994038
48346 4 0.626451790333
48347 4 0.626451790333
37373 4 0.62592113018
37372 4 0.62592113018
37377 4 0.62592113018
37378 4 0.62592113018
37379 4 0.62592113018
37380 4 0.62592113018
37375 4 0.62592113018
37360 4 0.625921010971
37358 4 0.625921010971
37374 4 0.625921010971
37376 4 0.625921010971
37381 4 0.625921010971
37382 4 0.625921010971
2604 4 0.625920891762
1882 4 0.625920891762
1879 4 0.625920891762
2572 4 0.625920891762
50297 4 0.625769555569
50298 4 0.625769555569
21141 1 0.625490069389
21142 1 0.625490069389
20176 4 0.624677181244
71088 3 0.624597072601
31380 1 0.623424589634
31379 1 0.623424589634
31738 3 0.623381614685
31737 3 0.623381614685
16347 1 0.623345196247
16343 1 0.623345196247
77149 1 0.623238146305
77155 1 0.623238146305
8122 3 0.623097598553
8123 3 0.623097598553
20020 1 0.622965991497
20021 1 0.622965991497
18459 1 0.62285554409
18460 1 0.62285554409
73114 1 0.622721135616
73113 1 0.622721135616
50541 1 0.62192261219
64427 1 0.621851563454
2662 1 0.621356606483
2663 1 0.621356606483
90351 4 0.620348572731
90352 4 0.620348572731
5676 1 0.62003672123
5684 1 0.62003672123
11856 1 0.62003672123
11858 1 0.62003672123
11857 1 0.62003672123
2259 1 0.618549466133
2281 1 0.618549466133
72670 1 0.618549227715
72668 1 0.618549227715
72669 1 0.618549227715
72667 1 0.618549227715
12980 4 0.618230104446
12977 4 0.618230104446
45979 1 0.617501437664
45980 1 0.617501437664
3163 1 0.61677467823
3164 1 0.61677467823
22916 3 0.616499662399
22919 3 0.616499662399
22915 3 0.616499602795
22917 3 0.616499602795
22920 3 0.616499602795
22918 3 0.616499602795
35703 1 0.616492211819
35702 1 0.616492211819
51252 1 0.6163610816
51251 1 0.6163610816
59896 1 0.616299927235
59898 1 0.616299927235
59894 1 0.616299629211
59895 1 0.616299629211
59897 1 0.616299629211
59893 1 0.616299629211
70967 1 0.615789890289
70968 1 0.615789890289
81281 4 0.615630626678
81280 4 0.615630626678
2706 1 0.614934802055
2704 1 0.614934802055
1889 4 0.614908337593
1888 4 0.614908337593
54543 1 0.614573478699
54544 1 0.614573478699
77152 1 0.614483058453
77151 1 0.614483058453
77154 1 0.614483058453
90918 4 0.614104747772
90916 4 0.614104747772
90917 4 0.614104747772
90919 4 0.614104747772
84731 1 0.613956153393
84732 1 0.613956153393
88782 1 0.613484978676
88781 1 0.613484978676
91197 1 0.613238692284
91198 1 0.613238692284
20203 1 0.612899184227
40790 4 0.611333787441
40794 4 0.611333787441
40793 4 0.611333787441
40792 4 0.611333787441
40791 4 0.611333787441
68056 4 0.610660731792
32213 1 0.610192298889
32214 1 0.610192298889
32212 1 0.610192298889
32215 1 0.610192298889
63789 4 0.609929680824
63790 4 0.609929680824
42422 1 0.609492838383
42423 1 0.609492838383
42426 1 0.609492838383
42425 1 0.609492838383
42424 1 0.609492838383
3043 4 0.608768343925
3042 4 0.608768343925
12091 1 0.608634650707
12090 1 0.608634650707
18436 1 0.608536064625
18435 1 0.608536064625
57887 1 0.608509898186
57886 1 0.608509898186
4536 4 0.608071327209
31159 1 0.607803583145
31160 1 0.607803583145
6961 1 0.607659816742
6962 1 0.607659816742
19875 4 0.607011258602
62299 1 0.606615006924
62298 1 0.606615006924
77150 1 0.606598854065
77148 1 0.606598854065
44861 1 0.606534898281
44860 1 0.606534898281
17774 1 0.605907917023
17773 1 0.605907917023
63273 1 0.605543494225
63272 1 0.605543494225
83997 1 0.605099856853
83998 1 0.605099856853
50240 1 0.605036914349
50241 1 0.605036914349
55644 1 0.604698717594
55643 1 0.604698717594
49730 1 0.60306853056
49733 1 0.60306853056
49731 1 0.60306853056
49732 1 0.60306853056
9358 1 0.603068351746
9363 1 0.603068351746
20688 3 0.603060007095
49164 3 0.603060007095
49166 3 0.603060007095
20686 3 0.603060007095
49163 3 0.603059947491
49165 3 0.603059947491
49167 3 0.603059947491
49169 3 0.603059947491
49170 3 0.603059947491
49168 3 0.603059947491
5202 3 0.60305917263
5203 3 0.60305917263
10227 1 0.602958202362
10226 1 0.602958202362
65366 3 0.602779507637
65367 3 0.602779507637
75957 3 0.602779328823
75958 3 0.602779328823
566 3 0.602779150009
563 3 0.602779150009
52852 4 0.601770162582
52853 4 0.601770162582
3755 4 0.601532876492
3754 4 0.601532876492
67406 1 0.600886285305
52212 1 0.600877940655
52209 1 0.600877940655
52210 1 0.600877940655
52208 1 0.600877940655
713 1 0.600831329823
714 1 0.600831329823
35716 4 0.600798547268
35717 4 0.600798547268
68826 1 0.600655674934
68825 1 0.600655674934
68827 1 0.600655674934
68822 1 0.600655674934
68823 1 0.600655674934
68824 1 0.600655674934
74463 4 0.600474655628
74464 4 0.600474655628
85005 4 0.60031914711
85006 4 0.60031914711
19442 3 0.599909603596
20423 2 0.599412918091
20420 2 0.599412918091
20425 2 0.599412918091
20422 2 0.599412918091
20424 2 0.599412798882
20421 2 0.599412798882
44109 1 0.599401533604
44110 1 0.599401533604
33980 4 0.598489224911
61577 1 0.598304331303
61576 1 0.598304331303
88424 1 0.598111569881
88423 1 0.598111569881
80474 4 0.597295284271
80473 4 0.597295284271
5630 3 0.596906542778
5629 3 0.596906542778
90335 1 0.596455991268
90334 1 0.596455991268
65777 4 0.595782279968
3160 1 0.594532370567
3159 1 0.594532370567
89450 1 0.594313263893
89449 1 0.594313263893
22056 3 0.593661725521
22051 3 0.593661725521
66754 1 0.59320050478
66753 1 0.59320050478
88606 4 0.592805206776
88607 4 0.592805206776
62813 1 0.592762947083
30463 1 0.592721760273
30462 1 0.592721760273
7680 2 0.592581033707
7678 2 0.592581033707
84226 1 0.592470943928
88913 4 0.591650366783
88914 4 0.591650366783
4201 1 0.591561973095
4200 1 0.591561973095
53363 1 0.591356158257
53362 1 0.591356158257
56379 1 0.590835213661
56382 1 0.590835213661
56383 1 0.590835213661
56384 1 0.590835213661
56380 1 0.590835213661
56381 1 0.590835213661
20966 1 0.590525448322
20965 1 0.590525448322
82832 1 0.590452849865
82833 1 0.590452849865
4412 1 0.590119659901
4411 1 0.590119659901
32452 4 0.590093970299
32450 4 0.590093970299
2729 1 0.589962780476
2732 1 0.589962780476
11058 1 0.58971375227
11059 1 0.58971375227
62515 1 0.589581131935
62516 1 0.589581131935
36053 1 0.589178919792
36052 1 0.589178919792
89197 4 0.589152634144
89198 4 0.589152634144
81104 1 0.589074254036
81103 1 0.589074254036
30230 4 0.588849306107
30229 4 0.588849306107
9442 1 0.588235139847
9445 1 0.588235139847
23553 1 0.587727546692
23552 1 0.587727546692
73947 1 0.587186992168
73946 1 0.587186992168
8439 1 0.586859405041
8441 1 0.586859405041
8440 1 0.586859405041
8443 1 0.586859405041
8442 1 0.586859405041
8444 1 0.586859405041
84936 1 0.586704552174
84935 1 0.586704552174
62098 4 0.586429953575
13174 3 0.586163043976
13173 3 0.586163043976
7109 4 0.586079239845
28834 4 0.585863769054
28835 4 0.585863769054
35129 4 0.585013687611
35130 4 0.585013687611
4256 1 0.584925591946
4255 1 0.584925591946
12038 1 0.584925532341
12039 1 0.584925532341
12040 1 0.584925532341
12041 1 0.584925532341
53971 2 0.584381520748
53970 2 0.584381520748
76911 4 0.584073901176
76910 4 0.584073901176
57326 1 0.583660244942
57324 1 0.583660244942
57325 1 0.583660244942
57328 1 0.583660244942
57329 1 0.583660244942
57327 1 0.583660244942
55087 4 0.58354640007
55088 4 0.58354640007
15304 1 0.582780241966
15305 1 0.582780241966
18607 3 0.582115530968
18605 3 0.582115530968
18606 3 0.582115530968
18608 3 0.582115530968
11310 3 0.582115411758
11308 3 0.582115411758
14866 1 0.581658065319
14869 1 0.581658065319
14867 1 0.581658065319
14868 1 0.581658065319
14870 1 0.581658065319
14871 1 0.581658065319
23557 4 0.580924272537
23556 4 0.580924272537
83031 4 0.579847455025
83030 4 0.579847455025
8517 4 0.579775691032
8518 4 0.579775691032
54713 4 0.579774737358
54712 4 0.579774737358
41296 1 0.578193843365
41295 1 0.578193843365
15833 4 0.577831923962
19115 4 0.577831923962
15832 4 0.577831923962
19114 4 0.577831923962
71953 4 0.577831864357
71954 4 0.577831864357
2416 1 0.57777518034
2418 1 0.57777518034
90321 1 0.577646493912
90319 1 0.577646493912
90318 1 0.577646374702
90320 1 0.577646374702
70282 1 0.576613247395
70281 1 0.576613247395
34908 4 0.576497972012
83790 1 0.576423108578
83791 1 0.576423108578
83793 1 0.576423108578
83792 1 0.576423108578
80186 1 0.576064288616
80185 1 0.576064288616
3191 4 0.575988233089
3190 4 0.575988233089
44699 3 0.575091481209
44700 3 0.575091481209
62642 1 0.574186623096
62643 1 0.574186623096
32660 1 0.573384463787
32661 1 0.573384463787
67124 1 0.572963237762
45122 1 0.572401583195
45121 1 0.572401583195
9195 1 0.571942925453
9194 1 0.571942925453
25763 1 0.571630358696
25764 1 0.571630358696
86310 1 0.571621239185
86309 1 0.571621239185
69091 1 0.570169985294
69092 1 0.570169985294
56314 4 0.569873929024
56313 4 0.569873929024
89335 1 0.569601178169
89336 1 0.569601178169
27947 4 0.569462239742
27952 4 0.569462239742
27948 4 0.569462239742
27949 4 0.569462239742
27951 4 0.569462239742
27950 4 0.569462239742
91099 1 0.569302976131
91098 1 0.569302976131
21231 1 0.568845629692
21232 1 0.568845629692
6498 3 0.568453907967
19307 3 0.568453907967
6503 3 0.568453907967
19306 3 0.568453907967
65787 1 0.568056583405
65786 1 0.568056583405
77296 4 0.567775011063
77295 4 0.567775011063
77294 4 0.567775011063
77292 4 0.567775011063
77293 4 0.567775011063
11132 4 0.56644898653
11135 4 0.56644898653
68641 1 0.566392183304
68642 1 0.566392183304
42923 1 0.566088020802
42922 1 0.566088020802
45654 1 0.566042780876
45655 1 0.566042780876
36494 1 0.565822184086
36501 1 0.565822184086
23373 4 0.565769135952
23375 4 0.565769135952
20314 1 0.565585792065
20315 1 0.565585792065
20916 2 0.565206825733
20915 2 0.565206825733
3137 1 0.565151631832
3138 1 0.565151631832
3136 1 0.565151631832
3134 1 0.565151631832
90825 1 0.565000593662
90826 1 0.565000593662
90821 1 0.565000593662
90822 1 0.565000593662
90823 1 0.565000593662
90824 1 0.565000593662
4640 1 0.564099669456
4639 1 0.564099669456
34814 1 0.563455581665
34813 1 0.563455581665
80637 1 0.563312828541
80636 1 0.563312828541
17358 4 0.563052117825
17357 4 0.563052117825
42848 4 0.563005268574
42849 4 0.563005268574
52714 1 0.562725841999
52712 1 0.562725841999
12116 1 0.56265360117
12117 1 0.56265360117
51220 1 0.562631964684
51221 1 0.562631964684
22411 1 0.562379002571
22410 1 0.562379002571
10036 1 0.562277555466
10033 1 0.562277555466
85 1 0.562277555466
35730 1 0.562277555466
1111 1 0.562277555466
35731 1 0.562277555466
35729 1 0.562277436256
35728 1 0.562277436256
1113 1 0.562248587608
1116 1 0.562248587608
79206 4 0.561901628971
79209 4 0.561901628971
79208 4 0.561901628971
79205 4 0.561901628971
79207 4 0.561901628971
79204 4 0.561901628971
71594 4 0.561475396156
44150 3 0.560957729816
44151 3 0.560957729816
90475 1 0.560725390911
90473 1 0.560725390911
48204 1 0.560369670391
48206 1 0.560369670391
48203 1 0.560369551182
48201 1 0.560369551182
48202 1 0.560369551182
48205 1 0.560369551182
79696 4 0.560214340687
79697 4 0.560214340687
6525 3 0.559887170792
6512 3 0.559887170792
50320 4 0.559738814831
50321 4 0.559738814831
50693 3 0.559732973576
50688 3 0.559732973576
50692 3 0.559732973576
50690 3 0.559732973576
50689 3 0.559732973576
50691 3 0.559732973576
17573 4 0.55908125639
9638 1 0.558985710144
9639 1 0.558985710144
18223 1 0.558686852455
18222 1 0.558686852455
8742 1 0.558643758297
8741 1 0.558643758297
83219 1 0.558643758297
83217 1 0.558643758297
83216 1 0.558643758297
83218 1 0.558643758297
41886 7 0.558466613293
41885 7 0.558466613293
2229 4 0.558300971985
2230 4 0.558300971985
65898 4 0.558291196823
65897 4 0.558291196823
66087 1 0.558233559132
66086 1 0.558233559132
65658 4 0.558110654354
65657 4 0.558110654354
73711 3 0.557748615742
73712 3 0.557748615742
4526 4 0.557663142681
46193 4 0.557370960712
46192 4 0.557370960712
73469 2 0.557361483574
73470 2 0.557361483574
57651 7 0.557065427303
57650 7 0.557065427303
23369 4 0.556794762611
23370 4 0.556794762611
23371 4 0.556794762611
23372 4 0.556794762611
23376 4 0.556794643402
23374 4 0.556794643402
30845 4 0.556330800056
30844 4 0.556330800056
40685 1 0.55599540472
40686 1 0.55599540472
2629 1 0.555965363979
2628 1 0.555965363979
31155 1 0.555816829205
34990 4 0.555139958858
34989 4 0.555139958858
15919 1 0.554922223091
15918 1 0.554922223091
15923 1 0.554922223091
15922 1 0.554922223091
15921 1 0.554922223091
15920 1 0.554922223091
4357 1 0.554889678955
4356 1 0.554889678955
4355 1 0.554889678955
4358 1 0.554889678955
4359 1 0.554889678955
15742 4 0.554375469685
2154 1 0.554023683071
2151 1 0.554023683071
5100 1 0.554023683071
5101 1 0.554023683071
56108 1 0.553847134113
56107 1 0.553847134113
81512 1 0.552884042263
81511 1 0.552884042263
64897 1 0.552783370018
64896 1 0.552783370018
2560 4 0.552720725536
2559 4 0.552720725536
91532 4 0.551144182682
91531 4 0.551144182682
30545 7 0.550588548183
30544 7 0.550588548183
82521 1 0.550568640232
82520 1 0.550568640232
52360 3 0.549763083458
52361 3 0.549763083458
52363 3 0.549763083458
52358 3 0.549763083458
52359 3 0.549762964249
52362 3 0.549762964249
34997 1 0.549730658531
34998 1 0.549730658531
13246 1 0.549270749092
13245 1 0.549270749092
13247 1 0.549270749092
13248 1 0.549270749092
52597 1 0.548800587654
52598 1 0.548800587654
40539 1 0.548178195953
40540 1 0.548178195953
16315 1 0.547087311745
16316 1 0.547087311745
7608 1 0.546546757221
7607 1 0.546546757221
7605 1 0.546546757221
7606 1 0.546546757221
7604 1 0.546546757221
7609 1 0.546546757221
7610 1 0.546546757221
7611 1 0.546546757221
4750 1 0.546546757221
4751 1 0.546546757221
7603 1 0.546546757221
67269 1 0.546346545219
67270 1 0.546346545219
89916 1 0.545883953571
89915 1 0.545883953571
69040 1 0.545658588409
69041 1 0.545658588409
50428 4 0.5455057621
50429 4 0.5455057621
16341 1 0.544986128807
16345 1 0.544986128807
66234 1 0.544658243656
66235 1 0.544658243656
38258 1 0.544614255428
38257 1 0.544614255428
21666 1 0.544400751591
21667 1 0.544400751591
81935 1 0.544384360313
81934 1 0.544384360313
13276 1 0.544211447239
13275 1 0.544211447239
63871 4 0.543131411076
63872 4 0.543131411076
52713 1 0.542636990547
52716 1 0.542636990547
87263 4 0.542604148388
28747 1 0.542395114899
28748 1 0.542395114899
71281 1 0.542012572289
71280 1 0.542012572289
7193 1 0.54175901413
7194 1 0.54175901413
44281 1 0.54127573967
44283 1 0.54127573967
44284 1 0.541275560856
44285 1 0.541275560856
44286 1 0.541275560856
44282 1 0.541275560856
78689 1 0.541048049927
78688 1 0.541048049927
66492 4 0.540997266769
66491 4 0.540997266769
22042 1 0.540567755699
22043 1 0.540567755699
51508 4 0.540184795856
51507 4 0.540184795856
4880 1 0.539912045002
4881 1 0.539912045002
74513 1 0.539896667004
74514 1 0.539896667004
1240 3 0.539830267429
1241 3 0.539830267429
45181 3 0.539703845978
45180 3 0.539703845978
24100 4 0.539575338364
24099 4 0.539575338364
64639 1 0.539479255676
64638 1 0.539479255676
74576 4 0.539318025112
74575 4 0.539318025112
22572 1 0.539308011532
22573 1 0.539308011532
38438 2 0.539268314838
38439 2 0.539268314838
41099 1 0.538827061653
41100 1 0.538827061653
34217 1 0.538141071796
1722 3 0.538084685802
1723 3 0.538084685802
30874 4 0.538049042225
30873 4 0.538049042225
52820 7 0.537808001041
52821 7 0.537808001041
48361 4 0.537610054016
48362 4 0.537610054016
17386 1 0.537467062473
17387 1 0.537467062473
19923 4 0.537358999252
19924 4 0.537358999252
52376 3 0.536986470222
52377 3 0.536986470222
16630 1 0.536905348301
16633 1 0.536905348301
8414 4 0.53580737114
17473 1 0.53577798605
17474 1 0.53577798605
45678 1 0.535663545132
45679 1 0.535663545132
45677 1 0.535663545132
45675 1 0.535663545132
74383 1 0.533984303474
21610 4 0.533639252186
21611 4 0.533639252186
59583 4 0.533639132977
59582 4 0.533639132977
59581 4 0.533639132977
43620 1 0.533599317074
43622 1 0.533599317074
43625 1 0.533599317074
43623 1 0.533599317074
43624 1 0.533599317074
43621 1 0.533599317074
8961 4 0.533209323883
8962 4 0.533209323883
32670 1 0.533135652542
25023 1 0.533091127872
25025 1 0.533091127872
757 1 0.533073663712
756 1 0.533073663712
72048 1 0.532760500908
69482 3 0.531643629074
69481 3 0.531643629074
66568 1 0.531600654125
66567 1 0.531600654125
24320 4 0.531485557556
24319 4 0.531485557556
89909 1 0.5313372612
89910 1 0.5313372612
30336 4 0.530945122242
30337 4 0.530945122242
36404 4 0.530685484409
36405 4 0.530685484409
35000 1 0.530479192734
35003 1 0.530479192734
48676 1 0.529550135136
48677 1 0.529550135136
4192 1 0.528845787048
12228 1 0.528621435165
12223 1 0.528621435165
2496 2 0.528390467167
59482 4 0.528240203857
87351 1 0.528044879436
87352 1 0.528044879436
49181 3 0.528035640717
49180 3 0.528035640717
60455 1 0.527501821518
50380 3 0.527302384377
50381 3 0.527302384377
35981 4 0.527294337749
35980 4 0.527294337749
83510 4 0.526830852032
45178 4 0.526788711548
45179 4 0.526788711548
78388 1 0.526595234871
72104 1 0.525725901127
72103 1 0.525725901127
2258 1 0.525222241879
2276 1 0.525222241879
24754 4 0.525150835514
24753 4 0.525150835514
24752 4 0.525150835514
24755 4 0.525150835514
24756 4 0.525150835514
24757 4 0.525150835514
76234 4 0.524971425533
76235 4 0.524971425533
84967 4 0.524971306324
84968 4 0.524971306324
80463 1 0.524493694305
80464 1 0.524493694305
57521 4 0.524432003498
57520 4 0.524432003498
57519 4 0.524432003498
57522 4 0.524432003498
34203 4 0.524431884289
34202 4 0.524431884289
16903 1 0.524410307407
10857 1 0.524410307407
16900 1 0.524410307407
16902 1 0.524410307407
16901 1 0.524410307407
10851 1 0.524410307407
66188 4 0.524194896221
66189 4 0.524194896221
69784 2 0.524129271507
69785 2 0.524129271507
84964 4 0.523921251297
84963 4 0.523921251297
4706 3 0.523828744888
4705 3 0.523828744888
39288 1 0.523517608643
39289 1 0.523517608643
17609 1 0.523439049721
17610 1 0.523439049721
18310 3 0.523245632648
18284 3 0.523245632648
2388 3 0.522140622139
2387 3 0.522140622139
20702 4 0.521825969219
20703 4 0.521825969219
30021 2 0.521677672863
30020 2 0.521677672863
22225 3 0.52093654871
22226 3 0.52093654871
22228 3 0.52093654871
22224 3 0.52093654871
22227 3 0.52093654871
22223 3 0.52093654871
91493 3 0.520854473114
6572 4 0.520647644997
6571 4 0.520647644997
86025 1 0.520466446877
86026 1 0.520466446877
30231 3 0.520347714424
30232 3 0.520347714424
85053 4 0.520149767399
85054 4 0.520149767399
58832 1 0.52012950182
58833 1 0.52012950182
49958 1 0.520037770271
49957 1 0.520037770271
20369 4 0.519053399563
20370 4 0.519053399563
30584 1 0.518597483635
30585 1 0.518597483635
50488 1 0.518593490124
50485 1 0.518593490124
7029 1 0.518593490124
50487 1 0.518593490124
7036 1 0.518593490124
50486 1 0.518593490124
61514 1 0.518537282944
61513 1 0.518537282944
80020 1 0.517459154129
56315 1 0.516502737999
56316 1 0.516502737999
20835 1 0.5158213377
20827 1 0.5158213377
20837 1 0.5158213377
20832 1 0.5158213377
20828 1 0.5158213377
20829 1 0.5158213377
5351 1 0.515821099281
20826 1 0.515821099281
20836 1 0.515821099281
12620 1 0.515821099281
20830 1 0.515821099281
20831 1 0.515821099281
12619 1 0.515821099281
20833 1 0.515821099281
20834 1 0.515821099281
20838 1 0.515821099281
20839 1 0.515821099281
20840 1 0.515821099281
5338 1 0.515821099281
15533 1 0.51554018259
15535 1 0.51554018259
15534 1 0.515540003777
15532 1 0.515540003777
15531 1 0.515540003777
15530 1 0.515540003777
25773 1 0.515217542648
25772 1 0.515217542648
62383 1 0.514554142952
62384 1 0.514554142952
37715 1 0.51446133852
37714 1 0.51446133852
33782 1 0.513522624969
33781 1 0.513522624969
37511 1 0.513392329216
37509 1 0.513392329216
80900 3 0.513385891914
80899 3 0.513385891914
19758 1 0.512664020061
19757 1 0.512664020061
25417 1 0.512284219265
25416 1 0.512284219265
60937 4 0.512252867222
60938 4 0.512252867222
17331 1 0.51169526577
17332 1 0.51169526577
12720 1 0.511676132679
83999 1 0.511644661427
31470 4 0.511588454247
52717 1 0.511521041393
52715 1 0.511521041393
17329 1 0.511168718338
17330 1 0.511168718338
36940 1 0.511168479919
36941 1 0.511168479919
36939 1 0.511168479919
76239 2 0.510582149029
76238 2 0.510582149029
28769 1 0.510070323944
28770 1 0.510070323944
35408 1 0.509550035
35407 1 0.509550035
18755 4 0.508552193642
57042 1 0.508179426193
57043 1 0.508179426193
86786 1 0.507653772831
86785 1 0.507653772831
90529 1 0.507058382034
90530 1 0.507058382034
9945 1 0.506930649281
76860 1 0.506300508976
76861 1 0.506300508976
76862 1 0.506300508976
76863 1 0.506300508976
21551 1 0.506135821342
21550 1 0.506135821342
62216 4 0.506089925766
62217 4 0.506089925766
13780 1 0.505785167217
13779 1 0.505785167217
1756 4 0.50518065691
1757 4 0.50518065691
69044 1 0.504643261433
8380 1 0.504397749901
8379 1 0.504397749901
65469 4 0.504344522953
65468 4 0.504344522953
37173 4 0.50372081995
37172 4 0.50372081995
86721 4 0.503676593304
86722 4 0.503676593304
43054 1 0.503574371338
43053 1 0.503574371338
2973 1 0.503061175346
2972 1 0.503061175346
51912 3 0.502732276917
51911 3 0.502732276917
33337 1 0.50244385004
33338 1 0.50244385004
13677 4 0.502095460892
13679 4 0.502095460892
16462 4 0.502095222473
16461 4 0.502095222473
60335 4 0.502095222473
60336 4 0.502095222473
11859 1 0.501889526844
11860 1 0.501889526844
27748 1 0.501656591892
68211 1 0.501549959183
68212 1 0.501549959183
13920 1 0.50153619051
13919 1 0.50153619051
54559 1 0.501245498657
54560 1 0.501245498657
1286 1 0.501238465309
1287 1 0.501238465309
1178 1 0.501056849957
1174 1 0.501056849957
64077 1 0.500849485397
67160 3 0.50084900856
67161 3 0.50084900856
79577 1 0.500225782394
79581 1 0.500225782394
79579 1 0.500225782394
79576 1 0.500225782394
79575 1 0.500225782394
79582 1 0.500225782394
79574 1 0.500225782394
79573 1 0.500225782394
79572 1 0.500225782394
79571 1 0.500225782394
79580 1 0.500225782394
79578 1 0.500225782394
55510 4 0.50006878376
55508 4 0.50006878376
55505 4 0.50006878376
55506 4 0.50006878376
55509 4 0.50006878376
55507 4 0.50006878376
4583 1 0.499383330345
40424 1 0.499314725399
40423 1 0.499314725399
55867 1 0.499175548553
64208 3 0.498729467392
64207 3 0.498729467392
63936 1 0.498597860336
63935 1 0.498597860336
81119 1 0.498379677534
81120 1 0.498379677534
60504 1 0.498355537653
15614 1 0.498180031776
15613 1 0.498180031776
5802 4 0.497894018888
67942 3 0.497797608376
67941 3 0.497797608376
41357 3 0.497774779797
41356 3 0.497774779797
86980 1 0.496720641851
86981 1 0.496720641851
86977 1 0.496720641851
86978 1 0.496720641851
86979 1 0.496720641851
86982 1 0.496720641851
20074 1 0.49563100934
20073 1 0.49563100934
62386 1 0.495254009962
62385 1 0.495254009962
34242 3 0.495097190142
34243 3 0.495097190142
74615 4 0.494705826044
74620 4 0.494705826044
31296 1 0.492912739515
31297 1 0.492912739515
57040 1 0.49262881279
57041 1 0.49262881279
1765 1 0.49247071147
1764 1 0.49247071147
69648 3 0.491725504398
69649 3 0.491725504398
20473 1 0.491686671972
20474 1 0.491686671972
20471 1 0.491686671972
20475 1 0.491686671972
20472 1 0.491686671972
20470 1 0.491686671972
89205 1 0.491435259581
89206 1 0.491435259581
79429 1 0.491112977266
79428 1 0.491112977266
5551 1 0.490236729383
48632 1 0.490236729383
5550 1 0.490236729383
48635 1 0.490236729383
48634 1 0.490236729383
48633 1 0.490236729383
55728 2 0.489780426025
78656 1 0.489681452513
78657 1 0.489681452513
5779 1 0.489049822092
5777 1 0.489049822092
60999 2 0.487842857838
86813 2 0.487842857838
61000 2 0.487842857838
86815 2 0.487842857838
86816 2 0.487842559814
86814 2 0.487842559814
30359 1 0.487482190132
30358 1 0.487482190132
66010 1 0.487073838711
65529 1 0.486346781254
65528 1 0.486346781254
29773 3 0.486223101616
29774 3 0.486223101616
30441 3 0.486052691936
65634 3 0.486052691936
65633 3 0.486052691936
1364 3 0.48605248332
1363 3 0.48605248332
1177 1 0.486016184092
1180 1 0.486016184092
53920 1 0.48491409421
53921 1 0.48491409421
39935 4 0.48476010561
39934 4 0.48476010561
84010 3 0.484730482101
84007 3 0.484730482101
84008 3 0.484554886818
84006 3 0.484554886818
20864 3 0.484263718128
18068 3 0.484263718128
20865 3 0.484263718128
18067 3 0.484263718128
2900 3 0.484263002872
2899 3 0.484263002872
23697 1 0.484040230513
23699 1 0.484040230513
23698 1 0.484040111303
23700 1 0.484040111303
47019 1 0.483906000853
47020 1 0.483906000853
36054 4 0.483128160238
14770 1 0.483097791672
14771 1 0.483097791672
21916 1 0.48304054141
21915 1 0.48304054141
73115 1 0.483000248671
73116 1 0.483000248671
84009 3 0.482435792685
84011 3 0.482435792685
56084 1 0.48197478056
56085 1 0.48197478056
10221 1 0.481974631548
10220 1 0.481974631548
20426 2 0.480256825686
20427 2 0.480256825686
69240 2 0.480256736279
69242 2 0.480256736279
69241 2 0.480256736279
69243 2 0.480256736279
46201 1 0.480210244656
46200 1 0.480210244656
45970 1 0.479218244553
45972 1 0.479218244553
28463 1 0.478793293238
28464 1 0.478793293238
72440 2 0.477931648493
72441 2 0.477931648493
51754 1 0.477826446295
51755 1 0.477826446295
77137 4 0.476788491011
77136 4 0.476788491011
8960 3 0.476299077272
81068 1 0.475887179375
81069 1 0.475887179375
23324 4 0.475609064102
46564 1 0.475436329842
46567 1 0.475436329842
46563 1 0.475436329842
46565 1 0.475436329842
46566 1 0.475436329842
46568 1 0.475436329842
42393 1 0.475334614515
42392 1 0.475334614515
90705 1 0.475334554911
90707 1 0.475334554911
90706 1 0.475334554911
90704 1 0.475334554911
25630 1 0.474088042974
25629 1 0.474088042974
82640 3 0.473786175251
82641 3 0.473786175251
81515 1 0.473744243383
81514 1 0.473744243383
64782 1 0.472006171942
64785 1 0.472006171942
64784 1 0.472006171942
64783 1 0.472006171942
64780 1 0.472006171942
64781 1 0.472006171942
11169 2 0.471539199352
11168 2 0.471539199352
73777 3 0.471062123775
73776 3 0.471062123775
67683 1 0.47068375349
67684 1 0.47068375349
3490 1 0.470665067434
3491 1 0.470665067434
6747 1 0.470494776964
6748 1 0.470494776964
33267 2 0.469721615314
33266 2 0.469721615314
21233 1 0.469597160816
21234 1 0.469597160816
8812 3 0.469583004713
8809 3 0.469583004713
58156 4 0.46922904253
58159 4 0.46922904253
58158 4 0.46922904253
58157 4 0.46922904253
12600 4 0.469228893518
12599 4 0.469228893518
43079 4 0.468781024218
43080 4 0.468780696392
4822 4 0.468780696392
4819 4 0.468780696392
33160 1 0.468724399805
33159 1 0.468724399805
33269 2 0.468203186989
33268 2 0.468203186989
72933 2 0.468203186989
72931 2 0.468203186989
72932 2 0.468203186989
6722 4 0.466895878315
6721 4 0.466895878315
62948 1 0.466895759106
62949 1 0.466895759106
13026 1 0.466500401497
13027 1 0.466500401497
7696 1 0.466260045767
7697 1 0.466260045767
56048 1 0.464972496033
56049 1 0.464972496033
40195 1 0.463921248913
40199 1 0.463921248913
40198 1 0.463921248913
40197 1 0.463921248913
40196 1 0.463921248913
40200 1 0.463921248913
34995 1 0.463527619839
34996 1 0.463527619839
9690 3 0.462035298347
9686 3 0.462035298347
71757 4 0.461916267872
82857 1 0.461868911982
82856 1 0.461868911982
9967 1 0.460935652256
9965 1 0.460935652256
4025 1 0.460017591715
4028 1 0.460017591715
8236 7 0.459933519363
8235 7 0.459933519363
44903 1 0.459439694881
44905 1 0.459439694881
51898 1 0.458642065525
70273 1 0.458480477333
70274 1 0.458480477333
33891 1 0.458404153585
12235 4 0.45667257905
12234 4 0.45667257905
5476 1 0.455929905176
5475 1 0.455929905176
28049 4 0.455348700285
28050 4 0.455348700285
6932 1 0.455305755138
6930 1 0.455305755138
696 4 0.45517128706
64296 4 0.45517128706
694 4 0.45517128706
64293 4 0.45517128706
64294 4 0.45517128706
64295 4 0.45517128706
32480 4 0.455098599195
32479 4 0.455098599195
4830 1 0.454261004925
4831 1 0.454261004925
90915 1 0.454207092524
90914 1 0.454207092524
90912 1 0.454207092524
90913 1 0.454207092524
73595 4 0.453591376543
73596 4 0.453591376543
9629 4 0.453343808651
20066 1 0.452166169882
76916 1 0.45125696063
76917 1 0.45125696063
43068 1 0.450295001268
43067 1 0.450295001268
13661 4 0.449222147465
46097 4 0.449128061533
46096 4 0.449128061533
1300 1 0.448922514915
1299 1 0.448922514915
6096 5 0.448641121387
6097 5 0.448641121387
55463 1 0.447862356901
55464 1 0.447862356901
82921 7 0.447324931622
82920 7 0.447324931622
24558 2 0.446917146444
24557 2 0.446917146444
70535 4 0.446543067694
70536 4 0.446543067694
70534 4 0.446543067694
70532 4 0.446543067694
70531 4 0.446543067694
70533 4 0.446543067694
76820 3 0.446351259947
76821 3 0.446351259947
75593 4 0.444321364164
75592 4 0.444321364164
7067 4 0.443992316723
53844 1 0.443863987923
71340 1 0.440697073936
71341 1 0.440697073936
41008 1 0.440592288971
41007 1 0.440592288971
41010 1 0.440592288971
41009 1 0.440592288971
8623 1 0.440592288971
8622 1 0.440592288971
75118 1 0.440336376429
75119 1 0.440336376429
76958 4 0.440074384212
76957 4 0.440074384212
56415 1 0.438892811537
56416 1 0.438892811537
6841 1 0.437082976103
6842 1 0.437082976103
5275 1 0.434544086456
5276 1 0.434544086456
16534 1 0.430133581161
16533 1 0.430133581161
19774 2 0.429064303637
19775 2 0.429064303637
47670 1 0.428029119968
47671 1 0.428029119968
77364 2 0.425847798586
77363 2 0.425847798586
77366 2 0.425847798586
77365 2 0.425847798586
4244 2 0.425847738981
41647 1 0.425615161657
41646 1 0.425615161657
19990 4 0.42378666997
19991 4 0.42378666997
22238 1 0.422869771719
22237 1 0.422869771719
57354 2 0.421783089638
57355 2 0.421783089638
39181 1 0.420153170824
39180 1 0.420153170824
17796 1 0.419777423143
17800 1 0.419777423143
83580 4 0.419335126877
83579 4 0.419335126877
83581 4 0.419335126877
83582 4 0.419335126877
51056 2 0.417193621397
51055 2 0.417193621397
51053 2 0.417193621397
51052 2 0.417193621397
51051 2 0.417193621397
51054 2 0.417193621397
4537 1 0.413635402918
4538 1 0.413635402918
7319 1 0.413568437099
7320 1 0.413568437099
47547 1 0.412383049726
47546 1 0.412383049726
23801 1 0.410063356161
23800 1 0.410063356161
14768 2 0.409419953823
14769 2 0.409419953823
3831 1 0.408592134714
3830 1 0.408592134714
5887 1 0.407805860043
5890 1 0.407805860043
10530 1 0.402971982956
26237 1 0.402191281319
26245 1 0.402191281319
26241 1 0.402191281319
26240 1 0.402191281319
26238 1 0.402191281319
26242 1 0.402191281319
26236 1 0.402191281319
26235 1 0.402191281319
26234 1 0.402191281319
26233 1 0.402191281319
26232 1 0.402191281319
26231 1 0.402191281319
26243 1 0.402191281319
26239 1 0.402191281319
26244 1 0.402191281319
26246 1 0.402191281319
21339 1 0.402191102505
21341 1 0.402191102505
5054 1 0.401340663433
5053 1 0.401340663433
59051 4 0.399133384228
32650 4 0.399029046297
32651 4 0.399029046297
69079 1 0.398817777634
69077 1 0.398817777634
69080 1 0.398817777634
69076 1 0.398817777634
69081 1 0.398817777634
69078 1 0.398817777634
86312 4 0.396350860596
86311 4 0.396350860596
792 1 0.396223515272
791 1 0.396223515272
4021 1 0.396223425865
4020 1 0.396223425865
84843 2 0.394966244698
84842 2 0.394966244698
84841 2 0.394966244698
84840 2 0.394966244698
84839 2 0.394966244698
1255 2 0.394857287407
1254 2 0.394857287407
85913 2 0.394857108593
18677 2 0.394857108593
18681 2 0.394857108593
85914 2 0.394857108593
48296 1 0.393876165152
48295 1 0.393876165152
23620 2 0.39351272583
23622 2 0.39351272583
67393 1 0.393214553595
67394 1 0.393214553595
58293 4 0.390310317278
58294 4 0.390310317278
84927 1 0.3902092278
84928 1 0.3902092278
32493 1 0.3902092278
32494 1 0.3902092278
84926 1 0.3902092278
32424 1 0.389886796474
32425 1 0.389886796474
3080 1 0.38854932785
3078 1 0.38854932785
12236 1 0.388549208641
12237 1 0.388549208641
31354 7 0.388227283955
31355 7 0.388227283955
2320 4 0.385877072811
2319 4 0.385877072811
10464 2 0.384639292955
10465 2 0.384639292955
55779 4 0.381225019693
4739 3 0.379470258951
4741 3 0.379470258951
22455 3 0.379108935595
71335 3 0.377884507179
71334 3 0.377884507179
42034 5 0.377733588219
42036 5 0.377733588219
42037 5 0.377733319998
42039 5 0.377733319998
42035 5 0.377733319998
42038 5 0.377733319998
14602 2 0.376135438681
14604 2 0.376135438681
28110 2 0.375895172358
28111 2 0.375895172358
88729 4 0.375846892595
88728 4 0.375846892595
25014 4 0.373833805323
25015 4 0.373833805323
50095 1 0.36752986908
50094 1 0.36752986908
74387 4 0.366707861423
74386 4 0.366707861423
15999 2 0.366205483675
16001 2 0.366205483675
16002 2 0.366205334663
16004 2 0.366205334663
16000 2 0.366205304861
16003 2 0.366205304861
969 2 0.365576058626
970 2 0.365576058626
69133 1 0.365301758051
69132 1 0.365301758051
69131 1 0.365301758051
69134 1 0.365301758051
69129 1 0.365301758051
69130 1 0.365301758051
648 2 0.365260273218
650 2 0.365260273218
9573 4 0.363203942776
9574 4 0.363203942776
28903 3 0.362459152937
28902 3 0.362459152937
29999 3 0.362459152937
33113 4 0.361427545547
33112 4 0.361427545547
14094 1 0.359436482191
14093 1 0.359436482191
50220 2 0.357404619455
50219 2 0.357404619455
19326 1 0.356423288584
19327 1 0.356423288584
5362 3 0.355797678232
5361 3 0.355797678232
83806 1 0.35413724184
83808 1 0.35413724184
78835 1 0.35413724184
78834 1 0.35413724184
83807 1 0.35413724184
9364 2 0.350043147802
9361 2 0.350043147802
14605 2 0.350042968988
14603 2 0.350042968988
45128 4 0.349260777235
45127 4 0.349260777235
9697 1 0.346228927374
9696 1 0.346228927374
69416 4 0.34581181407
42709 3 0.345160275698
42708 3 0.345160275698
30321 5 0.345063894987
21499 2 0.344055622816
21498 2 0.344055622816
43448 5 0.338714331388
43449 5 0.338714331388
16175 3 0.334033846855
16176 3 0.334033846855
78486 4 0.329634010792
78487 4 0.329634010792
3590 4 0.328380078077
3592 4 0.328380078077
21485 3 0.326320290565
15134 2 0.323623239994
33975 5 0.323535710573
40885 5 0.323535710573
40884 5 0.323535710573
26517 5 0.323535710573
26518 5 0.323535710573
33976 5 0.323535710573
3025 1 0.323452025652
3024 1 0.323452025652
4213 4 0.320754140615
197 2 0.316632628441
196 2 0.316632628441
195 2 0.316632628441
194 2 0.316632628441
193 2 0.316632628441
192 2 0.316632628441
3584 3 0.31240016222
3585 3 0.31240016222
36703 2 0.308099150658
36704 2 0.308099150658
53348 5 0.3049287498
53347 5 0.3049287498
81407 2 0.299537837505
81406 2 0.299537837505
48637 2 0.296270549297
48636 2 0.296270549297
48178 4 0.294763058424
48179 4 0.294763058424
59420 3 0.291830539703
59419 3 0.291830539703
2146 2 0.287859767675
2147 2 0.287859767675
1214 4 0.285375982523
1215 4 0.285375982523
29688 4 0.28194925189
29687 4 0.28194925189
5591 1 0.280945420265
5592 1 0.280945420265
49837 2 0.280019760132
49836 2 0.280019760132
49838 2 0.280019760132
49839 2 0.280019760132
4055 2 0.28001973033
4054 2 0.28001973033
49688 2 0.27846968174
49687 2 0.27846968174
81483 3 0.27739956975
81482 3 0.27739956975
81481 3 0.27739956975
81484 3 0.27739956975
5510 3 0.277399510145
5513 3 0.277399510145
7336 3 0.277399510145
7334 3 0.277399510145
35150 3 0.277025461197
35149 3 0.277025461197
32850 3 0.276796370745
32849 3 0.276796370745
74539 4 0.276462644339
74538 4 0.276462644339
22650 3 0.272401303053
22651 3 0.272401303053
71015 3 0.243809446692
71016 3 0.243809446692
17257 3 0.243108466268
17258 3 0.243108466268
89621 1 0.239340528846
89622 1 0.239340528846
17174 3 0.233593121171
17173 3 0.233593121171
49802 2 0.226512268186
49803 2 0.226512268186
82596 2 0.225501999259
82597 2 0.225501999259
35705 4 0.224861696362
35704 4 0.224861696362
3302 2 0.224647000432
3300 2 0.224647000432
3301 2 0.224647000432
3303 2 0.224647000432
3304 2 0.224647000432
3305 2 0.224647000432
31049 1 0.222584530711
58521 5 0.2196033746
58522 5 0.2196033746
17872 4 0.217903643847
17871 4 0.217903643847
24800 4 0.217220038176
24801 4 0.217220038176
56235 4 0.216397225857
27510 4 0.214207366109
27511 4 0.214207366109
68439 4 0.214207366109
68438 4 0.214207366109
29288 4 0.214207366109
28710 2 0.213862195611
28709 2 0.213862195611
29778 4 0.213028028607
29777 4 0.213028028607
16358 2 0.188952773809
16359 2 0.188952773809
26253 3 0.186935082078
26251 3 0.186935082078
26252 3 0.186935082078
26254 3 0.186935082078
1181 3 0.186935022473
60354 2 0.186395466328
60350 2 0.186395466328
60349 2 0.186395466328
60351 2 0.186395466328
60353 2 0.186395466328
60352 2 0.186395466328
9459 6 0.185504585505
9456 6 0.185504585505
30543 2 0.177741035819
30542 2 0.177741035819
56224 2 0.173405662179
56223 2 0.173405662179
83239 4 0.169945091009
2470 3 0.164654836059
2471 3 0.164654836059
89163 4 0.163858920336
89164 4 0.163858920336
42347 4 0.138456076384
74419 4 0.114191189408
74418 4 0.114191189408
47276 2 0.0971115902066
47277 2 0.0971115902066
