1.0 0.0
0.0 0.0
0.142857142857 0.000577367205543
0.25 0.00115473441109
0.333333333333 0.00173210161663
0.3 0.00173210161663
0.272727272727 0.00173210161663
0.25 0.00173210161663
0.307692307692 0.00230946882217
0.285714285714 0.00230946882217
0.333333333333 0.00288683602771
0.3125 0.00288683602771
0.294117647059 0.00288683602771
0.277777777778 0.00288683602771
0.263157894737 0.00288683602771
0.25 0.00288683602771
0.238095238095 0.00288683602771
0.272727272727 0.00346420323326
0.260869565217 0.00346420323326
0.25 0.00346420323326
0.24 0.00346420323326
0.230769230769 0.00346420323326
0.222222222222 0.00346420323326
0.25 0.0040415704388
0.241379310345 0.0040415704388
0.266666666667 0.00461893764434
0.258064516129 0.00461893764434
0.25 0.00461893764434
0.242424242424 0.00461893764434
0.235294117647 0.00461893764434
0.228571428571 0.00461893764434
0.25 0.00519630484988
0.243243243243 0.00519630484988
0.236842105263 0.00519630484988
0.230769230769 0.00519630484988
0.225 0.00519630484988
0.219512195122 0.00519630484988
0.214285714286 0.00519630484988
0.209302325581 0.00519630484988
0.204545454545 0.00519630484988
0.222222222222 0.00577367205543
0.217391304348 0.00577367205543
0.212765957447 0.00577367205543
0.208333333333 0.00577367205543
0.204081632653 0.00577367205543
0.2 0.00577367205543
0.196078431373 0.00577367205543
0.211538461538 0.00635103926097
0.207547169811 0.00635103926097
0.203703703704 0.00635103926097
0.218181818182 0.00692840646651
0.214285714286 0.00692840646651
0.210526315789 0.00692840646651
0.206896551724 0.00692840646651
0.203389830508 0.00692840646651
0.2 0.00692840646651
0.196721311475 0.00692840646651
0.193548387097 0.00692840646651
0.190476190476 0.00692840646651
0.1875 0.00692840646651
0.184615384615 0.00692840646651
0.181818181818 0.00692840646651
0.194029850746 0.00750577367206
0.191176470588 0.00750577367206
0.188405797101 0.00750577367206
0.185714285714 0.00750577367206
0.183098591549 0.00750577367206
0.180555555556 0.00750577367206
0.191780821918 0.0080831408776
0.189189189189 0.0080831408776
0.186666666667 0.0080831408776
0.184210526316 0.0080831408776
0.181818181818 0.0080831408776
0.179487179487 0.0080831408776
0.189873417722 0.00866050808314
0.1875 0.00866050808314
0.185185185185 0.00866050808314
0.182926829268 0.00866050808314
0.180722891566 0.00866050808314
0.178571428571 0.00866050808314
0.176470588235 0.00866050808314
0.174418604651 0.00866050808314
0.172413793103 0.00866050808314
0.181818181818 0.00923787528868
0.179775280899 0.00923787528868
0.177777777778 0.00923787528868
0.186813186813 0.00981524249423
0.184782608696 0.00981524249423
0.193548387097 0.0103926096998
0.191489361702 0.0103926096998
0.2 0.0109699769053
0.197916666667 0.0109699769053
0.19587628866 0.0109699769053
0.19387755102 0.0109699769053
0.191919191919 0.0109699769053
0.19 0.0109699769053
0.188118811881 0.0109699769053
0.186274509804 0.0109699769053
0.184466019417 0.0109699769053
0.182692307692 0.0109699769053
0.180952380952 0.0109699769053
0.179245283019 0.0109699769053
0.18691588785 0.0115473441109
0.185185185185 0.0115473441109
0.183486238532 0.0115473441109
0.181818181818 0.0115473441109
0.189189189189 0.0121247113164
0.1875 0.0121247113164
0.185840707965 0.0121247113164
0.184210526316 0.0121247113164
0.182608695652 0.0121247113164
0.181034482759 0.0121247113164
0.179487179487 0.0121247113164
0.177966101695 0.0121247113164
0.176470588235 0.0121247113164
0.175 0.0121247113164
0.181818181818 0.0127020785219
0.180327868852 0.0127020785219
0.178861788618 0.0127020785219
0.177419354839 0.0127020785219
0.176 0.0127020785219
0.174603174603 0.0127020785219
0.173228346457 0.0127020785219
0.171875 0.0127020785219
0.170542635659 0.0127020785219
0.169230769231 0.0127020785219
0.175572519084 0.0132794457275
0.174242424242 0.0132794457275
0.172932330827 0.0132794457275
0.179104477612 0.013856812933
0.177777777778 0.013856812933
0.176470588235 0.013856812933
0.175182481752 0.013856812933
0.173913043478 0.013856812933
0.172661870504 0.013856812933
0.171428571429 0.013856812933
0.170212765957 0.013856812933
0.169014084507 0.013856812933
0.167832167832 0.013856812933
0.166666666667 0.013856812933
0.165517241379 0.013856812933
0.164383561644 0.013856812933
0.163265306122 0.013856812933
0.162162162162 0.013856812933
0.161073825503 0.013856812933
0.16 0.013856812933
0.158940397351 0.013856812933
0.157894736842 0.013856812933
0.156862745098 0.013856812933
0.155844155844 0.013856812933
0.154838709677 0.013856812933
0.160256410256 0.0144341801386
0.15923566879 0.0144341801386
0.158227848101 0.0144341801386
0.157232704403 0.0144341801386
0.15625 0.0144341801386
0.155279503106 0.0144341801386
0.154320987654 0.0144341801386
0.153374233129 0.0144341801386
0.15243902439 0.0144341801386
0.151515151515 0.0144341801386
0.150602409639 0.0144341801386
0.149700598802 0.0144341801386
0.14880952381 0.0144341801386
0.153846153846 0.0150115473441
0.152941176471 0.0150115473441
0.152046783626 0.0150115473441
0.151162790698 0.0150115473441
0.150289017341 0.0150115473441
0.149425287356 0.0150115473441
0.148571428571 0.0150115473441
0.147727272727 0.0150115473441
0.146892655367 0.0150115473441
0.14606741573 0.0150115473441
0.145251396648 0.0150115473441
0.144444444444 0.0150115473441
0.14364640884 0.0150115473441
0.142857142857 0.0150115473441
0.142076502732 0.0150115473441
0.141304347826 0.0150115473441
0.140540540541 0.0150115473441
0.145161290323 0.0155889145497
0.149732620321 0.0161662817552
0.148936170213 0.0161662817552
0.148148148148 0.0161662817552
0.147368421053 0.0161662817552
0.151832460733 0.0167436489607
0.151041666667 0.0167436489607
0.155440414508 0.0173210161663
0.154639175258 0.0173210161663
0.153846153846 0.0173210161663
0.15306122449 0.0173210161663
0.152284263959 0.0173210161663
0.151515151515 0.0173210161663
0.150753768844 0.0173210161663
0.155 0.0178983833718
0.154228855721 0.0178983833718
0.153465346535 0.0178983833718
0.152709359606 0.0178983833718
0.156862745098 0.0184757505774
0.156097560976 0.0184757505774
0.160194174757 0.0190531177829
0.159420289855 0.0190531177829
0.158653846154 0.0190531177829
0.157894736842 0.0190531177829
0.161904761905 0.0196304849885
0.161137440758 0.0196304849885
0.160377358491 0.0196304849885
0.159624413146 0.0196304849885
0.158878504673 0.0196304849885
0.158139534884 0.0196304849885
0.157407407407 0.0196304849885
0.161290322581 0.020207852194
0.160550458716 0.020207852194
0.159817351598 0.020207852194
0.159090909091 0.020207852194
0.158371040724 0.020207852194
0.157657657658 0.020207852194
0.161434977578 0.0207852193995
0.160714285714 0.0207852193995
0.16 0.0207852193995
0.159292035398 0.0207852193995
0.15859030837 0.0207852193995
0.157894736842 0.0207852193995
0.157205240175 0.0207852193995
0.15652173913 0.0207852193995
0.155844155844 0.0207852193995
0.155172413793 0.0207852193995
0.158798283262 0.0213625866051
0.15811965812 0.0213625866051
0.157446808511 0.0213625866051
0.156779661017 0.0213625866051
0.15611814346 0.0213625866051
0.155462184874 0.0213625866051
0.154811715481 0.0213625866051
0.154166666667 0.0213625866051
0.153526970954 0.0213625866051
0.152892561983 0.0213625866051
0.152263374486 0.0213625866051
0.151639344262 0.0213625866051
0.151020408163 0.0213625866051
0.150406504065 0.0213625866051
0.14979757085 0.0213625866051
0.149193548387 0.0213625866051
0.152610441767 0.0219399538106
0.152 0.0219399538106
0.151394422311 0.0219399538106
0.150793650794 0.0219399538106
0.150197628458 0.0219399538106
0.149606299213 0.0219399538106
0.149019607843 0.0219399538106
0.1484375 0.0219399538106
0.147859922179 0.0219399538106
0.147286821705 0.0219399538106
0.150579150579 0.0225173210162
0.153846153846 0.0230946882217
0.153256704981 0.0230946882217
0.152671755725 0.0230946882217
0.152091254753 0.0230946882217
0.151515151515 0.0230946882217
0.150943396226 0.0230946882217
0.15037593985 0.0230946882217
0.149812734082 0.0230946882217
0.149253731343 0.0230946882217
0.148698884758 0.0230946882217
0.148148148148 0.0230946882217
0.147601476015 0.0230946882217
0.147058823529 0.0230946882217
0.14652014652 0.0230946882217
0.14598540146 0.0230946882217
0.145454545455 0.0230946882217
0.148550724638 0.0236720554273
0.148014440433 0.0236720554273
0.147482014388 0.0236720554273
0.150537634409 0.0242494226328
0.15 0.0242494226328
0.149466192171 0.0242494226328
0.148936170213 0.0242494226328
0.148409893993 0.0242494226328
0.147887323944 0.0242494226328
0.147368421053 0.0242494226328
0.146853146853 0.0242494226328
0.146341463415 0.0242494226328
0.145833333333 0.0242494226328
0.145328719723 0.0242494226328
0.144827586207 0.0242494226328
0.144329896907 0.0242494226328
0.143835616438 0.0242494226328
0.143344709898 0.0242494226328
0.142857142857 0.0242494226328
0.142372881356 0.0242494226328
0.14527027027 0.0248267898383
0.144781144781 0.0248267898383
0.144295302013 0.0248267898383
0.14381270903 0.0248267898383
0.143333333333 0.0248267898383
0.142857142857 0.0248267898383
0.14238410596 0.0248267898383
0.141914191419 0.0248267898383
0.144736842105 0.0254041570439
0.144262295082 0.0254041570439
0.143790849673 0.0254041570439
0.14332247557 0.0254041570439
0.142857142857 0.0254041570439
0.142394822006 0.0254041570439
0.141935483871 0.0254041570439
0.141479099678 0.0254041570439
0.141025641026 0.0254041570439
0.143769968051 0.0259815242494
0.143312101911 0.0259815242494
0.142857142857 0.0259815242494
0.142405063291 0.0259815242494
0.141955835962 0.0259815242494
0.141509433962 0.0259815242494
0.141065830721 0.0259815242494
0.140625 0.0259815242494
0.140186915888 0.0259815242494
0.139751552795 0.0259815242494
0.139318885449 0.0259815242494
0.138888888889 0.0259815242494
0.138461538462 0.0259815242494
0.141104294479 0.026558891455
0.140672782875 0.026558891455
0.143292682927 0.0271362586605
0.142857142857 0.0271362586605
0.142424242424 0.0271362586605
0.141993957704 0.0271362586605
0.14156626506 0.0271362586605
0.141141141141 0.0271362586605
0.140718562874 0.0271362586605
0.140298507463 0.0271362586605
0.139880952381 0.0271362586605
0.142433234421 0.0277136258661
0.14201183432 0.0277136258661
0.141592920354 0.0277136258661
0.141176470588 0.0277136258661
0.140762463343 0.0277136258661
0.143274853801 0.0282909930716
0.142857142857 0.0282909930716
0.142441860465 0.0282909930716
0.142028985507 0.0282909930716
0.14161849711 0.0282909930716
0.14121037464 0.0282909930716
0.140804597701 0.0282909930716
0.140401146132 0.0282909930716
0.14 0.0282909930716
0.139601139601 0.0282909930716
0.139204545455 0.0282909930716
0.1388101983 0.0282909930716
0.138418079096 0.0282909930716
0.138028169014 0.0282909930716
0.140449438202 0.0288683602771
0.140056022409 0.0288683602771
0.139664804469 0.0288683602771
0.139275766017 0.0288683602771
0.138888888889 0.0288683602771
0.138504155125 0.0288683602771
0.138121546961 0.0288683602771
0.137741046832 0.0288683602771
0.14010989011 0.0294457274827
0.139726027397 0.0294457274827
0.142076502732 0.0300230946882
0.141689373297 0.0300230946882
0.141304347826 0.0300230946882
0.140921409214 0.0300230946882
0.140540540541 0.0300230946882
0.140161725067 0.0300230946882
0.139784946237 0.0300230946882
0.139410187668 0.0300230946882
0.139037433155 0.0300230946882
0.141333333333 0.0306004618938
0.140957446809 0.0306004618938
0.140583554377 0.0306004618938
0.140211640212 0.0306004618938
0.139841688654 0.0306004618938
0.139473684211 0.0306004618938
0.139107611549 0.0306004618938
0.138743455497 0.0306004618938
0.138381201044 0.0306004618938
0.138020833333 0.0306004618938
0.137662337662 0.0306004618938
0.137305699482 0.0306004618938
0.136950904393 0.0306004618938
0.136597938144 0.0306004618938
0.13881748072 0.0311778290993
0.138461538462 0.0311778290993
0.13810741688 0.0311778290993
0.137755102041 0.0311778290993
0.137404580153 0.0311778290993
0.137055837563 0.0311778290993
0.136708860759 0.0311778290993
0.136363636364 0.0311778290993
0.136020151134 0.0311778290993
0.13567839196 0.0311778290993
0.135338345865 0.0311778290993
0.135 0.0311778290993
0.134663341646 0.0311778290993
0.134328358209 0.0311778290993
0.133995037221 0.0311778290993
0.133663366337 0.0311778290993
0.133333333333 0.0311778290993
0.133004926108 0.0311778290993
0.132678132678 0.0311778290993
0.134803921569 0.0317551963048
0.136919315403 0.0323325635104
0.136585365854 0.0323325635104
0.136253041363 0.0323325635104
0.138349514563 0.0329099307159
0.138014527845 0.0329099307159
0.13768115942 0.0329099307159
0.13734939759 0.0329099307159
0.137019230769 0.0329099307159
0.136690647482 0.0329099307159
0.136363636364 0.0329099307159
0.136038186158 0.0329099307159
0.135714285714 0.0329099307159
0.13539192399 0.0329099307159
0.135071090047 0.0329099307159
0.13475177305 0.0329099307159
0.134433962264 0.0329099307159
0.134117647059 0.0329099307159
0.133802816901 0.0329099307159
0.133489461358 0.0329099307159
0.133177570093 0.0329099307159
0.132867132867 0.0329099307159
0.132558139535 0.0329099307159
0.132250580046 0.0329099307159
0.131944444444 0.0329099307159
0.131639722864 0.0329099307159
0.13133640553 0.0329099307159
0.131034482759 0.0329099307159
0.130733944954 0.0329099307159
0.130434782609 0.0329099307159
0.130136986301 0.0329099307159
0.129840546697 0.0329099307159
0.129545454545 0.0329099307159
0.12925170068 0.0329099307159
0.128959276018 0.0329099307159
0.128668171558 0.0329099307159
0.128378378378 0.0329099307159
0.130337078652 0.0334872979215
0.130044843049 0.0334872979215
0.129753914989 0.0334872979215
0.131696428571 0.034064665127
0.13140311804 0.034064665127
0.131111111111 0.034064665127
0.130820399113 0.034064665127
0.130530973451 0.034064665127
0.130242825607 0.034064665127
0.129955947137 0.034064665127
0.12967032967 0.034064665127
0.129385964912 0.034064665127
0.129102844639 0.034064665127
0.128820960699 0.034064665127
0.128540305011 0.034064665127
0.128260869565 0.034064665127
0.127982646421 0.034064665127
0.127705627706 0.034064665127
0.129589632829 0.0346420323326
0.129310344828 0.0346420323326
0.129032258065 0.0346420323326
0.130901287554 0.0352193995381
0.130620985011 0.0352193995381
0.130341880342 0.0352193995381
0.130063965885 0.0352193995381
0.129787234043 0.0352193995381
0.129511677282 0.0352193995381
0.129237288136 0.0352193995381
0.128964059197 0.0352193995381
0.128691983122 0.0352193995381
0.128421052632 0.0352193995381
0.128151260504 0.0352193995381
0.127882599581 0.0352193995381
0.127615062762 0.0352193995381
0.127348643006 0.0352193995381
0.127083333333 0.0352193995381
0.126819126819 0.0352193995381
0.126556016598 0.0352193995381
0.126293995859 0.0352193995381
0.126033057851 0.0352193995381
0.125773195876 0.0352193995381
0.125514403292 0.0352193995381
0.125256673511 0.0352193995381
0.125 0.0352193995381
0.124744376278 0.0352193995381
0.124489795918 0.0352193995381
0.126272912424 0.0357967667436
0.128048780488 0.0363741339492
0.127789046653 0.0363741339492
0.127530364372 0.0363741339492
0.127272727273 0.0363741339492
0.127016129032 0.0363741339492
0.12676056338 0.0363741339492
0.126506024096 0.0363741339492
0.128256513026 0.0369515011547
0.13 0.0375288683603
0.129740518962 0.0375288683603
0.129482071713 0.0375288683603
0.129224652087 0.0375288683603
0.128968253968 0.0375288683603
0.128712871287 0.0375288683603
0.128458498024 0.0375288683603
0.128205128205 0.0375288683603
0.127952755906 0.0375288683603
0.127701375246 0.0375288683603
0.127450980392 0.0375288683603
0.127201565558 0.0375288683603
0.126953125 0.0375288683603
0.126705653021 0.0375288683603
0.126459143969 0.0375288683603
0.126213592233 0.0375288683603
0.125968992248 0.0375288683603
0.125725338491 0.0375288683603
0.125482625483 0.0375288683603
0.125240847784 0.0375288683603
0.125 0.0375288683603
0.124760076775 0.0375288683603
0.124521072797 0.0375288683603
0.124282982792 0.0375288683603
0.125954198473 0.0381062355658
0.125714285714 0.0381062355658
0.125475285171 0.0381062355658
0.125237191651 0.0381062355658
0.125 0.0381062355658
0.124763705104 0.0381062355658
0.124528301887 0.0381062355658
0.124293785311 0.0381062355658
0.124060150376 0.0381062355658
0.12382739212 0.0381062355658
0.123595505618 0.0381062355658
0.123364485981 0.0381062355658
0.123134328358 0.0381062355658
0.122905027933 0.0381062355658
0.122676579926 0.0381062355658
0.122448979592 0.0381062355658
0.122222222222 0.0381062355658
0.121996303142 0.0381062355658
0.121771217712 0.0381062355658
0.121546961326 0.0381062355658
0.121323529412 0.0381062355658
0.121100917431 0.0381062355658
0.120879120879 0.0381062355658
0.120658135283 0.0381062355658
0.122262773723 0.0386836027714
0.12204007286 0.0386836027714
0.121818181818 0.0386836027714
0.121597096189 0.0386836027714
0.121376811594 0.0386836027714
0.121157323689 0.0386836027714
0.120938628159 0.0386836027714
0.122522522523 0.0392609699769
0.122302158273 0.0392609699769
0.122082585278 0.0392609699769
0.121863799283 0.0392609699769
0.121645796064 0.0392609699769
0.121428571429 0.0392609699769
0.121212121212 0.0392609699769
0.120996441281 0.0392609699769
0.120781527531 0.0392609699769
0.120567375887 0.0392609699769
0.120353982301 0.0392609699769
0.120141342756 0.0392609699769
0.119929453263 0.0392609699769
0.119718309859 0.0392609699769
0.119507908612 0.0392609699769
0.121052631579 0.0398383371824
0.120840630473 0.0398383371824
0.120629370629 0.0398383371824
0.122164048866 0.040415704388
0.121951219512 0.040415704388
0.121739130435 0.040415704388
0.121527777778 0.040415704388
0.121317157712 0.040415704388
0.121107266436 0.040415704388
0.120898100173 0.040415704388
0.120689655172 0.040415704388
0.120481927711 0.040415704388
0.120274914089 0.040415704388
0.120068610635 0.040415704388
0.119863013699 0.040415704388
0.119658119658 0.040415704388
0.119453924915 0.040415704388
0.119250425894 0.040415704388
0.119047619048 0.040415704388
0.118845500849 0.040415704388
0.118644067797 0.040415704388
0.118443316413 0.040415704388
0.118243243243 0.040415704388
0.119730185497 0.0409930715935
0.119528619529 0.0409930715935
0.119327731092 0.0409930715935
0.119127516779 0.0409930715935
0.118927973199 0.0409930715935
0.11872909699 0.0409930715935
0.118530884808 0.0409930715935
0.118333333333 0.0409930715935
0.118136439268 0.0409930715935
0.117940199336 0.0409930715935
0.117744610282 0.0409930715935
0.119205298013 0.0415704387991
0.119008264463 0.0415704387991
0.118811881188 0.0415704387991
0.118616144975 0.0415704387991
0.118421052632 0.0415704387991
0.11986863711 0.0421478060046
0.119672131148 0.0421478060046
0.119476268412 0.0421478060046
0.119281045752 0.0421478060046
0.119086460033 0.0421478060046
0.118892508143 0.0421478060046
0.118699186992 0.0421478060046
0.118506493506 0.0421478060046
0.118314424635 0.0421478060046
0.119741100324 0.0427251732102
0.119547657512 0.0427251732102
0.11935483871 0.0427251732102
0.119162640902 0.0427251732102
0.120578778135 0.0433025404157
0.120385232745 0.0433025404157
0.120192307692 0.0433025404157
0.12 0.0433025404157
0.119808306709 0.0433025404157
0.11961722488 0.0433025404157
0.119426751592 0.0433025404157
0.119236883943 0.0433025404157
0.119047619048 0.0433025404157
0.118858954041 0.0433025404157
0.118670886076 0.0433025404157
0.120063191153 0.0438799076212
0.119873817035 0.0438799076212
0.11968503937 0.0438799076212
0.119496855346 0.0438799076212
0.119309262166 0.0438799076212
0.119122257053 0.0438799076212
0.118935837246 0.0438799076212
0.11875 0.0438799076212
0.11856474259 0.0438799076212
0.118380062305 0.0438799076212
0.118195956454 0.0438799076212
0.11801242236 0.0438799076212
0.117829457364 0.0438799076212
0.117647058824 0.0438799076212
0.117465224111 0.0438799076212
0.117283950617 0.0438799076212
0.117103235747 0.0438799076212
0.116923076923 0.0438799076212
0.116743471582 0.0438799076212
0.116564417178 0.0438799076212
0.116385911179 0.0438799076212
0.11620795107 0.0438799076212
0.116030534351 0.0438799076212
0.115853658537 0.0438799076212
0.115677321157 0.0438799076212
0.115501519757 0.0438799076212
0.115326251897 0.0438799076212
0.115151515152 0.0438799076212
0.11497730711 0.0438799076212
0.114803625378 0.0438799076212
0.114630467572 0.0438799076212
0.115963855422 0.0444572748268
0.115789473684 0.0444572748268
0.115615615616 0.0444572748268
0.116941529235 0.0450346420323
0.116766467066 0.0450346420323
0.118086696562 0.0456120092379
0.117910447761 0.0456120092379
0.117734724292 0.0456120092379
0.11755952381 0.0456120092379
0.117384843982 0.0456120092379
0.117210682493 0.0456120092379
0.117037037037 0.0456120092379
0.116863905325 0.0456120092379
0.116691285081 0.0456120092379
0.117994100295 0.0461893764434
0.117820324006 0.0461893764434
0.117647058824 0.0461893764434
0.117474302496 0.0461893764434
0.117302052786 0.0461893764434
0.117130307467 0.0461893764434
0.116959064327 0.0461893764434
0.116788321168 0.0461893764434
0.118075801749 0.046766743649
0.117903930131 0.046766743649
0.11773255814 0.046766743649
0.117561683599 0.046766743649
0.117391304348 0.046766743649
0.117221418234 0.046766743649
0.117052023121 0.046766743649
0.116883116883 0.046766743649
0.116714697406 0.046766743649
0.117985611511 0.0473441108545
0.117816091954 0.0473441108545
0.117647058824 0.0473441108545
0.118911174785 0.04792147806
0.118741058655 0.04792147806
0.118571428571 0.04792147806
0.118402282454 0.04792147806
0.118233618234 0.04792147806
0.118065433855 0.04792147806
0.117897727273 0.04792147806
0.117730496454 0.04792147806
0.117563739377 0.04792147806
0.117397454031 0.04792147806
0.117231638418 0.04792147806
0.11706629055 0.04792147806
0.116901408451 0.04792147806
0.116736990155 0.04792147806
0.116573033708 0.04792147806
0.116409537167 0.04792147806
0.116246498599 0.04792147806
0.116083916084 0.04792147806
0.115921787709 0.04792147806
0.115760111576 0.04792147806
0.115598885794 0.04792147806
0.115438108484 0.04792147806
0.115277777778 0.04792147806
0.115117891817 0.04792147806
0.116343490305 0.0484988452656
0.117565698479 0.0490762124711
0.117403314917 0.0490762124711
0.118620689655 0.0496535796767
0.118457300275 0.0496535796767
0.118294360385 0.0496535796767
0.118131868132 0.0496535796767
0.117969821674 0.0496535796767
0.117808219178 0.0496535796767
0.117647058824 0.0496535796767
0.117486338798 0.0496535796767
0.117326057299 0.0496535796767
0.118528610354 0.0502309468822
0.118367346939 0.0502309468822
0.119565217391 0.0508083140878
0.120759837178 0.0513856812933
0.120596205962 0.0513856812933
0.120433017591 0.0513856812933
0.12027027027 0.0513856812933
0.120107962213 0.0513856812933
0.119946091644 0.0513856812933
0.119784656797 0.0513856812933
0.119623655914 0.0513856812933
0.120805369128 0.0519630484988
0.120643431635 0.0519630484988
0.120481927711 0.0519630484988
0.120320855615 0.0519630484988
0.120160213618 0.0519630484988
0.12 0.0519630484988
0.119840213049 0.0519630484988
0.119680851064 0.0519630484988
0.119521912351 0.0519630484988
0.119363395225 0.0519630484988
0.119205298013 0.0519630484988
0.119047619048 0.0519630484988
0.118890356671 0.0519630484988
0.118733509235 0.0519630484988
0.118577075099 0.0519630484988
0.118421052632 0.0519630484988
0.11826544021 0.0519630484988
0.11811023622 0.0519630484988
0.117955439056 0.0519630484988
0.11780104712 0.0519630484988
0.117647058824 0.0519630484988
0.117493472585 0.0519630484988
0.117340286832 0.0519630484988
0.1171875 0.0519630484988
0.117035110533 0.0519630484988
0.116883116883 0.0519630484988
0.11673151751 0.0519630484988
0.116580310881 0.0519630484988
0.116429495472 0.0519630484988
0.116279069767 0.0519630484988
0.116129032258 0.0519630484988
0.115979381443 0.0519630484988
0.11583011583 0.0519630484988
0.115681233933 0.0519630484988
0.115532734275 0.0519630484988
0.116666666667 0.0525404157044
0.116517285531 0.0525404157044
0.116368286445 0.0525404157044
0.116219667944 0.0525404157044
0.116071428571 0.0525404157044
0.117197452229 0.0531177829099
0.117048346056 0.0531177829099
0.116899618806 0.0531177829099
0.116751269036 0.0531177829099
0.116603295311 0.0531177829099
0.116455696203 0.0531177829099
0.116308470291 0.0531177829099
0.116161616162 0.0531177829099
0.116015132409 0.0531177829099
0.115869017632 0.0531177829099
0.11572327044 0.0531177829099
0.115577889447 0.0531177829099
0.115432873275 0.0531177829099
0.115288220551 0.0531177829099
0.115143929912 0.0531177829099
0.115 0.0531177829099
0.114856429463 0.0531177829099
0.114713216958 0.0531177829099
0.114570361146 0.0531177829099
0.114427860697 0.0531177829099
0.115527950311 0.0536951501155
0.115384615385 0.0536951501155
0.115241635688 0.0536951501155
0.115099009901 0.0536951501155
0.114956736712 0.0536951501155
0.114814814815 0.0536951501155
0.11467324291 0.0536951501155
0.114532019704 0.0536951501155
0.114391143911 0.0536951501155
0.114250614251 0.0536951501155
0.114110429448 0.0536951501155
0.115196078431 0.054272517321
0.115055079559 0.054272517321
0.114914425428 0.054272517321
0.114774114774 0.054272517321
0.114634146341 0.054272517321
0.115712545676 0.0548498845266
0.115571776156 0.0548498845266
0.115431348724 0.0548498845266
0.115291262136 0.0548498845266
0.115151515152 0.0548498845266
0.115012106538 0.0548498845266
0.114873035067 0.0548498845266
0.114734299517 0.0548498845266
0.114595898673 0.0548498845266
0.114457831325 0.0548498845266
0.11432009627 0.0548498845266
0.114182692308 0.0548498845266
0.114045618247 0.0548498845266
0.113908872902 0.0548498845266
0.11377245509 0.0548498845266
0.113636363636 0.0548498845266
0.113500597372 0.0548498845266
0.113365155131 0.0548498845266
0.113230035757 0.0548498845266
0.113095238095 0.0548498845266
0.112960760999 0.0548498845266
0.112826603325 0.0548498845266
0.113879003559 0.0554272517321
0.113744075829 0.0554272517321
0.113609467456 0.0554272517321
0.113475177305 0.0554272517321
0.11334120425 0.0554272517321
0.11320754717 0.0554272517321
0.113074204947 0.0554272517321
0.112941176471 0.0554272517321
0.112808460635 0.0554272517321
0.112676056338 0.0554272517321
0.112543962485 0.0554272517321
0.112412177986 0.0554272517321
0.112280701754 0.0554272517321
0.11214953271 0.0554272517321
0.112018669778 0.0554272517321
0.111888111888 0.0554272517321
0.111757857974 0.0554272517321
0.111627906977 0.0554272517321
0.112659698026 0.0560046189376
0.11252900232 0.0560046189376
0.112398609502 0.0560046189376
0.112268518519 0.0560046189376
0.112138728324 0.0560046189376
0.112009237875 0.0560046189376
0.111880046136 0.0560046189376
0.111751152074 0.0560046189376
0.111622554661 0.0560046189376
0.111494252874 0.0560046189376
0.111366245695 0.0560046189376
0.11123853211 0.0560046189376
0.111111111111 0.0560046189376
0.110983981693 0.0560046189376
0.110857142857 0.0560046189376
0.110730593607 0.0560046189376
0.110604332953 0.0560046189376
0.110478359909 0.0560046189376
0.110352673493 0.0560046189376
0.110227272727 0.0560046189376
0.11010215664 0.0560046189376
0.109977324263 0.0560046189376
0.109852774632 0.0560046189376
0.109728506787 0.0560046189376
0.109604519774 0.0560046189376
0.109480812641 0.0560046189376
0.109357384442 0.0560046189376
0.109234234234 0.0560046189376
0.10911136108 0.0560046189376
0.108988764045 0.0560046189376
0.1088664422 0.0560046189376
0.108744394619 0.0560046189376
0.108622620381 0.0560046189376
0.109619686801 0.0565819861432
0.109497206704 0.0565819861432
0.109375 0.0565819861432
0.109253065775 0.0565819861432
0.109131403118 0.0565819861432
0.109010011123 0.0565819861432
0.108888888889 0.0565819861432
0.108768035516 0.0565819861432
0.108647450111 0.0565819861432
0.108527131783 0.0565819861432
0.108407079646 0.0565819861432
0.108287292818 0.0565819861432
0.108167770419 0.0565819861432
0.108048511577 0.0565819861432
0.107929515419 0.0565819861432
0.107810781078 0.0565819861432
0.107692307692 0.0565819861432
0.107574094402 0.0565819861432
0.107456140351 0.0565819861432
0.107338444688 0.0565819861432
0.107221006565 0.0565819861432
0.107103825137 0.0565819861432
0.10807860262 0.0571593533487
0.107960741549 0.0571593533487
0.107843137255 0.0571593533487
0.107725788901 0.0571593533487
0.107608695652 0.0571593533487
0.107491856678 0.0571593533487
0.10737527115 0.0571593533487
0.107258938245 0.0571593533487
0.107142857143 0.0571593533487
0.107027027027 0.0571593533487
0.106911447084 0.0571593533487
0.106796116505 0.0571593533487
0.106681034483 0.0571593533487
0.106566200215 0.0571593533487
0.106451612903 0.0571593533487
0.106337271751 0.0571593533487
0.106223175966 0.0571593533487
0.106109324759 0.0571593533487
0.105995717345 0.0571593533487
0.105882352941 0.0571593533487
0.105769230769 0.0571593533487
0.105656350053 0.0571593533487
0.105543710021 0.0571593533487
0.105431309904 0.0571593533487
0.105319148936 0.0571593533487
0.105207226355 0.0571593533487
0.105095541401 0.0571593533487
0.104984093319 0.0571593533487
0.104872881356 0.0571593533487
0.104761904762 0.0571593533487
0.104651162791 0.0571593533487
0.105596620908 0.0577367205543
0.105485232068 0.0577367205543
0.105374077977 0.0577367205543
0.105263157895 0.0577367205543
0.105152471083 0.0577367205543
0.105042016807 0.0577367205543
0.104931794334 0.0577367205543
0.104821802935 0.0577367205543
0.105759162304 0.0583140877598
0.105648535565 0.0583140877598
0.1065830721 0.0588914549654
0.106471816284 0.0588914549654
0.106360792492 0.0588914549654
0.10625 0.0588914549654
0.107180020812 0.0594688221709
0.107068607069 0.0594688221709
0.106957424714 0.0594688221709
0.106846473029 0.0594688221709
0.106735751295 0.0594688221709
0.106625258799 0.0594688221709
0.106514994829 0.0594688221709
0.106404958678 0.0594688221709
0.106295149639 0.0594688221709
0.10618556701 0.0594688221709
0.106076210093 0.0594688221709
0.105967078189 0.0594688221709
0.105858170606 0.0594688221709
0.105749486653 0.0594688221709
0.105641025641 0.0594688221709
0.105532786885 0.0594688221709
0.105424769703 0.0594688221709
0.105316973415 0.0594688221709
0.106230847804 0.0600461893764
0.10612244898 0.0600461893764
0.106014271152 0.0600461893764
0.105906313646 0.0600461893764
0.105798575788 0.0600461893764
0.106707317073 0.060623556582
0.106598984772 0.060623556582
0.106490872211 0.060623556582
0.106382978723 0.060623556582
0.107287449393 0.0612009237875
0.107178968655 0.0612009237875
0.107070707071 0.0612009237875
0.106962663976 0.0612009237875
0.10685483871 0.0612009237875
0.106747230614 0.0612009237875
0.106639839034 0.0612009237875
0.106532663317 0.0612009237875
0.106425702811 0.0612009237875
0.106318956871 0.0612009237875
0.107214428858 0.0617782909931
0.107107107107 0.0617782909931
0.107 0.0617782909931
0.106893106893 0.0617782909931
0.106786427146 0.0617782909931
0.10667996012 0.0617782909931
0.107569721116 0.0623556581986
0.107462686567 0.0623556581986
0.107355864811 0.0623556581986
0.107249255214 0.0623556581986
0.107142857143 0.0623556581986
0.10703666997 0.0623556581986
0.106930693069 0.0623556581986
0.106824925816 0.0623556581986
0.106719367589 0.0623556581986
0.106614017769 0.0623556581986
0.10650887574 0.0623556581986
0.106403940887 0.0623556581986
0.106299212598 0.0623556581986
0.106194690265 0.0623556581986
0.106090373281 0.0623556581986
0.10598626104 0.0623556581986
0.105882352941 0.0623556581986
0.105778648384 0.0623556581986
0.105675146771 0.0623556581986
0.105571847507 0.0623556581986
0.10546875 0.0623556581986
0.105365853659 0.0623556581986
0.105263157895 0.0623556581986
0.105160662123 0.0623556581986
0.105058365759 0.0623556581986
0.104956268222 0.0623556581986
0.104854368932 0.0623556581986
0.104752667313 0.0623556581986
0.104651162791 0.0623556581986
0.104549854792 0.0623556581986
0.104448742747 0.0623556581986
0.104347826087 0.0623556581986
0.104247104247 0.0623556581986
0.104146576663 0.0623556581986
0.104046242775 0.0623556581986
0.103946102021 0.0623556581986
0.103846153846 0.0623556581986
0.103746397695 0.0623556581986
0.103646833013 0.0623556581986
0.103547459252 0.0623556581986
0.103448275862 0.0623556581986
0.104306220096 0.0629330254042
0.104206500956 0.0629330254042
0.104106972302 0.0629330254042
0.104007633588 0.0629330254042
0.103908484271 0.0629330254042
0.10380952381 0.0629330254042
0.103710751665 0.0629330254042
0.1036121673 0.0629330254042
0.10351377018 0.0629330254042
0.103415559772 0.0629330254042
0.103317535545 0.0629330254042
0.10321969697 0.0629330254042
0.103122043519 0.0629330254042
0.103024574669 0.0629330254042
0.102927289896 0.0629330254042
0.102830188679 0.0629330254042
0.1027332705 0.0629330254042
0.103578154426 0.0635103926097
0.10442144873 0.0640877598152
0.104323308271 0.0640877598152
0.104225352113 0.0640877598152
0.104127579737 0.0640877598152
0.104029990628 0.0640877598152
0.10393258427 0.0640877598152
0.10383536015 0.0640877598152
0.103738317757 0.0640877598152
0.103641456583 0.0640877598152
0.103544776119 0.0640877598152
0.103448275862 0.0640877598152
0.103351955307 0.0640877598152
0.103255813953 0.0640877598152
0.103159851301 0.0640877598152
0.103064066852 0.0640877598152
0.102968460111 0.0640877598152
0.102873030584 0.0640877598152
0.102777777778 0.0640877598152
0.102682701203 0.0640877598152
0.10258780037 0.0640877598152
0.102493074792 0.0640877598152
0.102398523985 0.0640877598152
0.102304147465 0.0640877598152
0.102209944751 0.0640877598152
0.102115915363 0.0640877598152
0.102022058824 0.0640877598152
0.101928374656 0.0640877598152
0.101834862385 0.0640877598152
0.10174152154 0.0640877598152
0.101648351648 0.0640877598152
0.101555352242 0.0640877598152
0.101462522852 0.0640877598152
0.101369863014 0.0640877598152
0.101277372263 0.0640877598152
0.101185050137 0.0640877598152
0.101092896175 0.0640877598152
0.101910828025 0.0646651270208
0.101818181818 0.0646651270208
0.101725703906 0.0646651270208
0.101633393829 0.0646651270208
0.101541251133 0.0646651270208
0.101449275362 0.0646651270208
0.102262443439 0.0652424942263
0.102169981917 0.0652424942263
0.10298102981 0.0658198614319
0.102888086643 0.0658198614319
0.102795311091 0.0658198614319
0.102702702703 0.0658198614319
0.102610261026 0.0658198614319
0.102517985612 0.0658198614319
0.102425876011 0.0658198614319
0.102333931777 0.0658198614319
0.102242152466 0.0658198614319
0.102150537634 0.0658198614319
0.10205908684 0.0658198614319
0.101967799642 0.0658198614319
0.101876675603 0.0658198614319
0.101785714286 0.0658198614319
0.101694915254 0.0658198614319
0.101604278075 0.0658198614319
0.101513802315 0.0658198614319
0.101423487544 0.0658198614319
0.101333333333 0.0658198614319
0.101243339254 0.0658198614319
0.10115350488 0.0658198614319
0.101063829787 0.0658198614319
0.100974313552 0.0658198614319
0.100884955752 0.0658198614319
0.100795755968 0.0658198614319
0.101590106007 0.0663972286374
0.101500441306 0.0663972286374
0.101410934744 0.0663972286374
0.102202643172 0.066974595843
0.102112676056 0.066974595843
0.102022867194 0.066974595843
0.101933216169 0.066974595843
0.101843722564 0.066974595843
0.101754385965 0.066974595843
0.10166520596 0.066974595843
0.101576182137 0.066974595843
0.101487314086 0.066974595843
0.101398601399 0.066974595843
0.101310043668 0.066974595843
0.101221640489 0.066974595843
0.101133391456 0.066974595843
0.101045296167 0.066974595843
0.100957354221 0.066974595843
0.100869565217 0.066974595843
0.100781928758 0.066974595843
0.1015625 0.0675519630485
0.101474414571 0.0675519630485
0.101386481802 0.0675519630485
0.101298701299 0.0675519630485
0.101211072664 0.0675519630485
0.101123595506 0.0675519630485
0.10103626943 0.0675519630485
0.100949094047 0.0675519630485
0.100862068966 0.0675519630485
0.101636520241 0.068129330254
0.101549053356 0.068129330254
0.101461736887 0.068129330254
0.101374570447 0.068129330254
0.101287553648 0.068129330254
0.101200686106 0.068129330254
0.101113967438 0.068129330254
0.10102739726 0.068129330254
0.100940975192 0.068129330254
0.100854700855 0.068129330254
0.100768573868 0.068129330254
0.100682593857 0.068129330254
0.100596760443 0.068129330254
0.100511073254 0.068129330254
0.100425531915 0.068129330254
0.100340136054 0.068129330254
0.100254885302 0.068129330254
0.100169779287 0.068129330254
0.100084817642 0.068129330254
0.1 0.068129330254
0.0999153259949 0.068129330254
0.0998307952623 0.068129330254
0.0997464074387 0.068129330254
0.100506756757 0.0687066974596
0.100421940928 0.0687066974596
