1.0 0.0
0.0 0.0
0.142857142857 0.000577367205543
0.125 0.000577367205543
0.111111111111 0.000577367205543
0.1 0.000577367205543
0.181818181818 0.00115473441109
0.25 0.00173210161663
0.230769230769 0.00173210161663
0.214285714286 0.00173210161663
0.2 0.00173210161663
0.25 0.00230946882217
0.235294117647 0.00230946882217
0.277777777778 0.00288683602771
0.263157894737 0.00288683602771
0.25 0.00288683602771
0.285714285714 0.00346420323326
0.272727272727 0.00346420323326
0.260869565217 0.00346420323326
0.25 0.00346420323326
0.28 0.0040415704388
0.269230769231 0.0040415704388
0.259259259259 0.0040415704388
0.285714285714 0.00461893764434
0.275862068966 0.00461893764434
0.266666666667 0.00461893764434
0.258064516129 0.00461893764434
0.25 0.00461893764434
0.242424242424 0.00461893764434
0.235294117647 0.00461893764434
0.228571428571 0.00461893764434
0.25 0.00519630484988
0.243243243243 0.00519630484988
0.236842105263 0.00519630484988
0.25641025641 0.00577367205543
0.25 0.00577367205543
0.243902439024 0.00577367205543
0.238095238095 0.00577367205543
0.232558139535 0.00577367205543
0.227272727273 0.00577367205543
0.222222222222 0.00577367205543
0.217391304348 0.00577367205543
0.212765957447 0.00577367205543
0.208333333333 0.00577367205543
0.204081632653 0.00577367205543
0.2 0.00577367205543
0.196078431373 0.00577367205543
0.192307692308 0.00577367205543
0.207547169811 0.00635103926097
0.203703703704 0.00635103926097
0.2 0.00635103926097
0.214285714286 0.00692840646651
0.210526315789 0.00692840646651
0.206896551724 0.00692840646651
0.203389830508 0.00692840646651
0.2 0.00692840646651
0.213114754098 0.00750577367206
0.209677419355 0.00750577367206
0.206349206349 0.00750577367206
0.21875 0.0080831408776
0.215384615385 0.0080831408776
0.227272727273 0.00866050808314
0.223880597015 0.00866050808314
0.220588235294 0.00866050808314
0.217391304348 0.00866050808314
0.214285714286 0.00866050808314
0.211267605634 0.00866050808314
0.222222222222 0.00923787528868
0.219178082192 0.00923787528868
0.216216216216 0.00923787528868
0.213333333333 0.00923787528868
0.223684210526 0.00981524249423
0.220779220779 0.00981524249423
0.217948717949 0.00981524249423
0.215189873418 0.00981524249423
0.2125 0.00981524249423
0.20987654321 0.00981524249423
0.207317073171 0.00981524249423
0.204819277108 0.00981524249423
0.202380952381 0.00981524249423
0.2 0.00981524249423
0.197674418605 0.00981524249423
0.195402298851 0.00981524249423
0.193181818182 0.00981524249423
0.191011235955 0.00981524249423
0.2 0.0103926096998
0.197802197802 0.0103926096998
0.195652173913 0.0103926096998
0.193548387097 0.0103926096998
0.191489361702 0.0103926096998
0.189473684211 0.0103926096998
0.1875 0.0103926096998
0.185567010309 0.0103926096998
0.183673469388 0.0103926096998
0.181818181818 0.0103926096998
0.18 0.0103926096998
0.178217821782 0.0103926096998
0.186274509804 0.0109699769053
0.194174757282 0.0115473441109
0.192307692308 0.0115473441109
0.190476190476 0.0115473441109
0.188679245283 0.0115473441109
0.18691588785 0.0115473441109
0.185185185185 0.0115473441109
0.183486238532 0.0115473441109
0.181818181818 0.0115473441109
0.189189189189 0.0121247113164
0.1875 0.0121247113164
0.194690265487 0.0127020785219
0.201754385965 0.0132794457275
0.208695652174 0.013856812933
0.206896551724 0.013856812933
0.213675213675 0.0144341801386
0.21186440678 0.0144341801386
0.210084033613 0.0144341801386
0.208333333333 0.0144341801386
0.206611570248 0.0144341801386
0.204918032787 0.0144341801386
0.20325203252 0.0144341801386
0.201612903226 0.0144341801386
0.208 0.0150115473441
0.206349206349 0.0150115473441
0.204724409449 0.0150115473441
0.203125 0.0150115473441
0.201550387597 0.0150115473441
0.2 0.0150115473441
0.198473282443 0.0150115473441
0.19696969697 0.0150115473441
0.195488721805 0.0150115473441
0.201492537313 0.0155889145497
0.2 0.0155889145497
0.205882352941 0.0161662817552
0.211678832117 0.0167436489607
0.210144927536 0.0167436489607
0.208633093525 0.0167436489607
0.207142857143 0.0167436489607
0.212765957447 0.0173210161663
0.211267605634 0.0173210161663
0.20979020979 0.0173210161663
0.208333333333 0.0173210161663
0.206896551724 0.0173210161663
0.205479452055 0.0173210161663
0.210884353741 0.0178983833718
0.209459459459 0.0178983833718
0.208053691275 0.0178983833718
0.206666666667 0.0178983833718
0.205298013245 0.0178983833718
0.203947368421 0.0178983833718
0.202614379085 0.0178983833718
0.201298701299 0.0178983833718
0.2 0.0178983833718
0.198717948718 0.0178983833718
0.197452229299 0.0178983833718
0.196202531646 0.0178983833718
0.194968553459 0.0178983833718
0.2 0.0184757505774
0.198757763975 0.0184757505774
0.197530864198 0.0184757505774
0.196319018405 0.0184757505774
0.19512195122 0.0184757505774
0.193939393939 0.0184757505774
0.192771084337 0.0184757505774
0.191616766467 0.0184757505774
0.190476190476 0.0184757505774
0.189349112426 0.0184757505774
0.188235294118 0.0184757505774
0.187134502924 0.0184757505774
0.186046511628 0.0184757505774
0.184971098266 0.0184757505774
0.183908045977 0.0184757505774
0.182857142857 0.0184757505774
0.181818181818 0.0184757505774
0.180790960452 0.0184757505774
0.179775280899 0.0184757505774
0.178770949721 0.0184757505774
0.183333333333 0.0190531177829
0.182320441989 0.0190531177829
0.181318681319 0.0190531177829
0.180327868852 0.0190531177829
0.179347826087 0.0190531177829
0.178378378378 0.0190531177829
0.177419354839 0.0190531177829
0.176470588235 0.0190531177829
0.175531914894 0.0190531177829
0.174603174603 0.0190531177829
0.173684210526 0.0190531177829
0.17277486911 0.0190531177829
0.171875 0.0190531177829
0.170984455959 0.0190531177829
0.170103092784 0.0190531177829
0.169230769231 0.0190531177829
0.168367346939 0.0190531177829
0.167512690355 0.0190531177829
0.166666666667 0.0190531177829
0.165829145729 0.0190531177829
0.165 0.0190531177829
0.164179104478 0.0190531177829
0.163366336634 0.0190531177829
0.162561576355 0.0190531177829
0.161764705882 0.0190531177829
0.160975609756 0.0190531177829
0.160194174757 0.0190531177829
0.159420289855 0.0190531177829
0.158653846154 0.0190531177829
0.157894736842 0.0190531177829
0.157142857143 0.0190531177829
0.156398104265 0.0190531177829
0.155660377358 0.0190531177829
0.154929577465 0.0190531177829
0.154205607477 0.0190531177829
0.153488372093 0.0190531177829
0.152777777778 0.0190531177829
0.152073732719 0.0190531177829
0.151376146789 0.0190531177829
0.150684931507 0.0190531177829
0.15 0.0190531177829
0.149321266968 0.0190531177829
0.148648648649 0.0190531177829
0.14798206278 0.0190531177829
0.147321428571 0.0190531177829
0.151111111111 0.0196304849885
0.150442477876 0.0196304849885
0.149779735683 0.0196304849885
0.149122807018 0.0196304849885
0.148471615721 0.0196304849885
0.147826086957 0.0196304849885
0.147186147186 0.0196304849885
0.146551724138 0.0196304849885
0.150214592275 0.020207852194
0.149572649573 0.020207852194
0.148936170213 0.020207852194
0.148305084746 0.020207852194
0.147679324895 0.020207852194
0.151260504202 0.0207852193995
0.154811715481 0.0213625866051
0.154166666667 0.0213625866051
0.153526970954 0.0213625866051
0.152892561983 0.0213625866051
0.152263374486 0.0213625866051
0.151639344262 0.0213625866051
0.151020408163 0.0213625866051
0.150406504065 0.0213625866051
0.14979757085 0.0213625866051
0.149193548387 0.0213625866051
0.14859437751 0.0213625866051
0.148 0.0213625866051
0.147410358566 0.0213625866051
0.146825396825 0.0213625866051
0.150197628458 0.0219399538106
0.149606299213 0.0219399538106
0.149019607843 0.0219399538106
0.1484375 0.0219399538106
0.147859922179 0.0219399538106
0.147286821705 0.0219399538106
0.146718146718 0.0219399538106
0.146153846154 0.0219399538106
0.145593869732 0.0219399538106
0.145038167939 0.0219399538106
0.148288973384 0.0225173210162
0.147727272727 0.0225173210162
0.147169811321 0.0225173210162
0.146616541353 0.0225173210162
0.14606741573 0.0225173210162
0.14552238806 0.0225173210162
0.144981412639 0.0225173210162
0.144444444444 0.0225173210162
0.143911439114 0.0225173210162
0.143382352941 0.0225173210162
0.142857142857 0.0225173210162
0.142335766423 0.0225173210162
0.141818181818 0.0225173210162
0.141304347826 0.0225173210162
0.140794223827 0.0225173210162
0.143884892086 0.0230946882217
0.143369175627 0.0230946882217
0.142857142857 0.0230946882217
0.142348754448 0.0230946882217
0.141843971631 0.0230946882217
0.144876325088 0.0236720554273
0.144366197183 0.0236720554273
0.143859649123 0.0236720554273
0.146853146853 0.0242494226328
0.146341463415 0.0242494226328
0.145833333333 0.0242494226328
0.145328719723 0.0242494226328
0.144827586207 0.0242494226328
0.144329896907 0.0242494226328
0.143835616438 0.0242494226328
0.143344709898 0.0242494226328
0.142857142857 0.0242494226328
0.142372881356 0.0242494226328
0.141891891892 0.0242494226328
0.141414141414 0.0242494226328
0.140939597315 0.0242494226328
0.140468227425 0.0242494226328
0.14 0.0242494226328
0.139534883721 0.0242494226328
0.139072847682 0.0242494226328
0.138613861386 0.0242494226328
0.138157894737 0.0242494226328
0.137704918033 0.0242494226328
0.137254901961 0.0242494226328
0.13680781759 0.0242494226328
0.136363636364 0.0242494226328
0.135922330097 0.0242494226328
0.135483870968 0.0242494226328
0.135048231511 0.0242494226328
0.134615384615 0.0242494226328
0.134185303514 0.0242494226328
0.133757961783 0.0242494226328
0.133333333333 0.0242494226328
0.132911392405 0.0242494226328
0.132492113565 0.0242494226328
0.132075471698 0.0242494226328
0.131661442006 0.0242494226328
0.13125 0.0242494226328
0.130841121495 0.0242494226328
0.130434782609 0.0242494226328
0.130030959752 0.0242494226328
0.12962962963 0.0242494226328
0.129230769231 0.0242494226328
0.128834355828 0.0242494226328
0.128440366972 0.0242494226328
0.128048780488 0.0242494226328
0.127659574468 0.0242494226328
0.127272727273 0.0242494226328
0.126888217523 0.0242494226328
0.126506024096 0.0242494226328
0.129129129129 0.0248267898383
0.12874251497 0.0248267898383
0.128358208955 0.0248267898383
0.127976190476 0.0248267898383
0.127596439169 0.0248267898383
0.127218934911 0.0248267898383
0.126843657817 0.0248267898383
0.126470588235 0.0248267898383
0.126099706745 0.0248267898383
0.125730994152 0.0248267898383
0.125364431487 0.0248267898383
0.125 0.0248267898383
0.124637681159 0.0248267898383
0.124277456647 0.0248267898383
0.126801152738 0.0254041570439
0.126436781609 0.0254041570439
0.126074498567 0.0254041570439
0.125714285714 0.0254041570439
0.125356125356 0.0254041570439
0.125 0.0254041570439
0.124645892351 0.0254041570439
0.124293785311 0.0254041570439
0.12676056338 0.0259815242494
0.126404494382 0.0259815242494
0.126050420168 0.0259815242494
0.128491620112 0.026558891455
0.128133704735 0.026558891455
0.127777777778 0.026558891455
0.127423822715 0.026558891455
0.127071823204 0.026558891455
0.126721763085 0.026558891455
0.126373626374 0.026558891455
0.12602739726 0.026558891455
0.125683060109 0.026558891455
0.125340599455 0.026558891455
0.125 0.026558891455
0.124661246612 0.026558891455
0.124324324324 0.026558891455
0.123989218329 0.026558891455
0.123655913978 0.026558891455
0.123324396783 0.026558891455
0.122994652406 0.026558891455
0.122666666667 0.026558891455
0.122340425532 0.026558891455
0.122015915119 0.026558891455
0.121693121693 0.026558891455
0.121372031662 0.026558891455
0.121052631579 0.026558891455
0.120734908136 0.026558891455
0.120418848168 0.026558891455
0.120104438642 0.026558891455
0.119791666667 0.026558891455
0.119480519481 0.026558891455
0.119170984456 0.026558891455
0.118863049096 0.026558891455
0.118556701031 0.026558891455
0.118251928021 0.026558891455
0.117948717949 0.026558891455
0.117647058824 0.026558891455
0.117346938776 0.026558891455
0.117048346056 0.026558891455
0.116751269036 0.026558891455
0.116455696203 0.026558891455
0.116161616162 0.026558891455
0.115869017632 0.026558891455
0.115577889447 0.026558891455
0.115288220551 0.026558891455
0.115 0.026558891455
0.114713216958 0.026558891455
0.114427860697 0.026558891455
0.114143920596 0.026558891455
0.113861386139 0.026558891455
0.113580246914 0.026558891455
0.113300492611 0.026558891455
0.113022113022 0.026558891455
0.112745098039 0.026558891455
0.112469437653 0.026558891455
0.112195121951 0.026558891455
0.111922141119 0.026558891455
0.111650485437 0.026558891455
0.111380145278 0.026558891455
0.111111111111 0.026558891455
0.110843373494 0.026558891455
0.110576923077 0.026558891455
0.1103117506 0.026558891455
0.11004784689 0.026558891455
0.109785202864 0.026558891455
0.109523809524 0.026558891455
0.109263657957 0.026558891455
0.109004739336 0.026558891455
0.108747044917 0.026558891455
0.108490566038 0.026558891455
0.108235294118 0.026558891455
0.110328638498 0.0271362586605
0.110070257611 0.0271362586605
0.109813084112 0.0271362586605
0.109557109557 0.0271362586605
0.109302325581 0.0271362586605
0.109048723898 0.0271362586605
0.108796296296 0.0271362586605
0.108545034642 0.0271362586605
0.108294930876 0.0271362586605
0.110344827586 0.0277136258661
0.110091743119 0.0277136258661
0.109839816934 0.0277136258661
0.109589041096 0.0277136258661
0.109339407745 0.0277136258661
0.109090909091 0.0277136258661
0.108843537415 0.0277136258661
0.108597285068 0.0277136258661
0.10835214447 0.0277136258661
0.108108108108 0.0277136258661
0.107865168539 0.0277136258661
0.107623318386 0.0277136258661
0.107382550336 0.0277136258661
0.107142857143 0.0277136258661
0.106904231626 0.0277136258661
0.106666666667 0.0277136258661
0.106430155211 0.0277136258661
0.106194690265 0.0277136258661
0.105960264901 0.0277136258661
0.105726872247 0.0277136258661
0.105494505495 0.0277136258661
0.105263157895 0.0277136258661
0.105032822757 0.0277136258661
0.10480349345 0.0277136258661
0.104575163399 0.0277136258661
0.104347826087 0.0277136258661
0.104121475054 0.0277136258661
0.103896103896 0.0277136258661
0.103671706263 0.0277136258661
0.103448275862 0.0277136258661
0.103225806452 0.0277136258661
0.103004291845 0.0277136258661
0.10278372591 0.0277136258661
0.102564102564 0.0277136258661
0.102345415778 0.0277136258661
0.102127659574 0.0277136258661
0.101910828025 0.0277136258661
0.101694915254 0.0277136258661
0.101479915433 0.0277136258661
0.101265822785 0.0277136258661
0.101052631579 0.0277136258661
0.100840336134 0.0277136258661
0.100628930818 0.0277136258661
0.100418410042 0.0277136258661
0.102296450939 0.0282909930716
0.102083333333 0.0282909930716
0.101871101871 0.0282909930716
0.101659751037 0.0282909930716
0.101449275362 0.0282909930716
0.101239669421 0.0282909930716
0.103092783505 0.0288683602771
0.102880658436 0.0288683602771
0.102669404517 0.0288683602771
0.102459016393 0.0288683602771
0.102249488753 0.0288683602771
0.102040816327 0.0288683602771
0.10183299389 0.0288683602771
0.10162601626 0.0288683602771
0.101419878296 0.0288683602771
0.101214574899 0.0288683602771
0.10101010101 0.0288683602771
0.100806451613 0.0288683602771
0.10060362173 0.0288683602771
0.100401606426 0.0288683602771
0.100200400802 0.0288683602771
0.1 0.0288683602771
0.0998003992016 0.0288683602771
0.0996015936255 0.0288683602771
0.0994035785288 0.0288683602771
0.0992063492063 0.0288683602771
0.0990099009901 0.0288683602771
0.098814229249 0.0288683602771
0.0986193293886 0.0288683602771
0.0984251968504 0.0288683602771
0.098231827112 0.0288683602771
0.0980392156863 0.0288683602771
0.0978473581213 0.0288683602771
0.09765625 0.0288683602771
0.0974658869396 0.0288683602771
0.0972762645914 0.0288683602771
0.0970873786408 0.0288683602771
0.0968992248062 0.0288683602771
0.0967117988395 0.0288683602771
0.0965250965251 0.0288683602771
0.0963391136802 0.0288683602771
0.0961538461538 0.0288683602771
0.0959692898273 0.0288683602771
0.095785440613 0.0288683602771
0.0956022944551 0.0288683602771
0.0954198473282 0.0288683602771
0.0952380952381 0.0288683602771
0.0950570342205 0.0288683602771
0.0948766603416 0.0288683602771
0.094696969697 0.0288683602771
0.0945179584121 0.0288683602771
0.0943396226415 0.0288683602771
0.0941619585687 0.0288683602771
0.093984962406 0.0288683602771
0.093808630394 0.0288683602771
0.0936329588015 0.0288683602771
0.0934579439252 0.0288683602771
0.0932835820896 0.0288683602771
0.0931098696462 0.0288683602771
0.092936802974 0.0288683602771
0.0927643784787 0.0288683602771
0.0925925925926 0.0288683602771
0.0924214417745 0.0288683602771
0.0922509225092 0.0288683602771
0.0920810313076 0.0288683602771
0.0919117647059 0.0288683602771
0.0917431192661 0.0288683602771
0.0934065934066 0.0294457274827
0.0932358318099 0.0294457274827
0.0930656934307 0.0294457274827
0.0928961748634 0.0294457274827
0.0927272727273 0.0294457274827
0.0925589836661 0.0294457274827
0.0923913043478 0.0294457274827
0.0922242314647 0.0294457274827
0.0920577617329 0.0294457274827
0.0918918918919 0.0294457274827
0.091726618705 0.0294457274827
0.0915619389587 0.0294457274827
0.0913978494624 0.0294457274827
0.0912343470483 0.0294457274827
0.0910714285714 0.0294457274827
0.0909090909091 0.0294457274827
0.0907473309609 0.0294457274827
0.0905861456483 0.0294457274827
0.0904255319149 0.0294457274827
0.0902654867257 0.0294457274827
0.0901060070671 0.0294457274827
0.0899470899471 0.0294457274827
0.0897887323944 0.0294457274827
0.0896309314587 0.0294457274827
0.0894736842105 0.0294457274827
0.0893169877408 0.0294457274827
0.0891608391608 0.0294457274827
0.0890052356021 0.0294457274827
0.0905923344948 0.0300230946882
0.0904347826087 0.0300230946882
0.0902777777778 0.0300230946882
0.0901213171577 0.0300230946882
0.0899653979239 0.0300230946882
0.0915371329879 0.0306004618938
0.0913793103448 0.0306004618938
0.0912220309811 0.0306004618938
0.0910652920962 0.0306004618938
0.0909090909091 0.0306004618938
0.0907534246575 0.0306004618938
0.0905982905983 0.0306004618938
0.0904436860068 0.0306004618938
0.0902896081772 0.0306004618938
0.0901360544218 0.0306004618938
0.0899830220713 0.0306004618938
0.0915254237288 0.0311778290993
0.0913705583756 0.0311778290993
0.0912162162162 0.0311778290993
0.0910623946037 0.0311778290993
0.0909090909091 0.0311778290993
0.090756302521 0.0311778290993
0.0906040268456 0.0311778290993
0.0904522613065 0.0311778290993
0.0903010033445 0.0311778290993
0.0901502504174 0.0311778290993
0.09 0.0311778290993
0.089850249584 0.0311778290993
0.0913621262458 0.0317551963048
0.0912106135987 0.0317551963048
0.091059602649 0.0317551963048
0.0909090909091 0.0317551963048
0.0924092409241 0.0323325635104
0.0922570016474 0.0323325635104
0.0921052631579 0.0323325635104
0.0919540229885 0.0323325635104
0.0934426229508 0.0329099307159
0.0932896890344 0.0329099307159
0.093137254902 0.0329099307159
0.0929853181077 0.0329099307159
0.0928338762215 0.0329099307159
0.0926829268293 0.0329099307159
0.0925324675325 0.0329099307159
0.0923824959481 0.0329099307159
0.0922330097087 0.0329099307159
0.092084006462 0.0329099307159
0.091935483871 0.0329099307159
0.0917874396135 0.0329099307159
0.0916398713826 0.0329099307159
0.091492776886 0.0329099307159
0.0913461538462 0.0329099307159
0.0928 0.0334872979215
0.0926517571885 0.0334872979215
0.0925039872408 0.0334872979215
0.0923566878981 0.0334872979215
0.093799682035 0.034064665127
0.0936507936508 0.034064665127
0.0935023771791 0.034064665127
0.0933544303797 0.034064665127
0.0932069510269 0.034064665127
0.0930599369085 0.034064665127
0.0944881889764 0.0346420323326
0.0943396226415 0.0346420323326
0.094191522763 0.0346420323326
0.0940438871473 0.0346420323326
0.093896713615 0.0346420323326
0.09375 0.0346420323326
0.0936037441498 0.0346420323326
0.0934579439252 0.0346420323326
0.0933125972006 0.0346420323326
0.0931677018634 0.0346420323326
0.093023255814 0.0346420323326
0.0928792569659 0.0346420323326
0.0927357032457 0.0346420323326
0.0925925925926 0.0346420323326
0.0924499229584 0.0346420323326
0.0923076923077 0.0346420323326
0.0921658986175 0.0346420323326
0.0920245398773 0.0346420323326
0.0918836140888 0.0346420323326
0.0917431192661 0.0346420323326
0.0916030534351 0.0346420323326
0.0914634146341 0.0346420323326
0.0913242009132 0.0346420323326
0.0911854103343 0.0346420323326
0.0910470409712 0.0346420323326
0.0909090909091 0.0346420323326
0.0907715582451 0.0346420323326
0.0906344410876 0.0346420323326
0.0904977375566 0.0346420323326
0.0903614457831 0.0346420323326
0.0902255639098 0.0346420323326
0.0900900900901 0.0346420323326
0.0899550224888 0.0346420323326
0.0898203592814 0.0346420323326
0.0896860986547 0.0346420323326
0.089552238806 0.0346420323326
0.0894187779434 0.0346420323326
0.0892857142857 0.0346420323326
0.0891530460624 0.0346420323326
0.0890207715134 0.0346420323326
0.0888888888889 0.0346420323326
0.0887573964497 0.0346420323326
0.0886262924668 0.0346420323326
0.0884955752212 0.0346420323326
0.0883652430044 0.0346420323326
0.0897058823529 0.0352193995381
0.0895741556535 0.0352193995381
0.0894428152493 0.0352193995381
0.0893118594436 0.0352193995381
0.0891812865497 0.0352193995381
0.0890510948905 0.0352193995381
0.0889212827988 0.0352193995381
0.0887918486172 0.0352193995381
0.0886627906977 0.0352193995381
0.0899854862119 0.0357967667436
0.0898550724638 0.0357967667436
0.0897250361795 0.0357967667436
0.0895953757225 0.0357967667436
0.0894660894661 0.0357967667436
0.0893371757925 0.0357967667436
0.0892086330935 0.0357967667436
0.0890804597701 0.0357967667436
0.0889526542324 0.0357967667436
0.0888252148997 0.0357967667436
0.0886981402003 0.0357967667436
0.0885714285714 0.0357967667436
0.0884450784593 0.0357967667436
0.0883190883191 0.0357967667436
0.0896159317212 0.0363741339492
0.0894886363636 0.0363741339492
0.0893617021277 0.0363741339492
0.0892351274788 0.0363741339492
0.0891089108911 0.0363741339492
0.0889830508475 0.0363741339492
0.0888575458392 0.0363741339492
0.0887323943662 0.0363741339492
0.0886075949367 0.0363741339492
0.0884831460674 0.0363741339492
0.0883590462833 0.0363741339492
0.0882352941176 0.0363741339492
0.0895104895105 0.0369515011547
0.0893854748603 0.0369515011547
0.0892608089261 0.0369515011547
0.0891364902507 0.0369515011547
0.0890125173853 0.0369515011547
0.0902777777778 0.0375288683603
0.0901525658807 0.0375288683603
0.090027700831 0.0375288683603
0.0912863070539 0.0381062355658
0.0911602209945 0.0381062355658
0.0924137931034 0.0386836027714
0.0922865013774 0.0386836027714
0.0921595598349 0.0386836027714
0.092032967033 0.0386836027714
0.0919067215364 0.0386836027714
0.0917808219178 0.0386836027714
0.0916552667579 0.0386836027714
0.0915300546448 0.0386836027714
0.0914051841746 0.0386836027714
0.091280653951 0.0386836027714
0.091156462585 0.0386836027714
0.0910326086957 0.0386836027714
0.0909090909091 0.0386836027714
0.0907859078591 0.0386836027714
0.0906630581867 0.0386836027714
0.0905405405405 0.0386836027714
0.0904183535762 0.0386836027714
0.0902964959569 0.0386836027714
0.0901749663526 0.0386836027714
0.0900537634409 0.0386836027714
0.089932885906 0.0386836027714
0.0898123324397 0.0386836027714
0.0896921017403 0.0386836027714
0.0895721925134 0.0386836027714
0.0894526034713 0.0386836027714
0.0893333333333 0.0386836027714
0.0892143808256 0.0386836027714
0.0890957446809 0.0386836027714
0.0889774236388 0.0386836027714
0.0888594164456 0.0386836027714
0.0887417218543 0.0386836027714
0.0886243386243 0.0386836027714
0.0885072655218 0.0386836027714
0.0883905013193 0.0386836027714
0.0882740447958 0.0386836027714
0.0881578947368 0.0386836027714
0.0880420499343 0.0386836027714
0.0879265091864 0.0386836027714
0.0878112712975 0.0386836027714
0.0876963350785 0.0386836027714
0.0875816993464 0.0386836027714
0.0874673629243 0.0386836027714
0.0873533246415 0.0386836027714
0.0872395833333 0.0386836027714
0.0871261378414 0.0386836027714
0.087012987013 0.0386836027714
0.0869001297017 0.0386836027714
0.0867875647668 0.0386836027714
0.0866752910737 0.0386836027714
0.0865633074935 0.0386836027714
0.0864516129032 0.0386836027714
0.0876288659794 0.0392609699769
0.0875160875161 0.0392609699769
0.0874035989717 0.0392609699769
0.0872913992298 0.0392609699769
0.0871794871795 0.0392609699769
0.0870678617157 0.0392609699769
0.0869565217391 0.0392609699769
0.0868454661558 0.0392609699769
0.0867346938776 0.0392609699769
0.0866242038217 0.0392609699769
0.0865139949109 0.0392609699769
0.0864040660737 0.0392609699769
0.0862944162437 0.0392609699769
0.0861850443599 0.0392609699769
0.0860759493671 0.0392609699769
0.0859671302149 0.0392609699769
0.0858585858586 0.0392609699769
0.0857503152585 0.0392609699769
0.0856423173804 0.0392609699769
0.085534591195 0.0392609699769
0.0854271356784 0.0392609699769
0.0853199498118 0.0392609699769
0.0852130325815 0.0392609699769
0.0851063829787 0.0392609699769
0.085 0.0392609699769
0.0848938826467 0.0392609699769
0.0847880299252 0.0392609699769
0.0846824408468 0.0392609699769
0.0845771144279 0.0392609699769
0.0844720496894 0.0392609699769
0.0843672456576 0.0392609699769
0.0842627013631 0.0392609699769
0.0841584158416 0.0392609699769
0.0840543881335 0.0392609699769
0.083950617284 0.0392609699769
0.0838471023428 0.0392609699769
0.0837438423645 0.0392609699769
0.0836408364084 0.0392609699769
0.0835380835381 0.0392609699769
0.0834355828221 0.0392609699769
0.0833333333333 0.0392609699769
0.0844553243574 0.0398383371824
0.0843520782396 0.0398383371824
0.0842490842491 0.0398383371824
0.0841463414634 0.0398383371824
0.0840438489647 0.0398383371824
0.0851581508516 0.040415704388
0.0850546780073 0.040415704388
0.0849514563107 0.040415704388
0.0848484848485 0.040415704388
0.0847457627119 0.040415704388
0.0846432889964 0.040415704388
0.0845410628019 0.040415704388
0.0844390832328 0.040415704388
0.0843373493976 0.040415704388
0.0854392298436 0.0409930715935
0.0853365384615 0.0409930715935
0.0852340936375 0.0409930715935
0.0851318944844 0.0409930715935
0.0850299401198 0.0409930715935
0.0849282296651 0.0409930715935
0.0848267622461 0.0409930715935
0.0859188544153 0.0415704387991
0.0858164481526 0.0415704387991
0.0857142857143 0.0415704387991
0.0856123662307 0.0415704387991
0.0855106888361 0.0415704387991
0.085409252669 0.0415704387991
0.085308056872 0.0415704387991
0.0852071005917 0.0415704387991
0.0862884160757 0.0421478060046
0.086186540732 0.0421478060046
0.0860849056604 0.0421478060046
0.0859835100118 0.0421478060046
0.0858823529412 0.0421478060046
0.0857814336075 0.0421478060046
0.0856807511737 0.0421478060046
0.0855803048066 0.0421478060046
0.0854800936768 0.0421478060046
0.0853801169591 0.0421478060046
0.0852803738318 0.0421478060046
0.0851808634772 0.0421478060046
0.0850815850816 0.0421478060046
0.0849825378347 0.0421478060046
0.0848837209302 0.0421478060046
0.0847851335656 0.0421478060046
0.084686774942 0.0421478060046
0.0845886442642 0.0421478060046
0.0844907407407 0.0421478060046
0.0843930635838 0.0421478060046
0.0842956120092 0.0421478060046
0.0841983852364 0.0421478060046
0.0841013824885 0.0421478060046
0.0840046029919 0.0421478060046
0.083908045977 0.0421478060046
0.0838117106774 0.0421478060046
0.0837155963303 0.0421478060046
0.0836197021764 0.0421478060046
0.08352402746 0.0421478060046
0.0834285714286 0.0421478060046
0.0833333333333 0.0421478060046
0.0832383124287 0.0421478060046
0.0831435079727 0.0421478060046
0.0830489192264 0.0421478060046
0.0829545454545 0.0421478060046
0.0828603859251 0.0421478060046
0.0827664399093 0.0421478060046
0.0826727066818 0.0421478060046
0.0825791855204 0.0421478060046
0.0824858757062 0.0421478060046
0.0823927765237 0.0421478060046
0.0834272829763 0.0427251732102
0.0833333333333 0.0427251732102
0.0832395950506 0.0427251732102
0.0831460674157 0.0427251732102
0.0830527497194 0.0427251732102
0.0829596412556 0.0427251732102
0.0839865621501 0.0433025404157
0.0838926174497 0.0433025404157
0.0837988826816 0.0433025404157
0.0837053571429 0.0433025404157
0.0836120401338 0.0433025404157
0.0835189309577 0.0433025404157
0.083426028921 0.0433025404157
0.0833333333333 0.0433025404157
0.0832408435072 0.0433025404157
0.0831485587583 0.0433025404157
0.0830564784053 0.0433025404157
0.0829646017699 0.0433025404157
0.0828729281768 0.0433025404157
0.0827814569536 0.0433025404157
0.0826901874311 0.0433025404157
0.0825991189427 0.0433025404157
0.0825082508251 0.0433025404157
0.0824175824176 0.0433025404157
0.0834248079034 0.0438799076212
0.0833333333333 0.0438799076212
0.0843373493976 0.0444572748268
0.0842450765864 0.0444572748268
0.0852459016393 0.0450346420323
0.0851528384279 0.0450346420323
0.0850599781897 0.0450346420323
0.0849673202614 0.0450346420323
0.0848748639826 0.0450346420323
0.0847826086957 0.0450346420323
0.0846905537459 0.0450346420323
0.0845986984816 0.0450346420323
0.0845070422535 0.0450346420323
0.0844155844156 0.0450346420323
0.0843243243243 0.0450346420323
0.0842332613391 0.0450346420323
0.084142394822 0.0450346420323
0.0840517241379 0.0450346420323
0.0839612486545 0.0450346420323
0.0838709677419 0.0450346420323
0.0837808807734 0.0450346420323
0.0836909871245 0.0450346420323
0.0836012861736 0.0450346420323
0.0835117773019 0.0450346420323
0.083422459893 0.0450346420323
0.0833333333333 0.0450346420323
0.0832443970117 0.0450346420323
0.0831556503198 0.0450346420323
0.0830670926518 0.0450346420323
0.0829787234043 0.0450346420323
0.0828905419766 0.0450346420323
0.0828025477707 0.0450346420323
0.0827147401909 0.0450346420323
0.0826271186441 0.0450346420323
0.0825396825397 0.0450346420323
0.0824524312896 0.0450346420323
0.0823653643083 0.0450346420323
0.0822784810127 0.0450346420323
0.0821917808219 0.0450346420323
0.0831578947368 0.0456120092379
0.0830704521556 0.0456120092379
0.0829831932773 0.0456120092379
0.0828961175236 0.0456120092379
0.0828092243187 0.0456120092379
0.082722513089 0.0456120092379
0.0826359832636 0.0456120092379
0.0825496342738 0.0456120092379
0.0824634655532 0.0456120092379
0.0823774765381 0.0456120092379
0.0822916666667 0.0456120092379
0.0822060353798 0.0456120092379
0.0821205821206 0.0456120092379
0.0820353063344 0.0456120092379
0.0819502074689 0.0456120092379
0.0818652849741 0.0456120092379
0.0817805383023 0.0456120092379
0.081695966908 0.0456120092379
0.0816115702479 0.0456120092379
0.0815273477812 0.0456120092379
0.0814432989691 0.0456120092379
0.081359423275 0.0456120092379
0.082304526749 0.0461893764434
0.082219938335 0.0461893764434
0.082135523614 0.0461893764434
0.0820512820513 0.0461893764434
0.0829918032787 0.046766743649
0.0829068577277 0.046766743649
0.0838445807771 0.0473441108545
0.0837589376915 0.0473441108545
0.0836734693878 0.0473441108545
0.0835881753313 0.0473441108545
0.0835030549898 0.0473441108545
0.0844354018311 0.04792147806
0.0843495934959 0.04792147806
0.0842639593909 0.04792147806
0.0841784989858 0.04792147806
0.0840932117528 0.04792147806
0.084008097166 0.04792147806
0.0839231547017 0.04792147806
0.0838383838384 0.04792147806
0.0837537840565 0.04792147806
0.0836693548387 0.04792147806
0.0835850956697 0.04792147806
0.0835010060362 0.04792147806
0.0834170854271 0.04792147806
0.0833333333333 0.04792147806
0.0832497492477 0.04792147806
0.0831663326653 0.04792147806
0.0830830830831 0.04792147806
0.084 0.0484988452656
0.0839160839161 0.0484988452656
0.0838323353293 0.0484988452656
0.0837487537388 0.0484988452656
0.0836653386454 0.0484988452656
0.0835820895522 0.0484988452656
0.0834990059642 0.0484988452656
0.0834160873883 0.0484988452656
0.0833333333333 0.0484988452656
0.0832507433102 0.0484988452656
0.0831683168317 0.0484988452656
0.0840751730959 0.0490762124711
0.0839920948617 0.0490762124711
0.0839091806515 0.0490762124711
0.0838264299803 0.0490762124711
0.0837438423645 0.0490762124711
0.0836614173228 0.0490762124711
0.0835791543756 0.0490762124711
0.0834970530452 0.0490762124711
0.0834151128557 0.0490762124711
0.0833333333333 0.0490762124711
0.0832517140059 0.0490762124711
0.0831702544031 0.0490762124711
0.0830889540567 0.0490762124711
0.0830078125 0.0490762124711
0.0829268292683 0.0490762124711
0.0828460038986 0.0490762124711
0.0827653359299 0.0490762124711
0.0826848249027 0.0490762124711
0.0826044703596 0.0490762124711
0.0834951456311 0.0496535796767
0.0834141610087 0.0496535796767
0.0833333333333 0.0496535796767
0.0832526621491 0.0496535796767
0.0831721470019 0.0496535796767
0.0830917874396 0.0496535796767
0.0830115830116 0.0496535796767
0.082931533269 0.0496535796767
0.0838150289017 0.0502309468822
0.0837343599615 0.0502309468822
0.0836538461538 0.0502309468822
0.0835734870317 0.0502309468822
0.084452975048 0.0508083140878
0.0843720038351 0.0508083140878
0.0842911877395 0.0508083140878
0.0842105263158 0.0508083140878
0.0841300191205 0.0508083140878
0.0840496657116 0.0508083140878
0.0839694656489 0.0508083140878
0.0838894184938 0.0508083140878
0.0838095238095 0.0508083140878
0.0837297811608 0.0508083140878
0.0836501901141 0.0508083140878
0.0835707502374 0.0508083140878
0.0834914611006 0.0508083140878
0.0843601895735 0.0513856812933
0.0842803030303 0.0513856812933
0.085146641438 0.0519630484988
0.0850661625709 0.0519630484988
0.0849858356941 0.0519630484988
0.0849056603774 0.0519630484988
0.0848256361923 0.0519630484988
0.0847457627119 0.0519630484988
0.0846660395108 0.0519630484988
0.0845864661654 0.0519630484988
0.0845070422535 0.0519630484988
0.0844277673546 0.0519630484988
0.0843486410497 0.0519630484988
0.0842696629213 0.0519630484988
0.0841908325538 0.0519630484988
0.0841121495327 0.0519630484988
0.0840336134454 0.0519630484988
0.0839552238806 0.0519630484988
0.0848089468779 0.0525404157044
0.084729981378 0.0525404157044
0.0846511627907 0.0525404157044
0.0845724907063 0.0525404157044
0.0844939647168 0.0525404157044
0.0844155844156 0.0525404157044
0.0843373493976 0.0525404157044
0.0842592592593 0.0525404157044
0.0841813135985 0.0525404157044
0.0841035120148 0.0525404157044
0.084025854109 0.0525404157044
0.0839483394834 0.0525404157044
0.0838709677419 0.0525404157044
0.0837937384899 0.0525404157044
0.0837166513339 0.0525404157044
0.0836397058824 0.0525404157044
0.0835629017447 0.0525404157044
0.0834862385321 0.0525404157044
0.0843263061412 0.0531177829099
0.0842490842491 0.0531177829099
0.0850869167429 0.0536951501155
0.0850091407678 0.0536951501155
0.0849315068493 0.0536951501155
0.0848540145985 0.0536951501155
0.0847766636281 0.0536951501155
0.0846994535519 0.0536951501155
0.0855323020928 0.054272517321
0.0854545454545 0.054272517321
0.0853769300636 0.054272517321
0.0852994555354 0.054272517321
0.0852221214869 0.054272517321
0.0851449275362 0.054272517321
0.0850678733032 0.054272517321
0.0849909584087 0.054272517321
0.0849141824752 0.054272517321
0.0848375451264 0.054272517321
0.0847610459874 0.054272517321
0.0846846846847 0.054272517321
0.0846084608461 0.054272517321
0.0845323741007 0.054272517321
0.0844564240791 0.054272517321
0.0843806104129 0.054272517321
0.0843049327354 0.054272517321
0.084229390681 0.054272517321
0.0841539838854 0.054272517321
0.0840787119857 0.054272517321
0.0840035746202 0.054272517321
0.0839285714286 0.054272517321
0.0838537020517 0.054272517321
0.0837789661319 0.054272517321
0.0837043633126 0.054272517321
0.0845195729537 0.0548498845266
0.0844444444444 0.0548498845266
0.0852575488455 0.0554272517321
0.0851818988465 0.0554272517321
0.0851063829787 0.0554272517321
0.0850310008857 0.0554272517321
0.0849557522124 0.0554272517321
0.0848806366048 0.0554272517321
0.0856890459364 0.0560046189376
0.0856134157105 0.0560046189376
0.0864197530864 0.0565819861432
0.0863436123348 0.0565819861432
0.0862676056338 0.0565819861432
0.0861917326297 0.0565819861432
0.0861159929701 0.0565819861432
0.0860403863038 0.0565819861432
0.0859649122807 0.0565819861432
0.0867659947415 0.0571593533487
0.0866900175131 0.0571593533487
0.0866141732283 0.0571593533487
0.0865384615385 0.0571593533487
0.0864628820961 0.0571593533487
0.086387434555 0.0571593533487
0.0863121185702 0.0571593533487
0.0862369337979 0.0571593533487
0.0861618798956 0.0571593533487
0.0860869565217 0.0571593533487
0.0860121633362 0.0571593533487
0.0859375 0.0571593533487
0.0858629661752 0.0571593533487
0.0857885615251 0.0571593533487
0.0857142857143 0.0571593533487
0.0856401384083 0.0571593533487
0.085566119274 0.0571593533487
0.0854922279793 0.0571593533487
0.0862812769629 0.0577367205543
0.0862068965517 0.0577367205543
0.0861326442722 0.0577367205543
0.0860585197935 0.0577367205543
0.0859845227859 0.0577367205543
0.085910652921 0.0577367205543
0.0858369098712 0.0577367205543
0.0857632933105 0.0577367205543
0.0856898029135 0.0577367205543
0.0856164383562 0.0577367205543
0.0855431993157 0.0577367205543
0.0854700854701 0.0577367205543
0.0853970964987 0.0577367205543
0.0853242320819 0.0577367205543
0.0852514919011 0.0577367205543
0.0851788756388 0.0577367205543
0.0851063829787 0.0577367205543
0.0850340136054 0.0577367205543
0.0849617672048 0.0577367205543
0.0848896434635 0.0577367205543
0.0848176420696 0.0577367205543
0.085593220339 0.0583140877598
0.0855207451312 0.0583140877598
0.085448392555 0.0583140877598
0.0862214708369 0.0588914549654
0.0861486486486 0.0588914549654
0.0860759493671 0.0588914549654
0.0860033726813 0.0588914549654
0.0859309182814 0.0588914549654
0.0858585858586 0.0588914549654
0.0857863751051 0.0588914549654
0.0865546218487 0.0594688221709
0.0864819479429 0.0594688221709
0.0864093959732 0.0594688221709
0.0863369656329 0.0594688221709
0.0862646566164 0.0594688221709
0.0861924686192 0.0594688221709
0.0861204013378 0.0594688221709
0.0860484544695 0.0594688221709
0.0859766277129 0.0594688221709
0.0859049207673 0.0594688221709
0.0858333333333 0.0594688221709
0.0857618651124 0.0594688221709
0.085690515807 0.0594688221709
0.0856192851205 0.0594688221709
0.0855481727575 0.0594688221709
0.0854771784232 0.0594688221709
0.0854063018242 0.0594688221709
0.0853355426678 0.0594688221709
0.0852649006623 0.0594688221709
0.085194375517 0.0594688221709
0.0851239669421 0.0594688221709
0.0850536746491 0.0594688221709
0.0849834983498 0.0594688221709
0.0849134377576 0.0594688221709
0.0848434925865 0.0594688221709
0.0847736625514 0.0594688221709
0.0855263157895 0.0600461893764
0.0854560394412 0.0600461893764
0.0853858784893 0.0600461893764
0.0853158326497 0.0600461893764
0.0852459016393 0.0600461893764
0.0851760851761 0.0600461893764
0.0851063829787 0.0600461893764
0.085036794767 0.0600461893764
0.0849673202614 0.0600461893764
0.0857142857143 0.060623556582
0.0856443719413 0.060623556582
0.0855745721271 0.060623556582
0.0855048859935 0.060623556582
0.0854353132628 0.060623556582
0.0853658536585 0.060623556582
0.085296506905 0.060623556582
0.0852272727273 0.060623556582
0.0851581508516 0.060623556582
0.0850891410049 0.060623556582
0.085020242915 0.060623556582
0.0849514563107 0.060623556582
0.0848827809216 0.060623556582
0.0848142164782 0.060623556582
0.0855528652139 0.0612009237875
0.0854838709677 0.0612009237875
0.085414987913 0.0612009237875
0.085346215781 0.0612009237875
0.0852775543041 0.0612009237875
0.0852090032154 0.0612009237875
0.085140562249 0.0612009237875
0.0858747993579 0.0617782909931
0.0858059342422 0.0617782909931
0.0857371794872 0.0617782909931
0.0856685348279 0.0617782909931
0.0856 0.0617782909931
0.0855315747402 0.0617782909931
0.0854632587859 0.0617782909931
0.0853950518755 0.0617782909931
0.085326953748 0.0617782909931
0.0860557768924 0.0623556581986
0.0859872611465 0.0623556581986
0.0859188544153 0.0623556581986
0.0858505564388 0.0623556581986
0.0857823669579 0.0623556581986
0.0857142857143 0.0623556581986
0.0856463124504 0.0623556581986
0.0855784469097 0.0623556581986
0.0863024544735 0.0629330254042
0.0862341772152 0.0629330254042
0.0861660079051 0.0629330254042
0.086887835703 0.0635103926097
0.08681925809 0.0635103926097
0.0867507886435 0.0635103926097
0.086682427108 0.0635103926097
0.0866141732283 0.0635103926097
0.087332808812 0.0640877598152
0.0872641509434 0.0640877598152
0.0871956009427 0.0640877598152
0.0871271585557 0.0640877598152
0.0870588235294 0.0640877598152
0.0869905956113 0.0640877598152
0.0869224745497 0.0640877598152
0.0868544600939 0.0640877598152
0.0875684128225 0.0646651270208
0.0875 0.0646651270208
0.0874316939891 0.0646651270208
0.0873634945398 0.0646651270208
0.0880748246298 0.0652424942263
0.0880062305296 0.0652424942263
0.0887159533074 0.0658198614319
0.0886469673406 0.0658198614319
0.0885780885781 0.0658198614319
0.0885093167702 0.0658198614319
0.088440651668 0.0658198614319
0.0891472868217 0.0663972286374
0.0890782339272 0.0663972286374
0.0890092879257 0.0663972286374
0.0889404485692 0.0663972286374
0.0888717156105 0.0663972286374
0.0888030888031 0.0663972286374
0.0887345679012 0.0663972286374
0.08866615266 0.0663972286374
0.0885978428351 0.0663972286374
0.0892994611239 0.066974595843
0.09 0.0675519630485
0.0899308224443 0.0675519630485
0.0898617511521 0.0675519630485
0.0897927858787 0.0675519630485
0.0897239263804 0.0675519630485
0.0896551724138 0.0675519630485
0.0895865237366 0.0675519630485
0.0902830910482 0.068129330254
0.0902140672783 0.068129330254
0.0901451489687 0.068129330254
0.0900763358779 0.068129330254
0.0900076277651 0.068129330254
0.0899390243902 0.068129330254
0.0898705255141 0.068129330254
0.089802130898 0.068129330254
0.0897338403042 0.068129330254
0.0896656534954 0.068129330254
0.0895975702354 0.068129330254
0.0895295902883 0.068129330254
0.0894617134193 0.068129330254
0.0893939393939 0.068129330254
0.0893262679788 0.068129330254
0.089258698941 0.068129330254
0.0891912320484 0.068129330254
0.0891238670695 0.068129330254
0.0890566037736 0.068129330254
0.0889894419306 0.068129330254
0.0889223813112 0.068129330254
0.0888554216867 0.068129330254
0.0887885628292 0.068129330254
0.0894736842105 0.0687066974596
0.0894064613073 0.0687066974596
0.0893393393393 0.0687066974596
0.0892723180795 0.0687066974596
0.0899550224888 0.0692840646651
0.0898876404494 0.0692840646651
0.0898203592814 0.0692840646651
0.0897531787584 0.0692840646651
0.0896860986547 0.0692840646651
0.0896191187453 0.0692840646651
0.089552238806 0.0692840646651
0.0902311707681 0.0698614318707
0.0909090909091 0.0704387990762
0.0908413998511 0.0704387990762
0.0907738095238 0.0704387990762
0.0907063197026 0.0704387990762
0.0906389301634 0.0704387990762
0.090571640683 0.0704387990762
0.0905044510386 0.0704387990762
0.0904373610082 0.0704387990762
0.0903703703704 0.0704387990762
0.0903034789045 0.0704387990762
0.0902366863905 0.0704387990762
0.090169992609 0.0704387990762
0.0901033973412 0.0704387990762
0.090036900369 0.0704387990762
0.0899705014749 0.0704387990762
0.0899042004422 0.0704387990762
0.0898379970545 0.0704387990762
0.0897718910964 0.0704387990762
0.0897058823529 0.0704387990762
0.0896399706098 0.0704387990762
0.0895741556535 0.0704387990762
0.0895084372707 0.0704387990762
0.0894428152493 0.0704387990762
0.0893772893773 0.0704387990762
0.0893118594436 0.0704387990762
0.0892465252377 0.0704387990762
0.0891812865497 0.0704387990762
0.0891161431702 0.0704387990762
0.0890510948905 0.0704387990762
0.0889861415026 0.0704387990762
0.0889212827988 0.0704387990762
0.0888565185725 0.0704387990762
0.0887918486172 0.0704387990762
0.0887272727273 0.0704387990762
0.0893895348837 0.0710161662818
0.0900508351489 0.0715935334873
0.0907111756168 0.0721709006928
0.0906453952139 0.0721709006928
0.0905797101449 0.0721709006928
0.0912382331644 0.0727482678984
0.0911722141823 0.0727482678984
0.0911062906725 0.0727482678984
0.0910404624277 0.0727482678984
0.0909747292419 0.0727482678984
0.0909090909091 0.0727482678984
0.0908435472242 0.0727482678984
0.0907780979827 0.0727482678984
0.0907127429806 0.0727482678984
0.0906474820144 0.0727482678984
0.0913012221423 0.0733256351039
0.0912356321839 0.0733256351039
0.0911701363963 0.0733256351039
0.0911047345768 0.0733256351039
0.0910394265233 0.0733256351039
0.0909742120344 0.0733256351039
0.0909090909091 0.0733256351039
0.0908440629471 0.0733256351039
0.0907791279485 0.0733256351039
0.0907142857143 0.0733256351039
0.0906495360457 0.0733256351039
0.0905848787447 0.0733256351039
0.0905203136137 0.0733256351039
0.0904558404558 0.0733256351039
0.0903914590747 0.0733256351039
0.0903271692745 0.0733256351039
0.09026297086 0.0733256351039
0.0901988636364 0.0733256351039
0.0901348474095 0.0733256351039
0.0900709219858 0.0733256351039
0.0900070871722 0.0733256351039
0.0899433427762 0.0733256351039
0.0898796886058 0.0733256351039
0.0898161244696 0.0733256351039
0.0897526501767 0.0733256351039
0.0896892655367 0.0733256351039
0.0896259703599 0.0733256351039
0.089562764457 0.0733256351039
0.0894996476392 0.0733256351039
0.0894366197183 0.0733256351039
0.0893736805067 0.0733256351039
0.0893108298172 0.0733256351039
0.0892480674631 0.0733256351039
0.0891853932584 0.0733256351039
0.0891228070175 0.0733256351039
0.0890603085554 0.0733256351039
0.0889978976875 0.0733256351039
0.0889355742297 0.0733256351039
0.0888733379986 0.0733256351039
0.0888111888112 0.0733256351039
0.088749126485 0.0733256351039
0.088687150838 0.0733256351039
0.0886252616888 0.0733256351039
0.0885634588563 0.0733256351039
0.0885017421603 0.0733256351039
0.0884401114206 0.0733256351039
0.0883785664579 0.0733256351039
0.0883171070932 0.0733256351039
0.088255733148 0.0733256351039
0.0881944444444 0.0733256351039
0.088133240805 0.0733256351039
0.0880721220527 0.0733256351039
0.0880110880111 0.0733256351039
0.0879501385042 0.0733256351039
0.0878892733564 0.0733256351039
0.0878284923928 0.0733256351039
0.0877677954388 0.0733256351039
0.0877071823204 0.0733256351039
0.087646652864 0.0733256351039
0.0875862068966 0.0733256351039
0.0875258442453 0.0733256351039
0.0874655647383 0.0733256351039
0.0874053682037 0.0733256351039
0.0873452544704 0.0733256351039
0.0872852233677 0.0733256351039
0.0872252747253 0.0733256351039
0.0871654083734 0.0733256351039
0.0871056241427 0.0733256351039
0.0870459218643 0.0733256351039
0.0869863013699 0.0733256351039
0.0869267624914 0.0733256351039
0.0868673050616 0.0733256351039
0.0868079289132 0.0733256351039
0.0867486338798 0.0733256351039
0.0866894197952 0.0733256351039
0.0866302864939 0.0733256351039
0.0865712338105 0.0733256351039
0.0865122615804 0.0733256351039
0.0864533696392 0.0733256351039
0.0863945578231 0.0733256351039
0.0863358259687 0.0733256351039
0.086277173913 0.0733256351039
0.0862186014936 0.0733256351039
0.0861601085482 0.0733256351039
0.0861016949153 0.0733256351039
0.0860433604336 0.0733256351039
0.0859851049425 0.0733256351039
0.0859269282815 0.0733256351039
0.0858688302907 0.0733256351039
0.0858108108108 0.0733256351039
0.0857528696826 0.0733256351039
0.0856950067476 0.0733256351039
0.0856372218476 0.0733256351039
0.0862533692722 0.0739030023095
0.0868686868687 0.074480369515
0.0868102288022 0.074480369515
0.0867518493611 0.074480369515
0.0866935483871 0.074480369515
0.086635325722 0.074480369515
0.0865771812081 0.074480369515
0.0865191146881 0.074480369515
0.0864611260054 0.074480369515
0.0864032150033 0.074480369515
0.0863453815261 0.074480369515
0.0862876254181 0.074480369515
0.0862299465241 0.074480369515
0.0861723446894 0.074480369515
0.0861148197597 0.074480369515
0.0860573715811 0.074480369515
0.086 0.074480369515
0.0859427048634 0.074480369515
0.0858854860186 0.074480369515
0.0858283433134 0.074480369515
0.0857712765957 0.074480369515
0.0857142857143 0.074480369515
0.0856573705179 0.074480369515
0.085600530856 0.074480369515
0.0855437665782 0.074480369515
0.0854870775348 0.074480369515
0.0854304635762 0.074480369515
0.0853739245533 0.074480369515
0.0853174603175 0.074480369515
0.0852610707204 0.074480369515
0.0852047556143 0.074480369515
0.0851485148515 0.074480369515
0.085092348285 0.074480369515
0.085036255768 0.074480369515
0.0849802371542 0.074480369515
0.0849242922976 0.074480369515
0.0848684210526 0.074480369515
0.0848126232742 0.074480369515
0.0847568988173 0.074480369515
0.0847012475378 0.074480369515
0.0846456692913 0.074480369515
0.0845901639344 0.074480369515
0.0845347313237 0.074480369515
0.0844793713163 0.074480369515
0.0844240837696 0.074480369515
0.0843688685415 0.074480369515
0.0843137254902 0.074480369515
0.0842586544742 0.074480369515
0.0842036553525 0.074480369515
0.0841487279843 0.074480369515
0.0840938722295 0.074480369515
0.0840390879479 0.074480369515
0.083984375 0.074480369515
0.0839297332466 0.074480369515
0.0838751625488 0.074480369515
0.083820662768 0.074480369515
0.0837662337662 0.074480369515
0.0837118754056 0.074480369515
0.0836575875486 0.074480369515
0.0836033700583 0.074480369515
0.0835492227979 0.074480369515
0.0834951456311 0.074480369515
0.0834411384217 0.074480369515
0.0833872010343 0.074480369515
0.0833333333333 0.074480369515
0.083279535184 0.074480369515
0.0832258064516 0.074480369515
0.0831721470019 0.074480369515
0.083118556701 0.074480369515
0.0830650354153 0.074480369515
0.0830115830116 0.074480369515
0.0829581993569 0.074480369515
0.0829048843188 0.074480369515
0.0828516377649 0.074480369515
0.0827984595635 0.074480369515
0.0827453495831 0.074480369515
0.0826923076923 0.074480369515
0.0826393337604 0.074480369515
0.0825864276569 0.074480369515
0.0825335892514 0.074480369515
0.0824808184143 0.074480369515
0.082428115016 0.074480369515
0.0823754789272 0.074480369515
0.0823229100191 0.074480369515
0.0822704081633 0.074480369515
0.0822179732314 0.074480369515
0.0821656050955 0.074480369515
0.0821133036283 0.074480369515
0.0820610687023 0.074480369515
0.0820089001907 0.074480369515
