1.0 0.0
1.0 0.000577367205543
0.5 0.000577367205543
0.666666666667 0.00115473441109
0.75 0.00173210161663
0.8 0.00230946882217
0.666666666667 0.00230946882217
0.714285714286 0.00288683602771
0.75 0.00346420323326
0.777777777778 0.0040415704388
0.8 0.00461893764434
0.818181818182 0.00519630484988
0.75 0.00519630484988
0.769230769231 0.00577367205543
0.785714285714 0.00635103926097
0.8 0.00692840646651
0.8125 0.00750577367206
0.823529411765 0.0080831408776
0.833333333333 0.00866050808314
0.842105263158 0.00923787528868
0.85 0.00981524249423
0.857142857143 0.0103926096998
0.818181818182 0.0103926096998
0.782608695652 0.0103926096998
0.791666666667 0.0109699769053
0.8 0.0115473441109
0.769230769231 0.0115473441109
0.777777777778 0.0121247113164
0.75 0.0121247113164
0.758620689655 0.0127020785219
0.766666666667 0.0132794457275
0.774193548387 0.013856812933
0.78125 0.0144341801386
0.787878787879 0.0150115473441
0.794117647059 0.0155889145497
0.8 0.0161662817552
0.777777777778 0.0161662817552
0.756756756757 0.0161662817552
0.763157894737 0.0167436489607
0.74358974359 0.0167436489607
0.75 0.0173210161663
0.756097560976 0.0178983833718
0.761904761905 0.0184757505774
0.744186046512 0.0184757505774
0.727272727273 0.0184757505774
0.711111111111 0.0184757505774
0.695652173913 0.0184757505774
0.68085106383 0.0184757505774
0.666666666667 0.0184757505774
0.673469387755 0.0190531177829
0.66 0.0190531177829
0.666666666667 0.0196304849885
0.673076923077 0.020207852194
0.679245283019 0.0207852193995
0.666666666667 0.0207852193995
0.672727272727 0.0213625866051
0.660714285714 0.0213625866051
0.649122807018 0.0213625866051
0.655172413793 0.0219399538106
0.64406779661 0.0219399538106
0.633333333333 0.0219399538106
0.639344262295 0.0225173210162
0.629032258065 0.0225173210162
0.634920634921 0.0230946882217
0.625 0.0230946882217
0.630769230769 0.0236720554273
0.621212121212 0.0236720554273
0.626865671642 0.0242494226328
0.632352941176 0.0248267898383
0.63768115942 0.0254041570439
0.642857142857 0.0259815242494
0.633802816901 0.0259815242494
0.638888888889 0.026558891455
0.630136986301 0.026558891455
0.635135135135 0.0271362586605
0.626666666667 0.0271362586605
0.631578947368 0.0277136258661
0.623376623377 0.0277136258661
0.628205128205 0.0282909930716
0.620253164557 0.0282909930716
0.625 0.0288683602771
0.617283950617 0.0288683602771
0.621951219512 0.0294457274827
0.614457831325 0.0294457274827
0.607142857143 0.0294457274827
0.611764705882 0.0300230946882
0.616279069767 0.0306004618938
0.609195402299 0.0306004618938
0.613636363636 0.0311778290993
0.606741573034 0.0311778290993
0.6 0.0311778290993
0.604395604396 0.0317551963048
0.597826086957 0.0317551963048
0.591397849462 0.0317551963048
0.595744680851 0.0323325635104
0.589473684211 0.0323325635104
0.583333333333 0.0323325635104
0.587628865979 0.0329099307159
0.591836734694 0.0334872979215
0.585858585859 0.0334872979215
0.59 0.034064665127
0.594059405941 0.0346420323326
0.588235294118 0.0346420323326
0.582524271845 0.0346420323326
0.586538461538 0.0352193995381
0.580952380952 0.0352193995381
0.584905660377 0.0357967667436
0.579439252336 0.0357967667436
0.574074074074 0.0357967667436
0.56880733945 0.0357967667436
0.563636363636 0.0357967667436
0.558558558559 0.0357967667436
0.5625 0.0363741339492
0.557522123894 0.0363741339492
0.561403508772 0.0369515011547
0.55652173913 0.0369515011547
0.560344827586 0.0375288683603
0.555555555556 0.0375288683603
0.550847457627 0.0375288683603
0.554621848739 0.0381062355658
0.55 0.0381062355658
0.545454545455 0.0381062355658
0.549180327869 0.0386836027714
0.544715447154 0.0386836027714
0.548387096774 0.0392609699769
0.544 0.0392609699769
0.539682539683 0.0392609699769
0.543307086614 0.0398383371824
0.5390625 0.0398383371824
0.542635658915 0.040415704388
0.546153846154 0.0409930715935
0.541984732824 0.0409930715935
0.537878787879 0.0409930715935
0.541353383459 0.0415704387991
0.537313432836 0.0415704387991
0.540740740741 0.0421478060046
0.536764705882 0.0421478060046
0.540145985401 0.0427251732102
0.536231884058 0.0427251732102
0.532374100719 0.0427251732102
0.528571428571 0.0427251732102
0.531914893617 0.0433025404157
0.528169014085 0.0433025404157
0.524475524476 0.0433025404157
0.520833333333 0.0433025404157
0.51724137931 0.0433025404157
0.513698630137 0.0433025404157
0.517006802721 0.0438799076212
0.513513513514 0.0438799076212
0.510067114094 0.0438799076212
0.506666666667 0.0438799076212
0.503311258278 0.0438799076212
0.506578947368 0.0444572748268
0.503267973856 0.0444572748268
0.5 0.0444572748268
0.496774193548 0.0444572748268
0.5 0.0450346420323
0.496815286624 0.0450346420323
0.493670886076 0.0450346420323
0.496855345912 0.0456120092379
0.49375 0.0456120092379
0.490683229814 0.0456120092379
0.493827160494 0.0461893764434
0.490797546012 0.0461893764434
0.487804878049 0.0461893764434
0.484848484848 0.0461893764434
0.487951807229 0.046766743649
0.48502994012 0.046766743649
0.482142857143 0.046766743649
0.479289940828 0.046766743649
0.476470588235 0.046766743649
0.473684210526 0.046766743649
0.470930232558 0.046766743649
0.468208092486 0.046766743649
0.465517241379 0.046766743649
0.468571428571 0.0473441108545
0.471590909091 0.04792147806
0.474576271186 0.0484988452656
0.47191011236 0.0484988452656
0.469273743017 0.0484988452656
0.466666666667 0.0484988452656
0.46408839779 0.0484988452656
0.461538461538 0.0484988452656
0.464480874317 0.0490762124711
0.461956521739 0.0490762124711
0.459459459459 0.0490762124711
0.456989247312 0.0490762124711
0.454545454545 0.0490762124711
0.452127659574 0.0490762124711
0.449735449735 0.0490762124711
0.452631578947 0.0496535796767
0.455497382199 0.0502309468822
0.453125 0.0502309468822
0.455958549223 0.0508083140878
0.453608247423 0.0508083140878
0.451282051282 0.0508083140878
0.448979591837 0.0508083140878
0.451776649746 0.0513856812933
0.454545454545 0.0519630484988
0.452261306533 0.0519630484988
0.455 0.0525404157044
0.457711442786 0.0531177829099
0.460396039604 0.0536951501155
0.458128078818 0.0536951501155
0.460784313725 0.054272517321
0.458536585366 0.054272517321
0.456310679612 0.054272517321
0.458937198068 0.0548498845266
0.456730769231 0.0548498845266
0.454545454545 0.0548498845266
0.457142857143 0.0554272517321
0.454976303318 0.0554272517321
0.452830188679 0.0554272517321
0.450704225352 0.0554272517321
0.453271028037 0.0560046189376
0.451162790698 0.0560046189376
0.453703703704 0.0565819861432
0.451612903226 0.0565819861432
0.454128440367 0.0571593533487
0.452054794521 0.0571593533487
0.45 0.0571593533487
0.447963800905 0.0571593533487
0.445945945946 0.0571593533487
0.448430493274 0.0577367205543
0.446428571429 0.0577367205543
0.448888888889 0.0583140877598
0.446902654867 0.0583140877598
0.444933920705 0.0583140877598
0.44298245614 0.0583140877598
0.441048034934 0.0583140877598
0.44347826087 0.0588914549654
0.441558441558 0.0588914549654
0.439655172414 0.0588914549654
0.437768240343 0.0588914549654
0.440170940171 0.0594688221709
0.442553191489 0.0600461893764
0.440677966102 0.0600461893764
0.438818565401 0.0600461893764
0.436974789916 0.0600461893764
0.435146443515 0.0600461893764
0.433333333333 0.0600461893764
0.43153526971 0.0600461893764
0.433884297521 0.060623556582
0.432098765432 0.060623556582
0.434426229508 0.0612009237875
0.436734693878 0.0617782909931
0.439024390244 0.0623556581986
0.441295546559 0.0629330254042
0.439516129032 0.0629330254042
0.437751004016 0.0629330254042
0.436 0.0629330254042
0.438247011952 0.0635103926097
0.436507936508 0.0635103926097
0.434782608696 0.0635103926097
0.437007874016 0.0640877598152
0.435294117647 0.0640877598152
0.43359375 0.0640877598152
0.43579766537 0.0646651270208
0.434108527132 0.0646651270208
0.436293436293 0.0652424942263
0.438461538462 0.0658198614319
0.436781609195 0.0658198614319
0.435114503817 0.0658198614319
0.433460076046 0.0658198614319
0.431818181818 0.0658198614319
0.433962264151 0.0663972286374
0.432330827068 0.0663972286374
0.430711610487 0.0663972286374
0.429104477612 0.0663972286374
0.42750929368 0.0663972286374
0.425925925926 0.0663972286374
0.424354243542 0.0663972286374
0.422794117647 0.0663972286374
0.424908424908 0.066974595843
0.423357664234 0.066974595843
0.425454545455 0.0675519630485
0.423913043478 0.0675519630485
0.42238267148 0.0675519630485
0.424460431655 0.068129330254
0.4229390681 0.068129330254
0.421428571429 0.068129330254
0.423487544484 0.0687066974596
0.425531914894 0.0692840646651
0.424028268551 0.0692840646651
0.426056338028 0.0698614318707
0.428070175439 0.0704387990762
0.426573426573 0.0704387990762
0.425087108014 0.0704387990762
0.423611111111 0.0704387990762
0.42214532872 0.0704387990762
0.420689655172 0.0704387990762
0.419243986254 0.0704387990762
0.421232876712 0.0710161662818
0.419795221843 0.0710161662818
0.418367346939 0.0710161662818
0.416949152542 0.0710161662818
0.418918918919 0.0715935334873
0.417508417508 0.0715935334873
0.41610738255 0.0715935334873
0.414715719064 0.0715935334873
0.416666666667 0.0721709006928
0.418604651163 0.0727482678984
0.417218543046 0.0727482678984
0.419141914191 0.0733256351039
0.421052631579 0.0739030023095
0.422950819672 0.074480369515
0.421568627451 0.074480369515
0.42345276873 0.0750577367206
0.422077922078 0.0750577367206
0.423948220065 0.0756351039261
0.422580645161 0.0756351039261
0.421221864952 0.0756351039261
0.423076923077 0.0762124711316
0.421725239617 0.0762124711316
0.423566878981 0.0767898383372
0.422222222222 0.0767898383372
0.420886075949 0.0767898383372
0.419558359621 0.0767898383372
0.418238993711 0.0767898383372
0.420062695925 0.0773672055427
0.41875 0.0773672055427
0.420560747664 0.0779445727483
0.419254658385 0.0779445727483
0.417956656347 0.0779445727483
0.416666666667 0.0779445727483
0.415384615385 0.0779445727483
0.41717791411 0.0785219399538
0.418960244648 0.0790993071594
0.417682926829 0.0790993071594
0.41641337386 0.0790993071594
0.418181818182 0.0796766743649
0.416918429003 0.0796766743649
0.418674698795 0.0802540415704
0.42042042042 0.080831408776
0.419161676647 0.080831408776
0.417910447761 0.080831408776
0.416666666667 0.080831408776
0.415430267062 0.080831408776
0.417159763314 0.0814087759815
0.41592920354 0.0814087759815
0.417647058824 0.0819861431871
0.41642228739 0.0819861431871
0.415204678363 0.0819861431871
0.413994169096 0.0819861431871
0.412790697674 0.0819861431871
0.414492753623 0.0825635103926
0.413294797688 0.0825635103926
0.414985590778 0.0831408775982
0.413793103448 0.0831408775982
0.412607449857 0.0831408775982
0.411428571429 0.0831408775982
0.410256410256 0.0831408775982
0.411931818182 0.0837182448037
0.410764872521 0.0837182448037
0.409604519774 0.0837182448037
0.411267605634 0.0842956120092
0.410112359551 0.0842956120092
0.408963585434 0.0842956120092
0.41061452514 0.0848729792148
0.409470752089 0.0848729792148
0.411111111111 0.0854503464203
0.412742382271 0.0860277136259
0.411602209945 0.0860277136259
0.410468319559 0.0860277136259
0.409340659341 0.0860277136259
0.41095890411 0.0866050808314
0.409836065574 0.0866050808314
0.408719346049 0.0866050808314
0.410326086957 0.087182448037
0.409214092141 0.087182448037
0.408108108108 0.087182448037
0.407008086253 0.087182448037
0.408602150538 0.0877598152425
0.407506702413 0.0877598152425
0.406417112299 0.0877598152425
0.405333333333 0.0877598152425
0.406914893617 0.088337182448
0.405835543767 0.088337182448
0.404761904762 0.088337182448
0.403693931398 0.088337182448
0.402631578947 0.088337182448
0.40157480315 0.088337182448
0.403141361257 0.0889145496536
0.402088772846 0.0889145496536
0.403645833333 0.0894919168591
0.402597402597 0.0894919168591
0.401554404145 0.0894919168591
0.400516795866 0.0894919168591
0.399484536082 0.0894919168591
0.401028277635 0.0900692840647
0.4 0.0900692840647
0.398976982097 0.0900692840647
0.397959183673 0.0900692840647
0.399491094148 0.0906466512702
0.401015228426 0.0912240184758
0.40253164557 0.0918013856813
0.40404040404 0.0923787528868
0.405541561713 0.0929561200924
0.407035175879 0.0935334872979
0.408521303258 0.0941108545035
0.4075 0.0941108545035
0.40897755611 0.094688221709
0.407960199005 0.094688221709
0.409429280397 0.0952655889145
0.408415841584 0.0952655889145
0.407407407407 0.0952655889145
0.406403940887 0.0952655889145
0.405405405405 0.0952655889145
0.406862745098 0.0958429561201
0.40586797066 0.0958429561201
0.407317073171 0.0964203233256
0.408759124088 0.0969976905312
0.407766990291 0.0969976905312
0.406779661017 0.0969976905312
0.405797101449 0.0969976905312
0.404819277108 0.0969976905312
0.40625 0.0975750577367
0.405275779376 0.0975750577367
0.404306220096 0.0975750577367
0.403341288783 0.0975750577367
0.402380952381 0.0975750577367
0.403800475059 0.0981524249423
0.405213270142 0.0987297921478
0.406619385343 0.0993071593533
0.405660377358 0.0993071593533
0.404705882353 0.0993071593533
0.403755868545 0.0993071593533
0.405152224824 0.0998845265589
0.406542056075 0.100461893764
0.407925407925 0.10103926097
0.409302325581 0.101616628176
0.408352668213 0.101616628176
0.409722222222 0.102193995381
0.408775981524 0.102193995381
0.407834101382 0.102193995381
0.406896551724 0.102193995381
0.405963302752 0.102193995381
0.405034324943 0.102193995381
0.404109589041 0.102193995381
0.403189066059 0.102193995381
0.404545454545 0.102771362587
0.40589569161 0.103348729792
0.404977375566 0.103348729792
0.406320541761 0.103926096998
0.407657657658 0.104503464203
0.406741573034 0.104503464203
0.405829596413 0.104503464203
0.404921700224 0.104503464203
0.404017857143 0.104503464203
0.405345211581 0.105080831409
0.404444444444 0.105080831409
0.40354767184 0.105080831409
0.402654867257 0.105080831409
0.401766004415 0.105080831409
0.400881057269 0.105080831409
0.402197802198 0.105658198614
0.40350877193 0.10623556582
0.402625820569 0.10623556582
0.403930131004 0.106812933025
0.403050108932 0.106812933025
0.402173913043 0.106812933025
0.403470715835 0.107390300231
0.404761904762 0.107967667436
0.403887688985 0.107967667436
0.403017241379 0.107967667436
0.402150537634 0.107967667436
0.403433476395 0.108545034642
0.402569593148 0.108545034642
0.401709401709 0.108545034642
0.400852878465 0.108545034642
0.4 0.108545034642
0.40127388535 0.109122401848
0.400423728814 0.109122401848
0.401691331924 0.109699769053
0.400843881857 0.109699769053
0.4 0.109699769053
0.399159663866 0.109699769053
0.400419287212 0.110277136259
0.399581589958 0.110277136259
0.398747390397 0.110277136259
0.397916666667 0.110277136259
0.397089397089 0.110277136259
0.396265560166 0.110277136259
0.39751552795 0.110854503464
0.398760330579 0.11143187067
0.4 0.112009237875
0.399176954733 0.112009237875
0.398357289528 0.112009237875
0.397540983607 0.112009237875
0.398773006135 0.112586605081
0.397959183673 0.112586605081
0.399185336049 0.113163972286
0.400406504065 0.113741339492
0.399594320487 0.113741339492
0.398785425101 0.113741339492
0.39797979798 0.113741339492
0.397177419355 0.113741339492
0.398390342052 0.114318706697
0.399598393574 0.114896073903
0.400801603206 0.115473441109
0.402 0.116050808314
0.40119760479 0.116050808314
0.400398406375 0.116050808314
0.401590457256 0.11662817552
0.400793650794 0.11662817552
0.40198019802 0.117205542725
0.401185770751 0.117205542725
0.400394477318 0.117205542725
0.399606299213 0.117205542725
0.398821218075 0.117205542725
0.398039215686 0.117205542725
0.397260273973 0.117205542725
0.396484375 0.117205542725
0.395711500975 0.117205542725
0.394941634241 0.117205542725
0.394174757282 0.117205542725
0.393410852713 0.117205542725
0.394584139265 0.117782909931
0.395752895753 0.118360277136
0.394990366089 0.118360277136
0.394230769231 0.118360277136
0.393474088292 0.118360277136
0.392720306513 0.118360277136
0.393881453155 0.118937644342
0.393129770992 0.118937644342
0.392380952381 0.118937644342
0.391634980989 0.118937644342
0.390891840607 0.118937644342
0.390151515152 0.118937644342
0.391304347826 0.119515011547
0.390566037736 0.119515011547
0.391713747646 0.120092378753
0.390977443609 0.120092378753
0.390243902439 0.120092378753
0.389513108614 0.120092378753
0.388785046729 0.120092378753
0.388059701493 0.120092378753
0.387337057728 0.120092378753
0.386617100372 0.120092378753
0.385899814471 0.120092378753
0.385185185185 0.120092378753
0.386321626617 0.120669745958
0.385608856089 0.120669745958
0.386740331492 0.121247113164
0.387867647059 0.12182448037
0.387155963303 0.12182448037
0.386446886447 0.12182448037
0.385740402194 0.12182448037
0.38503649635 0.12182448037
0.386156648452 0.122401847575
0.385454545455 0.122401847575
0.386569872958 0.122979214781
0.38768115942 0.123556581986
0.386980108499 0.123556581986
0.386281588448 0.123556581986
0.387387387387 0.124133949192
0.386690647482 0.124133949192
0.387791741472 0.124711316397
0.387096774194 0.124711316397
0.386404293381 0.124711316397
0.385714285714 0.124711316397
0.385026737968 0.124711316397
0.386120996441 0.125288683603
0.385435168739 0.125288683603
0.38475177305 0.125288683603
0.38407079646 0.125288683603
0.383392226148 0.125288683603
0.382716049383 0.125288683603
0.382042253521 0.125288683603
0.381370826011 0.125288683603
0.380701754386 0.125288683603
0.38003502627 0.125288683603
0.379370629371 0.125288683603
0.378708551483 0.125288683603
0.378048780488 0.125288683603
0.377391304348 0.125288683603
0.376736111111 0.125288683603
0.376083188908 0.125288683603
0.375432525952 0.125288683603
0.374784110535 0.125288683603
0.374137931034 0.125288683603
0.373493975904 0.125288683603
0.372852233677 0.125288683603
0.372212692967 0.125288683603
0.371575342466 0.125288683603
0.37094017094 0.125288683603
0.370307167235 0.125288683603
0.369676320273 0.125288683603
0.37074829932 0.125866050808
0.370118845501 0.125866050808
0.369491525424 0.125866050808
0.368866328257 0.125866050808
0.368243243243 0.125866050808
0.367622259696 0.125866050808
0.368686868687 0.126443418014
0.36974789916 0.127020785219
0.370805369128 0.127598152425
0.370184254606 0.127598152425
0.369565217391 0.127598152425
0.368948247078 0.127598152425
0.368333333333 0.127598152425
0.36772046589 0.127598152425
0.367109634551 0.127598152425
0.366500829187 0.127598152425
0.365894039735 0.127598152425
0.365289256198 0.127598152425
0.364686468647 0.127598152425
0.364085667216 0.127598152425
0.363486842105 0.127598152425
0.36288998358 0.127598152425
0.362295081967 0.127598152425
0.36170212766 0.127598152425
0.361111111111 0.127598152425
0.360522022838 0.127598152425
0.35993485342 0.127598152425
0.359349593496 0.127598152425
0.358766233766 0.127598152425
0.359805510535 0.12817551963
0.360841423948 0.128752886836
0.360258481422 0.128752886836
0.359677419355 0.128752886836
0.360708534622 0.129330254042
0.360128617363 0.129330254042
0.359550561798 0.129330254042
0.360576923077 0.129907621247
0.36 0.129907621247
0.361022364217 0.130484988453
0.360446570973 0.130484988453
0.361464968153 0.131062355658
0.362480127186 0.131639722864
0.361904761905 0.131639722864
0.361331220285 0.131639722864
0.360759493671 0.131639722864
0.36018957346 0.131639722864
0.36119873817 0.132217090069
0.36062992126 0.132217090069
0.361635220126 0.132794457275
0.361067503925 0.132794457275
0.360501567398 0.132794457275
0.359937402191 0.132794457275
0.359375 0.132794457275
0.360374414977 0.13337182448
0.359813084112 0.13337182448
0.359253499222 0.13337182448
0.358695652174 0.13337182448
0.359689922481 0.133949191686
0.359133126935 0.133949191686
0.360123647604 0.134526558891
0.359567901235 0.134526558891
0.359013867488 0.134526558891
0.36 0.135103926097
0.360983102919 0.135681293303
0.360429447853 0.135681293303
0.359877488515 0.135681293303
0.359327217125 0.135681293303
0.358778625954 0.135681293303
0.358231707317 0.135681293303
0.357686453577 0.135681293303
0.357142857143 0.135681293303
0.358118361153 0.136258660508
0.357575757576 0.136258660508
0.357034795764 0.136258660508
0.358006042296 0.136836027714
0.358974358974 0.137413394919
0.35843373494 0.137413394919
0.357894736842 0.137413394919
0.357357357357 0.137413394919
0.356821589205 0.137413394919
0.35628742515 0.137413394919
0.357249626308 0.137990762125
0.35671641791 0.137990762125
0.356184798808 0.137990762125
0.357142857143 0.13856812933
0.35661218425 0.13856812933
0.357566765579 0.139145496536
0.358518518519 0.139722863741
0.35798816568 0.139722863741
0.357459379616 0.139722863741
0.358407079646 0.140300230947
0.357879234168 0.140300230947
0.357352941176 0.140300230947
0.358296622614 0.140877598152
0.359237536657 0.141454965358
0.358711566618 0.141454965358
0.358187134503 0.141454965358
0.359124087591 0.142032332564
0.360058309038 0.142609699769
0.359534206696 0.142609699769
0.359011627907 0.142609699769
0.358490566038 0.142609699769
0.357971014493 0.142609699769
0.357452966715 0.142609699769
0.35838150289 0.143187066975
0.357864357864 0.143187066975
0.35734870317 0.143187066975
0.358273381295 0.14376443418
0.35775862069 0.14376443418
0.357245337159 0.14376443418
0.356733524355 0.14376443418
0.356223175966 0.14376443418
0.355714285714 0.14376443418
0.355206847361 0.14376443418
0.356125356125 0.144341801386
0.355618776671 0.144341801386
0.355113636364 0.144341801386
0.354609929078 0.144341801386
0.35552407932 0.144919168591
0.356435643564 0.145496535797
0.35593220339 0.145496535797
0.356840620592 0.146073903002
0.356338028169 0.146073903002
0.355836849508 0.146073903002
0.355337078652 0.146073903002
0.356241234222 0.146651270208
0.355742296919 0.146651270208
0.355244755245 0.146651270208
0.354748603352 0.146651270208
0.355648535565 0.147228637413
0.355153203343 0.147228637413
0.356050069541 0.147806004619
0.355555555556 0.147806004619
0.355062413315 0.147806004619
0.354570637119 0.147806004619
0.3540802213 0.147806004619
0.354972375691 0.148383371824
0.355862068966 0.14896073903
0.355371900826 0.14896073903
0.354883081155 0.14896073903
0.355769230769 0.149538106236
0.355281207133 0.149538106236
0.356164383562 0.150115473441
0.357045143639 0.150692840647
0.357923497268 0.151270207852
0.357435197817 0.151270207852
0.358310626703 0.151847575058
0.359183673469 0.152424942263
0.360054347826 0.153002309469
0.359565807327 0.153002309469
0.359078590786 0.153002309469
0.358592692828 0.153002309469
0.358108108108 0.153002309469
0.358974358974 0.153579676674
0.358490566038 0.153579676674
0.35800807537 0.153579676674
0.35752688172 0.153579676674
0.357046979866 0.153579676674
0.357908847185 0.15415704388
0.357429718876 0.15415704388
0.356951871658 0.15415704388
0.356475300401 0.15415704388
0.356 0.15415704388
0.355525965379 0.15415704388
0.355053191489 0.15415704388
0.354581673307 0.15415704388
0.354111405836 0.15415704388
0.353642384106 0.15415704388
0.353174603175 0.15415704388
0.352708058124 0.15415704388
0.352242744063 0.15415704388
0.351778656126 0.15415704388
0.351315789474 0.15415704388
0.35085413929 0.15415704388
0.350393700787 0.15415704388
0.349934469201 0.15415704388
0.349476439791 0.15415704388
0.349019607843 0.15415704388
0.349869451697 0.154734411085
0.349413298566 0.154734411085
0.348958333333 0.154734411085
0.349804941482 0.155311778291
0.349350649351 0.155311778291
0.348897535668 0.155311778291
0.348445595855 0.155311778291
0.349288486417 0.155889145497
0.348837209302 0.155889145497
0.348387096774 0.155889145497
0.34793814433 0.155889145497
0.34749034749 0.155889145497
0.348329048843 0.156466512702
0.349165596919 0.157043879908
0.348717948718 0.157043879908
0.348271446863 0.157043879908
0.347826086957 0.157043879908
0.347381864623 0.157043879908
0.34693877551 0.157043879908
0.346496815287 0.157043879908
0.346055979644 0.157043879908
0.345616264295 0.157043879908
0.345177664975 0.157043879908
0.34474017744 0.157043879908
0.344303797468 0.157043879908
0.34386852086 0.157043879908
0.343434343434 0.157043879908
0.343001261034 0.157043879908
0.343828715365 0.157621247113
0.343396226415 0.157621247113
0.344221105528 0.158198614319
0.343789209536 0.158198614319
0.344611528822 0.158775981524
0.344180225282 0.158775981524
0.34375 0.158775981524
0.343320848939 0.158775981524
0.34289276808 0.158775981524
0.343711083437 0.15935334873
0.344527363184 0.159930715935
0.344099378882 0.159930715935
0.344913151365 0.160508083141
0.34448574969 0.160508083141
0.344059405941 0.160508083141
0.343634116193 0.160508083141
0.344444444444 0.161085450346
0.345252774353 0.161662817552
0.344827586207 0.161662817552
0.344403444034 0.161662817552
0.34398034398 0.161662817552
0.344785276074 0.162240184758
0.344362745098 0.162240184758
0.34394124847 0.162240184758
0.343520782396 0.162240184758
0.344322344322 0.162817551963
0.343902439024 0.162817551963
0.344701583435 0.163394919169
0.344282238443 0.163394919169
0.343863912515 0.163394919169
0.344660194175 0.163972286374
0.344242424242 0.163972286374
0.345036319613 0.16454965358
0.3446191052 0.16454965358
0.345410628019 0.165127020785
0.344993968637 0.165127020785
0.344578313253 0.165127020785
0.344163658243 0.165127020785
0.34375 0.165127020785
0.344537815126 0.165704387991
0.34412470024 0.165704387991
0.344910179641 0.166281755196
0.344497607656 0.166281755196
0.344086021505 0.166281755196
0.343675417661 0.166281755196
0.34326579261 0.166281755196
0.342857142857 0.166281755196
0.342449464923 0.166281755196
0.342042755344 0.166281755196
0.341637010676 0.166281755196
0.341232227488 0.166281755196
0.34201183432 0.166859122402
0.342789598109 0.167436489607
0.342384887839 0.167436489607
0.341981132075 0.167436489607
0.341578327444 0.167436489607
0.342352941176 0.168013856813
0.341950646298 0.168013856813
0.341549295775 0.168013856813
0.341148886284 0.168013856813
0.34074941452 0.168013856813
0.340350877193 0.168013856813
0.339953271028 0.168013856813
0.339556592765 0.168013856813
0.339160839161 0.168013856813
0.338766006985 0.168013856813
0.339534883721 0.168591224018
0.339140534262 0.168591224018
0.338747099768 0.168591224018
0.338354577057 0.168591224018
0.337962962963 0.168591224018
0.337572254335 0.168591224018
0.337182448037 0.168591224018
0.337946943483 0.169168591224
0.337557603687 0.169168591224
0.33831990794 0.16974595843
0.33908045977 0.170323325635
0.338691159587 0.170323325635
0.338302752294 0.170323325635
0.337915234822 0.170323325635
0.337528604119 0.170323325635
0.337142857143 0.170323325635
0.336757990868 0.170323325635
0.336374002281 0.170323325635
0.335990888383 0.170323325635
0.335608646189 0.170323325635
0.335227272727 0.170323325635
0.33484676504 0.170323325635
0.334467120181 0.170323325635
0.335220838052 0.170900692841
0.335972850679 0.171478060046
0.335593220339 0.171478060046
0.335214446953 0.171478060046
0.335963923337 0.172055427252
0.335585585586 0.172055427252
0.335208098988 0.172055427252
0.334831460674 0.172055427252
0.334455667789 0.172055427252
0.334080717489 0.172055427252
0.333706606943 0.172055427252
0.333333333333 0.172055427252
0.334078212291 0.172632794457
0.334821428571 0.173210161663
0.335562987737 0.173787528868
0.335189309577 0.173787528868
0.334816462736 0.173787528868
0.334444444444 0.173787528868
0.334073251942 0.173787528868
0.333702882483 0.173787528868
0.334440753045 0.174364896074
0.33517699115 0.174942263279
0.334806629834 0.174942263279
0.334437086093 0.174942263279
0.334068357222 0.174942263279
0.334801762115 0.175519630485
0.334433443344 0.175519630485
0.334065934066 0.175519630485
0.333699231614 0.175519630485
0.333333333333 0.175519630485
0.332968236583 0.175519630485
0.332603938731 0.175519630485
0.333333333333 0.176096997691
0.332969432314 0.176096997691
0.332606324973 0.176096997691
0.332244008715 0.176096997691
0.331882480958 0.176096997691
0.33152173913 0.176096997691
0.331161780673 0.176096997691
0.330802603037 0.176096997691
0.331527627302 0.176674364896
0.331168831169 0.176674364896
0.330810810811 0.176674364896
0.330453563715 0.176674364896
0.330097087379 0.176674364896
0.32974137931 0.176674364896
0.329386437029 0.176674364896
0.329032258065 0.176674364896
0.328678839957 0.176674364896
0.329399141631 0.177251732102
0.329046087889 0.177251732102
0.32869379015 0.177251732102
0.329411764706 0.177829099307
0.32905982906 0.177829099307
0.32870864461 0.177829099307
0.328358208955 0.177829099307
0.328008519702 0.177829099307
0.327659574468 0.177829099307
0.328374070138 0.178406466513
0.328025477707 0.178406466513
0.328738069989 0.178983833718
0.329449152542 0.179561200924
0.330158730159 0.180138568129
0.329809725159 0.180138568129
0.330517423442 0.180715935335
0.330168776371 0.180715935335
0.330874604847 0.18129330254
0.330526315789 0.18129330254
0.330178759201 0.18129330254
0.330882352941 0.181870669746
0.331584470094 0.182448036952
0.331236897275 0.182448036952
0.330890052356 0.182448036952
0.330543933054 0.182448036952
0.331243469175 0.183025404157
0.330897703549 0.183025404157
0.33055265902 0.183025404157
0.330208333333 0.183025404157
0.329864724246 0.183025404157
0.329521829522 0.183025404157
0.329179646937 0.183025404157
0.328838174274 0.183025404157
0.328497409326 0.183025404157
0.328157349896 0.183025404157
0.327817993795 0.183025404157
0.327479338843 0.183025404157
0.328173374613 0.183602771363
0.327835051546 0.183602771363
0.327497425335 0.183602771363
0.328189300412 0.184180138568
0.32887975334 0.184757505774
0.329568788501 0.185334872979
0.330256410256 0.185912240185
0.329918032787 0.185912240185
0.329580348004 0.185912240185
0.329243353783 0.185912240185
0.328907048008 0.185912240185
0.328571428571 0.185912240185
0.328236493374 0.185912240185
0.327902240326 0.185912240185
0.327568667345 0.185912240185
0.327235772358 0.185912240185
0.326903553299 0.185912240185
0.326572008114 0.185912240185
0.326241134752 0.185912240185
0.326923076923 0.18648960739
0.326592517695 0.18648960739
0.326262626263 0.18648960739
0.325933400605 0.18648960739
0.32560483871 0.18648960739
0.326283987915 0.187066974596
0.325955734406 0.187066974596
0.325628140704 0.187066974596
0.325301204819 0.187066974596
0.324974924774 0.187066974596
0.324649298597 0.187066974596
0.324324324324 0.187066974596
0.324 0.187066974596
0.323676323676 0.187066974596
0.324351297405 0.187644341801
0.324027916251 0.187644341801
0.323705179283 0.187644341801
0.323383084577 0.187644341801
0.323061630219 0.187644341801
0.323733862959 0.188221709007
0.323412698413 0.188221709007
0.324083250743 0.188799076212
0.323762376238 0.188799076212
0.324431256182 0.189376443418
0.324110671937 0.189376443418
0.323790720632 0.189376443418
0.324457593688 0.189953810624
0.324137931034 0.189953810624
0.323818897638 0.189953810624
0.323500491642 0.189953810624
0.323182711198 0.189953810624
0.322865554465 0.189953810624
0.322549019608 0.189953810624
0.322233104799 0.189953810624
0.3228962818 0.190531177829
0.322580645161 0.190531177829
0.322265625 0.190531177829
0.321951219512 0.190531177829
0.321637426901 0.190531177829
0.321324245375 0.190531177829
0.321011673152 0.190531177829
0.320699708455 0.190531177829
0.320388349515 0.190531177829
0.320077594568 0.190531177829
0.320736434109 0.191108545035
0.320425943853 0.191108545035
0.320116054159 0.191108545035
0.319806763285 0.191108545035
0.319498069498 0.191108545035
0.31918997107 0.191108545035
0.318882466281 0.191108545035
0.318575553417 0.191108545035
0.318269230769 0.191108545035
0.317963496638 0.191108545035
0.318618042226 0.19168591224
0.318312559923 0.19168591224
0.318007662835 0.19168591224
0.317703349282 0.19168591224
0.318355640535 0.192263279446
0.318051575931 0.192263279446
0.318702290076 0.192840646651
0.319351763584 0.193418013857
0.319047619048 0.193418013857
0.318744053283 0.193418013857
0.318441064639 0.193418013857
0.318138651472 0.193418013857
0.317836812144 0.193418013857
0.318483412322 0.193995381062
0.318181818182 0.193995381062
0.317880794702 0.193995381062
0.318525519849 0.194572748268
0.318224740321 0.194572748268
0.317924528302 0.194572748268
0.317624882187 0.194572748268
0.317325800377 0.194572748268
0.317027281279 0.194572748268
0.316729323308 0.194572748268
0.316431924883 0.194572748268
0.317073170732 0.195150115473
0.316776007498 0.195150115473
0.316479400749 0.195150115473
0.316183348924 0.195150115473
0.315887850467 0.195150115473
0.315592903828 0.195150115473
0.315298507463 0.195150115473
0.315936626281 0.195727482679
0.315642458101 0.195727482679
0.315348837209 0.195727482679
0.315985130112 0.196304849885
0.315691736305 0.196304849885
0.316326530612 0.19688221709
0.316033364226 0.19688221709
0.315740740741 0.19688221709
0.315448658649 0.19688221709
0.315157116451 0.19688221709
0.31486611265 0.19688221709
0.314575645756 0.19688221709
0.314285714286 0.19688221709
0.314917127072 0.197459584296
0.315547378105 0.198036951501
0.315257352941 0.198036951501
0.314967860422 0.198036951501
0.315596330275 0.198614318707
0.315307057745 0.198614318707
0.315018315018 0.198614318707
0.31473010064 0.198614318707
0.314442413163 0.198614318707
0.315068493151 0.199191685912
0.315693430657 0.199769053118
0.315405651778 0.199769053118
0.315118397086 0.199769053118
0.315741583258 0.200346420323
0.315454545455 0.200346420323
0.315168029064 0.200346420323
0.314882032668 0.200346420323
0.315503173164 0.200923787529
0.315217391304 0.200923787529
0.315837104072 0.201501154734
0.315551537071 0.201501154734
0.315266485998 0.201501154734
0.314981949458 0.201501154734
0.31469792606 0.201501154734
0.314414414414 0.201501154734
0.314131413141 0.201501154734
0.313848920863 0.201501154734
0.314465408805 0.20207852194
0.314183123878 0.20207852194
0.313901345291 0.20207852194
0.313620071685 0.20207852194
0.314234556849 0.202655889145
0.313953488372 0.202655889145
0.313672922252 0.202655889145
0.313392857143 0.202655889145
0.314005352364 0.203233256351
0.313725490196 0.203233256351
0.313446126447 0.203233256351
0.313167259786 0.203233256351
0.312888888889 0.203233256351
0.312611012433 0.203233256351
0.312333629104 0.203233256351
0.312056737589 0.203233256351
0.312666076174 0.203810623557
0.312389380531 0.203810623557
0.312113174182 0.203810623557
0.312720848057 0.204387990762
0.312444836717 0.204387990762
0.312169312169 0.204387990762
0.311894273128 0.204387990762
0.31161971831 0.204387990762
0.311345646438 0.204387990762
0.311072056239 0.204387990762
0.31167690957 0.204965357968
0.311403508772 0.204965357968
0.312007011394 0.205542725173
0.312609457093 0.206120092379
0.312335958005 0.206120092379
0.312062937063 0.206120092379
0.311790393013 0.206120092379
0.311518324607 0.206120092379
0.311246730602 0.206120092379
0.310975609756 0.206120092379
0.310704960836 0.206120092379
0.310434782609 0.206120092379
0.310165073849 0.206120092379
0.310763888889 0.206697459584
0.310494362533 0.206697459584
0.310225303293 0.206697459584
0.309956709957 0.206697459584
0.309688581315 0.206697459584
0.309420916162 0.206697459584
0.310017271157 0.20727482679
0.309749784297 0.20727482679
0.309482758621 0.20727482679
0.309216192937 0.20727482679
0.308950086059 0.20727482679
0.308684436801 0.20727482679
0.308419243986 0.20727482679
0.308154506438 0.20727482679
0.307890222985 0.20727482679
0.307626392459 0.20727482679
0.307363013699 0.20727482679
0.307100085543 0.20727482679
0.306837606838 0.20727482679
0.30657557643 0.20727482679
0.306313993174 0.20727482679
0.306052855925 0.20727482679
0.305792163543 0.20727482679
0.306382978723 0.207852193995
0.306972789116 0.208429561201
0.306711979609 0.208429561201
0.306451612903 0.208429561201
0.306191687871 0.208429561201
0.30593220339 0.208429561201
0.306519898391 0.209006928406
0.306260575296 0.209006928406
0.306001690617 0.209006928406
0.305743243243 0.209006928406
0.305485232068 0.209006928406
0.305227655987 0.209006928406
0.304970513901 0.209006928406
0.305555555556 0.209584295612
0.305298570227 0.209584295612
0.305042016807 0.209584295612
0.304785894207 0.209584295612
0.304530201342 0.209584295612
0.304274937133 0.209584295612
0.304020100503 0.209584295612
0.303765690377 0.209584295612
0.303511705686 0.209584295612
0.303258145363 0.209584295612
0.303005008347 0.209584295612
0.302752293578 0.209584295612
0.3025 0.209584295612
0.302248126561 0.209584295612
0.301996672213 0.209584295612
0.30174563591 0.209584295612
0.302325581395 0.210161662818
0.302074688797 0.210161662818
0.301824212272 0.210161662818
0.302402651201 0.210739030023
0.302152317881 0.210739030023
0.302729528536 0.211316397229
0.302479338843 0.211316397229
0.302229562345 0.211316397229
0.30198019802 0.211316397229
0.302555647156 0.211893764434
0.302306425041 0.211893764434
0.302057613169 0.211893764434
0.301809210526 0.211893764434
0.301561216105 0.211893764434
0.3013136289 0.211893764434
0.301066447908 0.211893764434
0.301639344262 0.21247113164
0.302211302211 0.213048498845
0.301963993453 0.213048498845
0.302534750613 0.213625866051
0.303104575163 0.214203233256
0.302857142857 0.214203233256
0.302610114192 0.214203233256
0.302363488183 0.214203233256
0.302117263844 0.214203233256
0.301871440195 0.214203233256
0.30162601626 0.214203233256
0.301380991064 0.214203233256
0.301136363636 0.214203233256
0.301703163017 0.214780600462
0.301458670989 0.214780600462
0.301214574899 0.214780600462
0.300970873786 0.214780600462
0.300727566694 0.214780600462
0.300484652666 0.214780600462
0.300242130751 0.214780600462
0.300806451613 0.215357967667
0.300564061241 0.215357967667
0.300322061192 0.215357967667
0.300080450523 0.215357967667
0.299839228296 0.215357967667
0.299598393574 0.215357967667
0.299357945425 0.215357967667
0.299117882919 0.215357967667
0.298878205128 0.215357967667
0.298638911129 0.215357967667
0.2984 0.215357967667
0.298161470823 0.215357967667
0.298722044728 0.215935334873
0.298483639266 0.215935334873
0.299043062201 0.216512702079
0.299601593625 0.217090069284
0.299363057325 0.217090069284
0.299124900557 0.217090069284
0.298887122417 0.217090069284
0.298649722002 0.217090069284
0.298412698413 0.217090069284
0.298176050753 0.217090069284
0.29793977813 0.217090069284
0.297703879652 0.217090069284
0.298259493671 0.21766743649
0.298814229249 0.218244803695
0.298578199052 0.218244803695
0.298342541436 0.218244803695
0.298107255521 0.218244803695
0.297872340426 0.218244803695
0.297637795276 0.218244803695
0.298190401259 0.218822170901
0.297955974843 0.218822170901
0.297721916732 0.218822170901
0.29748822606 0.218822170901
0.297254901961 0.218822170901
0.297021943574 0.218822170901
0.296789350039 0.218822170901
0.296557120501 0.218822170901
0.297107114934 0.219399538106
0.296875 0.219399538106
0.296643247463 0.219399538106
0.296411856474 0.219399538106
0.296180826189 0.219399538106
0.295950155763 0.219399538106
0.295719844358 0.219399538106
0.295489891135 0.219399538106
0.296037296037 0.219976905312
0.296583850932 0.220554272517
0.296353762607 0.220554272517
0.296124031008 0.220554272517
0.295894655306 0.220554272517
0.295665634675 0.220554272517
0.295436968291 0.220554272517
0.295981452859 0.221131639723
0.296525096525 0.221709006928
0.296296296296 0.221709006928
0.296067848882 0.221709006928
0.295839753467 0.221709006928
0.295612009238 0.221709006928
0.296153846154 0.222286374134
0.295926210607 0.222286374134
0.295698924731 0.222286374134
0.295471987721 0.222286374134
0.296012269939 0.222863741339
0.295785440613 0.222863741339
0.295558958652 0.222863741339
0.295332823259 0.222863741339
0.295107033639 0.222863741339
0.294881588999 0.222863741339
0.295419847328 0.223441108545
0.295194508009 0.223441108545
0.294969512195 0.223441108545
0.294744859101 0.223441108545
0.294520547945 0.223441108545
0.294296577947 0.223441108545
0.294832826748 0.224018475751
0.294608959757 0.224018475751
0.294385432473 0.224018475751
0.294162244124 0.224018475751
0.293939393939 0.224018475751
0.293716881151 0.224018475751
0.293494704992 0.224018475751
0.293272864701 0.224018475751
0.293051359517 0.224018475751
0.292830188679 0.224018475751
0.293363499246 0.224595842956
0.293142426526 0.224595842956
0.292921686747 0.224595842956
0.292701279157 0.224595842956
0.292481203008 0.224595842956
0.292261457551 0.224595842956
0.292042042042 0.224595842956
0.292573143286 0.225173210162
0.292353823088 0.225173210162
0.292134831461 0.225173210162
0.291916167665 0.225173210162
0.291697830965 0.225173210162
0.291479820628 0.225173210162
0.291262135922 0.225173210162
0.291044776119 0.225173210162
0.290827740492 0.225173210162
0.290611028316 0.225173210162
0.291139240506 0.225750577367
0.291666666667 0.226327944573
0.291449814126 0.226327944573
0.291976225854 0.226905311778
0.291759465479 0.226905311778
0.291543026706 0.226905311778
0.291326908821 0.226905311778
0.291111111111 0.226905311778
0.290895632865 0.226905311778
0.290680473373 0.226905311778
0.290465631929 0.226905311778
0.290251107829 0.226905311778
0.290036900369 0.226905311778
0.28982300885 0.226905311778
0.289609432572 0.226905311778
0.290132547865 0.227482678984
0.289919058131 0.227482678984
0.289705882353 0.227482678984
0.289493019838 0.227482678984
0.290014684288 0.228060046189
0.289801907557 0.228060046189
0.289589442815 0.228060046189
0.289377289377 0.228060046189
0.289165446559 0.228060046189
0.28895391368 0.228060046189
0.288742690058 0.228060046189
0.288531775018 0.228060046189
0.288321167883 0.228060046189
0.288840262582 0.228637413395
0.288629737609 0.228637413395
0.288419519301 0.228637413395
0.288209606987 0.228637413395
0.288727272727 0.2292147806
0.289244186047 0.229792147806
0.289034132171 0.229792147806
0.288824383164 0.229792147806
0.288614938361 0.229792147806
0.288405797101 0.229792147806
0.288196958726 0.229792147806
0.287988422576 0.229792147806
0.288503253796 0.230369515012
0.28901734104 0.230946882217
0.28880866426 0.230946882217
0.2886002886 0.230946882217
0.289113193944 0.231524249423
0.288904899135 0.231524249423
0.288696904248 0.231524249423
0.288489208633 0.231524249423
0.288281811646 0.231524249423
0.288074712644 0.231524249423
0.287867910983 0.231524249423
0.287661406026 0.231524249423
0.287455197133 0.231524249423
0.287249283668 0.231524249423
0.28775948461 0.232101616628
0.287553648069 0.232101616628
0.28734810579 0.232101616628
0.287142857143 0.232101616628
0.287651677373 0.232678983834
0.287446504993 0.232678983834
0.287954383464 0.233256351039
0.287749287749 0.233256351039
0.287544483986 0.233256351039
0.28733997155 0.233256351039
0.287846481876 0.233833718245
0.287642045455 0.233833718245
0.287437899219 0.233833718245
0.287943262411 0.23441108545
0.287739192062 0.23441108545
0.287535410765 0.23441108545
0.287331917905 0.23441108545
0.287128712871 0.23441108545
0.286925795053 0.23441108545
0.286723163842 0.23441108545
0.286520818631 0.23441108545
0.286318758815 0.23441108545
0.286116983791 0.23441108545
0.285915492958 0.23441108545
0.285714285714 0.23441108545
0.285513361463 0.23441108545
0.285312719606 0.23441108545
0.285112359551 0.23441108545
0.284912280702 0.23441108545
0.285413744741 0.234988452656
0.285213735109 0.234988452656
0.285014005602 0.234988452656
0.284814555633 0.234988452656
0.284615384615 0.234988452656
0.284416491964 0.234988452656
0.284217877095 0.234988452656
0.284019539428 0.234988452656
0.283821478382 0.234988452656
0.28362369338 0.234988452656
0.283426183844 0.234988452656
0.2832289492 0.234988452656
0.283727399166 0.235565819861
0.283530229326 0.235565819861
0.283333333333 0.235565819861
0.283136710618 0.235565819861
0.28294036061 0.235565819861
0.282744282744 0.235565819861
0.282548476454 0.235565819861
0.282352941176 0.235565819861
0.282849239281 0.236143187067
0.283344851417 0.236720554273
0.283149171271 0.236720554273
0.282953761215 0.236720554273
0.283448275862 0.237297921478
0.283252929014 0.237297921478
0.28305785124 0.237297921478
0.283551273228 0.237875288684
0.283356258597 0.237875288684
0.283161512027 0.237875288684
0.282967032967 0.237875288684
0.282772820865 0.237875288684
0.282578875171 0.237875288684
0.282385195339 0.237875288684
0.282191780822 0.237875288684
0.281998631075 0.237875288684
0.281805745554 0.237875288684
0.281613123718 0.237875288684
0.281420765027 0.237875288684
0.281228668942 0.237875288684
0.281036834925 0.237875288684
0.28084526244 0.237875288684
0.280653950954 0.237875288684
0.280462899932 0.237875288684
0.280272108844 0.237875288684
0.280081577158 0.237875288684
0.279891304348 0.237875288684
0.279701289885 0.237875288684
0.279511533243 0.237875288684
0.279322033898 0.237875288684
0.279132791328 0.237875288684
0.27894380501 0.237875288684
0.278755074425 0.237875288684
0.278566599053 0.237875288684
0.278378378378 0.237875288684
0.278190411884 0.237875288684
0.278002699055 0.237875288684
0.27781523938 0.237875288684
0.277628032345 0.237875288684
0.277441077441 0.237875288684
0.277254374159 0.237875288684
0.277067921991 0.237875288684
0.27688172043 0.237875288684
0.276695768972 0.237875288684
0.276510067114 0.237875288684
0.276324614353 0.237875288684
0.276139410188 0.237875288684
0.275954454119 0.237875288684
0.275769745649 0.237875288684
0.275585284281 0.237875288684
0.275401069519 0.237875288684
0.275217100868 0.237875288684
0.275700934579 0.238452655889
0.275517011341 0.238452655889
0.275333333333 0.238452655889
0.275149900067 0.238452655889
0.274966711052 0.238452655889
0.274783765802 0.238452655889
0.27460106383 0.238452655889
0.274418604651 0.238452655889
0.274236387782 0.238452655889
0.274054412741 0.238452655889
0.273872679045 0.238452655889
0.27435387674 0.239030023095
0.27417218543 0.239030023095
0.273990734613 0.239030023095
0.27380952381 0.239030023095
0.274289491077 0.2396073903
0.274108322325 0.2396073903
0.273927392739 0.2396073903
0.273746701847 0.2396073903
0.274225444957 0.240184757506
0.274044795784 0.240184757506
0.273864384463 0.240184757506
0.273684210526 0.240184757506
0.273504273504 0.240184757506
0.27332457293 0.240184757506
0.273145108339 0.240184757506
0.272965879265 0.240184757506
0.272786885246 0.240184757506
0.272608125819 0.240184757506
0.272429600524 0.240184757506
0.272905759162 0.240762124711
0.272727272727 0.240762124711
0.272549019608 0.240762124711
0.272370999347 0.240762124711
0.272193211488 0.240762124711
0.272015655577 0.240762124711
0.27183833116 0.240762124711
0.271661237785 0.240762124711
0.272135416667 0.241339491917
0.271958360442 0.241339491917
0.27178153446 0.241339491917
0.271604938272 0.241339491917
0.271428571429 0.241339491917
0.271252433485 0.241339491917
0.271076523995 0.241339491917
0.270900842515 0.241339491917
0.270725388601 0.241339491917
0.271197411003 0.241916859122
0.271668822768 0.242494226328
0.27149321267 0.242494226328
0.271317829457 0.242494226328
0.271142672692 0.242494226328
0.270967741935 0.242494226328
0.27079303675 0.242494226328
0.270618556701 0.242494226328
0.270444301352 0.242494226328
0.27027027027 0.242494226328
0.270096463023 0.242494226328
0.269922879177 0.242494226328
0.269749518304 0.242494226328
0.269576379974 0.242494226328
0.270044900577 0.243071593533
0.269871794872 0.243071593533
0.269698910955 0.243071593533
0.269526248399 0.243071593533
0.269353806782 0.243071593533
0.269820971867 0.243648960739
0.2696485623 0.243648960739
0.269476372925 0.243648960739
0.269304403318 0.243648960739
0.269132653061 0.243648960739
0.268961121734 0.243648960739
0.268789808917 0.243648960739
0.268618714195 0.243648960739
0.26844783715 0.243648960739
0.268912905277 0.244226327945
0.26874205845 0.244226327945
0.268571428571 0.244226327945
0.268401015228 0.244226327945
0.268230818009 0.244226327945
0.268060836502 0.244226327945
0.267891070298 0.244226327945
0.267721518987 0.244226327945
0.267552182163 0.244226327945
0.26801517067 0.24480369515
0.267845862287 0.24480369515
0.267676767677 0.24480369515
0.267507886435 0.24480369515
0.267339218159 0.24480369515
0.267170762445 0.24480369515
0.267002518892 0.24480369515
0.266834487099 0.24480369515
0.266666666667 0.24480369515
0.266499057197 0.24480369515
0.266331658291 0.24480369515
0.266164469554 0.24480369515
0.26599749059 0.24480369515
0.265830721003 0.24480369515
0.265664160401 0.24480369515
0.265497808391 0.24480369515
0.265331664581 0.24480369515
0.26516572858 0.24480369515
0.265 0.24480369515
0.264834478451 0.24480369515
0.264669163546 0.24480369515
0.264504054897 0.24480369515
0.26433915212 0.24480369515
0.264174454829 0.24480369515
0.26400996264 0.24480369515
0.263845675171 0.24480369515
0.26368159204 0.24480369515
0.263517712865 0.24480369515
0.263354037267 0.24480369515
0.263190564867 0.24480369515
0.263027295285 0.24480369515
0.262864228146 0.24480369515
0.262701363073 0.24480369515
0.26253869969 0.24480369515
0.262995049505 0.245381062356
0.26283240569 0.245381062356
0.262669962917 0.245381062356
0.262507720815 0.245381062356
0.262962962963 0.245958429561
0.262800740284 0.245958429561
0.262638717633 0.245958429561
0.26247689464 0.245958429561
0.262315270936 0.245958429561
0.262153846154 0.245958429561
0.261992619926 0.245958429561
0.261831591887 0.245958429561
0.261670761671 0.245958429561
0.261510128913 0.245958429561
0.261349693252 0.245958429561
0.261189454323 0.245958429561
0.261029411765 0.245958429561
0.260869565217 0.245958429561
0.261321909425 0.246535796767
0.261162079511 0.246535796767
0.261002444988 0.246535796767
0.260843005498 0.246535796767
0.261294261294 0.247113163972
0.261134838316 0.247113163972
0.260975609756 0.247113163972
0.260816575259 0.247113163972
0.26065773447 0.247113163972
0.260499087036 0.247113163972
0.260340632603 0.247113163972
0.260790273556 0.247690531178
0.260631834751 0.247690531178
0.260473588342 0.247690531178
0.260315533981 0.247690531178
0.260157671316 0.247690531178
0.26 0.247690531178
0.259842519685 0.247690531178
0.259685230024 0.247690531178
0.259528130672 0.247690531178
0.259975816203 0.248267898383
0.259818731118 0.248267898383
0.260265700483 0.248845265589
0.260108630054 0.248845265589
0.259951749095 0.248845265589
0.260397830018 0.249422632794
0.260240963855 0.249422632794
0.260084286574 0.249422632794
0.260529482551 0.25
0.260974143115 0.250577367206
0.261418269231 0.251154734411
0.261261261261 0.251154734411
0.261104441777 0.251154734411
0.260947810438 0.251154734411
0.260791366906 0.251154734411
0.261234272019 0.251732101617
0.261077844311 0.251732101617
0.26092160383 0.251732101617
0.260765550239 0.251732101617
0.261207411835 0.252309468822
0.261051373955 0.252309468822
0.260895522388 0.252309468822
0.260739856802 0.252309468822
0.260584376863 0.252309468822
0.260429082241 0.252309468822
0.260273972603 0.252309468822
0.260714285714 0.252886836028
0.260559190958 0.252886836028
0.260404280618 0.252886836028
0.260249554367 0.252886836028
0.260095011876 0.252886836028
0.259940652819 0.252886836028
0.259786476868 0.252886836028
0.259632483699 0.252886836028
0.259478672986 0.252886836028
0.259325044405 0.252886836028
0.259171597633 0.252886836028
0.259018332348 0.252886836028
0.258865248227 0.252886836028
0.25871234495 0.252886836028
0.258559622196 0.252886836028
0.258407079646 0.252886836028
0.258844339623 0.253464203233
0.258691809075 0.253464203233
0.258539458186 0.253464203233
0.258387286639 0.253464203233
0.258235294118 0.253464203233
0.258671369782 0.254041570439
0.258519388954 0.254041570439
0.258367586612 0.254041570439
0.258802816901 0.254618937644
0.258651026393 0.254618937644
0.259085580305 0.25519630485
0.258933801992 0.25519630485
0.259367681499 0.255773672055
0.259801053248 0.256351039261
0.259649122807 0.256351039261
0.259497369959 0.256351039261
0.259929906542 0.256928406467
0.259778166959 0.256928406467
0.260210035006 0.257505773672
0.260058309038 0.257505773672
0.26048951049 0.258083140878
0.260337798486 0.258083140878
0.260186263097 0.258083140878
0.260034904014 0.258083140878
0.25988372093 0.258083140878
0.259732713539 0.258083140878
0.259581881533 0.258083140878
0.259431224608 0.258083140878
0.259280742459 0.258083140878
0.259130434783 0.258083140878
0.258980301275 0.258083140878
0.259409380428 0.258660508083
0.259259259259 0.258660508083
0.259109311741 0.258660508083
0.258959537572 0.258660508083
0.258809936453 0.258660508083
0.258660508083 0.258660508083
0.258511252164 0.258660508083
0.258362168397 0.258660508083
0.25878962536 0.259237875289
0.259216589862 0.259815242494
0.259067357513 0.259815242494
0.258918296893 0.259815242494
0.258769407706 0.259815242494
0.259195402299 0.2603926097
0.259046524986 0.2603926097
0.258897818599 0.2603926097
0.258749282846 0.2603926097
0.258600917431 0.2603926097
0.258452722063 0.2603926097
0.258304696449 0.2603926097
0.258156840298 0.2603926097
0.258009153318 0.2603926097
0.25786163522 0.2603926097
0.257714285714 0.2603926097
0.257567104512 0.2603926097
0.25799086758 0.260969976905
0.25784369652 0.260969976905
0.257696693273 0.260969976905
0.25754985755 0.260969976905
0.257403189066 0.260969976905
0.257256687536 0.260969976905
0.257110352673 0.260969976905
0.256964184196 0.260969976905
0.256818181818 0.260969976905
0.256672345258 0.260969976905
0.256526674234 0.260969976905
0.256381168463 0.260969976905
0.256235827664 0.260969976905
0.256090651558 0.260969976905
0.25651189128 0.261547344111
0.25636672326 0.261547344111
0.256221719457 0.261547344111
0.256076879593 0.261547344111
0.25593220339 0.261547344111
0.25578769057 0.261547344111
0.256207674944 0.262124711316
0.256063169769 0.262124711316
0.255918827508 0.262124711316
0.255774647887 0.262124711316
0.255630630631 0.262124711316
0.255486775464 0.262124711316
0.255343082115 0.262124711316
0.255199550309 0.262124711316
0.255056179775 0.262124711316
0.254912970241 0.262124711316
0.255331088664 0.262702078522
0.255187885586 0.262702078522
0.255044843049 0.262702078522
0.254901960784 0.262702078522
0.254759238522 0.262702078522
0.254616675993 0.262702078522
0.254474272931 0.262702078522
0.254332029067 0.262702078522
0.254189944134 0.262702078522
0.254606365159 0.263279445727
0.254464285714 0.263279445727
0.254322364752 0.263279445727
0.254180602007 0.263279445727
0.254596100279 0.263856812933
0.255011135857 0.264434180139
0.255425709516 0.265011547344
0.255283648498 0.265011547344
0.255141745414 0.265011547344
0.255 0.265011547344
0.254858411993 0.265011547344
0.254716981132 0.265011547344
0.254575707155 0.265011547344
0.2544345898 0.265011547344
0.254293628809 0.265011547344
0.25415282392 0.265011547344
0.254565578307 0.26558891455
0.254424778761 0.26558891455
0.254284134881 0.26558891455
0.254143646409 0.26558891455
0.254003313087 0.26558891455
0.253863134658 0.26558891455
0.253723110866 0.26558891455
0.253583241455 0.26558891455
0.253443526171 0.26558891455
0.253303964758 0.26558891455
0.253714914695 0.266166281755
0.253575357536 0.266166281755
0.253435953821 0.266166281755
0.253296703297 0.266166281755
0.253157605711 0.266166281755
0.253018660812 0.266166281755
0.252879868349 0.266166281755
0.253289473684 0.266743648961
0.253150684932 0.266743648961
0.253559693319 0.267321016166
0.253420908593 0.267321016166
0.253282275711 0.267321016166
0.253143794423 0.267321016166
0.253005464481 0.267321016166
0.252867285636 0.267321016166
0.25327510917 0.267898383372
0.253682487725 0.268475750577
0.253544165758 0.268475750577
0.25340599455 0.268475750577
0.253267973856 0.268475750577
0.25313010343 0.268475750577
0.253536452666 0.269053117783
0.253398586188 0.269053117783
0.253260869565 0.269053117783
0.253123302553 0.269053117783
0.252985884908 0.269053117783
0.252848616386 0.269053117783
0.252711496746 0.269053117783
0.252574525745 0.269053117783
0.252437703142 0.269053117783
0.252301028695 0.269053117783
0.252164502165 0.269053117783
0.25202812331 0.269053117783
0.251891891892 0.269053117783
0.251755807672 0.269053117783
0.252159827214 0.269630484988
0.252563410685 0.270207852194
0.252427184466 0.270207852194
0.252291105121 0.270207852194
0.252155172414 0.270207852194
0.252019386107 0.270207852194
0.251883745963 0.270207852194
0.252286175363 0.2707852194
0.252150537634 0.2707852194
0.252015045674 0.2707852194
0.251879699248 0.2707852194
0.251744498121 0.2707852194
0.25160944206 0.2707852194
0.251474530831 0.2707852194
0.251339764202 0.2707852194
0.251205141939 0.2707852194
0.251605995717 0.271362586605
0.251471375067 0.271362586605
0.251336898396 0.271362586605
0.251202565473 0.271362586605
0.251068376068 0.271362586605
0.250934329952 0.271362586605
0.250800426894 0.271362586605
0.250666666667 0.271362586605
0.250533049041 0.271362586605
0.250932338839 0.271939953811
0.250798722045 0.271939953811
0.250665247472 0.271939953811
0.250531914894 0.271939953811
0.250398724083 0.271939953811
0.250265674814 0.271939953811
0.250132766861 0.271939953811
0.25 0.271939953811
0.249867374005 0.271939953811
0.249734888653 0.271939953811
0.24960254372 0.271939953811
0.25 0.272517321016
0.249867654844 0.272517321016
0.249735449735 0.272517321016
0.249603384453 0.272517321016
0.249471458774 0.272517321016
0.249339672478 0.272517321016
0.249208025343 0.272517321016
0.249604221636 0.273094688222
0.24947257384 0.273094688222
0.249341064839 0.273094688222
0.249209694415 0.273094688222
0.249078462349 0.273094688222
0.248947368421 0.273094688222
0.248816412415 0.273094688222
0.248685594111 0.273094688222
0.248554913295 0.273094688222
0.248424369748 0.273094688222
0.248293963255 0.273094688222
0.248163693599 0.273094688222
0.248033560566 0.273094688222
0.247903563941 0.273094688222
0.248297537978 0.273672055427
0.248167539267 0.273672055427
0.248037676609 0.273672055427
0.247907949791 0.273672055427
0.247778358599 0.273672055427
0.247648902821 0.273672055427
0.247519582245 0.273672055427
0.24739039666 0.273672055427
0.247261345853 0.273672055427
0.247132429614 0.273672055427
0.247003647733 0.273672055427
0.246875 0.273672055427
0.246746486205 0.273672055427
0.246618106139 0.273672055427
0.246489859594 0.273672055427
0.246881496881 0.274249422633
0.246753246753 0.274249422633
0.247144340602 0.274826789838
0.247016087182 0.274826789838
0.247406639004 0.275404157044
0.247278382582 0.275404157044
0.247668393782 0.275981524249
0.247540134645 0.275981524249
0.247412008282 0.275981524249
0.247284014485 0.275981524249
0.247156153051 0.275981524249
0.247028423773 0.275981524249
0.246900826446 0.275981524249
0.246773360867 0.275981524249
0.246646026832 0.275981524249
0.246518824136 0.275981524249
0.246391752577 0.275981524249
0.246264811953 0.275981524249
0.24613800206 0.275981524249
0.246011322697 0.275981524249
0.245884773663 0.275981524249
0.245758354756 0.275981524249
0.245632065776 0.275981524249
0.245505906523 0.275981524249
0.245379876797 0.275981524249
0.245253976398 0.275981524249
0.245128205128 0.275981524249
0.245515120451 0.276558891455
0.245389344262 0.276558891455
0.245263696877 0.276558891455
0.245138178096 0.276558891455
0.245012787724 0.276558891455
0.244887525562 0.276558891455
0.244762391415 0.276558891455
0.244637385087 0.276558891455
0.244512506381 0.276558891455
0.244387755102 0.276558891455
0.244263131056 0.276558891455
0.244138634047 0.276558891455
0.244014263882 0.276558891455
0.244399185336 0.277136258661
0.24427480916 0.277136258661
0.244659206511 0.277713625866
0.245043213015 0.278290993072
0.244918699187 0.278290993072
0.244794311833 0.278290993072
0.244670050761 0.278290993072
0.244545915779 0.278290993072
0.244929006085 0.278868360277
0.244804865687 0.278868360277
0.244680851064 0.278868360277
0.244556962025 0.278868360277
0.244433198381 0.278868360277
0.244309559939 0.278868360277
0.244186046512 0.278868360277
0.244062657908 0.278868360277
0.244444444444 0.279445727483
0.244321049975 0.279445727483
0.24419778002 0.279445727483
0.244074634392 0.279445727483
0.243951612903 0.279445727483
0.243828715365 0.279445727483
0.243705941591 0.279445727483
0.243583291394 0.279445727483
0.243460764588 0.279445727483
0.243338360985 0.279445727483
0.243216080402 0.279445727483
0.243093922652 0.279445727483
0.243473895582 0.280023094688
0.243351731059 0.280023094688
0.243229689067 0.280023094688
0.243609022556 0.280600461894
0.243987975952 0.281177829099
0.243865798698 0.281177829099
0.243743743744 0.281177829099
0.243621810905 0.281177829099
0.2435 0.281177829099
0.243378310845 0.281177829099
0.243256743257 0.281177829099
0.243135297054 0.281177829099
0.243013972056 0.281177829099
0.24289276808 0.281177829099
0.242771684945 0.281177829099
0.243148978575 0.281755196305
0.243525896414 0.28233256351
0.243404678945 0.28233256351
0.243781094527 0.282909930716
0.243659870711 0.282909930716
0.244035785288 0.283487297921
0.24391455539 0.283487297921
0.243793445879 0.283487297921
0.244168734491 0.284064665127
0.244543650794 0.284642032333
0.244422409519 0.284642032333
0.244301288404 0.284642032333
0.244675581971 0.285219399538
0.244554455446 0.285219399538
0.24492825334 0.285796766744
0.245301681503 0.286374133949
0.245180425111 0.286374133949
0.245059288538 0.286374133949
0.244938271605 0.286374133949
0.244817374136 0.286374133949
0.244696595955 0.286374133949
0.244575936884 0.286374133949
0.24494825037 0.286951501155
0.244827586207 0.286951501155
0.245199409158 0.28752886836
0.245078740157 0.28752886836
0.245450073783 0.288106235566
0.245329400197 0.288106235566
0.245208845209 0.288106235566
0.245088408644 0.288106235566
0.244968090329 0.288106235566
0.245338567223 0.288683602771
0.245218244237 0.288683602771
0.245098039216 0.288683602771
0.245467907888 0.289260969977
0.245347698335 0.289260969977
0.245227606461 0.289260969977
0.245107632094 0.289260969977
0.245476772616 0.289838337182
0.245356793744 0.289838337182
0.245236932096 0.289838337182
0.2451171875 0.289838337182
0.245485602733 0.290415704388
0.245365853659 0.290415704388
0.245246221355 0.290415704388
0.245126705653 0.290415704388
0.245007306381 0.290415704388
0.244888023369 0.290415704388
0.244768856448 0.290415704388
0.244649805447 0.290415704388
0.244530870199 0.290415704388
0.244412050534 0.290415704388
0.244293346285 0.290415704388
0.244174757282 0.290415704388
0.244541484716 0.290993071594
0.244422890398 0.290993071594
0.244304411052 0.290993071594
0.244186046512 0.290993071594
0.24406779661 0.290993071594
0.243949661181 0.290993071594
0.243831640058 0.290993071594
0.243713733075 0.290993071594
0.243595940068 0.290993071594
0.243961352657 0.291570438799
0.243843553839 0.291570438799
0.244208494208 0.292147806005
0.244090689822 0.292147806005
0.243972999036 0.292147806005
0.243855421687 0.292147806005
0.243737957611 0.292147806005
0.243620606644 0.292147806005
0.243984600577 0.29272517321
0.244348244348 0.293302540416
0.244230769231 0.293302540416
0.244113407016 0.293302540416
0.243996157541 0.293302540416
0.243879020643 0.293302540416
0.243761996161 0.293302540416
0.243645083933 0.293302540416
0.243528283797 0.293302540416
