88137 1 0.991423070431
14082 4 0.985945522785
12657 1 0.979626595974
9676 1 0.975928604603
76784 1 0.974690794945
22177 4 0.973080098629
28079 1 0.972262859344
58500 1 0.965967774391
57243 1 0.965624153614
89443 1 0.965226769447
69665 1 0.961162030697
65433 4 0.960478723049
32660 1 0.959403753281
11801 4 0.958384692669
38742 1 0.958366513252
54586 1 0.957763254642
72879 1 0.956600010395
634 1 0.95563685894
45000 1 0.954997777939
48689 1 0.954002320766
20917 1 0.953341245651
91609 1 0.952918231487
37914 1 0.952120244503
4064 1 0.95143443346
41675 1 0.951230108738
82299 1 0.946700513363
5231 1 0.944070279598
89000 1 0.94282245636
3527 1 0.941606879234
44997 1 0.941481530666
2067 1 0.938485741615
9460 1 0.938172161579
85896 1 0.93805462122
25872 1 0.936243593693
38955 1 0.935435116291
82160 4 0.934879660606
52820 1 0.933346152306
70281 1 0.93314230442
58418 1 0.932793796062
1852 1 0.931998491287
60763 4 0.931339263916
21548 1 0.930007874966
66772 4 0.929613888264
62894 1 0.929431498051
49616 1 0.92888045311
53230 1 0.928493797779
66591 1 0.927946150303
86982 1 0.926954865456
71725 1 0.926942110062
91210 1 0.926866710186
88783 1 0.925756573677
10153 1 0.924104571342
20045 4 0.924043476582
76866 4 0.923715949059
54265 1 0.923331797123
46007 1 0.922695457935
65238 1 0.921918749809
37843 1 0.92163670063
62181 4 0.920480847359
25828 4 0.919527649879
46690 4 0.919287502766
7852 1 0.918587982655
76245 1 0.918006360531
38092 1 0.917251110077
31102 1 0.916978895664
26790 1 0.916440784931
41674 1 0.915365695953
11595 1 0.915242433548
58146 1 0.914878606796
18976 1 0.914478778839
80608 1 0.912826776505
59029 1 0.912768065929
65431 4 0.912596583366
37761 1 0.912078440189
35197 1 0.911740601063
86981 1 0.910941302776
59276 1 0.910454273224
78215 1 0.910123288631
5248 1 0.909457743168
26715 1 0.908228576183
51754 1 0.907038152218
86336 1 0.907019197941
76717 1 0.905487656593
19747 1 0.905140697956
52262 4 0.904475808144
22721 1 0.90380781889
63153 1 0.903766036034
29398 4 0.902842342854
64152 1 0.902719557285
71726 1 0.902592003345
39181 1 0.902443766594
20501 1 0.902260959148
40502 1 0.902001440525
18460 1 0.899334847927
1913 4 0.899292171001
34792 1 0.899143397808
67140 1 0.898703575134
20804 1 0.898195981979
11596 1 0.896875143051
34090 1 0.896746218204
89444 1 0.896596610546
5384 1 0.896289467812
23356 1 0.895474791527
90352 4 0.895348250866
28736 1 0.894837260246
22247 1 0.893230557442
10306 4 0.892956078053
25772 1 0.892455995083
60218 1 0.891916275024
78651 1 0.890822827816
5914 1 0.889585673809
55507 4 0.888959825039
51124 1 0.888757586479
2973 1 0.888731598854
7240 1 0.88862413168
19227 1 0.8880610466
50967 1 0.887995839119
25890 1 0.887740135193
4095 1 0.887095272541
22257 1 0.886698544025
7393 1 0.88664996624
87927 1 0.886544644833
68717 1 0.885928571224
38374 1 0.885766685009
7243 1 0.884999513626
19330 1 0.884769618511
85153 1 0.88454657793
72198 1 0.883828222752
36505 1 0.883602440357
26497 1 0.882623314857
78189 4 0.882449388504
5939 1 0.879141032696
87612 1 0.879001021385
25807 1 0.877876281738
19589 1 0.877773284912
50546 4 0.877296686172
55623 4 0.876864731312
53638 1 0.876273274422
78730 1 0.873095214367
64146 1 0.872881233692
32044 1 0.872519850731
22367 1 0.872318148613
1996 1 0.872053802013
60088 1 0.871970176697
78216 1 0.871622860432
34665 4 0.871367156506
13538 1 0.87078744173
28814 1 0.870520293713
1321 4 0.869803607464
86484 1 0.869059026241
81104 1 0.86875551939
9921 1 0.86818665266
68650 1 0.86735200882
72607 1 0.866283893585
41233 1 0.866159558296
48585 1 0.865556299686
65577 4 0.865051269531
61917 1 0.863726973534
89796 1 0.863019227982
62370 1 0.863007605076
1610 4 0.862774431705
87258 1 0.862374305725
32139 1 0.862149953842
79503 4 0.860677778721
32110 4 0.860454261303
89266 1 0.860437572002
57739 1 0.8601526618
10307 4 0.860115110874
44361 1 0.859869897366
88379 1 0.859713673592
27113 1 0.858871102333
57651 1 0.858641147614
70943 1 0.858245134354
5585 1 0.858222484589
87498 1 0.857634603977
46201 1 0.857025027275
60071 1 0.856259047985
66775 1 0.855834305286
1273 1 0.855389475822
39959 1 0.85463398695
49018 1 0.854084014893
85472 1 0.853737235069
54560 1 0.853560328484
21386 1 0.853537738323
12810 1 0.852986097336
32859 1 0.852180659771
90137 1 0.851326406002
53930 1 0.851087927818
25672 1 0.850848674774
39054 1 0.850330471992
27835 1 0.849746763706
42711 1 0.849281549454
70273 1 0.848279595375
66901 1 0.846493542194
34156 1 0.846111655235
3137 1 0.846050620079
4048 1 0.845494389534
21937 1 0.844800531864
36501 1 0.844401240349
82825 1 0.844300270081
72207 4 0.844052314758
19745 1 0.843823254108
48117 4 0.843578279018
90383 1 0.843292713165
62098 4 0.84315353632
43706 1 0.84300994873
68720 1 0.842891335487
50241 1 0.841496109962
4331 1 0.840987324715
2258 1 0.840518295765
9295 1 0.840174674988
42424 1 0.839725315571
10439 1 0.839396834373
16634 1 0.839218318462
81143 1 0.838657021523
46512 1 0.837783575058
7699 1 0.837738215923
51065 4 0.837516605854
83543 1 0.837199270725
4646 1 0.836230158806
1174 1 0.836075007915
66441 1 0.835453212261
27028 1 0.834937691689
51715 1 0.834455966949
63949 1 0.8342923522
21233 1 0.834032177925
55415 1 0.833798408508
87308 1 0.833571851254
79453 1 0.833276212215
8518 4 0.832443714142
36052 1 0.832294881344
69082 1 0.83121740818
91277 4 0.83025842905
19082 4 0.830017864704
23150 1 0.829923927784
42415 1 0.829870343208
22526 1 0.824983239174
20203 1 0.824858903885
9813 1 0.82450401783
86230 1 0.824426114559
52357 1 0.824305772781
7933 1 0.823390066624
5932 1 0.821862220764
66956 1 0.821413993835
40155 1 0.821375370026
4415 1 0.820858001709
5885 1 0.820678591728
52508 4 0.82030582428
59721 1 0.82013720274
46242 1 0.81981664896
27539 1 0.819762766361
32412 1 0.818800508976
48387 1 0.818537592888
31959 1 0.817710340023
51699 1 0.813391029835
28451 1 0.812687933445
14748 1 0.812677204609
34256 1 0.812662482262
78650 1 0.8126308918
4429 4 0.812574326992
13247 1 0.81231623888
87338 1 0.810878276825
85006 4 0.809553027153
66444 1 0.808676600456
4493 1 0.808129191399
71006 1 0.808116555214
16093 1 0.806345939636
62182 4 0.805885136127
45977 1 0.805746376514
23374 4 0.80547451973
43077 1 0.804922580719
8175 1 0.803949534893
55509 1 0.802747309208
5475 1 0.80209338665
27428 1 0.80120664835
5913 1 0.800962924957
55134 1 0.800159811974
43375 1 0.799612641335
90183 1 0.799460709095
77568 4 0.79936259985
50965 1 0.799180090427
5059 1 0.798905849457
900 1 0.797655880451
2356 1 0.796267092228
18509 1 0.795757472515
90999 1 0.795534849167
248 1 0.794439554214
89669 1 0.794400930405
13027 1 0.794122755527
15916 1 0.794048011303
78741 1 0.793406963348
69181 1 0.792899668217
60479 1 0.792864501476
31584 1 0.79225564003
3690 1 0.79151237011
30077 1 0.790884017944
371 1 0.790705263615
5661 1 0.790433943272
21762 1 0.789685606956
48372 4 0.787856400013
25629 1 0.787823557854
62786 1 0.786647677422
63133 1 0.78591799736
41789 1 0.785576403141
3914 1 0.785319387913
43256 1 0.785019516945
40983 1 0.784748971462
45979 1 0.784596681595
4113 1 0.784494400024
37506 1 0.78446906805
57171 1 0.783610582352
88658 1 0.783284246922
72592 1 0.783214628696
74303 1 0.782376348972
40156 1 0.781775414944
45625 1 0.781053245068
76743 1 0.780554771423
64116 1 0.779509186745
21659 1 0.779368579388
70760 1 0.778949558735
11716 1 0.77893871069
83201 1 0.778452277184
73337 1 0.776878535748
54976 1 0.776778042316
42425 1 0.776747465134
66150 1 0.776585161686
55447 1 0.776555478573
5356 1 0.776354849339
90061 1 0.776347577572
63145 1 0.776130259037
60483 1 0.775878787041
70562 1 0.775855600834
70410 1 0.775599837303
16350 1 0.774444043636
10956 1 0.774274706841
20746 1 0.773965716362
71394 1 0.773573219776
42126 1 0.773351430893
3171 1 0.772109389305
4726 1 0.772025406361
60136 1 0.770974516869
23003 1 0.7705052495
42227 4 0.770185232162
24163 1 0.770142197609
19175 4 0.769945502281
55165 1 0.769450366497
6592 1 0.769266068935
47616 1 0.76916795969
49556 4 0.769120693207
73819 1 0.768886625767
45492 1 0.768825471401
9304 1 0.767956018448
64186 1 0.767876923084
22638 1 0.767814099789
84960 4 0.767762720585
38992 1 0.767649292946
11394 1 0.767102479935
61749 1 0.766970217228
32622 4 0.766873598099
69938 1 0.76648658514
40985 1 0.76635491848
28109 1 0.766322076321
90475 1 0.766278982162
30298 1 0.766239345074
28455 1 0.765924215317
62056 1 0.76584148407
28649 1 0.765673220158
89664 1 0.76555544138
76523 1 0.765528619289
20074 1 0.76537156105
20511 1 0.763508975506
43610 1 0.763363599777
5563 1 0.762772619724
12980 4 0.762355446815
67139 1 0.762317717075
73113 1 0.762000322342
60907 1 0.761913836002
42076 1 0.761745870113
64789 1 0.761514544487
37508 1 0.761095046997
54489 1 0.76100808382
7385 1 0.760848581791
78214 1 0.760833442211
642 1 0.760512650013
59280 1 0.760307788849
2155 1 0.759836673737
58487 1 0.759392440319
39061 1 0.759157836437
67029 1 0.75908946991
48389 1 0.758945047855
66030 1 0.758868396282
10038 1 0.758788228035
16660 1 0.758432686329
73947 1 0.758250832558
4192 1 0.758006334305
14156 1 0.757153570652
5916 1 0.756195902824
18336 1 0.755737483501
40405 1 0.755649626255
77209 1 0.754835128784
75919 1 0.754304111004
7394 1 0.753701925278
18571 1 0.753678560257
52402 4 0.753628075123
24513 1 0.753517270088
11773 1 0.753320932388
70353 1 0.753241539001
50334 1 0.753186762333
34334 1 0.75282895565
37766 1 0.752651453018
7935 1 0.752495884895
83315 1 0.752303183079
76575 1 0.752151787281
63130 1 0.751627743244
28520 1 0.751545608044
82031 1 0.751283526421
33326 4 0.750638127327
32886 1 0.750546395779
2102 1 0.750308573246
54544 1 0.750282466412
50277 1 0.750195264816
77331 1 0.750148773193
21635 4 0.749556183815
81131 4 0.74944883585
18394 1 0.749323248863
81521 1 0.748947024345
51218 1 0.74889087677
43711 1 0.748632669449
44930 1 0.748450875282
89731 1 0.748042345047
7341 1 0.747968316078
79629 1 0.74751496315
70388 4 0.747298777103
41403 1 0.746857762337
79329 1 0.746845006943
20747 1 0.746557414532
84797 1 0.74649810791
3138 1 0.74633961916
32164 1 0.746112704277
13922 1 0.745138585567
18244 1 0.745047926903
86146 1 0.744767248631
38957 1 0.744608819485
20440 1 0.743966042995
28666 1 0.743435382843
21416 1 0.743363559246
54679 1 0.741974771023
73338 1 0.741754829884
23196 1 0.741417527199
42426 1 0.741323947906
89678 1 0.741110563278
37173 4 0.740922152996
18237 1 0.740657925606
5697 1 0.7406077981
78019 1 0.740371465683
5232 1 0.740007221699
82521 1 0.739637255669
89191 4 0.739344656467
18427 1 0.739322066307
4109 1 0.739029169083
13017 1 0.738710105419
5011 1 0.738653242588
36405 4 0.73855984211
64554 1 0.738302826881
19749 1 0.738242268562
59772 1 0.738118946552
34094 1 0.737898111343
12557 1 0.737153351307
30880 1 0.736839175224
86329 1 0.736245691776
35407 1 0.735162973404
25777 1 0.732906579971
1304 1 0.732556462288
7797 1 0.732109606266
52899 1 0.732050001621
1958 1 0.73184221983
90134 1 0.731748759747
45718 1 0.731605470181
69943 1 0.731255114079
55194 1 0.730708956718
2364 1 0.730659902096
3706 1 0.73026996851
80828 1 0.729919135571
24176 1 0.729849755764
19730 1 0.729801118374
84800 1 0.729752063751
8656 1 0.728377640247
51074 4 0.72800886631
37412 1 0.727771401405
64040 1 0.727750778198
26687 1 0.727678775787
10345 4 0.727492034435
19532 1 0.727225124836
65527 1 0.726880371571
20713 1 0.726645767689
25426 1 0.726493537426
36030 1 0.726453065872
25204 4 0.726365029812
4358 1 0.725276470184
55877 1 0.725073039532
68642 1 0.72495919466
85459 1 0.724715352058
49832 1 0.724559605122
21197 1 0.72414880991
68658 1 0.723866581917
76572 1 0.72379386425
16049 1 0.723790228367
30926 1 0.723105013371
82402 1 0.722982764244
20283 4 0.722411513329
55698 1 0.721947014332
55464 1 0.721866548061
8105 1 0.72183406353
62216 4 0.721728622913
18109 1 0.721467971802
1313 1 0.721300840378
66282 1 0.720571041107
69027 1 0.718943536282
78630 1 0.718627214432
30462 1 0.718622326851
42455 1 0.718275427818
79296 1 0.717654168606
20213 1 0.717110514641
32168 1 0.71689671278
83506 1 0.716880857944
44436 1 0.71650737524
84822 1 0.716443121433
36792 1 0.714844048023
25580 1 0.71367430687
7806 1 0.713185846806
7537 1 0.712848544121
24165 1 0.712165474892
29148 1 0.711799383163
18170 1 0.711455106735
4880 1 0.711193203926
56782 1 0.710425078869
88844 4 0.710409700871
90912 1 0.710114657879
3231 1 0.709606409073
62046 1 0.709187805653
5783 1 0.708977401257
44020 1 0.708151757717
50492 1 0.707710802555
36940 1 0.707441568375
62552 1 0.707242429256
33781 1 0.706726908684
22693 1 0.70618981123
12660 1 0.705937683582
68555 4 0.705937623978
9956 1 0.705621242523
71281 1 0.705198824406
16910 4 0.705197453499
72276 1 0.705159068108
38229 1 0.704569280148
80993 1 0.704505860806
39710 1 0.704381346703
67265 1 0.703602135181
78322 1 0.703405797482
49274 1 0.70339858532
12234 4 0.702862858772
60106 1 0.702626049519
192 1 0.702315807343
8680 1 0.702213823795
36888 1 0.701344132423
13056 1 0.70101827383
10397 4 0.700505793095
43894 1 0.700300335884
6447 1 0.699989557266
25695 1 0.699413657188
11045 1 0.699347913265
20451 1 0.699305593967
74592 1 0.699116945267
69937 1 0.699034452438
64638 1 0.699024736881
8162 1 0.698084592819
44164 1 0.697746932507
22211 1 0.697719633579
31906 4 0.69760453701
325 1 0.697537541389
62554 1 0.697133898735
87067 1 0.697028875351
15793 1 0.696475505829
61513 1 0.696416974068
6958 1 0.695850849152
41365 1 0.695739090443
61748 1 0.695619881153
910 1 0.695552647114
49688 1 0.69490391016
77254 1 0.694798767567
34787 1 0.694358050823
58385 1 0.694014668465
3865 1 0.693405807018
67849 4 0.693231284618
45982 1 0.693194448948
193 1 0.693148255348
44946 1 0.692887783051
67129 1 0.691770374775
85804 1 0.691444516182
50117 1 0.691082894802
81823 1 0.691040813923
26490 1 0.690699577332
49044 4 0.689506113529
10940 1 0.689301848412
6706 1 0.688681900501
37915 1 0.688340008259
35703 1 0.688246905804
53332 1 0.688075304031
25798 1 0.688073694706
64562 1 0.687789082527
1919 4 0.687556564808
31152 4 0.686502993107
1252 1 0.68642693758
57706 1 0.686237752438
52415 1 0.686208546162
21759 1 0.686042249203
17473 1 0.686019420624
15614 1 0.685708045959
21225 1 0.685403823853
66779 1 0.685236573219
46747 1 0.684884727001
12190 4 0.684767246246
31568 1 0.684714496136
420 1 0.684563338757
74523 1 0.68441182375
22219 1 0.684171557426
36616 1 0.68358117342
33973 1 0.68323802948
41718 1 0.682782769203
84480 1 0.682674884796
77 1 0.682239532471
38938 1 0.682190179825
51665 1 0.682123959064
58890 1 0.681840658188
4653 1 0.680558800697
67346 1 0.68048197031
45122 1 0.679660320282
67141 1 0.679448187351
35795 1 0.679089784622
83344 1 0.678598225117
38094 1 0.678360641003
16958 1 0.677561759949
18748 1 0.677483677864
60843 1 0.677430152893
3160 1 0.677078902721
41670 1 0.676897168159
69208 1 0.676612913609
56651 1 0.676308035851
1851 1 0.675914466381
60351 1 0.675369083881
58485 1 0.674625039101
12450 1 0.67443716526
70749 1 0.673897385597
59471 1 0.673727989197
53921 1 0.673126041889
8692 1 0.672502219677
17221 1 0.672347426414
63900 1 0.672196507454
81777 1 0.671391546726
91522 1 0.671265721321
27173 1 0.671219408512
89445 1 0.671149492264
40127 4 0.670985937119
1420 4 0.670870661736
9210 1 0.670394122601
12950 4 0.670392930508
20459 1 0.669809341431
88381 1 0.66956871748
25214 1 0.6695125103
32220 1 0.669377148151
76714 1 0.669174194336
26137 4 0.669047176838
35727 1 0.668864130974
76475 1 0.668748378754
9327 4 0.66872292757
25891 1 0.668458819389
17329 1 0.668155491352
15832 4 0.668062150478
43116 1 0.668057084084
67264 1 0.667859196663
10766 1 0.667638421059
49124 1 0.667458117008
911 1 0.666989266872
89681 1 0.666782796383
82794 1 0.666640937328
52911 1 0.666051208973
73200 1 0.665870547295
30085 1 0.665819585323
20509 1 0.665431022644
91099 1 0.664725899696
8322 1 0.664457559586
88046 1 0.664389491081
4525 4 0.664201617241
49845 1 0.664099574089
21634 4 0.663712203503
33619 1 0.663490116596
43580 1 0.663135766983
25774 1 0.663106143475
2705 1 0.662982881069
44676 1 0.662824928761
46209 4 0.662203609943
69952 1 0.662185966969
75815 1 0.662110030651
46865 1 0.662056624889
42812 4 0.661741375923
1285 1 0.661177456379
37498 1 0.660598516464
18974 1 0.660235762596
13313 4 0.659205794334
74254 4 0.659134089947
49127 1 0.658712208271
2257 1 0.657913148403
48315 1 0.657680690289
56890 1 0.657567441463
49072 1 0.657294332981
584 1 0.656513035297
83301 1 0.656376838684
90607 1 0.656288385391
24100 4 0.655802726746
90913 1 0.655677855015
1030 1 0.655218720436
13665 1 0.655189573765
3249 1 0.654175281525
7750 1 0.654026687145
41632 1 0.653771817684
63937 1 0.653340399265
53396 1 0.652881085873
45121 1 0.652539014816
75236 1 0.652512788773
43290 1 0.652295410633
46052 1 0.652269184589
55638 1 0.652189970016
56241 1 0.652049064636
90510 1 0.651888132095
35929 1 0.651589989662
6572 4 0.651408195496
17886 1 0.651259481907
23633 1 0.650541901588
9000 1 0.649300098419
35668 1 0.64873623848
91254 1 0.648627340794
45981 1 0.648045599461
78729 1 0.647851407528
50173 1 0.647656917572
54233 1 0.647352218628
69962 1 0.646754205227
74473 1 0.646678805351
39938 1 0.646584689617
50469 1 0.64637285471
59841 1 0.646025061607
88115 1 0.645891726017
51089 1 0.645464599133
81062 1 0.645356416702
90431 1 0.645300269127
51192 4 0.645125091076
39831 1 0.645092129707
2134 1 0.644468486309
42464 1 0.644204616547
40433 1 0.64409416914
12457 1 0.643694221973
46745 1 0.643627941608
43202 1 0.64358907938
38370 1 0.643489897251
77205 1 0.643414199352
27833 1 0.643258213997
55001 1 0.643244206905
28634 1 0.643153548241
59672 1 0.643026530743
34813 1 0.642830312252
18262 1 0.642773866653
26357 1 0.642239272594
28635 1 0.642118215561
57533 1 0.64171230793
33308 1 0.641383588314
8715 4 0.641285479069
3226 1 0.641037464142
42235 1 0.64102101326
61043 1 0.640453994274
32920 1 0.640124738216
76844 1 0.639796078205
5558 1 0.6395149827
6971 2 0.639434576035
13315 1 0.639205753803
85741 1 0.638960003853
90341 1 0.638736128807
47859 1 0.638655245304
20369 4 0.637908279896
9012 1 0.637682378292
3090 1 0.637360870838
51522 1 0.637313306332
81776 1 0.637134671211
34553 1 0.637054800987
43355 1 0.637017011642
52532 1 0.636989951134
27656 1 0.636744737625
54255 1 0.63654333353
70274 1 0.636225938797
51022 1 0.636198997498
60685 1 0.636079788208
7976 1 0.635660409927
21920 1 0.635629594326
58012 1 0.635511219501
1003 4 0.634963393211
47900 1 0.634859502316
33603 1 0.634851872921
39180 1 0.634738564491
3152 1 0.634700000286
55484 1 0.634598314762
7957 1 0.63456350565
25612 1 0.634463429451
32108 1 0.634436190128
82904 1 0.633822381496
39735 1 0.633341372013
17784 1 0.633135437965
51581 4 0.633040130138
629 1 0.632974684238
90633 1 0.632644712925
55646 1 0.63262295723
27666 1 0.632373154163
10472 1 0.632204830647
23198 1 0.631808102131
46282 1 0.631605446339
69816 1 0.631460189819
22229 1 0.631314516068
11204 1 0.63083344698
27691 1 0.630802869797
80144 1 0.630221903324
21549 1 0.630177259445
29437 1 0.629938483238
14051 1 0.62985175848
30470 1 0.629573881626
13246 1 0.629246234894
70885 4 0.62898671627
72669 1 0.628720879555
71045 1 0.628472626209
91062 2 0.628380477428
21022 1 0.628225803375
83997 4 0.628190815449
7268 1 0.627961575985
76606 1 0.627653777599
30635 1 0.627153217793
46513 1 0.626164615154
25007 1 0.626058399677
2157 1 0.625524938107
74382 1 0.624626338482
87836 1 0.624480485916
82559 1 0.624322891235
88606 4 0.624165177345
11041 1 0.623958945274
41270 1 0.623751163483
46252 1 0.623149573803
79621 1 0.623126029968
34219 1 0.623080968857
59697 1 0.62244027853
37163 1 0.621903121471
70937 1 0.621743440628
89668 1 0.621023595333
47567 1 0.620848655701
66548 1 0.620848238468
25411 1 0.619805812836
4265 1 0.619744956493
1023 1 0.619643568993
51918 1 0.619233965874
2163 4 0.619030833244
21930 1 0.61873793602
76958 4 0.618683815002
37936 1 0.618334591389
50190 1 0.6182898283
43136 1 0.617983579636
22239 1 0.617906212807
26640 1 0.617648839951
10209 1 0.61747944355
44165 1 0.61719173193
30481 1 0.617187380791
35032 4 0.616676867008
58011 1 0.61662530899
17223 1 0.616404891014
82265 1 0.61572855711
86133 1 0.615412950516
6357 1 0.61514621973
70999 1 0.614831924438
47029 1 0.614633083344
12582 1 0.614247381687
18983 1 0.614059209824
42522 1 0.613966226578
74380 1 0.613845229149
33904 1 0.613293945789
68560 1 0.613282322884
86282 1 0.613258421421
32138 1 0.612962841988
13343 1 0.612450182438
21546 1 0.612148761749
2259 1 0.611855447292
2706 1 0.611510753632
35077 1 0.611348867416
71465 1 0.611338496208
65754 4 0.611334979534
66592 1 0.611323177814
17243 1 0.61111664772
37252 1 0.611027896404
8492 1 0.610825955868
27041 1 0.610793828964
42531 1 0.610756933689
55970 1 0.610368013382
42423 1 0.6101988554
18839 1 0.609938979149
35410 1 0.609897017479
6709 2 0.608933508396
57650 1 0.608920097351
5521 1 0.608784139156
23001 4 0.608730018139
33716 1 0.60860735178
37912 1 0.607858598232
41755 1 0.60785639286
19894 1 0.607751488686
65910 1 0.607635438442
56694 1 0.607029914856
50349 1 0.60691255331
7975 1 0.606625676155
42342 1 0.606553971767
712 1 0.606082975864
1173 1 0.606053471565
37711 1 0.605439960957
67627 1 0.605397641659
85799 1 0.60510802269
62789 1 0.604767620564
42675 1 0.604667246342
68024 4 0.604389667511
41049 1 0.604356169701
34116 4 0.60428416729
3719 1 0.604165971279
16818 1 0.604044497013
32140 1 0.603721797466
56049 1 0.603438675404
12463 1 0.602887690067
19155 1 0.60286796093
31576 1 0.602688014507
65147 1 0.602624833584
2557 1 0.602608561516
50915 1 0.60258346796
65590 1 0.602545678616
8665 1 0.602026820183
62682 1 0.601907432079
74567 1 0.601885676384
65390 1 0.601274073124
53937 1 0.601271986961
10039 1 0.601093947887
37928 1 0.600133657455
15305 1 0.600116014481
22640 1 0.599397003651
10432 1 0.59932911396
16647 4 0.599149763584
23399 1 0.598795413971
54941 1 0.598337352276
48181 4 0.598122894764
18704 1 0.597968399525
11032 1 0.597870647907
8151 1 0.597469687462
85152 1 0.597327291965
47618 1 0.59732657671
5933 1 0.597176849842
12623 1 0.597158610821
6552 4 0.597016394138
12072 1 0.596751391888
40397 1 0.596589565277
17333 1 0.596247017384
32666 1 0.596194684505
55578 1 0.595365166664
18219 1 0.595014870167
20732 1 0.594895541668
74818 1 0.594718933105
67345 1 0.594631552696
49525 1 0.594539940357
17501 1 0.594536602497
88914 4 0.594450235367
55575 1 0.594415605068
71279 1 0.594128608704
85306 1 0.594120979309
36510 1 0.594096004963
44905 1 0.593673825264
85800 1 0.593615353107
78117 1 0.593543052673
28960 1 0.592627227306
51326 1 0.592388391495
7956 1 0.592205286026
79467 1 0.591292142868
48802 1 0.591232597828
68425 1 0.59045612812
48020 1 0.590345442295
33302 1 0.590343952179
29802 1 0.590205907822
63928 1 0.590186715126
86818 1 0.590096056461
28072 1 0.589947521687
5635 1 0.589704036713
89667 1 0.589595019817
75246 1 0.589509963989
480 1 0.589397728443
7608 1 0.589356184006
61059 1 0.589156270027
51668 1 0.588747322559
67343 1 0.588665306568
69940 1 0.588513970375
31926 1 0.588128387928
3852 1 0.587979793549
46526 1 0.587341427803
45334 1 0.587225198746
79095 1 0.587161898613
61053 1 0.587081253529
1374 2 0.586968243122
88594 1 0.586524784565
85643 1 0.586420595646
49090 1 0.586406290531
50348 1 0.586259484291
89673 1 0.586005270481
27578 1 0.585594415665
87366 1 0.585306167603
83281 1 0.58521181345
32142 1 0.584770381451
21801 1 0.584561347961
75543 1 0.584440946579
46563 1 0.584385156631
7409 1 0.584020137787
21349 1 0.583871781826
20215 1 0.582954645157
63802 1 0.582941114902
85088 1 0.582835197449
23898 1 0.582600057125
53924 1 0.582400202751
34260 1 0.582207500935
54488 1 0.582185208797
89666 1 0.581891894341
45773 4 0.581471920013
23698 1 0.581379413605
53169 1 0.580746591091
81082 1 0.580335557461
22704 1 0.579847693443
51690 1 0.579827904701
9011 1 0.578984379768
6801 1 0.578670620918
44389 1 0.578508913517
68179 1 0.578286409378
20396 1 0.577642142773
30271 1 0.577624380589
6756 1 0.577602267265
924 1 0.577580690384
18138 1 0.577516376972
91455 1 0.577452242374
41696 1 0.577446699142
13881 1 0.577445030212
47431 1 0.577340722084
35691 1 0.577108085155
18975 1 0.577055692673
42461 1 0.576829314232
69687 1 0.576667010784
4675 1 0.576509773731
50791 1 0.576443135738
62387 1 0.57622551918
22171 1 0.575929284096
53720 1 0.575834214687
47717 4 0.575689733028
22237 1 0.575648725033
80969 1 0.575250983238
28049 4 0.575163722038
83806 4 0.574966967106
90374 1 0.574688076973
728 2 0.574545204639
83564 1 0.574362397194
87614 1 0.574117660522
43351 1 0.573874354362
73170 1 0.573644161224
34679 1 0.573500454426
66753 1 0.573164522648
23355 1 0.573082268238
47647 1 0.57304251194
28616 1 0.572959721088
48825 1 0.572533905506
48801 1 0.572414755821
40734 1 0.572070538998
5398 4 0.57199627161
62829 1 0.571904480457
84936 1 0.571534097195
49084 1 0.571485817432
89683 1 0.571408212185
49161 1 0.571367144585
3155 1 0.571156620979
3170 1 0.570472061634
83582 4 0.570315003395
587 1 0.57023537159
18436 1 0.569841861725
9207 1 0.569829165936
31915 1 0.569805383682
59066 1 0.569490611553
90931 1 0.569262206554
68370 1 0.56925791502
50455 1 0.569231629372
42674 1 0.568865597248
37785 1 0.568660497665
85895 1 0.568548023701
80317 4 0.56829816103
23354 1 0.567987382412
42978 4 0.567969501019
16004 2 0.567332684994
5910 1 0.567310988903
87910 4 0.566861093044
43024 1 0.566669404507
75767 1 0.566284835339
36477 1 0.566159367561
37166 1 0.565890967846
76718 1 0.565711438656
22714 1 0.565622627735
54774 1 0.565509259701
24146 1 0.56532907486
39877 1 0.565045595169
42594 1 0.565034151077
15471 4 0.564839243889
59727 1 0.564766526222
28460 1 0.564726829529
54051 1 0.564701974392
2260 1 0.564125359058
76198 1 0.564091086388
23151 1 0.563995361328
85951 1 0.563857197762
90848 1 0.563573122025
80923 1 0.563430249691
708 1 0.563001573086
51712 1 0.56293874979
59825 1 0.562530338764
21804 1 0.562530219555
54578 1 0.562347412109
73284 1 0.562316894531
22156 1 0.56230455637
81954 1 0.562116384506
60778 1 0.562015175819
58463 1 0.561198890209
25820 4 0.5611551404
46390 1 0.56092697382
77960 1 0.560858249664
33385 1 0.560528993607
89970 1 0.56041175127
49076 1 0.560267567635
28772 1 0.559937119484
56475 1 0.559653460979
65526 1 0.559401214123
64145 1 0.558578014374
26386 1 0.558202803135
42458 1 0.558090746403
19647 1 0.558004498482
42794 1 0.558004319668
76976 1 0.557949662209
80093 1 0.557368516922
70938 1 0.557079613209
28078 1 0.556987345219
58486 1 0.556843578815
41931 1 0.556819558144
38380 1 0.556479930878
46382 1 0.556198000908
37330 1 0.556186676025
917 1 0.556125760078
84841 1 0.555813968182
55413 1 0.555577456951
43801 1 0.555454134941
82520 1 0.555359840393
17148 1 0.555109798908
72591 1 0.555017828941
36939 1 0.555016994476
29723 1 0.554980039597
48390 1 0.554224967957
81114 1 0.554050981998
22250 1 0.554013073444
10274 1 0.554006516933
28519 1 0.552943110466
30830 1 0.552714347839
5278 1 0.552640497684
12564 1 0.552349627018
32807 1 0.552273988724
820 1 0.552262246609
21664 1 0.552126944065
54770 1 0.552081465721
83595 4 0.551854014397
44383 1 0.551741182804
3821 4 0.551297783852
48702 4 0.551251530647
78824 1 0.551220595837
43892 1 0.551173865795
7798 1 0.550986289978
83752 1 0.550734758377
76167 1 0.550362050533
42568 1 0.550155997276
19662 1 0.550100982189
45823 1 0.549945890903
54324 1 0.549880445004
4681 1 0.549363970757
72422 1 0.549331068993
74775 1 0.549246549606
12300 1 0.548845946789
45070 1 0.548699438572
71044 1 0.548442661762
50928 1 0.548404097557
65752 4 0.548400223255
60135 1 0.548181474209
1799 1 0.548133075237
76887 1 0.548111736774
1050 1 0.548038005829
20697 1 0.547961175442
90969 1 0.547918260098
82154 1 0.547888815403
64147 1 0.547811925411
44286 1 0.547640442848
3021 1 0.547635436058
54641 1 0.547105133533
77961 1 0.546970367432
49749 1 0.546709001064
13314 1 0.546599626541
5700 1 0.546290099621
60726 1 0.546162128448
15197 1 0.545759797096
48791 4 0.545391738415
81175 1 0.545329391956
33951 1 0.544606387615
66010 1 0.544601798058
29361 1 0.544484138489
63155 1 0.544263005257
89271 1 0.544181108475
2697 1 0.543941855431
40025 1 0.54363656044
17086 1 0.543593645096
77943 1 0.54317009449
84730 1 0.542984545231
78739 1 0.542867183685
54235 1 0.542219340801
55668 1 0.541850268841
899 1 0.541687786579
55463 1 0.541547954082
89359 1 0.540937542915
34075 1 0.540641963482
11509 4 0.540525257587
11208 1 0.540324687958
12353 1 0.540318012238
89121 4 0.539739727974
25838 4 0.539553701878
18124 1 0.539433479309
2978 1 0.538221359253
75789 1 0.538045942783
23278 1 0.537838876247
55055 1 0.537631452084
8230 1 0.537616431713
65165 1 0.537388920784
28650 1 0.537360072136
63273 1 0.537335216999
37984 1 0.537263810635
66369 1 0.53721755743
87941 1 0.537171781063
12298 4 0.537059366703
24243 4 0.536853790283
55433 1 0.536845445633
841 1 0.536599755287
39029 1 0.536510288715
74354 1 0.536289095879
64907 1 0.536099612713
61579 1 0.535699605942
40491 1 0.535291850567
30544 1 0.535034239292
84911 1 0.53503382206
50 4 0.534953474998
90018 1 0.53473252058
57605 1 0.534147143364
16945 2 0.534134089947
47318 1 0.534003257751
7545 1 0.533813655376
19755 1 0.533593475819
14179 1 0.533579707146
45854 1 0.533370316029
67478 1 0.533249974251
7051 1 0.533169567585
25857 1 0.53316450119
28739 1 0.533142626286
33782 1 0.533108413219
77647 1 0.532817840576
25344 1 0.532704889774
58742 1 0.532139241695
56922 2 0.531822681427
28262 1 0.531332075596
54516 1 0.53103852272
9567 1 0.530710041523
44607 1 0.530484199524
22198 2 0.530377388
14222 1 0.529832959175
64199 1 0.529811501503
10433 1 0.529663980007
76738 1 0.529061734676
50464 1 0.52905356884
63620 4 0.528806626797
42378 1 0.528708398342
51145 1 0.528554797173
56569 1 0.528534650803
76861 1 0.528402030468
9187 1 0.528032898903
57463 1 0.527942121029
60154 1 0.527906119823
20474 1 0.527813673019
59018 1 0.527357339859
13380 1 0.526838600636
81508 1 0.525693655014
12767 1 0.52562558651
47043 4 0.525612652302
50473 1 0.525471806526
21338 1 0.524963378906
38020 1 0.524957716465
90632 1 0.524937093258
83912 1 0.524916827679
77437 1 0.524883747101
75664 1 0.524853765965
50960 1 0.524494826794
90174 1 0.523808121681
70705 1 0.523743093014
1737 1 0.523682773113
24177 1 0.523678064346
19506 1 0.52351295948
129 1 0.522931516171
43169 1 0.522791385651
70031 1 0.522548913956
90270 1 0.522440493107
77164 1 0.522355318069
26077 1 0.522176623344
6837 1 0.522161066532
30923 1 0.522142767906
37500 1 0.522033333778
17774 1 0.521765172482
28415 1 0.52141970396
89301 1 0.521396875381
43170 1 0.521344184875
21852 1 0.521189153194
83533 1 0.521128296852
68109 1 0.520982384682
566 1 0.520939350128
22255 1 0.520567774773
57306 1 0.520530104637
38208 1 0.520470678806
57887 1 0.519667208195
40478 4 0.519665360451
85743 1 0.519390940666
15089 1 0.519315063953
27114 1 0.519279897213
29149 1 0.518961727619
56888 1 0.51884329319
57753 4 0.518829762936
40654 1 0.518783867359
59516 4 0.518082141876
25971 1 0.518039226532
11533 1 0.517795681953
5911 1 0.517691373825
87749 1 0.517488360405
48578 1 0.517364084721
43041 1 0.51700168848
38231 1 0.516882479191
31954 1 0.516153693199
29407 1 0.515639543533
82026 1 0.515552699566
18914 1 0.515276312828
62824 1 0.515274167061
26072 1 0.515218853951
65353 2 0.515124022961
44463 4 0.514856696129
81310 1 0.514543533325
61213 2 0.514465808868
45380 1 0.514434158802
88400 1 0.514407217503
87365 1 0.514127731323
74068 1 0.513696372509
54305 1 0.513686954975
49080 1 0.51358705759
15302 1 0.513378977776
85754 1 0.51308709383
55844 1 0.513044297695
13886 1 0.512699186802
69813 1 0.512637376785
81311 1 0.512630224228
9920 1 0.512521028519
72246 1 0.51249563694
45972 1 0.512421309948
69316 1 0.512253642082
30361 2 0.512167155743
36214 1 0.511973261833
23869 4 0.511969447136
76917 1 0.511691272259
81447 1 0.511011481285
24051 1 0.510976791382
75770 4 0.510887384415
67880 2 0.510859847069
23631 1 0.510736763477
4023 1 0.510510921478
89239 1 0.510380208492
8564 1 0.510253667831
11981 1 0.510244727135
10765 1 0.510188877583
13012 1 0.510107755661
80165 1 0.510079801083
90354 1 0.509613215923
30371 1 0.509496748447
81925 1 0.50948536396
21226 1 0.509397566319
40721 1 0.509221315384
82920 1 0.509043693542
30336 4 0.509012281895
31204 1 0.508984208107
87225 1 0.508762300014
12330 1 0.508574783802
63110 1 0.508482217789
89969 1 0.508431851864
15490 1 0.508417308331
28001 2 0.508012235165
23903 1 0.507340908051
64005 1 0.507300376892
57927 1 0.507241308689
32042 1 0.507163584232
75247 1 0.507041931152
77008 1 0.506374716759
26691 1 0.506362438202
73155 1 0.50632828474
2402 1 0.506271541119
41802 1 0.506117880344
48699 1 0.505656063557
19659 1 0.505639195442
71643 4 0.505423903465
10154 1 0.505404770374
8941 1 0.505308628082
55309 1 0.505175769329
50082 1 0.50482916832
45679 1 0.504463255405
52812 1 0.504462063313
62683 1 0.504034876823
63589 4 0.504029035568
82684 1 0.504023373127
38454 1 0.503896057606
68714 1 0.503513872623
82411 1 0.503382563591
35406 1 0.503338634968
70485 1 0.503299474716
67504 3 0.503272533417
57655 1 0.503144025803
79996 1 0.503100991249
57652 1 0.503050029278
66443 1 0.503038942814
7941 1 0.50296485424
69138 1 0.502872109413
57653 1 0.502394795418
46600 1 0.502344250679
62213 1 0.502258896828
52218 1 0.502149105072
3066 1 0.502049148083
66711 1 0.501721978188
58548 1 0.501327455044
42813 1 0.501278400421
82586 1 0.501133143902
18630 1 0.501108586788
25694 1 0.500800549984
56009 1 0.500599503517
61802 1 0.500572264194
48908 1 0.4998498559
26235 1 0.4995264709
6704 1 0.499499231577
4631 1 0.499024987221
7439 1 0.498903483152
42819 1 0.498101860285
23701 1 0.498080253601
73365 4 0.498062819242
7322 1 0.49751573801
77586 1 0.497367560863
1522 1 0.497310519218
20497 1 0.497162103653
89585 3 0.496729791164
3142 1 0.496537685394
89050 1 0.496327102184
62379 4 0.496124982834
23195 1 0.49609926343
75766 4 0.49563151598
69200 1 0.495332121849
37596 1 0.495036423206
62299 1 0.494510829449
11462 1 0.494141429663
40653 1 0.493874996901
68170 1 0.493252247572
7861 4 0.492968201637
28164 1 0.492943733931
83210 1 0.492365479469
89337 4 0.491656392813
41009 1 0.491481155157
56386 4 0.490522116423
60801 3 0.489826112986
5759 1 0.489534199238
59030 7 0.489356517792
76910 4 0.488914251328
72579 4 0.487726837397
50485 1 0.487240493298
47569 4 0.486605733633
29687 4 0.485390335321
69817 1 0.484753727913
82159 4 0.484185189009
74340 4 0.4840888381
78398 4 0.483791232109
10431 1 0.483462870121
77417 1 0.483325511217
11539 1 0.483180999756
17091 2 0.482757747173
17851 1 0.481979250908
10036 1 0.481752723455
6359 1 0.479564905167
44993 2 0.47783356905
9425 4 0.477061897516
43115 1 0.47462528944
58499 1 0.474077343941
5784 1 0.473764032125
37167 2 0.472864359617
36494 1 0.472804397345
20450 1 0.472737669945
9556 4 0.472586333752
48719 4 0.471014767885
64637 3 0.468889325857
6859 1 0.467531293631
11152 2 0.464873760939
34091 3 0.463088482618
34552 1 0.460175037384
68907 4 0.458120256662
13882 2 0.454364925623
11207 1 0.452631950378
73918 4 0.446081876755
80143 1 0.438877880573
27250 4 0.437309324741
35411 4 0.436675488949
73888 1 0.435497701168
69815 1 0.434696823359
25669 2 0.430725038052
78878 2 0.43034055829
6832 4 0.42447283864
1779 2 0.420222550631
54821 4 0.418336212635
11123 3 0.418118476868
64488 2 0.416558772326
83262 3 0.416431725025
59442 2 0.415317177773
57728 4 0.411191046238
65391 1 0.40983864665
73889 7 0.408008396626
19083 2 0.405413776636
8770 3 0.401978462934
58464 1 0.397324770689
33268 2 0.392529815435
64293 4 0.387106657028
26143 2 0.386481523514
59019 4 0.383363097906
2754 2 0.382130146027
39712 3 0.378880977631
1702 4 0.376042336226
91112 2 0.371439248323
20745 2 0.370449692011
91113 4 0.363293737173
3754 4 0.359737277031
67038 4 0.34660422802
38743 2 0.344102084637
76765 2 0.34330239892
76524 1 0.343243122101
57449 4 0.341086477041
74793 2 0.339475274086
29277 4 0.32852268219
8547 1 0.312067449093
73473 4 0.299877762794
37927 2 0.280856817961
50738 2 0.268368273973
3117 2 0.261368721724
41956 4 0.255839407444
4355 2 0.255554169416
56223 2 0.241267770529
27125 4 0.23935110867
9814 2 0.224510386586
59770 2 0.21991288662
4356 6 0.207778066397
83505 2 0.195878237486
10181 2 0.174779996276
