1.0 0.0
0.0 0.0
0.5 0.000577367205543
0.666666666667 0.00115473441109
0.75 0.00173210161663
0.8 0.00230946882217
0.833333333333 0.00288683602771
0.857142857143 0.00346420323326
0.875 0.0040415704388
0.888888888889 0.00461893764434
0.9 0.00519630484988
0.909090909091 0.00577367205543
0.916666666667 0.00635103926097
0.923076923077 0.00692840646651
0.928571428571 0.00750577367206
0.933333333333 0.0080831408776
0.9375 0.00866050808314
0.941176470588 0.00923787528868
0.888888888889 0.00923787528868
0.842105263158 0.00923787528868
0.8 0.00923787528868
0.761904761905 0.00923787528868
0.772727272727 0.00981524249423
0.782608695652 0.0103926096998
0.791666666667 0.0109699769053
0.8 0.0115473441109
0.807692307692 0.0121247113164
0.814814814815 0.0127020785219
0.785714285714 0.0127020785219
0.793103448276 0.0132794457275
0.8 0.013856812933
0.774193548387 0.013856812933
0.78125 0.0144341801386
0.787878787879 0.0150115473441
0.764705882353 0.0150115473441
0.771428571429 0.0155889145497
0.777777777778 0.0161662817552
0.783783783784 0.0167436489607
0.789473684211 0.0173210161663
0.769230769231 0.0173210161663
0.775 0.0178983833718
0.780487804878 0.0184757505774
0.785714285714 0.0190531177829
0.790697674419 0.0196304849885
0.772727272727 0.0196304849885
0.755555555556 0.0196304849885
0.739130434783 0.0196304849885
0.723404255319 0.0196304849885
0.729166666667 0.020207852194
0.714285714286 0.020207852194
0.7 0.020207852194
0.705882352941 0.0207852193995
0.711538461538 0.0213625866051
0.716981132075 0.0219399538106
0.722222222222 0.0225173210162
0.727272727273 0.0230946882217
0.714285714286 0.0230946882217
0.701754385965 0.0230946882217
0.689655172414 0.0230946882217
0.694915254237 0.0236720554273
0.683333333333 0.0236720554273
0.688524590164 0.0242494226328
0.693548387097 0.0248267898383
0.68253968254 0.0248267898383
0.671875 0.0248267898383
0.676923076923 0.0254041570439
0.681818181818 0.0259815242494
0.671641791045 0.0259815242494
0.676470588235 0.026558891455
0.68115942029 0.0271362586605
0.685714285714 0.0277136258661
0.69014084507 0.0282909930716
0.680555555556 0.0282909930716
0.671232876712 0.0282909930716
0.675675675676 0.0288683602771
0.68 0.0294457274827
0.684210526316 0.0300230946882
0.675324675325 0.0300230946882
0.666666666667 0.0300230946882
0.670886075949 0.0306004618938
0.675 0.0311778290993
0.666666666667 0.0311778290993
0.670731707317 0.0317551963048
0.674698795181 0.0323325635104
0.678571428571 0.0329099307159
0.670588235294 0.0329099307159
0.674418604651 0.0334872979215
0.666666666667 0.0334872979215
0.670454545455 0.034064665127
0.674157303371 0.0346420323326
0.666666666667 0.0346420323326
0.67032967033 0.0352193995381
0.673913043478 0.0357967667436
0.666666666667 0.0357967667436
0.670212765957 0.0363741339492
0.673684210526 0.0369515011547
0.677083333333 0.0375288683603
0.680412371134 0.0381062355658
0.683673469388 0.0386836027714
0.686868686869 0.0392609699769
0.68 0.0392609699769
0.683168316832 0.0398383371824
0.676470588235 0.0398383371824
0.679611650485 0.040415704388
0.682692307692 0.0409930715935
0.685714285714 0.0415704387991
0.679245283019 0.0415704387991
0.682242990654 0.0421478060046
0.675925925926 0.0421478060046
0.678899082569 0.0427251732102
0.681818181818 0.0433025404157
0.684684684685 0.0438799076212
0.6875 0.0444572748268
0.681415929204 0.0444572748268
0.684210526316 0.0450346420323
0.678260869565 0.0450346420323
0.672413793103 0.0450346420323
0.675213675214 0.0456120092379
0.669491525424 0.0456120092379
0.672268907563 0.0461893764434
0.666666666667 0.0461893764434
0.669421487603 0.046766743649
0.66393442623 0.046766743649
0.666666666667 0.0473441108545
0.66935483871 0.04792147806
0.664 0.04792147806
0.65873015873 0.04792147806
0.661417322835 0.0484988452656
0.6640625 0.0490762124711
0.666666666667 0.0496535796767
0.661538461538 0.0496535796767
0.664122137405 0.0502309468822
0.659090909091 0.0502309468822
0.654135338346 0.0502309468822
0.65671641791 0.0508083140878
0.659259259259 0.0513856812933
0.661764705882 0.0519630484988
0.656934306569 0.0519630484988
0.659420289855 0.0525404157044
0.654676258993 0.0525404157044
0.657142857143 0.0531177829099
0.652482269504 0.0531177829099
0.654929577465 0.0536951501155
0.657342657343 0.054272517321
0.659722222222 0.0548498845266
0.662068965517 0.0554272517321
0.657534246575 0.0554272517321
0.65306122449 0.0554272517321
0.648648648649 0.0554272517321
0.644295302013 0.0554272517321
0.64 0.0554272517321
0.635761589404 0.0554272517321
0.631578947368 0.0554272517321
0.627450980392 0.0554272517321
0.623376623377 0.0554272517321
0.625806451613 0.0560046189376
0.628205128205 0.0565819861432
0.624203821656 0.0565819861432
0.626582278481 0.0571593533487
0.622641509434 0.0571593533487
0.625 0.0577367205543
0.621118012422 0.0577367205543
0.617283950617 0.0577367205543
0.613496932515 0.0577367205543
0.615853658537 0.0583140877598
0.618181818182 0.0588914549654
0.620481927711 0.0594688221709
0.616766467066 0.0594688221709
0.613095238095 0.0594688221709
0.609467455621 0.0594688221709
0.611764705882 0.0600461893764
0.608187134503 0.0600461893764
0.610465116279 0.060623556582
0.612716763006 0.0612009237875
0.609195402299 0.0612009237875
0.605714285714 0.0612009237875
0.602272727273 0.0612009237875
0.598870056497 0.0612009237875
0.595505617978 0.0612009237875
0.597765363128 0.0617782909931
0.6 0.0623556581986
0.602209944751 0.0629330254042
0.604395604396 0.0635103926097
0.606557377049 0.0640877598152
0.603260869565 0.0640877598152
0.605405405405 0.0646651270208
0.602150537634 0.0646651270208
0.604278074866 0.0652424942263
0.601063829787 0.0652424942263
0.603174603175 0.0658198614319
0.605263157895 0.0663972286374
0.607329842932 0.066974595843
0.604166666667 0.066974595843
0.60621761658 0.0675519630485
0.60824742268 0.068129330254
0.610256410256 0.0687066974596
0.607142857143 0.0687066974596
0.609137055838 0.0692840646651
0.606060606061 0.0692840646651
0.608040201005 0.0698614318707
0.61 0.0704387990762
0.606965174129 0.0704387990762
0.608910891089 0.0710161662818
0.610837438424 0.0715935334873
0.607843137255 0.0715935334873
0.609756097561 0.0721709006928
0.611650485437 0.0727482678984
0.608695652174 0.0727482678984
0.610576923077 0.0733256351039
0.612440191388 0.0739030023095
0.614285714286 0.074480369515
0.611374407583 0.074480369515
0.608490566038 0.074480369515
0.610328638498 0.0750577367206
0.61214953271 0.0756351039261
0.613953488372 0.0762124711316
0.615740740741 0.0767898383372
0.612903225806 0.0767898383372
0.614678899083 0.0773672055427
0.616438356164 0.0779445727483
0.618181818182 0.0785219399538
0.619909502262 0.0790993071594
0.621621621622 0.0796766743649
0.62331838565 0.0802540415704
0.625 0.080831408776
0.622222222222 0.080831408776
0.62389380531 0.0814087759815
0.621145374449 0.0814087759815
0.618421052632 0.0814087759815
0.615720524017 0.0814087759815
0.613043478261 0.0814087759815
0.61038961039 0.0814087759815
0.60775862069 0.0814087759815
0.609442060086 0.0819861431871
0.606837606838 0.0819861431871
0.608510638298 0.0825635103926
0.610169491525 0.0831408775982
0.611814345992 0.0837182448037
0.613445378151 0.0842956120092
0.615062761506 0.0848729792148
0.616666666667 0.0854503464203
0.614107883817 0.0854503464203
0.611570247934 0.0854503464203
0.609053497942 0.0854503464203
0.610655737705 0.0860277136259
0.612244897959 0.0866050808314
0.609756097561 0.0866050808314
0.607287449393 0.0866050808314
0.604838709677 0.0866050808314
0.602409638554 0.0866050808314
0.6 0.0866050808314
0.601593625498 0.087182448037
0.599206349206 0.087182448037
0.600790513834 0.0877598152425
0.602362204724 0.088337182448
0.603921568627 0.0889145496536
0.6015625 0.0889145496536
0.599221789883 0.0889145496536
0.600775193798 0.0894919168591
0.598455598456 0.0894919168591
0.596153846154 0.0894919168591
0.593869731801 0.0894919168591
0.591603053435 0.0894919168591
0.589353612167 0.0894919168591
0.590909090909 0.0900692840647
0.588679245283 0.0900692840647
0.586466165414 0.0900692840647
0.588014981273 0.0906466512702
0.589552238806 0.0912240184758
0.591078066914 0.0918013856813
0.592592592593 0.0923787528868
0.590405904059 0.0923787528868
0.588235294118 0.0923787528868
0.586080586081 0.0923787528868
0.583941605839 0.0923787528868
0.581818181818 0.0923787528868
0.579710144928 0.0923787528868
0.581227436823 0.0929561200924
0.58273381295 0.0935334872979
0.58064516129 0.0935334872979
0.578571428571 0.0935334872979
0.580071174377 0.0941108545035
0.578014184397 0.0941108545035
0.579505300353 0.094688221709
0.580985915493 0.0952655889145
0.578947368421 0.0952655889145
0.576923076923 0.0952655889145
0.574912891986 0.0952655889145
0.576388888889 0.0958429561201
0.57785467128 0.0964203233256
0.579310344828 0.0969976905312
0.577319587629 0.0969976905312
0.578767123288 0.0975750577367
0.576791808874 0.0975750577367
0.574829931973 0.0975750577367
0.576271186441 0.0981524249423
0.574324324324 0.0981524249423
0.575757575758 0.0987297921478
0.573825503356 0.0987297921478
0.571906354515 0.0987297921478
0.57 0.0987297921478
0.568106312292 0.0987297921478
0.566225165563 0.0987297921478
0.567656765677 0.0993071593533
0.569078947368 0.0998845265589
0.567213114754 0.0998845265589
0.565359477124 0.0998845265589
0.5667752443 0.100461893764
0.568181818182 0.10103926097
0.566343042071 0.10103926097
0.564516129032 0.10103926097
0.56270096463 0.10103926097
0.564102564103 0.101616628176
0.565495207668 0.102193995381
0.566878980892 0.102771362587
0.565079365079 0.102771362587
0.563291139241 0.102771362587
0.561514195584 0.102771362587
0.559748427673 0.102771362587
0.561128526646 0.103348729792
0.5625 0.103926096998
0.560747663551 0.103926096998
0.55900621118 0.103926096998
0.557275541796 0.103926096998
0.558641975309 0.104503464203
0.56 0.105080831409
0.558282208589 0.105080831409
0.556574923547 0.105080831409
0.55487804878 0.105080831409
0.55623100304 0.105658198614
0.557575757576 0.10623556582
0.558912386707 0.106812933025
0.557228915663 0.106812933025
0.555555555556 0.106812933025
0.553892215569 0.106812933025
0.555223880597 0.107390300231
0.553571428571 0.107390300231
0.551928783383 0.107390300231
0.55325443787 0.107967667436
0.551622418879 0.107967667436
0.552941176471 0.108545034642
0.551319648094 0.108545034642
0.552631578947 0.109122401848
0.553935860058 0.109699769053
0.552325581395 0.109699769053
0.550724637681 0.109699769053
0.552023121387 0.110277136259
0.550432276657 0.110277136259
0.551724137931 0.110854503464
0.553008595989 0.11143187067
0.554285714286 0.112009237875
0.555555555556 0.112586605081
0.553977272727 0.112586605081
0.555240793201 0.113163972286
0.556497175141 0.113741339492
0.557746478873 0.114318706697
0.556179775281 0.114318706697
0.557422969188 0.114896073903
0.558659217877 0.115473441109
0.559888579387 0.116050808314
0.558333333333 0.116050808314
0.559556786704 0.11662817552
0.558011049724 0.11662817552
0.556473829201 0.11662817552
0.554945054945 0.11662817552
0.556164383562 0.117205542725
0.554644808743 0.117205542725
0.555858310627 0.117782909931
0.554347826087 0.117782909931
0.552845528455 0.117782909931
0.554054054054 0.118360277136
0.5525606469 0.118360277136
0.551075268817 0.118360277136
0.552278820375 0.118937644342
0.550802139037 0.118937644342
0.549333333333 0.118937644342
0.547872340426 0.118937644342
0.549071618037 0.119515011547
0.547619047619 0.119515011547
0.548812664908 0.120092378753
0.547368421053 0.120092378753
0.54593175853 0.120092378753
0.547120418848 0.120669745958
0.545691906005 0.120669745958
0.546875 0.121247113164
0.545454545455 0.121247113164
0.544041450777 0.121247113164
0.545219638243 0.12182448037
0.546391752577 0.122401847575
0.54498714653 0.122401847575
0.54358974359 0.122401847575
0.542199488491 0.122401847575
0.540816326531 0.122401847575
0.541984732824 0.122979214781
0.543147208122 0.123556581986
0.541772151899 0.123556581986
0.542929292929 0.124133949192
0.541561712846 0.124133949192
0.540201005025 0.124133949192
0.538847117794 0.124133949192
0.54 0.124711316397
0.538653366584 0.124711316397
0.537313432836 0.124711316397
0.538461538462 0.125288683603
0.539603960396 0.125866050808
0.538271604938 0.125866050808
0.536945812808 0.125866050808
0.538083538084 0.126443418014
0.539215686275 0.127020785219
0.540342298289 0.127598152425
0.539024390244 0.127598152425
0.540145985401 0.12817551963
0.538834951456 0.12817551963
0.53995157385 0.128752886836
0.541062801932 0.129330254042
0.539759036145 0.129330254042
0.538461538462 0.129330254042
0.537170263789 0.129330254042
0.535885167464 0.129330254042
0.534606205251 0.129330254042
0.535714285714 0.129907621247
0.536817102138 0.130484988453
0.535545023697 0.130484988453
0.536643026005 0.131062355658
0.535377358491 0.131062355658
0.534117647059 0.131062355658
0.535211267606 0.131639722864
0.536299765808 0.132217090069
0.53738317757 0.132794457275
0.536130536131 0.132794457275
0.53488372093 0.132794457275
0.533642691415 0.132794457275
0.532407407407 0.132794457275
0.533487297921 0.13337182448
0.532258064516 0.13337182448
0.531034482759 0.13337182448
0.532110091743 0.133949191686
0.533180778032 0.134526558891
0.534246575342 0.135103926097
0.533029612756 0.135103926097
0.534090909091 0.135681293303
0.53514739229 0.136258660508
0.533936651584 0.136258660508
0.532731376975 0.136258660508
0.533783783784 0.136836027714
0.534831460674 0.137413394919
0.533632286996 0.137413394919
0.532438478747 0.137413394919
0.53125 0.137413394919
0.530066815145 0.137413394919
0.531111111111 0.137990762125
0.532150776053 0.13856812933
0.530973451327 0.13856812933
0.529801324503 0.13856812933
0.528634361233 0.13856812933
0.52967032967 0.139145496536
0.52850877193 0.139145496536
0.5295404814 0.139722863741
0.528384279476 0.139722863741
0.527233115468 0.139722863741
0.526086956522 0.139722863741
0.527114967462 0.140300230947
0.528138528139 0.140877598152
0.526997840173 0.140877598152
0.525862068966 0.140877598152
0.524731182796 0.140877598152
0.525751072961 0.141454965358
0.526766595289 0.142032332564
0.525641025641 0.142032332564
0.526652452026 0.142609699769
0.527659574468 0.143187066975
0.526539278132 0.143187066975
0.525423728814 0.143187066975
0.526427061311 0.14376443418
0.525316455696 0.14376443418
0.526315789474 0.144341801386
0.52731092437 0.144919168591
0.528301886792 0.145496535797
0.529288702929 0.146073903002
0.528183716075 0.146073903002
0.527083333333 0.146073903002
0.525987525988 0.146073903002
0.52489626556 0.146073903002
0.52380952381 0.146073903002
0.52479338843 0.146651270208
0.523711340206 0.146651270208
0.522633744856 0.146651270208
0.523613963039 0.147228637413
0.522540983607 0.147228637413
0.521472392638 0.147228637413
0.522448979592 0.147806004619
0.521384928717 0.147806004619
0.520325203252 0.147806004619
0.521298174442 0.148383371824
0.522267206478 0.14896073903
0.523232323232 0.149538106236
0.522177419355 0.149538106236
0.523138832998 0.150115473441
0.522088353414 0.150115473441
0.521042084168 0.150115473441
0.52 0.150115473441
0.520958083832 0.150692840647
0.521912350598 0.151270207852
0.520874751491 0.151270207852
0.519841269841 0.151270207852
0.520792079208 0.151847575058
0.51976284585 0.151847575058
0.518737672584 0.151847575058
0.51968503937 0.152424942263
0.518664047151 0.152424942263
0.517647058824 0.152424942263
0.516634050881 0.152424942263
0.515625 0.152424942263
0.514619883041 0.152424942263
0.515564202335 0.153002309469
0.516504854369 0.153579676674
0.517441860465 0.15415704388
0.518375241779 0.154734411085
0.519305019305 0.155311778291
0.518304431599 0.155311778291
0.519230769231 0.155889145497
0.520153550864 0.156466512702
0.519157088123 0.156466512702
0.518164435946 0.156466512702
0.517175572519 0.156466512702
0.51619047619 0.156466512702
0.515209125475 0.156466512702
0.516129032258 0.157043879908
0.517045454545 0.157621247113
0.517958412098 0.158198614319
0.518867924528 0.158775981524
0.517890772128 0.158775981524
0.516917293233 0.158775981524
0.515947467167 0.158775981524
0.516853932584 0.15935334873
0.515887850467 0.15935334873
0.514925373134 0.15935334873
0.513966480447 0.15935334873
0.513011152416 0.15935334873
0.513914656772 0.159930715935
0.514814814815 0.160508083141
0.513863216266 0.160508083141
0.514760147601 0.161085450346
0.513812154696 0.161085450346
0.512867647059 0.161085450346
0.51376146789 0.161662817552
0.512820512821 0.161662817552
0.511882998172 0.161662817552
0.510948905109 0.161662817552
0.511839708561 0.162240184758
0.510909090909 0.162240184758
0.50998185118 0.162240184758
0.510869565217 0.162817551963
0.511754068716 0.163394919169
0.512635379061 0.163972286374
0.513513513514 0.16454965358
0.514388489209 0.165127020785
0.513464991023 0.165127020785
0.512544802867 0.165127020785
0.513416815742 0.165704387991
0.5125 0.165704387991
0.511586452763 0.165704387991
0.510676156584 0.165704387991
0.509769094139 0.165704387991
0.508865248227 0.165704387991
0.50796460177 0.165704387991
0.507067137809 0.165704387991
0.506172839506 0.165704387991
0.505281690141 0.165704387991
0.504393673111 0.165704387991
0.50350877193 0.165704387991
0.502626970228 0.165704387991
0.503496503497 0.166281755196
0.502617801047 0.166281755196
0.501742160279 0.166281755196
0.500869565217 0.166281755196
0.501736111111 0.166859122402
0.500866551127 0.166859122402
0.5 0.166859122402
0.499136442142 0.166859122402
0.498275862069 0.166859122402
0.499139414802 0.167436489607
0.5 0.168013856813
0.500857632933 0.168591224018
0.5 0.168591224018
0.499145299145 0.168591224018
0.498293515358 0.168591224018
0.499148211244 0.169168591224
0.5 0.16974595843
0.499151103565 0.16974595843
0.498305084746 0.16974595843
0.497461928934 0.16974595843
0.496621621622 0.16974595843
0.495784148398 0.16974595843
0.496632996633 0.170323325635
0.495798319328 0.170323325635
0.494966442953 0.170323325635
0.494137353434 0.170323325635
0.494983277592 0.170900692841
0.494156928214 0.170900692841
0.493333333333 0.170900692841
0.492512479201 0.170900692841
0.491694352159 0.170900692841
0.492537313433 0.171478060046
0.493377483444 0.172055427252
0.492561983471 0.172055427252
0.491749174917 0.172055427252
0.492586490939 0.172632794457
0.493421052632 0.173210161663
0.492610837438 0.173210161663
0.491803278689 0.173210161663
0.490998363339 0.173210161663
0.490196078431 0.173210161663
0.489396411093 0.173210161663
0.488599348534 0.173210161663
0.487804878049 0.173210161663
0.488636363636 0.173787528868
0.487844408428 0.173787528868
0.487055016181 0.173787528868
0.486268174475 0.173787528868
0.485483870968 0.173787528868
0.484702093398 0.173787528868
0.483922829582 0.173787528868
0.483146067416 0.173787528868
0.483974358974 0.174364896074
0.4848 0.174942263279
0.485623003195 0.175519630485
0.484848484848 0.175519630485
0.485668789809 0.176096997691
0.486486486486 0.176674364896
0.485714285714 0.176674364896
0.484944532488 0.176674364896
0.48417721519 0.176674364896
0.484992101106 0.177251732102
0.484227129338 0.177251732102
0.483464566929 0.177251732102
0.482704402516 0.177251732102
0.483516483516 0.177829099307
0.48275862069 0.177829099307
0.48200312989 0.177829099307
0.4828125 0.178406466513
0.482059282371 0.178406466513
0.482866043614 0.178983833718
0.482115085537 0.178983833718
0.481366459627 0.178983833718
0.480620155039 0.178983833718
0.479876160991 0.178983833718
0.480680061824 0.179561200924
0.479938271605 0.179561200924
0.479198767334 0.179561200924
0.478461538462 0.179561200924
0.479262672811 0.180138568129
0.480061349693 0.180715935335
0.47932618683 0.180715935335
0.480122324159 0.18129330254
0.480916030534 0.181870669746
0.480182926829 0.181870669746
0.479452054795 0.181870669746
0.478723404255 0.181870669746
0.479514415781 0.182448036952
0.478787878788 0.182448036952
0.479576399395 0.183025404157
0.480362537764 0.183602771363
0.47963800905 0.183602771363
0.480421686747 0.184180138568
0.47969924812 0.184180138568
0.478978978979 0.184180138568
0.478260869565 0.184180138568
0.47754491018 0.184180138568
0.478325859492 0.184757505774
0.479104477612 0.185334872979
0.479880774963 0.185912240185
0.480654761905 0.18648960739
0.481426448737 0.187066974596
0.482195845697 0.187644341801
0.482962962963 0.188221709007
0.48224852071 0.188221709007
0.481536189069 0.188221709007
0.482300884956 0.188799076212
0.481590574374 0.188799076212
0.480882352941 0.188799076212
0.481644640235 0.189376443418
0.480938416422 0.189376443418
0.480234260615 0.189376443418
0.479532163743 0.189376443418
0.478832116788 0.189376443418
0.478134110787 0.189376443418
0.478893740902 0.189953810624
0.478197674419 0.189953810624
0.477503628447 0.189953810624
0.476811594203 0.189953810624
0.476121562952 0.189953810624
0.476878612717 0.190531177829
0.47619047619 0.190531177829
0.475504322767 0.190531177829
0.474820143885 0.190531177829
0.474137931034 0.190531177829
0.473457675753 0.190531177829
0.474212034384 0.191108545035
0.474964234621 0.19168591224
0.475714285714 0.192263279446
0.475035663338 0.192263279446
0.474358974359 0.192263279446
0.473684210526 0.192263279446
0.473011363636 0.192263279446
0.472340425532 0.192263279446
0.473087818697 0.192840646651
0.473833097595 0.193418013857
0.473163841808 0.193418013857
0.473906911142 0.193995381062
0.47323943662 0.193995381062
0.473980309423 0.194572748268
0.473314606742 0.194572748268
0.472650771388 0.194572748268
0.471988795518 0.194572748268
0.471328671329 0.194572748268
0.470670391061 0.194572748268
0.471408647141 0.195150115473
0.470752089136 0.195150115473
0.471488178025 0.195727482679
0.470833333333 0.195727482679
0.470180305132 0.195727482679
0.469529085873 0.195727482679
0.46887966805 0.195727482679
0.469613259669 0.196304849885
0.468965517241 0.196304849885
0.468319559229 0.196304849885
0.469050894085 0.19688221709
0.468406593407 0.19688221709
0.467764060357 0.19688221709
0.467123287671 0.19688221709
0.466484268126 0.19688221709
0.465846994536 0.19688221709
0.466575716235 0.197459584296
0.465940054496 0.197459584296
0.466666666667 0.198036951501
0.467391304348 0.198614318707
0.466757123474 0.198614318707
0.467479674797 0.199191685912
0.466847090663 0.199191685912
0.467567567568 0.199769053118
0.4669365722 0.199769053118
0.466307277628 0.199769053118
0.465679676985 0.199769053118
0.466397849462 0.200346420323
0.465771812081 0.200346420323
0.465147453083 0.200346420323
0.46452476573 0.200346420323
0.463903743316 0.200346420323
0.463284379172 0.200346420323
0.464 0.200923787529
0.463382157124 0.200923787529
0.462765957447 0.200923787529
0.463479415671 0.201501154734
0.462864721485 0.201501154734
0.462251655629 0.201501154734
0.46164021164 0.201501154734
0.462351387054 0.20207852194
0.461741424802 0.20207852194
0.461133069829 0.20207852194
0.460526315789 0.20207852194
0.459921156373 0.20207852194
0.46062992126 0.202655889145
0.461336828309 0.203233256351
0.462041884817 0.203810623557
0.461437908497 0.203810623557
0.460835509138 0.203810623557
0.460234680574 0.203810623557
0.459635416667 0.203810623557
0.459037711313 0.203810623557
0.45974025974 0.204387990762
0.459143968872 0.204387990762
0.459844559585 0.204965357968
0.459249676585 0.204965357968
0.458656330749 0.204965357968
0.45935483871 0.205542725173
0.458762886598 0.205542725173
0.459459459459 0.206120092379
0.458868894602 0.206120092379
0.459563543004 0.206697459584
0.458974358974 0.206697459584
0.45966709347 0.20727482679
0.460358056266 0.207852193995
0.459770114943 0.207852193995
0.459183673469 0.207852193995
0.459872611465 0.208429561201
0.459287531807 0.208429561201
0.459974587039 0.209006928406
0.459390862944 0.209006928406
0.458808618504 0.209006928406
0.458227848101 0.209006928406
0.457648546144 0.209006928406
0.458333333333 0.209584295612
0.457755359395 0.209584295612
0.45717884131 0.209584295612
0.456603773585 0.209584295612
0.456030150754 0.209584295612
0.456712672522 0.210161662818
0.456140350877 0.210161662818
0.455569461827 0.210161662818
0.455 0.210161662818
0.45443196005 0.210161662818
0.453865336658 0.210161662818
0.454545454545 0.210739030023
0.453980099502 0.210739030023
0.453416149068 0.210739030023
0.452853598015 0.210739030023
0.45229244114 0.210739030023
0.451732673267 0.210739030023
0.451174289246 0.210739030023
0.451851851852 0.211316397229
0.451294697904 0.211316397229
0.450738916256 0.211316397229
0.451414514145 0.211893764434
0.45085995086 0.211893764434
0.451533742331 0.21247113164
0.452205882353 0.213048498845
0.452876376989 0.213625866051
0.452322738386 0.213625866051
0.45177045177 0.213625866051
0.45243902439 0.214203233256
0.451887941535 0.214203233256
0.451338199513 0.214203233256
0.450789793439 0.214203233256
0.450242718447 0.214203233256
0.449696969697 0.214203233256
0.449152542373 0.214203233256
0.449818621524 0.214780600462
0.450483091787 0.215357967667
0.451145958987 0.215935334873
0.451807228916 0.216512702079
0.451263537906 0.216512702079
0.450721153846 0.216512702079
0.450180072029 0.216512702079
0.44964028777 0.216512702079
0.450299401198 0.217090069284
0.44976076555 0.217090069284
0.450418160096 0.21766743649
0.449880668258 0.21766743649
0.449344457688 0.21766743649
0.44880952381 0.21766743649
0.448275862069 0.21766743649
0.44893111639 0.218244803695
0.448398576512 0.218244803695
0.447867298578 0.218244803695
0.447337278107 0.218244803695
0.446808510638 0.218244803695
0.446280991736 0.218244803695
0.446933962264 0.218822170901
0.447585394582 0.219399538106
0.447058823529 0.219399538106
0.446533490012 0.219399538106
0.446009389671 0.219399538106
0.445486518171 0.219399538106
0.444964871194 0.219399538106
0.444444444444 0.219399538106
0.443925233645 0.219399538106
0.443407234539 0.219399538106
0.44289044289 0.219399538106
0.442374854482 0.219399538106
0.441860465116 0.219399538106
0.442508710801 0.219976905312
0.441995359629 0.219976905312
0.442641946698 0.220554272517
0.443287037037 0.221131639723
0.442774566474 0.221131639723
0.442263279446 0.221131639723
0.441753171857 0.221131639723
0.441244239631 0.221131639723
0.440736478711 0.221131639723
0.440229885057 0.221131639723
0.440872560276 0.221709006928
0.440366972477 0.221709006928
0.441008018328 0.222286374134
0.441647597254 0.222863741339
0.441142857143 0.222863741339
0.440639269406 0.222863741339
0.441277080958 0.223441108545
0.440774487472 0.223441108545
0.44141069397 0.224018475751
0.442045454545 0.224595842956
0.441543700341 0.224595842956
0.442176870748 0.225173210162
0.44167610419 0.225173210162
0.442307692308 0.225750577367
0.441807909605 0.225750577367
0.441309255079 0.225750577367
0.440811724915 0.225750577367
0.440315315315 0.225750577367
0.44094488189 0.226327944573
0.441573033708 0.226905311778
0.442199775533 0.227482678984
0.441704035874 0.227482678984
0.441209406495 0.227482678984
0.440715883669 0.227482678984
0.441340782123 0.228060046189
0.440848214286 0.228060046189
0.440356744705 0.228060046189
0.43986636971 0.228060046189
0.439377085651 0.228060046189
0.44 0.228637413395
0.439511653718 0.228637413395
0.439024390244 0.228637413395
0.439645625692 0.2292147806
0.439159292035 0.2292147806
0.438674033149 0.2292147806
0.438189845475 0.2292147806
0.437706725469 0.2292147806
0.437224669604 0.2292147806
0.436743674367 0.2292147806
0.437362637363 0.229792147806
0.436882546652 0.229792147806
0.4375 0.230369515012
0.437020810515 0.230369515012
0.436542669584 0.230369515012
0.43606557377 0.230369515012
0.435589519651 0.230369515012
0.435114503817 0.230369515012
0.435729847495 0.230946882217
0.435255712731 0.230946882217
0.435869565217 0.231524249423
0.43539630836 0.231524249423
0.434924078091 0.231524249423
0.434452871073 0.231524249423
0.433982683983 0.231524249423
0.433513513514 0.231524249423
0.433045356371 0.231524249423
0.433656957929 0.232101616628
0.433189655172 0.232101616628
0.43272335845 0.232101616628
0.432258064516 0.232101616628
0.432867883996 0.232678983834
0.432403433476 0.232678983834
0.431939978564 0.232678983834
0.432548179872 0.233256351039
0.432085561497 0.233256351039
0.431623931624 0.233256351039
0.431163287086 0.233256351039
0.430703624733 0.233256351039
0.430244941427 0.233256351039
0.429787234043 0.233256351039
0.429330499469 0.233256351039
0.428874734607 0.233256351039
0.42948038176 0.233833718245
0.429025423729 0.233833718245
0.428571428571 0.233833718245
0.428118393235 0.233833718245
0.427666314678 0.233833718245
0.427215189873 0.233833718245
0.426765015806 0.233833718245
0.426315789474 0.233833718245
0.425867507886 0.233833718245
0.425420168067 0.233833718245
0.424973767051 0.233833718245
0.424528301887 0.233833718245
0.424083769634 0.233833718245
0.423640167364 0.233833718245
0.423197492163 0.233833718245
0.422755741127 0.233833718245
0.422314911366 0.233833718245
0.421875 0.233833718245
0.421436004162 0.233833718245
0.420997920998 0.233833718245
0.421599169263 0.23441108545
0.422199170124 0.234988452656
0.422797927461 0.235565819861
0.422360248447 0.235565819861
0.422957600827 0.236143187067
0.422520661157 0.236143187067
0.423116615067 0.236720554273
0.422680412371 0.236720554273
0.422245108136 0.236720554273
0.421810699588 0.236720554273
0.421377183967 0.236720554273
0.420944558522 0.236720554273
0.420512820513 0.236720554273
0.420081967213 0.236720554273
0.420675537359 0.237297921478
0.420245398773 0.237297921478
0.420837589377 0.237875288684
0.420408163265 0.237875288684
0.41997961264 0.237875288684
0.420570264766 0.238452655889
0.42014242116 0.238452655889
0.419715447154 0.238452655889
0.419289340102 0.238452655889
0.419878296146 0.239030023095
0.419452887538 0.239030023095
0.419028340081 0.239030023095
0.418604651163 0.239030023095
0.419191919192 0.2396073903
0.418768920283 0.2396073903
0.418346774194 0.2396073903
0.417925478348 0.2396073903
0.418511066398 0.240184757506
0.419095477387 0.240762124711
0.419678714859 0.241339491917
0.420260782347 0.241916859122
0.420841683367 0.242494226328
0.42042042042 0.242494226328
0.42 0.242494226328
0.420579420579 0.243071593533
0.420159680639 0.243071593533
0.419740777667 0.243071593533
0.419322709163 0.243071593533
0.418905472637 0.243071593533
0.418489065606 0.243071593533
0.418073485601 0.243071593533
0.417658730159 0.243071593533
0.417244796829 0.243071593533
0.416831683168 0.243071593533
0.417408506429 0.243648960739
0.416996047431 0.243648960739
0.416584402764 0.243648960739
0.41617357002 0.243648960739
0.415763546798 0.243648960739
0.416338582677 0.244226327945
0.41592920354 0.244226327945
0.415520628684 0.244226327945
0.415112855741 0.244226327945
0.414705882353 0.244226327945
0.41429970617 0.244226327945
0.413894324853 0.244226327945
0.41348973607 0.244226327945
0.4130859375 0.244226327945
0.413658536585 0.24480369515
0.413255360624 0.24480369515
0.412852969815 0.24480369515
0.412451361868 0.24480369515
0.4120505345 0.24480369515
0.411650485437 0.24480369515
0.411251212415 0.24480369515
0.410852713178 0.24480369515
0.410454985479 0.24480369515
0.410058027079 0.24480369515
0.409661835749 0.24480369515
0.409266409266 0.24480369515
0.409836065574 0.245381062356
0.410404624277 0.245958429561
0.410972088547 0.246535796767
0.410576923077 0.246535796767
0.410182516811 0.246535796767
0.409788867562 0.246535796767
0.409395973154 0.246535796767
0.409003831418 0.246535796767
0.40956937799 0.247113163972
0.409177820268 0.247113163972
0.408787010506 0.247113163972
0.408396946565 0.247113163972
0.408007626311 0.247113163972
0.408571428571 0.247690531178
0.408182683159 0.247690531178
0.407794676806 0.247690531178
0.407407407407 0.247690531178
0.407020872865 0.247690531178
0.40663507109 0.247690531178
0.40625 0.247690531178
0.406811731315 0.248267898383
0.406427221172 0.248267898383
0.406987724268 0.248845265589
0.406603773585 0.248845265589
0.406220546654 0.248845265589
0.405838041431 0.248845265589
0.40545625588 0.248845265589
0.40507518797 0.248845265589
0.405633802817 0.249422632794
0.405253283302 0.249422632794
0.404873477038 0.249422632794
0.404494382022 0.249422632794
0.404115996258 0.249422632794
0.403738317757 0.249422632794
0.403361344538 0.249422632794
0.402985074627 0.249422632794
0.402609506058 0.249422632794
0.403165735568 0.25
0.402790697674 0.25
0.402416356877 0.25
0.402042711235 0.25
0.402597402597 0.250577367206
0.402224281742 0.250577367206
0.401851851852 0.250577367206
0.402405180389 0.251154734411
0.402957486137 0.251732101617
0.402585410896 0.251732101617
0.40221402214 0.251732101617
0.402764976959 0.252309468822
0.402394106814 0.252309468822
0.402023919043 0.252309468822
0.401654411765 0.252309468822
0.401285583104 0.252309468822
0.400917431193 0.252309468822
0.401466544455 0.252886836028
0.401098901099 0.252886836028
0.400731930467 0.252886836028
0.400365630713 0.252886836028
0.4 0.252886836028
0.399635036496 0.252886836028
0.399270738377 0.252886836028
0.398907103825 0.252886836028
0.398544131028 0.252886836028
0.398181818182 0.252886836028
0.397820163488 0.252886836028
0.398366606171 0.253464203233
0.39800543971 0.253464203233
0.397644927536 0.253464203233
0.397285067873 0.253464203233
0.397830018083 0.254041570439
0.397470641373 0.254041570439
0.397111913357 0.254041570439
0.396753832281 0.254041570439
0.396396396396 0.254041570439
0.39603960396 0.254041570439
0.395683453237 0.254041570439
0.396226415094 0.254618937644
0.396768402154 0.25519630485
0.39730941704 0.255773672055
0.396953405018 0.255773672055
0.396598030439 0.255773672055
0.396243291592 0.255773672055
0.395889186774 0.255773672055
0.395535714286 0.255773672055
0.395182872435 0.255773672055
0.395721925134 0.256351039261
0.395369545859 0.256351039261
0.39590747331 0.256928406467
0.396444444444 0.257505773672
0.396092362345 0.257505773672
0.396628216504 0.258083140878
0.396276595745 0.258083140878
0.396811337467 0.258660508083
0.396460176991 0.258660508083
0.396109637489 0.258660508083
0.395759717314 0.258660508083
0.395410414828 0.258660508083
0.395061728395 0.258660508083
0.394713656388 0.258660508083
0.394366197183 0.258660508083
0.394019349164 0.258660508083
0.393673110721 0.258660508083
0.393327480246 0.258660508083
0.393859649123 0.259237875289
0.393514460999 0.259237875289
0.394045534151 0.259815242494
0.393700787402 0.259815242494
0.393356643357 0.259815242494
0.393013100437 0.259815242494
0.392670157068 0.259815242494
0.392327811683 0.259815242494
0.391986062718 0.259815242494
0.391644908616 0.259815242494
0.391304347826 0.259815242494
0.390964378801 0.259815242494
0.390625 0.259815242494
0.390286209887 0.259815242494
0.389948006932 0.259815242494
0.390476190476 0.2603926097
0.390138408304 0.2603926097
0.390665514261 0.260969976905
0.390328151986 0.260969976905
0.389991371872 0.260969976905
0.389655172414 0.260969976905
0.38931955211 0.260969976905
0.388984509466 0.260969976905
0.38950988822 0.261547344111
0.389175257732 0.261547344111
0.388841201717 0.261547344111
0.388507718696 0.261547344111
0.389031705227 0.262124711316
0.388698630137 0.262124711316
0.389221556886 0.262702078522
0.388888888889 0.262702078522
0.388556789069 0.262702078522
0.388225255973 0.262702078522
0.388746803069 0.263279445727
0.388415672913 0.263279445727
0.388936170213 0.263856812933
0.388605442177 0.263856812933
0.388275276126 0.263856812933
0.388794567063 0.264434180139
0.388464800679 0.264434180139
0.38813559322 0.264434180139
0.387806943268 0.264434180139
0.387478849408 0.264434180139
0.387151310228 0.264434180139
0.386824324324 0.264434180139
0.386497890295 0.264434180139
0.386172006745 0.264434180139
0.385846672283 0.264434180139
0.385521885522 0.264434180139
0.386038687973 0.265011547344
0.385714285714 0.265011547344
0.386230058774 0.26558891455
0.385906040268 0.26558891455
0.385582564962 0.26558891455
0.385259631491 0.26558891455
0.384937238494 0.26558891455
0.384615384615 0.26558891455
0.385129490393 0.266166281755
0.384808013356 0.266166281755
0.38448707256 0.266166281755
0.384166666667 0.266166281755
0.383846794338 0.266166281755
0.383527454243 0.266166281755
0.383208645054 0.266166281755
0.382890365449 0.266166281755
0.382572614108 0.266166281755
0.382255389718 0.266166281755
0.382767191384 0.266743648961
0.383278145695 0.267321016166
0.382961124897 0.267321016166
0.38347107438 0.267898383372
0.383154417836 0.267898383372
0.382838283828 0.267898383372
0.383347073372 0.268475750577
0.383855024712 0.269053117783
0.384362139918 0.269630484988
0.384046052632 0.269630484988
0.383730484799 0.269630484988
0.38341543514 0.269630484988
0.383100902379 0.269630484988
0.383606557377 0.270207852194
0.383292383292 0.270207852194
0.382978723404 0.270207852194
0.382665576451 0.270207852194
0.382352941176 0.270207852194
0.382040816327 0.270207852194
0.381729200653 0.270207852194
0.382233088835 0.2707852194
0.381921824104 0.2707852194
0.382424735557 0.271362586605
0.382113821138 0.271362586605
0.38180341186 0.271362586605
0.381493506494 0.271362586605
0.38199513382 0.271939953811
0.381685575365 0.271939953811
0.381376518219 0.271939953811
0.381067961165 0.271939953811
0.381568310428 0.272517321016
0.381260096931 0.272517321016
0.381759483454 0.273094688222
0.381451612903 0.273094688222
0.38195004029 0.273672055427
0.381642512077 0.273672055427
0.381335478681 0.273672055427
0.381028938907 0.273672055427
0.380722891566 0.273672055427
0.380417335474 0.273672055427
0.380914194066 0.274249422633
0.380608974359 0.274249422633
0.380304243395 0.274249422633
0.3808 0.274826789838
0.380495603517 0.274826789838
0.380990415335 0.275404157044
0.380686352753 0.275404157044
0.38038277512 0.275404157044
0.380876494024 0.275981524249
0.380573248408 0.275981524249
0.380270485282 0.275981524249
0.379968203498 0.275981524249
0.379666401906 0.275981524249
0.379365079365 0.275981524249
0.379064234734 0.275981524249
0.378763866878 0.275981524249
0.378463974663 0.275981524249
0.378955696203 0.276558891455
0.378656126482 0.276558891455
0.379146919431 0.277136258661
0.378847671665 0.277136258661
0.378548895899 0.277136258661
0.378250591017 0.277136258661
0.37874015748 0.277713625866
0.37922895358 0.278290993072
0.379716981132 0.278868360277
0.379418695994 0.278868360277
0.379120879121 0.278868360277
0.379607843137 0.279445727483
0.379310344828 0.279445727483
0.379796397807 0.280023094688
0.379499217527 0.280023094688
0.379202501955 0.280023094688
0.37890625 0.280023094688
0.378610460578 0.280023094688
0.379095163807 0.280600461894
0.378799688231 0.280600461894
0.378504672897 0.280600461894
0.378210116732 0.280600461894
0.378693623639 0.281177829099
0.378399378399 0.281177829099
0.378881987578 0.281755196305
0.379363847944 0.28233256351
0.379069767442 0.28233256351
0.378776142525 0.28233256351
0.378482972136 0.28233256351
0.37819025522 0.28233256351
0.378670788253 0.282909930716
0.378378378378 0.282909930716
0.378086419753 0.282909930716
0.377794911334 0.282909930716
0.37750385208 0.282909930716
0.377213240955 0.282909930716
0.376923076923 0.282909930716
0.376633358955 0.282909930716
0.377112135177 0.283487297921
0.376822716807 0.283487297921
0.376533742331 0.283487297921
0.376245210728 0.283487297921
0.37595712098 0.283487297921
0.375669472073 0.283487297921
0.375382262997 0.283487297921
0.375095492743 0.283487297921
0.374809160305 0.283487297921
0.37528604119 0.284064665127
0.375762195122 0.284642032333
0.375476009139 0.284642032333
0.375190258752 0.284642032333
0.374904942966 0.284642032333
0.37462006079 0.284642032333
0.37509491268 0.285219399538
0.374810318665 0.285219399538
0.374526156179 0.285219399538
0.375 0.285796766744
0.374716124148 0.285796766744
0.374432677761 0.285796766744
0.374149659864 0.285796766744
0.373867069486 0.285796766744
0.37358490566 0.285796766744
0.374057315234 0.286374133949
0.373775433308 0.286374133949
0.373493975904 0.286374133949
0.373212942062 0.286374133949
0.372932330827 0.286374133949
0.372652141247 0.286374133949
0.372372372372 0.286374133949
0.372093023256 0.286374133949
0.371814092954 0.286374133949
0.371535580524 0.286374133949
0.37125748503 0.286374133949
0.370979805535 0.286374133949
0.370702541106 0.286374133949
0.370425690814 0.286374133949
0.370149253731 0.286374133949
0.369873228934 0.286374133949
0.369597615499 0.286374133949
0.369322412509 0.286374133949
0.369791666667 0.286951501155
0.369516728625 0.286951501155
0.369242199108 0.286951501155
0.368968077209 0.286951501155
0.368694362018 0.286951501155
0.368421052632 0.286951501155
0.368888888889 0.28752886836
0.368615840118 0.28752886836
0.369082840237 0.288106235566
0.369549150037 0.288683602771
0.369276218612 0.288683602771
0.369003690037 0.288683602771
0.368731563422 0.288683602771
0.369196757553 0.289260969977
0.368924889543 0.289260969977
0.368653421634 0.289260969977
0.368382352941 0.289260969977
0.368846436444 0.289838337182
0.369309838473 0.290415704388
0.369038884813 0.290415704388
0.368768328446 0.290415704388
0.369230769231 0.290993071594
0.368960468521 0.290993071594
0.368690563277 0.290993071594
0.369152046784 0.291570438799
0.369612856099 0.292147806005
0.369343065693 0.292147806005
0.369803063457 0.29272517321
0.369533527697 0.29272517321
0.369264384559 0.29272517321
0.368995633188 0.29272517321
0.369454545455 0.293302540416
0.369912790698 0.293879907621
0.369644153958 0.293879907621
0.369375907112 0.293879907621
0.369108049311 0.293879907621
0.36884057971 0.293879907621
0.368573497466 0.293879907621
0.369030390738 0.294457274827
0.368763557484 0.294457274827
0.368497109827 0.294457274827
0.368231046931 0.294457274827
0.368686868687 0.295034642032
0.368421052632 0.295034642032
0.368876080692 0.295612009238
0.368610511159 0.295612009238
0.368345323741 0.295612009238
0.368799424874 0.296189376443
0.368534482759 0.296189376443
0.368269921034 0.296189376443
0.368005738881 0.296189376443
0.368458781362 0.296766743649
0.368194842407 0.296766743649
0.367931281317 0.296766743649
0.368383404864 0.297344110855
0.368834882059 0.29792147806
0.369285714286 0.298498845266
0.369735902926 0.299076212471
0.369472182596 0.299076212471
0.369208838204 0.299076212471
0.368945868946 0.299076212471
0.368683274021 0.299076212471
0.369132290185 0.299653579677
0.368869936034 0.299653579677
0.368607954545 0.299653579677
0.368346344925 0.299653579677
0.368085106383 0.299653579677
0.367824238129 0.299653579677
0.367563739377 0.299653579677
0.367303609342 0.299653579677
0.36775106082 0.300230946882
0.367491166078 0.300230946882
0.367231638418 0.300230946882
0.366972477064 0.300230946882
0.366713681241 0.300230946882
0.366455250176 0.300230946882
0.366901408451 0.300808314088
0.366643209008 0.300808314088
0.367088607595 0.301385681293
0.366830639494 0.301385681293
0.366573033708 0.301385681293
0.366315789474 0.301385681293
0.366058906031 0.301385681293
0.365802382621 0.301385681293
0.365546218487 0.301385681293
0.365290412876 0.301385681293
0.365034965035 0.301385681293
0.365478686233 0.301963048499
0.365223463687 0.301963048499
0.364968597348 0.301963048499
0.365411436541 0.302540415704
0.365156794425 0.302540415704
0.364902506964 0.302540415704
0.364648573417 0.302540415704
0.365090403338 0.30311778291
0.364836692147 0.30311778291
0.364583333333 0.30311778291
0.364330326162 0.30311778291
0.364077669903 0.30311778291
0.363825363825 0.30311778291
0.363573407202 0.30311778291
0.36401384083 0.303695150115
0.364453665284 0.304272517321
0.364201796821 0.304272517321
0.363950276243 0.304272517321
0.36369910283 0.304272517321
0.364137931034 0.304849884527
0.3638869745 0.304849884527
0.363636363636 0.304849884527
0.363386097729 0.304849884527
0.363136176066 0.304849884527
0.362886597938 0.304849884527
0.362637362637 0.304849884527
0.363074811256 0.305427251732
0.362825788752 0.305427251732
0.362577107608 0.305427251732
0.36301369863 0.306004618938
0.362765229295 0.306004618938
0.362517099863 0.306004618938
0.362269309638 0.306004618938
0.362021857923 0.306004618938
0.361774744027 0.306004618938
0.361527967258 0.306004618938
0.361963190184 0.306581986143
0.361716621253 0.306581986143
0.362151123213 0.307159353349
0.361904761905 0.307159353349
0.361658735554 0.307159353349
0.362092391304 0.307736720554
0.361846571623 0.307736720554
0.361601085482 0.307736720554
0.361355932203 0.307736720554
0.361788617886 0.30831408776
0.362220717671 0.308891454965
0.36197564276 0.308891454965
0.361730899256 0.308891454965
0.362162162162 0.309468822171
0.361917623228 0.309468822171
0.361673414305 0.309468822171
0.361429534727 0.309468822171
0.361185983827 0.309468822171
0.360942760943 0.309468822171
0.36069986541 0.309468822171
0.36045729657 0.309468822171
0.360215053763 0.309468822171
0.359973136333 0.309468822171
0.359731543624 0.309468822171
0.359490274983 0.309468822171
0.359919571046 0.310046189376
0.359678499665 0.310046189376
0.359437751004 0.310046189376
0.359197324415 0.310046189376
0.359625668449 0.310623556582
0.359385437542 0.310623556582
0.35914552737 0.310623556582
0.358905937292 0.310623556582
0.358666666667 0.310623556582
0.358427714857 0.310623556582
0.358189081225 0.310623556582
0.357950765136 0.310623556582
0.357712765957 0.310623556582
0.357475083056 0.310623556582
0.357237715803 0.310623556582
0.35700066357 0.310623556582
0.356763925729 0.310623556582
0.356527501657 0.310623556582
0.356291390728 0.310623556582
0.356055592323 0.310623556582
0.35582010582 0.310623556582
0.355584930601 0.310623556582
0.35535006605 0.310623556582
0.355115511551 0.310623556582
0.354881266491 0.310623556582
0.354647330257 0.310623556582
0.35441370224 0.310623556582
0.35418038183 0.310623556582
0.353947368421 0.310623556582
0.353714661407 0.310623556582
0.354139290407 0.311200923788
0.353906762968 0.311200923788
0.353674540682 0.311200923788
0.353442622951 0.311200923788
0.353211009174 0.311200923788
0.352979698756 0.311200923788
0.352748691099 0.311200923788
0.352517985612 0.311200923788
0.352287581699 0.311200923788
0.352057478772 0.311200923788
0.35182767624 0.311200923788
0.352250489237 0.311778290993
0.352020860495 0.311778290993
0.351791530945 0.311778290993
0.3515625 0.311778290993
0.351333767079 0.311778290993
0.351105331599 0.311778290993
0.350877192982 0.311778290993
0.350649350649 0.311778290993
0.350421804023 0.311778290993
0.350194552529 0.311778290993
0.349967595593 0.311778290993
0.349740932642 0.311778290993
0.349514563107 0.311778290993
0.349935316947 0.312355658199
0.349709114415 0.312355658199
0.349483204134 0.312355658199
0.349903163331 0.312933025404
0.349677419355 0.312933025404
0.350096711799 0.31351039261
0.350515463918 0.314087759815
0.350933676755 0.314665127021
0.350707850708 0.314665127021
0.351125401929 0.315242494226
0.350899742931 0.315242494226
0.350674373796 0.315242494226
0.35109114249 0.315819861432
0.350865939705 0.315819861432
0.350641025641 0.315819861432
0.350416399744 0.315819861432
0.35019206146 0.315819861432
0.349968010237 0.315819861432
0.350383631714 0.316397228637
0.350159744409 0.316397228637
0.34993614304 0.316397228637
0.349712827058 0.316397228637
0.349489795918 0.316397228637
0.349904397706 0.316974595843
0.349681528662 0.316974595843
0.349458943348 0.316974595843
0.349236641221 0.316974595843
0.349014621742 0.316974595843
0.348792884371 0.316974595843
0.348571428571 0.316974595843
0.348350253807 0.316974595843
0.348129359543 0.316974595843
0.347908745247 0.316974595843
0.348321722609 0.317551963048
0.348101265823 0.317551963048
0.347881087919 0.317551963048
0.348293299621 0.318129330254
0.348704990524 0.31870669746
0.348484848485 0.31870669746
0.348895899054 0.319284064665
0.34867591425 0.319284064665
0.348456206679 0.319284064665
0.348866498741 0.319861431871
0.349276274386 0.320438799076
0.349056603774 0.320438799076
0.348837209302 0.320438799076
0.348618090452 0.320438799076
0.349026993095 0.321016166282
0.349435382685 0.321593533487
0.34921630094 0.321593533487
0.348997493734 0.321593533487
0.348778960551 0.321593533487
0.348560700876 0.321593533487
0.348342714196 0.321593533487
0.348125 0.321593533487
0.347907557776 0.321593533487
0.348314606742 0.322170900693
0.34809731753 0.322170900693
0.347880299252 0.322170900693
0.347663551402 0.322170900693
0.347447073474 0.322170900693
0.347853142502 0.322748267898
0.34763681592 0.322748267898
0.347420758235 0.322748267898
0.347826086957 0.323325635104
0.347610180012 0.323325635104
0.347394540943 0.323325635104
0.34717916925 0.323325635104
0.346964064436 0.323325635104
0.347368421053 0.323903002309
0.347153465347 0.323903002309
0.34693877551 0.323903002309
0.346724351051 0.323903002309
0.346510191476 0.323903002309
0.346913580247 0.324480369515
0.347316471314 0.325057736721
0.347102342787 0.325057736721
0.346888478127 0.325057736721
0.347290640394 0.325635103926
0.347076923077 0.325635103926
0.346863468635 0.325635103926
0.346650276583 0.325635103926
0.346437346437 0.325635103926
0.346224677716 0.325635103926
0.346625766871 0.326212471132
0.346413243409 0.326212471132
0.34681372549 0.326789838337
0.347213717085 0.327367205543
0.347613219094 0.327944572748
0.347400611621 0.327944572748
0.347799511002 0.328521939954
0.347587049481 0.328521939954
0.347374847375 0.328521939954
0.34716290421 0.328521939954
0.34756097561 0.329099307159
0.347349177331 0.329099307159
0.347137637028 0.329099307159
0.34692635423 0.329099307159
0.346715328467 0.329099307159
0.346504559271 0.329099307159
0.346294046173 0.329099307159
0.346083788707 0.329099307159
0.345873786408 0.329099307159
0.345664038811 0.329099307159
0.345454545455 0.329099307159
0.345245305875 0.329099307159
0.345036319613 0.329099307159
0.344827586207 0.329099307159
0.345223700121 0.329676674365
0.34501510574 0.329676674365
0.345410628019 0.33025404157
0.345202172601 0.33025404157
0.344993968637 0.33025404157
0.344786015672 0.33025404157
0.345180722892 0.330831408776
0.345574954846 0.331408775982
0.345367027677 0.331408775982
0.345159350571 0.331408775982
0.344951923077 0.331408775982
0.344744744745 0.331408775982
0.344537815126 0.331408775982
0.344331133773 0.331408775982
0.34412470024 0.331408775982
0.344517675255 0.331986143187
0.344311377246 0.331986143187
0.344105326152 0.331986143187
0.343899521531 0.331986143187
0.343693962941 0.331986143187
0.34348864994 0.331986143187
0.34328358209 0.331986143187
0.34307875895 0.331986143187
0.342874180083 0.331986143187
0.342669845054 0.331986143187
0.342465753425 0.331986143187
0.342261904762 0.331986143187
0.342058298632 0.331986143187
0.341854934602 0.331986143187
0.342245989305 0.332563510393
0.342042755344 0.332563510393
0.341839762611 0.332563510393
0.341637010676 0.332563510393
0.341434499111 0.332563510393
0.341232227488 0.332563510393
0.341030195382 0.332563510393
0.340828402367 0.332563510393
0.340626848019 0.332563510393
0.340425531915 0.332563510393
0.340224453633 0.332563510393
0.340023612751 0.332563510393
0.340412979351 0.333140877598
0.340212264151 0.333140877598
0.340601060695 0.333718244804
0.340400471143 0.333718244804
0.340200117716 0.333718244804
0.34 0.333718244804
0.340388007055 0.334295612009
0.340188014101 0.334295612009
0.339988256019 0.334295612009
0.339788732394 0.334295612009
0.339589442815 0.334295612009
0.339976553341 0.334872979215
0.339777387229 0.334872979215
0.339578454333 0.334872979215
0.339379754242 0.334872979215
0.33918128655 0.334872979215
0.338983050847 0.334872979215
0.338785046729 0.334872979215
0.33917104495 0.33545034642
0.338973162194 0.33545034642
0.338775510204 0.33545034642
0.338578088578 0.33545034642
0.338380896913 0.33545034642
0.338183934808 0.33545034642
0.337987201862 0.33545034642
0.337790697674 0.33545034642
0.337594421848 0.33545034642
0.337398373984 0.33545034642
0.337202553685 0.33545034642
0.337006960557 0.33545034642
0.336811594203 0.33545034642
0.336616454229 0.33545034642
0.336421540243 0.33545034642
0.336226851852 0.33545034642
0.336032388664 0.33545034642
0.335838150289 0.33545034642
0.335644136337 0.33545034642
0.336027713626 0.336027713626
0.335833814195 0.336027713626
0.335640138408 0.336027713626
0.335446685879 0.336027713626
0.335253456221 0.336027713626
0.335636154289 0.336605080831
0.336018411968 0.337182448037
0.336400230017 0.337759815242
0.336206896552 0.337759815242
0.33658816772 0.338337182448
0.336394948335 0.338337182448
0.336775674125 0.338914549654
0.337155963303 0.339491916859
0.337535816619 0.340069284065
0.337342497136 0.340069284065
0.337721808815 0.34064665127
0.337528604119 0.34064665127
0.337335620354 0.34064665127
0.337142857143 0.34064665127
0.336950314106 0.34064665127
0.336757990868 0.34064665127
0.336565887051 0.34064665127
