1.0 0.0
1.0 0.000577367205543
0.5 0.000577367205543
0.666666666667 0.00115473441109
0.75 0.00173210161663
0.8 0.00230946882217
0.833333333333 0.00288683602771
0.857142857143 0.00346420323326
0.875 0.0040415704388
0.777777777778 0.0040415704388
0.8 0.00461893764434
0.818181818182 0.00519630484988
0.75 0.00519630484988
0.769230769231 0.00577367205543
0.785714285714 0.00635103926097
0.8 0.00692840646651
0.8125 0.00750577367206
0.764705882353 0.00750577367206
0.777777777778 0.0080831408776
0.736842105263 0.0080831408776
0.7 0.0080831408776
0.714285714286 0.00866050808314
0.727272727273 0.00923787528868
0.695652173913 0.00923787528868
0.708333333333 0.00981524249423
0.68 0.00981524249423
0.653846153846 0.00981524249423
0.666666666667 0.0103926096998
0.678571428571 0.0109699769053
0.689655172414 0.0115473441109
0.7 0.0121247113164
0.709677419355 0.0127020785219
0.6875 0.0127020785219
0.666666666667 0.0127020785219
0.647058823529 0.0127020785219
0.628571428571 0.0127020785219
0.638888888889 0.0132794457275
0.648648648649 0.013856812933
0.657894736842 0.0144341801386
0.641025641026 0.0144341801386
0.65 0.0150115473441
0.658536585366 0.0155889145497
0.642857142857 0.0155889145497
0.627906976744 0.0155889145497
0.636363636364 0.0161662817552
0.644444444444 0.0167436489607
0.652173913043 0.0173210161663
0.659574468085 0.0178983833718
0.666666666667 0.0184757505774
0.65306122449 0.0184757505774
0.64 0.0184757505774
0.647058823529 0.0190531177829
0.653846153846 0.0196304849885
0.660377358491 0.020207852194
0.648148148148 0.020207852194
0.654545454545 0.0207852193995
0.660714285714 0.0213625866051
0.666666666667 0.0219399538106
0.672413793103 0.0225173210162
0.677966101695 0.0230946882217
0.666666666667 0.0230946882217
0.672131147541 0.0236720554273
0.661290322581 0.0236720554273
0.666666666667 0.0242494226328
0.65625 0.0242494226328
0.661538461538 0.0248267898383
0.651515151515 0.0248267898383
0.641791044776 0.0248267898383
0.647058823529 0.0254041570439
0.652173913043 0.0259815242494
0.657142857143 0.026558891455
0.661971830986 0.0271362586605
0.652777777778 0.0271362586605
0.657534246575 0.0277136258661
0.662162162162 0.0282909930716
0.666666666667 0.0288683602771
0.657894736842 0.0288683602771
0.649350649351 0.0288683602771
0.653846153846 0.0294457274827
0.658227848101 0.0300230946882
0.6625 0.0306004618938
0.666666666667 0.0311778290993
0.658536585366 0.0311778290993
0.66265060241 0.0317551963048
0.654761904762 0.0317551963048
0.658823529412 0.0323325635104
0.651162790698 0.0323325635104
0.655172413793 0.0329099307159
0.659090909091 0.0334872979215
0.662921348315 0.034064665127
0.655555555556 0.034064665127
0.648351648352 0.034064665127
0.652173913043 0.0346420323326
0.655913978495 0.0352193995381
0.648936170213 0.0352193995381
0.642105263158 0.0352193995381
0.635416666667 0.0352193995381
0.639175257732 0.0357967667436
0.642857142857 0.0363741339492
0.646464646465 0.0369515011547
0.64 0.0369515011547
0.643564356436 0.0375288683603
0.637254901961 0.0375288683603
0.640776699029 0.0381062355658
0.634615384615 0.0381062355658
0.628571428571 0.0381062355658
0.632075471698 0.0386836027714
0.626168224299 0.0386836027714
0.62037037037 0.0386836027714
0.623853211009 0.0392609699769
0.618181818182 0.0392609699769
0.621621621622 0.0398383371824
0.616071428571 0.0398383371824
0.610619469027 0.0398383371824
0.605263157895 0.0398383371824
0.608695652174 0.040415704388
0.603448275862 0.040415704388
0.598290598291 0.040415704388
0.593220338983 0.040415704388
0.588235294118 0.040415704388
0.583333333333 0.040415704388
0.586776859504 0.0409930715935
0.590163934426 0.0415704387991
0.585365853659 0.0415704387991
0.588709677419 0.0421478060046
0.592 0.0427251732102
0.587301587302 0.0427251732102
0.590551181102 0.0433025404157
0.59375 0.0438799076212
0.589147286822 0.0438799076212
0.592307692308 0.0444572748268
0.587786259542 0.0444572748268
0.590909090909 0.0450346420323
0.586466165414 0.0450346420323
0.589552238806 0.0456120092379
0.585185185185 0.0456120092379
0.588235294118 0.0461893764434
0.583941605839 0.0461893764434
0.586956521739 0.046766743649
0.589928057554 0.0473441108545
0.592857142857 0.04792147806
0.595744680851 0.0484988452656
0.591549295775 0.0484988452656
0.587412587413 0.0484988452656
0.590277777778 0.0490762124711
0.593103448276 0.0496535796767
0.58904109589 0.0496535796767
0.591836734694 0.0502309468822
0.594594594595 0.0508083140878
0.597315436242 0.0513856812933
0.593333333333 0.0513856812933
0.58940397351 0.0513856812933
0.585526315789 0.0513856812933
0.581699346405 0.0513856812933
0.577922077922 0.0513856812933
0.58064516129 0.0519630484988
0.583333333333 0.0525404157044
0.579617834395 0.0525404157044
0.582278481013 0.0531177829099
0.584905660377 0.0536951501155
0.5875 0.054272517321
0.583850931677 0.054272517321
0.58024691358 0.054272517321
0.58282208589 0.0548498845266
0.579268292683 0.0548498845266
0.581818181818 0.0554272517321
0.584337349398 0.0560046189376
0.580838323353 0.0560046189376
0.583333333333 0.0565819861432
0.579881656805 0.0565819861432
0.582352941176 0.0571593533487
0.584795321637 0.0577367205543
0.581395348837 0.0577367205543
0.578034682081 0.0577367205543
0.580459770115 0.0583140877598
0.582857142857 0.0588914549654
0.585227272727 0.0594688221709
0.587570621469 0.0600461893764
0.589887640449 0.060623556582
0.586592178771 0.060623556582
0.583333333333 0.060623556582
0.585635359116 0.0612009237875
0.582417582418 0.0612009237875
0.584699453552 0.0617782909931
0.58152173913 0.0617782909931
0.578378378378 0.0617782909931
0.575268817204 0.0617782909931
0.577540106952 0.0623556581986
0.574468085106 0.0623556581986
0.571428571429 0.0623556581986
0.573684210526 0.0629330254042
0.575916230366 0.0635103926097
0.578125 0.0640877598152
0.580310880829 0.0646651270208
0.582474226804 0.0652424942263
0.579487179487 0.0652424942263
0.581632653061 0.0658198614319
0.583756345178 0.0663972286374
0.585858585859 0.066974595843
0.587939698492 0.0675519630485
0.59 0.068129330254
0.592039800995 0.0687066974596
0.594059405941 0.0692840646651
0.591133004926 0.0692840646651
0.588235294118 0.0692840646651
0.590243902439 0.0698614318707
0.587378640777 0.0698614318707
0.584541062802 0.0698614318707
0.581730769231 0.0698614318707
0.578947368421 0.0698614318707
0.580952380952 0.0704387990762
0.578199052133 0.0704387990762
0.580188679245 0.0710161662818
0.582159624413 0.0715935334873
0.584112149533 0.0721709006928
0.586046511628 0.0727482678984
0.583333333333 0.0727482678984
0.585253456221 0.0733256351039
0.587155963303 0.0739030023095
0.584474885845 0.0739030023095
0.581818181818 0.0739030023095
0.58371040724 0.074480369515
0.585585585586 0.0750577367206
0.582959641256 0.0750577367206
0.584821428571 0.0756351039261
0.586666666667 0.0762124711316
0.588495575221 0.0767898383372
0.5859030837 0.0767898383372
0.583333333333 0.0767898383372
0.580786026201 0.0767898383372
0.578260869565 0.0767898383372
0.575757575758 0.0767898383372
0.573275862069 0.0767898383372
0.575107296137 0.0773672055427
0.57264957265 0.0773672055427
0.574468085106 0.0779445727483
0.576271186441 0.0785219399538
0.57805907173 0.0790993071594
0.575630252101 0.0790993071594
0.577405857741 0.0796766743649
0.575 0.0796766743649
0.572614107884 0.0796766743649
0.574380165289 0.0802540415704
0.576131687243 0.080831408776
0.573770491803 0.080831408776
0.575510204082 0.0814087759815
0.577235772358 0.0819861431871
0.574898785425 0.0819861431871
0.572580645161 0.0819861431871
0.574297188755 0.0825635103926
0.572 0.0825635103926
0.573705179283 0.0831408775982
0.571428571429 0.0831408775982
0.569169960474 0.0831408775982
0.566929133858 0.0831408775982
0.56862745098 0.0837182448037
0.56640625 0.0837182448037
0.568093385214 0.0842956120092
0.565891472868 0.0842956120092
0.567567567568 0.0848729792148
0.569230769231 0.0854503464203
0.570881226054 0.0860277136259
0.568702290076 0.0860277136259
0.566539923954 0.0860277136259
0.564393939394 0.0860277136259
0.566037735849 0.0866050808314
0.567669172932 0.087182448037
0.565543071161 0.087182448037
0.563432835821 0.087182448037
0.565055762082 0.0877598152425
0.566666666667 0.088337182448
0.564575645756 0.088337182448
0.566176470588 0.0889145496536
0.567765567766 0.0894919168591
0.565693430657 0.0894919168591
0.563636363636 0.0894919168591
0.561594202899 0.0894919168591
0.559566787004 0.0894919168591
0.561151079137 0.0900692840647
0.559139784946 0.0900692840647
0.560714285714 0.0906466512702
0.55871886121 0.0906466512702
0.556737588652 0.0906466512702
0.554770318021 0.0906466512702
0.556338028169 0.0912240184758
0.557894736842 0.0918013856813
0.559440559441 0.0923787528868
0.560975609756 0.0929561200924
0.5625 0.0935334872979
0.56401384083 0.0941108545035
0.565517241379 0.094688221709
0.567010309278 0.0952655889145
0.568493150685 0.0958429561201
0.566552901024 0.0958429561201
0.568027210884 0.0964203233256
0.569491525424 0.0969976905312
0.567567567568 0.0969976905312
0.565656565657 0.0969976905312
0.563758389262 0.0969976905312
0.561872909699 0.0969976905312
0.56 0.0969976905312
0.558139534884 0.0969976905312
0.556291390728 0.0969976905312
0.554455445545 0.0969976905312
0.552631578947 0.0969976905312
0.550819672131 0.0969976905312
0.549019607843 0.0969976905312
0.547231270358 0.0969976905312
0.548701298701 0.0975750577367
0.550161812298 0.0981524249423
0.548387096774 0.0981524249423
0.549839228296 0.0987297921478
0.548076923077 0.0987297921478
0.546325878594 0.0987297921478
0.544585987261 0.0987297921478
0.542857142857 0.0987297921478
0.544303797468 0.0993071593533
0.542586750789 0.0993071593533
0.540880503145 0.0993071593533
0.539184952978 0.0993071593533
0.540625 0.0998845265589
0.542056074766 0.100461893764
0.540372670807 0.100461893764
0.538699690402 0.100461893764
0.54012345679 0.10103926097
0.541538461538 0.101616628176
0.539877300613 0.101616628176
0.54128440367 0.102193995381
0.539634146341 0.102193995381
0.54103343465 0.102771362587
0.542424242424 0.103348729792
0.543806646526 0.103926096998
0.545180722892 0.104503464203
0.546546546547 0.105080831409
0.547904191617 0.105658198614
0.549253731343 0.10623556582
0.550595238095 0.106812933025
0.548961424332 0.106812933025
0.547337278107 0.106812933025
0.545722713864 0.106812933025
0.544117647059 0.106812933025
0.542521994135 0.106812933025
0.540935672515 0.106812933025
0.539358600583 0.106812933025
0.537790697674 0.106812933025
0.539130434783 0.107390300231
0.537572254335 0.107390300231
0.538904899135 0.107967667436
0.537356321839 0.107967667436
0.538681948424 0.108545034642
0.537142857143 0.108545034642
0.535612535613 0.108545034642
0.534090909091 0.108545034642
0.532577903683 0.108545034642
0.531073446328 0.108545034642
0.532394366197 0.109122401848
0.533707865169 0.109699769053
0.535014005602 0.110277136259
0.533519553073 0.110277136259
0.532033426184 0.110277136259
0.530555555556 0.110277136259
0.531855955679 0.110854503464
0.533149171271 0.11143187067
0.534435261708 0.112009237875
0.532967032967 0.112009237875
0.531506849315 0.112009237875
0.530054644809 0.112009237875
0.528610354223 0.112009237875
0.527173913043 0.112009237875
0.525745257453 0.112009237875
0.527027027027 0.112586605081
0.525606469003 0.112586605081
0.524193548387 0.112586605081
0.525469168901 0.113163972286
0.526737967914 0.113741339492
0.525333333333 0.113741339492
0.523936170213 0.113741339492
0.522546419098 0.113741339492
0.52380952381 0.114318706697
0.522427440633 0.114318706697
0.523684210526 0.114896073903
0.522309711286 0.114896073903
0.520942408377 0.114896073903
0.519582245431 0.114896073903
0.518229166667 0.114896073903
0.516883116883 0.114896073903
0.515544041451 0.114896073903
0.516795865633 0.115473441109
0.518041237113 0.116050808314
0.516709511568 0.116050808314
0.515384615385 0.116050808314
0.514066496164 0.116050808314
0.512755102041 0.116050808314
0.511450381679 0.116050808314
0.510152284264 0.116050808314
0.511392405063 0.11662817552
0.512626262626 0.117205542725
0.511335012594 0.117205542725
0.510050251256 0.117205542725
0.511278195489 0.117782909931
0.51 0.117782909931
0.508728179551 0.117782909931
0.507462686567 0.117782909931
0.508684863524 0.118360277136
0.509900990099 0.118937644342
0.508641975309 0.118937644342
0.509852216749 0.119515011547
0.511056511057 0.120092378753
0.512254901961 0.120669745958
0.513447432763 0.121247113164
0.512195121951 0.121247113164
0.510948905109 0.121247113164
0.509708737864 0.121247113164
0.508474576271 0.121247113164
0.507246376812 0.121247113164
0.506024096386 0.121247113164
0.507211538462 0.12182448037
0.505995203837 0.12182448037
0.504784688995 0.12182448037
0.503579952267 0.12182448037
0.502380952381 0.12182448037
0.503562945368 0.122401847575
0.504739336493 0.122979214781
0.505910165485 0.123556581986
0.507075471698 0.124133949192
0.505882352941 0.124133949192
0.504694835681 0.124133949192
0.503512880562 0.124133949192
0.502336448598 0.124133949192
0.501165501166 0.124133949192
0.5 0.124133949192
0.501160092807 0.124711316397
0.502314814815 0.125288683603
0.501154734411 0.125288683603
0.5 0.125288683603
0.498850574713 0.125288683603
0.5 0.125866050808
0.49885583524 0.125866050808
0.5 0.126443418014
0.498861047836 0.126443418014
0.497727272727 0.126443418014
0.498866213152 0.127020785219
0.497737556561 0.127020785219
0.498871331828 0.127598152425
0.5 0.12817551963
0.498876404494 0.12817551963
0.497757847534 0.12817551963
0.498881431767 0.128752886836
0.497767857143 0.128752886836
0.498886414254 0.129330254042
0.497777777778 0.129330254042
0.49667405765 0.129330254042
0.497787610619 0.129907621247
0.496688741722 0.129907621247
0.495594713656 0.129907621247
0.494505494505 0.129907621247
0.495614035088 0.130484988453
0.496717724289 0.131062355658
0.495633187773 0.131062355658
0.496732026144 0.131639722864
0.497826086957 0.132217090069
0.498915401302 0.132794457275
0.5 0.13337182448
0.498920086393 0.13337182448
0.5 0.133949191686
0.498924731183 0.133949191686
0.5 0.134526558891
0.501070663812 0.135103926097
0.5 0.135103926097
0.498933901919 0.135103926097
0.497872340426 0.135103926097
0.498938428875 0.135681293303
0.5 0.136258660508
0.498942917548 0.136258660508
0.5 0.136836027714
0.498947368421 0.136836027714
0.497899159664 0.136836027714
0.498951781971 0.137413394919
0.497907949791 0.137413394919
0.496868475992 0.137413394919
0.495833333333 0.137413394919
0.494802494802 0.137413394919
0.49377593361 0.137413394919
0.492753623188 0.137413394919
0.493801652893 0.137990762125
0.494845360825 0.13856812933
0.493827160494 0.13856812933
0.492813141684 0.13856812933
0.493852459016 0.139145496536
0.492842535787 0.139145496536
0.491836734694 0.139145496536
0.492871690428 0.139722863741
0.493902439024 0.140300230947
0.492900608519 0.140300230947
0.491902834008 0.140300230947
0.490909090909 0.140300230947
0.491935483871 0.140877598152
0.492957746479 0.141454965358
0.491967871486 0.141454965358
0.492985971944 0.142032332564
0.494 0.142609699769
0.49500998004 0.143187066975
0.496015936255 0.14376443418
0.495029821074 0.14376443418
0.494047619048 0.14376443418
0.49504950495 0.144341801386
0.494071146245 0.144341801386
0.495069033531 0.144919168591
0.494094488189 0.144919168591
0.493123772102 0.144919168591
0.492156862745 0.144919168591
0.493150684932 0.145496535797
0.4921875 0.145496535797
0.491228070175 0.145496535797
0.490272373541 0.145496535797
0.48932038835 0.145496535797
0.490310077519 0.146073903002
0.489361702128 0.146073903002
0.490347490347 0.146651270208
0.491329479769 0.147228637413
0.490384615385 0.147228637413
0.489443378119 0.147228637413
0.488505747126 0.147228637413
0.48948374761 0.147806004619
0.490458015267 0.148383371824
0.489523809524 0.148383371824
0.488593155894 0.148383371824
0.489563567362 0.14896073903
0.49053030303 0.149538106236
0.491493383743 0.150115473441
0.492452830189 0.150692840647
0.491525423729 0.150692840647
0.490601503759 0.150692840647
0.491557223265 0.151270207852
0.49063670412 0.151270207852
0.491588785047 0.151847575058
0.492537313433 0.152424942263
0.491620111732 0.152424942263
0.490706319703 0.152424942263
0.489795918367 0.152424942263
0.488888888889 0.152424942263
0.487985212569 0.152424942263
0.488929889299 0.153002309469
0.48802946593 0.153002309469
0.487132352941 0.153002309469
0.488073394495 0.153579676674
0.489010989011 0.15415704388
0.488117001828 0.15415704388
0.487226277372 0.15415704388
0.488160291439 0.154734411085
0.489090909091 0.155311778291
0.488203266788 0.155311778291
0.489130434783 0.155889145497
0.490054249548 0.156466512702
0.48916967509 0.156466512702
0.49009009009 0.157043879908
0.491007194245 0.157621247113
0.49012567325 0.157621247113
0.489247311828 0.157621247113
0.490161001789 0.158198614319
0.491071428571 0.158775981524
0.491978609626 0.15935334873
0.492882562278 0.159930715935
0.492007104796 0.159930715935
0.491134751773 0.159930715935
0.490265486726 0.159930715935
0.491166077739 0.160508083141
0.492063492063 0.161085450346
0.491197183099 0.161085450346
0.490333919156 0.161085450346
0.489473684211 0.161085450346
0.488616462347 0.161085450346
0.487762237762 0.161085450346
0.486910994764 0.161085450346
0.48606271777 0.161085450346
0.485217391304 0.161085450346
0.486111111111 0.161662817552
0.487001733102 0.162240184758
0.487889273356 0.162817551963
0.487046632124 0.162817551963
0.486206896552 0.162817551963
0.487091222031 0.163394919169
0.486254295533 0.163394919169
0.485420240137 0.163394919169
0.484589041096 0.163394919169
0.48547008547 0.163972286374
0.484641638225 0.163972286374
0.485519591141 0.16454965358
0.484693877551 0.16454965358
0.483870967742 0.16454965358
0.483050847458 0.16454965358
0.482233502538 0.16454965358
0.483108108108 0.165127020785
0.483979763912 0.165704387991
0.483164983165 0.165704387991
0.482352941176 0.165704387991
0.48322147651 0.166281755196
0.482412060302 0.166281755196
0.481605351171 0.166281755196
0.480801335559 0.166281755196
0.48 0.166281755196
0.479201331115 0.166281755196
0.480066445183 0.166859122402
0.479270315091 0.166859122402
0.478476821192 0.166859122402
0.479338842975 0.167436489607
0.478547854785 0.167436489607
0.479406919275 0.168013856813
0.478618421053 0.168013856813
0.477832512315 0.168013856813
0.47868852459 0.168591224018
0.47790507365 0.168591224018
0.477124183007 0.168591224018
0.476345840131 0.168591224018
0.475570032573 0.168591224018
0.476422764228 0.169168591224
0.477272727273 0.16974595843
0.47811993517 0.170323325635
0.477346278317 0.170323325635
0.476575121163 0.170323325635
0.475806451613 0.170323325635
0.475040257649 0.170323325635
0.474276527331 0.170323325635
0.473515248796 0.170323325635
0.472756410256 0.170323325635
0.472 0.170323325635
0.472843450479 0.170900692841
0.473684210526 0.171478060046
0.472929936306 0.171478060046
0.472178060413 0.171478060046
0.471428571429 0.171478060046
0.472266244057 0.172055427252
0.471518987342 0.172055427252
0.472353870458 0.172632794457
0.471608832808 0.172632794457
0.470866141732 0.172632794457
0.471698113208 0.173210161663
0.470957613815 0.173210161663
0.470219435737 0.173210161663
0.471048513302 0.173787528868
0.4703125 0.173787528868
0.471138845554 0.174364896074
0.470404984424 0.174364896074
0.46967340591 0.174364896074
0.47049689441 0.174942263279
0.46976744186 0.174942263279
0.469040247678 0.174942263279
0.468315301391 0.174942263279
0.469135802469 0.175519630485
0.468412942989 0.175519630485
0.469230769231 0.176096997691
0.470046082949 0.176674364896
0.469325153374 0.176674364896
0.468606431853 0.176674364896
0.469418960245 0.177251732102
0.468702290076 0.177251732102
0.467987804878 0.177251732102
0.467275494673 0.177251732102
0.466565349544 0.177251732102
0.465857359636 0.177251732102
0.465151515152 0.177251732102
0.465960665658 0.177829099307
0.466767371601 0.178406466513
0.466063348416 0.178406466513
0.465361445783 0.178406466513
0.464661654135 0.178406466513
0.465465465465 0.178983833718
0.464767616192 0.178983833718
0.464071856287 0.178983833718
0.464872944694 0.179561200924
0.464179104478 0.179561200924
0.464977645306 0.180138568129
0.464285714286 0.180138568129
0.465081723626 0.180715935335
0.46587537092 0.18129330254
0.465185185185 0.18129330254
0.46449704142 0.18129330254
0.463810930576 0.18129330254
0.463126843658 0.18129330254
0.463917525773 0.181870669746
0.464705882353 0.182448036952
0.465491923642 0.183025404157
0.464809384164 0.183025404157
0.464128843338 0.183025404157
0.464912280702 0.183602771363
0.464233576642 0.183602771363
0.465014577259 0.184180138568
0.465793304221 0.184757505774
0.46511627907 0.184757505774
0.465892597968 0.185334872979
0.465217391304 0.185334872979
0.464544138929 0.185334872979
0.46387283237 0.185334872979
0.463203463203 0.185334872979
0.463976945245 0.185912240185
0.463309352518 0.185912240185
0.462643678161 0.185912240185
0.461979913917 0.185912240185
0.462750716332 0.18648960739
0.46208869814 0.18648960739
0.461428571429 0.18648960739
0.460770328103 0.18648960739
0.461538461538 0.187066974596
0.460881934566 0.187066974596
0.460227272727 0.187066974596
0.459574468085 0.187066974596
0.458923512748 0.187066974596
0.458274398868 0.187066974596
0.457627118644 0.187066974596
0.458392101551 0.187644341801
0.457746478873 0.187644341801
0.458509142053 0.188221709007
0.459269662921 0.188799076212
0.458625525947 0.188799076212
0.459383753501 0.189376443418
0.458741258741 0.189376443418
0.458100558659 0.189376443418
0.458856345886 0.189953810624
0.458217270195 0.189953810624
0.457579972184 0.189953810624
0.456944444444 0.189953810624
0.456310679612 0.189953810624
0.457063711911 0.190531177829
0.45643153527 0.190531177829
0.457182320442 0.191108545035
0.456551724138 0.191108545035
0.455922865014 0.191108545035
0.456671251719 0.19168591224
0.456043956044 0.19168591224
0.455418381344 0.19168591224
0.456164383562 0.192263279446
0.456908344733 0.192840646651
0.457650273224 0.193418013857
0.457025920873 0.193418013857
0.456403269755 0.193418013857
0.457142857143 0.193995381062
0.45652173913 0.193995381062
0.455902306649 0.193995381062
0.455284552846 0.193995381062
0.454668470907 0.193995381062
0.454054054054 0.193995381062
0.453441295547 0.193995381062
0.452830188679 0.193995381062
0.452220726783 0.193995381062
0.451612903226 0.193995381062
0.451006711409 0.193995381062
0.451742627346 0.194572748268
0.452476572959 0.195150115473
0.45320855615 0.195727482679
0.452603471295 0.195727482679
0.453333333333 0.196304849885
0.452729693742 0.196304849885
0.452127659574 0.196304849885
0.452855245684 0.19688221709
0.45225464191 0.19688221709
0.451655629139 0.19688221709
0.452380952381 0.197459584296
0.45178335535 0.197459584296
0.451187335092 0.197459584296
0.450592885375 0.197459584296
0.451315789474 0.198036951501
0.450722733246 0.198036951501
0.451443569554 0.198614318707
0.450851900393 0.198614318707
0.450261780105 0.198614318707
0.449673202614 0.198614318707
0.44908616188 0.198614318707
0.44850065189 0.198614318707
0.447916666667 0.198614318707
0.44733420026 0.198614318707
0.446753246753 0.198614318707
0.446173800259 0.198614318707
0.44689119171 0.199191685912
0.446313065977 0.199191685912
0.447028423773 0.199769053118
0.447741935484 0.200346420323
0.447164948454 0.200346420323
0.447876447876 0.200923787529
0.447300771208 0.200923787529
0.448010269576 0.201501154734
0.447435897436 0.201501154734
0.44814340589 0.20207852194
0.447570332481 0.20207852194
0.446998722861 0.20207852194
0.446428571429 0.20207852194
0.445859872611 0.20207852194
0.445292620865 0.20207852194
0.444726810673 0.20207852194
0.444162436548 0.20207852194
0.444866920152 0.202655889145
0.444303797468 0.202655889145
0.443742098609 0.202655889145
0.443181818182 0.202655889145
0.44262295082 0.202655889145
0.442065491184 0.202655889145
0.442767295597 0.203233256351
0.442211055276 0.203233256351
0.44165621079 0.203233256351
0.441102756892 0.203233256351
0.44055068836 0.203233256351
0.44 0.203233256351
0.440699126092 0.203810623557
0.440149625935 0.203810623557
0.440846824408 0.204387990762
0.441542288557 0.204965357968
0.44099378882 0.204965357968
0.440446650124 0.204965357968
0.43990086741 0.204965357968
0.439356435644 0.204965357968
0.438813349815 0.204965357968
0.43950617284 0.205542725173
0.438964241677 0.205542725173
0.43842364532 0.205542725173
0.439114391144 0.206120092379
0.438574938575 0.206120092379
0.438036809816 0.206120092379
0.4375 0.206120092379
0.436964504284 0.206120092379
0.436430317848 0.206120092379
0.435897435897 0.206120092379
0.435365853659 0.206120092379
0.436053593179 0.206697459584
0.435523114355 0.206697459584
0.434993924666 0.206697459584
0.43567961165 0.20727482679
0.435151515152 0.20727482679
0.434624697337 0.20727482679
0.434099153567 0.20727482679
0.434782608696 0.207852193995
0.43425814234 0.207852193995
0.433734939759 0.207852193995
0.43321299639 0.207852193995
0.433894230769 0.208429561201
0.434573829532 0.209006928406
0.434052757794 0.209006928406
0.433532934132 0.209006928406
0.433014354067 0.209006928406
0.432497013142 0.209006928406
0.433174224344 0.209584295612
0.433849821216 0.210161662818
0.433333333333 0.210161662818
0.432818073722 0.210161662818
0.432304038005 0.210161662818
0.431791221827 0.210161662818
0.431279620853 0.210161662818
0.430769230769 0.210161662818
0.430260047281 0.210161662818
0.43093270366 0.210739030023
0.430424528302 0.210739030023
0.429917550059 0.210739030023
0.429411764706 0.210739030023
0.428907168038 0.210739030023
0.429577464789 0.211316397229
0.429073856975 0.211316397229
0.428571428571 0.211316397229
0.428070175439 0.211316397229
0.427570093458 0.211316397229
0.42707117853 0.211316397229
0.426573426573 0.211316397229
0.427240977881 0.211893764434
0.427906976744 0.21247113164
0.428571428571 0.213048498845
0.42807424594 0.213048498845
0.427578215527 0.213048498845
0.427083333333 0.213048498845
0.426589595376 0.213048498845
0.427251732102 0.213625866051
0.42675893887 0.213625866051
0.427419354839 0.214203233256
0.428078250863 0.214780600462
0.427586206897 0.214780600462
0.427095292767 0.214780600462
0.426605504587 0.214780600462
0.426116838488 0.214780600462
0.425629290618 0.214780600462
0.426285714286 0.215357967667
0.425799086758 0.215357967667
0.425313568985 0.215357967667
0.424829157175 0.215357967667
0.425483503982 0.215935334873
0.425 0.215935334873
0.425652667423 0.216512702079
0.425170068027 0.216512702079
0.424688561721 0.216512702079
0.424208144796 0.216512702079
0.423728813559 0.216512702079
0.423250564334 0.216512702079
0.422773393461 0.216512702079
0.422297297297 0.216512702079
0.422947131609 0.217090069284
0.422471910112 0.217090069284
0.421997755331 0.217090069284
0.421524663677 0.217090069284
0.422172452408 0.21766743649
0.421700223714 0.21766743649
0.421229050279 0.21766743649
0.420758928571 0.21766743649
0.420289855072 0.21766743649
0.420935412027 0.218244803695
0.420467185762 0.218244803695
0.42 0.218244803695
0.419533851276 0.218244803695
0.419068736142 0.218244803695
0.419712070875 0.218822170901
0.419247787611 0.218822170901
0.419889502762 0.219399538106
0.419426048565 0.219399538106
0.418963616318 0.219399538106
0.418502202643 0.219399538106
0.41804180418 0.219399538106
0.417582417582 0.219399538106
0.417124039517 0.219399538106
0.416666666667 0.219399538106
0.416210295728 0.219399538106
0.416849015317 0.219976905312
0.416393442623 0.219976905312
0.415938864629 0.219976905312
0.415485278081 0.219976905312
0.415032679739 0.219976905312
0.414581066376 0.219976905312
0.414130434783 0.219976905312
0.414766558089 0.220554272517
0.415401301518 0.221131639723
0.414951245937 0.221131639723
0.414502164502 0.221131639723
0.414054054054 0.221131639723
0.413606911447 0.221131639723
0.413160733549 0.221131639723
0.412715517241 0.221131639723
0.412271259419 0.221131639723
0.412903225806 0.221709006928
0.41245972073 0.221709006928
0.412017167382 0.221709006928
0.411575562701 0.221709006928
0.41113490364 0.221709006928
0.411764705882 0.222286374134
0.412393162393 0.222863741339
0.413020277481 0.223441108545
0.412579957356 0.223441108545
0.41214057508 0.223441108545
0.41170212766 0.223441108545
0.412327311371 0.224018475751
0.411889596603 0.224018475751
0.41145281018 0.224018475751
0.411016949153 0.224018475751
0.410582010582 0.224018475751
0.410147991543 0.224018475751
0.409714889124 0.224018475751
0.409282700422 0.224018475751
0.40885142255 0.224018475751
0.408421052632 0.224018475751
0.407991587802 0.224018475751
0.40756302521 0.224018475751
0.407135362015 0.224018475751
0.406708595388 0.224018475751
0.407329842932 0.224595842956
0.40690376569 0.224595842956
0.406478578892 0.224595842956
0.406054279749 0.224595842956
0.406673618352 0.225173210162
0.40625 0.225173210162
0.405827263267 0.225173210162
0.405405405405 0.225173210162
0.406022845275 0.225750577367
0.405601659751 0.225750577367
0.40518134715 0.225750577367
0.405797101449 0.226327944573
0.40537745605 0.226327944573
0.404958677686 0.226327944573
0.404540763674 0.226327944573
0.40412371134 0.226327944573
0.403707518023 0.226327944573
0.40329218107 0.226327944573
0.403905447071 0.226905311778
0.403490759754 0.226905311778
0.403076923077 0.226905311778
0.40368852459 0.227482678984
0.404298874104 0.228060046189
0.40490797546 0.228637413395
0.404494382022 0.228637413395
0.404081632653 0.228637413395
0.403669724771 0.228637413395
0.404276985743 0.2292147806
0.403865717192 0.2292147806
0.403455284553 0.2292147806
0.404060913706 0.229792147806
0.403651115619 0.229792147806
0.403242147923 0.229792147806
0.403846153846 0.230369515012
0.403437815976 0.230369515012
0.40303030303 0.230369515012
0.402623612513 0.230369515012
0.402217741935 0.230369515012
0.402819738167 0.230946882217
0.402414486922 0.230946882217
0.403015075377 0.231524249423
0.402610441767 0.231524249423
0.40220661986 0.231524249423
0.401803607214 0.231524249423
0.401401401401 0.231524249423
0.401 0.231524249423
0.400599400599 0.231524249423
0.400199600798 0.231524249423
0.399800598205 0.231524249423
0.399402390438 0.231524249423
0.399004975124 0.231524249423
0.398608349901 0.231524249423
0.398212512413 0.231524249423
0.397817460317 0.231524249423
0.397423191278 0.231524249423
0.39801980198 0.232101616628
0.39762611276 0.232101616628
0.397233201581 0.232101616628
0.39684106614 0.232101616628
0.396449704142 0.232101616628
0.3960591133 0.232101616628
0.396653543307 0.232678983834
0.396263520157 0.232678983834
0.395874263261 0.232678983834
0.395485770363 0.232678983834
0.395098039216 0.232678983834
0.394711067581 0.232678983834
0.394324853229 0.232678983834
0.393939393939 0.232678983834
0.39453125 0.233256351039
0.39512195122 0.233833718245
0.394736842105 0.233833718245
0.39435248296 0.233833718245
0.393968871595 0.233833718245
0.394557823129 0.23441108545
0.394174757282 0.23441108545
0.394762366634 0.234988452656
0.394379844961 0.234988452656
0.393998063892 0.234988452656
0.393617021277 0.234988452656
0.393236714976 0.234988452656
0.392857142857 0.234988452656
0.393442622951 0.235565819861
0.393063583815 0.235565819861
0.392685274302 0.235565819861
0.392307692308 0.235565819861
0.391930835735 0.235565819861
0.392514395393 0.236143187067
0.392138063279 0.236143187067
0.391762452107 0.236143187067
0.391387559809 0.236143187067
0.391013384321 0.236143187067
0.390639923591 0.236143187067
0.390267175573 0.236143187067
0.389895138227 0.236143187067
0.389523809524 0.236143187067
0.389153187441 0.236143187067
0.389733840304 0.236720554273
0.389363722697 0.236720554273
0.3889943074 0.236720554273
0.388625592417 0.236720554273
0.388257575758 0.236720554273
0.388836329234 0.237297921478
0.388468809074 0.237297921478
0.388101983003 0.237297921478
0.387735849057 0.237297921478
0.387370405278 0.237297921478
0.387005649718 0.237297921478
0.386641580433 0.237297921478
0.387218045113 0.237875288684
0.386854460094 0.237875288684
0.386491557223 0.237875288684
0.387066541706 0.238452655889
0.38670411985 0.238452655889
0.386342376052 0.238452655889
0.385981308411 0.238452655889
0.386554621849 0.239030023095
0.386194029851 0.239030023095
0.386766076421 0.2396073903
0.386405959032 0.2396073903
0.386046511628 0.2396073903
0.385687732342 0.2396073903
0.385329619313 0.2396073903
0.384972170686 0.2396073903
0.384615384615 0.2396073903
0.384259259259 0.2396073903
0.383903792784 0.2396073903
0.383548983364 0.2396073903
0.383194829178 0.2396073903
0.382841328413 0.2396073903
0.382488479263 0.2396073903
0.382136279926 0.2396073903
0.381784728611 0.2396073903
0.381433823529 0.2396073903
0.382001836547 0.240184757506
0.381651376147 0.240184757506
0.381301558203 0.240184757506
0.380952380952 0.240184757506
0.380603842635 0.240184757506
0.380255941499 0.240184757506
0.379908675799 0.240184757506
0.379562043796 0.240184757506
0.379216043756 0.240184757506
0.378870673953 0.240184757506
0.378525932666 0.240184757506
0.378181818182 0.240184757506
0.378746594005 0.240762124711
0.378402903811 0.240762124711
0.378059836809 0.240762124711
0.377717391304 0.240762124711
0.377375565611 0.240762124711
0.377034358047 0.240762124711
0.376693766938 0.240762124711
0.37725631769 0.241339491917
0.376916140667 0.241339491917
0.376576576577 0.241339491917
0.376237623762 0.241339491917
0.376798561151 0.241916859122
0.376460017969 0.241916859122
0.377019748654 0.242494226328
0.37668161435 0.242494226328
0.376344086022 0.242494226328
0.376007162041 0.242494226328
0.375670840787 0.242494226328
0.375335120643 0.242494226328
0.375 0.242494226328
0.374665477252 0.242494226328
0.374331550802 0.242494226328
0.373998219056 0.242494226328
0.373665480427 0.242494226328
0.373333333333 0.242494226328
0.373001776199 0.242494226328
0.372670807453 0.242494226328
0.372340425532 0.242494226328
0.372010628875 0.242494226328
0.371681415929 0.242494226328
0.372236958444 0.243071593533
0.371908127208 0.243071593533
0.371579876434 0.243071593533
0.371252204586 0.243071593533
0.370925110132 0.243071593533
0.370598591549 0.243071593533
0.370272647318 0.243071593533
0.369947275923 0.243071593533
0.369622475856 0.243071593533
0.369298245614 0.243071593533
0.368974583699 0.243071593533
0.368651488616 0.243071593533
0.36832895888 0.243071593533
0.368881118881 0.243648960739
0.36943231441 0.244226327945
0.369982547993 0.24480369515
0.369659982563 0.24480369515
0.369337979094 0.24480369515
0.369016536118 0.24480369515
0.369565217391 0.245381062356
0.369244135534 0.245381062356
0.368923611111 0.245381062356
0.368603642671 0.245381062356
0.369150779896 0.245958429561
0.368831168831 0.245958429561
0.368512110727 0.245958429561
0.368193604149 0.245958429561
0.367875647668 0.245958429561
0.368421052632 0.246535796767
0.368965517241 0.247113163972
0.368647717485 0.247113163972
0.369191049914 0.247690531178
0.368873602752 0.247690531178
0.368556701031 0.247690531178
0.369098712446 0.248267898383
0.369639794168 0.248845265589
0.370179948586 0.249422632794
0.369863013699 0.249422632794
0.369546621044 0.249422632794
0.369230769231 0.249422632794
0.369769427839 0.25
0.369453924915 0.25
0.369138959932 0.25
0.368824531516 0.25
0.368510638298 0.25
0.369047619048 0.250577367206
0.368734069669 0.250577367206
0.369269949066 0.251154734411
0.368956743003 0.251154734411
0.369491525424 0.251732101617
0.370025402202 0.252309468822
0.369712351946 0.252309468822
0.369399830938 0.252309468822
0.369087837838 0.252309468822
0.369620253165 0.252886836028
0.369308600337 0.252886836028
0.36899747262 0.252886836028
0.368686868687 0.252886836028
0.368376787216 0.252886836028
0.368067226891 0.252886836028
0.367758186398 0.252886836028
0.36744966443 0.252886836028
0.367141659681 0.252886836028
0.366834170854 0.252886836028
0.366527196653 0.252886836028
0.366220735786 0.252886836028
0.365914786967 0.252886836028
0.365609348915 0.252886836028
0.36530442035 0.252886836028
0.365833333333 0.253464203233
0.365528726062 0.253464203233
0.365224625624 0.253464203233
0.365752285952 0.254041570439
0.366279069767 0.254618937644
0.365975103734 0.254618937644
0.365671641791 0.254618937644
0.365368682684 0.254618937644
0.365066225166 0.254618937644
0.365591397849 0.25519630485
0.365289256198 0.25519630485
0.364987613543 0.25519630485
0.364686468647 0.25519630485
0.365210222589 0.255773672055
0.364909390445 0.255773672055
0.364609053498 0.255773672055
0.364309210526 0.255773672055
0.364009860312 0.255773672055
0.363711001642 0.255773672055
0.363412633306 0.255773672055
0.36393442623 0.256351039261
0.364455364455 0.256928406467
0.364157119476 0.256928406467
0.363859362224 0.256928406467
0.364379084967 0.257505773672
0.364081632653 0.257505773672
0.363784665579 0.257505773672
0.364303178484 0.258083140878
0.364820846906 0.258660508083
0.365337672905 0.259237875289
0.365040650407 0.259237875289
0.364744110479 0.259237875289
0.36525974026 0.259815242494
0.365774533658 0.2603926097
0.366288492707 0.260969976905
0.366801619433 0.261547344111
0.366504854369 0.261547344111
0.366208569119 0.261547344111
0.36591276252 0.261547344111
0.365617433414 0.261547344111
0.365322580645 0.261547344111
0.365028203062 0.261547344111
0.364734299517 0.261547344111
0.364440868866 0.261547344111
0.364951768489 0.262124711316
0.364658634538 0.262124711316
0.364365971108 0.262124711316
0.364073777065 0.262124711316
0.363782051282 0.262124711316
0.363490792634 0.262124711316
0.3632 0.262124711316
0.362909672262 0.262124711316
0.362619808307 0.262124711316
0.36312849162 0.262702078522
0.36283891547 0.262702078522
0.362549800797 0.262702078522
0.362261146497 0.262702078522
0.361972951472 0.262702078522
0.361685214626 0.262702078522
0.361397934869 0.262702078522
0.361111111111 0.262702078522
0.360824742268 0.262702078522
0.360538827258 0.262702078522
0.360253365004 0.262702078522
0.360759493671 0.263279445727
0.3604743083 0.263279445727
0.36018957346 0.263279445727
0.359905288082 0.263279445727
0.359621451104 0.263279445727
0.359338061466 0.263279445727
0.35905511811 0.263279445727
0.359559402046 0.263856812933
0.35927672956 0.263856812933
0.358994501178 0.263856812933
0.358712715856 0.263856812933
0.358431372549 0.263856812933
0.358934169279 0.264434180139
0.359436178543 0.265011547344
0.359937402191 0.26558891455
0.359655981235 0.26558891455
0.359375 0.26558891455
0.35987509758 0.266166281755
0.359594383775 0.266166281755
0.360093530787 0.266743648961
0.359813084112 0.266743648961
0.360311284047 0.267321016166
0.360031104199 0.267321016166
0.359751359751 0.267321016166
0.360248447205 0.267898383372
0.360744763382 0.268475750577
0.360465116279 0.268475750577
0.36096049574 0.269053117783
0.360681114551 0.269053117783
0.360402165507 0.269053117783
0.360123647604 0.269053117783
0.359845559846 0.269053117783
0.360339506173 0.269630484988
0.360061680802 0.269630484988
0.359784283513 0.269630484988
0.360277136259 0.270207852194
0.36 0.270207852194
0.359723289777 0.270207852194
0.359447004608 0.270207852194
0.359171143515 0.270207852194
0.358895705521 0.270207852194
0.358620689655 0.270207852194
0.358346094946 0.270207852194
0.358071920428 0.270207852194
0.357798165138 0.270207852194
0.357524828113 0.270207852194
0.357251908397 0.270207852194
0.356979405034 0.270207852194
0.356707317073 0.270207852194
0.356435643564 0.270207852194
0.356925418569 0.2707852194
0.356653992395 0.2707852194
0.357142857143 0.271362586605
0.356871678056 0.271362586605
0.357359635812 0.271939953811
0.357846853677 0.272517321016
0.357575757576 0.272517321016
0.357305071915 0.272517321016
0.357034795764 0.272517321016
0.356764928193 0.272517321016
0.356495468278 0.272517321016
0.356226415094 0.272517321016
0.355957767722 0.272517321016
0.355689525245 0.272517321016
0.355421686747 0.272517321016
0.355154251317 0.272517321016
0.354887218045 0.272517321016
0.355371900826 0.273094688222
0.355105105105 0.273094688222
0.355588897224 0.273672055427
0.355322338831 0.273672055427
0.355805243446 0.274249422633
0.355538922156 0.274249422633
0.356020942408 0.274826789838
0.355754857997 0.274826789838
0.356235997013 0.275404157044
0.355970149254 0.275404157044
0.355704697987 0.275404157044
0.355439642325 0.275404157044
0.355174981385 0.275404157044
0.354910714286 0.275404157044
0.354646840149 0.275404157044
0.354383358098 0.275404157044
0.354862657758 0.275981524249
0.355341246291 0.276558891455
0.355819125278 0.277136258661
0.355555555556 0.277136258661
0.355292376018 0.277136258661
0.355769230769 0.277713625866
0.355506282336 0.277713625866
0.355243722304 0.277713625866
0.355719557196 0.278290993072
0.355457227139 0.278290993072
0.355195283714 0.278290993072
0.354933726068 0.278290993072
0.354672553348 0.278290993072
0.354411764706 0.278290993072
0.354886113152 0.278868360277
0.354625550661 0.278868360277
0.354365370506 0.278868360277
0.354105571848 0.278868360277
0.353846153846 0.278868360277
0.353587115666 0.278868360277
0.353328456474 0.278868360277
0.353801169591 0.279445727483
0.353542731921 0.279445727483
0.35401459854 0.280023094688
0.353756382203 0.280023094688
0.353498542274 0.280023094688
0.353241077932 0.280023094688
0.352983988355 0.280023094688
0.353454545455 0.280600461894
0.353197674419 0.280600461894
0.353667392883 0.281177829099
0.353410740203 0.281177829099
0.353154459753 0.281177829099
0.353623188406 0.281755196305
0.353367125272 0.281755196305
0.353111432706 0.281755196305
0.352856109906 0.281755196305
0.352601156069 0.281755196305
0.352346570397 0.281755196305
0.352092352092 0.281755196305
0.35183850036 0.281755196305
0.351585014409 0.281755196305
0.351331893449 0.281755196305
0.351079136691 0.281755196305
0.35082674335 0.281755196305
0.351293103448 0.28233256351
0.35104091888 0.28233256351
0.350789096126 0.28233256351
0.350537634409 0.28233256351
0.350286532951 0.28233256351
0.350035790981 0.28233256351
0.349785407725 0.28233256351
0.349535382416 0.28233256351
0.349285714286 0.28233256351
0.34903640257 0.28233256351
0.348787446505 0.28233256351
0.348538845331 0.28233256351
0.349002849003 0.282909930716
0.349466192171 0.283487297921
0.349928876245 0.284064665127
0.349680170576 0.284064665127
0.349431818182 0.284064665127
0.349183818311 0.284064665127
0.348936170213 0.284064665127
0.349397590361 0.284642032333
0.349150141643 0.284642032333
0.348903043171 0.284642032333
0.349363507779 0.285219399538
0.349116607774 0.285219399538
0.348870056497 0.285219399538
0.348623853211 0.285219399538
0.348377997179 0.285219399538
0.348132487667 0.285219399538
0.347887323944 0.285219399538
0.347642505278 0.285219399538
0.347398030942 0.285219399538
0.347153900211 0.285219399538
0.34691011236 0.285219399538
0.346666666667 0.285219399538
0.346423562412 0.285219399538
0.346180798879 0.285219399538
0.346638655462 0.285796766744
0.346396081176 0.285796766744
0.346853146853 0.286374133949
0.346610761705 0.286374133949
0.346368715084 0.286374133949
0.346127006281 0.286374133949
0.346582984658 0.286951501155
0.346341463415 0.286951501155
0.346100278552 0.286951501155
0.345859429367 0.286951501155
0.34561891516 0.286951501155
0.346073662265 0.28752886836
0.345833333333 0.28752886836
0.346287300486 0.288106235566
0.346047156727 0.288106235566
0.345807345807 0.288106235566
0.345567867036 0.288106235566
0.345328719723 0.288106235566
0.345089903181 0.288106235566
0.345542501728 0.288683602771
0.345994475138 0.289260969977
0.345755693582 0.289260969977
0.346206896552 0.289838337182
0.345968297726 0.289838337182
0.345730027548 0.289838337182
0.345492085341 0.289838337182
0.345254470426 0.289838337182
0.345017182131 0.289838337182
0.34478021978 0.289838337182
0.344543582704 0.289838337182
0.344307270233 0.289838337182
0.3440712817 0.289838337182
0.344520547945 0.290415704388
0.344284736482 0.290415704388
0.344733242134 0.290993071594
0.344497607656 0.290993071594
0.344262295082 0.290993071594
0.344027303754 0.290993071594
0.343792633015 0.290993071594
0.343558282209 0.290993071594
0.344005449591 0.291570438799
0.343771272975 0.291570438799
0.343537414966 0.291570438799
0.343303874915 0.291570438799
0.343070652174 0.291570438799
0.342837746096 0.291570438799
0.342605156038 0.291570438799
0.342372881356 0.291570438799
0.342140921409 0.291570438799
0.342586323629 0.292147806005
0.343031123139 0.29272517321
0.343475321163 0.293302540416
0.343243243243 0.293302540416
0.343011478731 0.293302540416
0.342780026991 0.293302540416
0.34254888739 0.293302540416
0.342318059299 0.293302540416
0.342087542088 0.293302540416
0.341857335128 0.293302540416
0.342299932751 0.293879907621
0.342741935484 0.294457274827
0.342511752854 0.294457274827
0.342281879195 0.294457274827
0.342052313883 0.294457274827
0.3418230563 0.294457274827
0.341594105827 0.294457274827
0.341365461847 0.294457274827
0.341137123746 0.294457274827
0.340909090909 0.294457274827
0.341349365397 0.295034642032
0.341121495327 0.295034642032
0.340893929286 0.295034642032
0.341333333333 0.295612009238
0.341772151899 0.296189376443
0.34154460719 0.296189376443
0.341317365269 0.296189376443
0.341090425532 0.296189376443
0.340863787375 0.296189376443
0.340637450199 0.296189376443
0.340411413404 0.296189376443
0.340185676393 0.296189376443
0.339960238569 0.296189376443
0.339735099338 0.296189376443
0.339510258107 0.296189376443
0.339285714286 0.296189376443
0.339061467284 0.296189376443
0.339498018494 0.296766743649
0.339273927393 0.296766743649
0.339050131926 0.296766743649
0.33882663151 0.296766743649
0.33860342556 0.296766743649
0.338380513496 0.296766743649
0.338157894737 0.296766743649
0.338593030901 0.297344110855
0.338370565046 0.297344110855
0.338148391333 0.297344110855
0.338582677165 0.29792147806
0.338360655738 0.29792147806
0.338138925295 0.29792147806
0.338572364113 0.298498845266
0.33835078534 0.298498845266
0.338129496403 0.298498845266
0.337908496732 0.298498845266
0.337687785761 0.298498845266
0.337467362924 0.298498845266
0.337247227658 0.298498845266
0.3370273794 0.298498845266
0.33680781759 0.298498845266
0.336588541667 0.298498845266
0.336369551074 0.298498845266
0.336150845254 0.298498845266
0.335932423652 0.298498845266
0.335714285714 0.298498845266
0.335496430889 0.298498845266
0.335278858625 0.298498845266
0.335061568373 0.298498845266
0.335492227979 0.299076212471
0.335275080906 0.299076212471
0.335058214748 0.299076212471
0.334841628959 0.299076212471
0.334625322997 0.299076212471
0.33440929632 0.299076212471
0.334193548387 0.299076212471
0.333978078659 0.299076212471
0.333762886598 0.299076212471
0.333547971668 0.299076212471
0.333976833977 0.299653579677
0.334405144695 0.300230946882
0.334190231362 0.300230946882
0.333975594091 0.300230946882
0.333761232349 0.300230946882
0.334188582425 0.300808314088
0.333974358974 0.300808314088
0.334401024984 0.301385681293
0.334827144686 0.301963048499
0.334612923864 0.301963048499
0.334398976982 0.301963048499
0.334185303514 0.301963048499
0.334610472542 0.302540415704
0.335035098915 0.30311778291
0.335459183673 0.303695150115
0.335882727852 0.304272517321
0.335668789809 0.304272517321
0.335455124125 0.304272517321
0.335877862595 0.304849884527
0.335664335664 0.304849884527
0.335451080051 0.304849884527
0.335873015873 0.305427251732
0.335659898477 0.305427251732
0.335447051363 0.305427251732
0.335234474018 0.305427251732
0.335022165928 0.305427251732
0.334810126582 0.305427251732
0.33523086654 0.306004618938
0.335018963338 0.306004618938
0.334807327858 0.306004618938
0.335227272727 0.306581986143
0.335015772871 0.306581986143
0.334804539723 0.306581986143
0.335223692502 0.307159353349
0.335012594458 0.307159353349
0.334801762115 0.307159353349
0.334591194969 0.307159353349
0.33438089252 0.307159353349
0.334170854271 0.307159353349
0.333961079724 0.307159353349
0.333751568381 0.307159353349
0.334169278997 0.307736720554
0.333959899749 0.307736720554
0.334376956794 0.30831408776
0.334167709637 0.30831408776
0.333958724203 0.30831408776
0.33375 0.30831408776
0.334166146159 0.308891454965
0.334581772784 0.309468822171
0.334996880848 0.310046189376
0.334788029925 0.310046189376
0.334579439252 0.310046189376
0.334371108344 0.310046189376
0.334163036714 0.310046189376
0.334577114428 0.310623556582
0.3343691734 0.310623556582
0.334161490683 0.310623556582
0.333954065798 0.310623556582
0.333746898263 0.310623556582
0.333539987601 0.310623556582
0.333333333333 0.310623556582
0.333126934985 0.310623556582
0.33353960396 0.311200923788
0.333951762523 0.311778290993
0.333745364648 0.311778290993
0.333539221742 0.311778290993
0.333333333333 0.311778290993
0.333127698951 0.311778290993
0.332922318126 0.311778290993
0.332717190388 0.311778290993
0.332512315271 0.311778290993
0.332923076923 0.312355658199
0.332718327183 0.312355658199
0.332513829133 0.312355658199
0.33230958231 0.312355658199
0.332105586249 0.312355658199
0.331901840491 0.312355658199
0.331698344574 0.312355658199
0.331495098039 0.312355658199
0.331292100429 0.312355658199
