1.0 0.0
0.0 0.0
0.5 0.000577367205543
0.333333333333 0.000577367205543
0.5 0.00115473441109
0.4 0.00115473441109
0.333333333333 0.00115473441109
0.285714285714 0.00115473441109
0.375 0.00173210161663
0.333333333333 0.00173210161663
0.4 0.00230946882217
0.454545454545 0.00288683602771
0.416666666667 0.00288683602771
0.384615384615 0.00288683602771
0.357142857143 0.00288683602771
0.4 0.00346420323326
0.375 0.00346420323326
0.352941176471 0.00346420323326
0.333333333333 0.00346420323326
0.315789473684 0.00346420323326
0.3 0.00346420323326
0.333333333333 0.0040415704388
0.318181818182 0.0040415704388
0.347826086957 0.00461893764434
0.375 0.00519630484988
0.4 0.00577367205543
0.384615384615 0.00577367205543
0.37037037037 0.00577367205543
0.357142857143 0.00577367205543
0.344827586207 0.00577367205543
0.366666666667 0.00635103926097
0.387096774194 0.00692840646651
0.375 0.00692840646651
0.393939393939 0.00750577367206
0.411764705882 0.0080831408776
0.4 0.0080831408776
0.388888888889 0.0080831408776
0.378378378378 0.0080831408776
0.394736842105 0.00866050808314
0.410256410256 0.00923787528868
0.425 0.00981524249423
0.439024390244 0.0103926096998
0.452380952381 0.0109699769053
0.46511627907 0.0115473441109
0.477272727273 0.0121247113164
0.466666666667 0.0121247113164
0.45652173913 0.0121247113164
0.446808510638 0.0121247113164
0.4375 0.0121247113164
0.428571428571 0.0121247113164
0.44 0.0127020785219
0.450980392157 0.0132794457275
0.461538461538 0.013856812933
0.452830188679 0.013856812933
0.444444444444 0.013856812933
0.436363636364 0.013856812933
0.446428571429 0.0144341801386
0.456140350877 0.0150115473441
0.465517241379 0.0155889145497
0.474576271186 0.0161662817552
0.466666666667 0.0161662817552
0.475409836066 0.0167436489607
0.483870967742 0.0173210161663
0.47619047619 0.0173210161663
0.484375 0.0178983833718
0.492307692308 0.0184757505774
0.5 0.0190531177829
0.507462686567 0.0196304849885
0.5 0.0196304849885
0.492753623188 0.0196304849885
0.5 0.020207852194
0.507042253521 0.0207852193995
0.5 0.0207852193995
0.493150684932 0.0207852193995
0.5 0.0213625866051
0.506666666667 0.0219399538106
0.513157894737 0.0225173210162
0.506493506494 0.0225173210162
0.5 0.0225173210162
0.506329113924 0.0230946882217
0.5125 0.0236720554273
0.518518518519 0.0242494226328
0.524390243902 0.0248267898383
0.518072289157 0.0248267898383
0.511904761905 0.0248267898383
0.517647058824 0.0254041570439
0.523255813953 0.0259815242494
0.51724137931 0.0259815242494
0.511363636364 0.0259815242494
0.505617977528 0.0259815242494
0.511111111111 0.026558891455
0.505494505495 0.026558891455
0.5 0.026558891455
0.494623655914 0.026558891455
0.5 0.0271362586605
0.494736842105 0.0271362586605
0.5 0.0277136258661
0.494845360825 0.0277136258661
0.489795918367 0.0277136258661
0.494949494949 0.0282909930716
0.49 0.0282909930716
0.49504950495 0.0288683602771
0.5 0.0294457274827
0.495145631068 0.0294457274827
0.5 0.0300230946882
0.504761904762 0.0306004618938
0.509433962264 0.0311778290993
0.514018691589 0.0317551963048
0.509259259259 0.0317551963048
0.51376146789 0.0323325635104
0.518181818182 0.0329099307159
0.522522522523 0.0334872979215
0.517857142857 0.0334872979215
0.513274336283 0.0334872979215
0.517543859649 0.034064665127
0.521739130435 0.0346420323326
0.525862068966 0.0352193995381
0.529914529915 0.0357967667436
0.533898305085 0.0363741339492
0.529411764706 0.0363741339492
0.533333333333 0.0369515011547
0.537190082645 0.0375288683603
0.540983606557 0.0381062355658
0.544715447154 0.0386836027714
0.548387096774 0.0392609699769
0.552 0.0398383371824
0.555555555556 0.040415704388
0.551181102362 0.040415704388
0.5546875 0.0409930715935
0.550387596899 0.0409930715935
0.553846153846 0.0415704387991
0.557251908397 0.0421478060046
0.55303030303 0.0421478060046
0.556390977444 0.0427251732102
0.55223880597 0.0427251732102
0.548148148148 0.0427251732102
0.544117647059 0.0427251732102
0.547445255474 0.0433025404157
0.54347826087 0.0433025404157
0.539568345324 0.0433025404157
0.535714285714 0.0433025404157
0.539007092199 0.0438799076212
0.542253521127 0.0444572748268
0.538461538462 0.0444572748268
0.541666666667 0.0450346420323
0.544827586207 0.0456120092379
0.547945205479 0.0461893764434
0.551020408163 0.046766743649
0.554054054054 0.0473441108545
0.557046979866 0.04792147806
0.553333333333 0.04792147806
0.549668874172 0.04792147806
0.552631578947 0.0484988452656
0.549019607843 0.0484988452656
0.545454545455 0.0484988452656
0.548387096774 0.0490762124711
0.544871794872 0.0490762124711
0.547770700637 0.0496535796767
0.544303797468 0.0496535796767
0.540880503145 0.0496535796767
0.5375 0.0496535796767
0.534161490683 0.0496535796767
0.530864197531 0.0496535796767
0.533742331288 0.0502309468822
0.530487804878 0.0502309468822
0.527272727273 0.0502309468822
0.524096385542 0.0502309468822
0.526946107784 0.0508083140878
0.52380952381 0.0508083140878
0.520710059172 0.0508083140878
0.523529411765 0.0513856812933
0.520467836257 0.0513856812933
0.523255813953 0.0519630484988
0.526011560694 0.0525404157044
0.528735632184 0.0531177829099
0.525714285714 0.0531177829099
0.528409090909 0.0536951501155
0.525423728814 0.0536951501155
0.522471910112 0.0536951501155
0.525139664804 0.054272517321
0.522222222222 0.054272517321
0.524861878453 0.0548498845266
0.527472527473 0.0554272517321
0.524590163934 0.0554272517321
0.527173913043 0.0560046189376
0.52972972973 0.0565819861432
0.52688172043 0.0565819861432
0.529411764706 0.0571593533487
0.526595744681 0.0571593533487
0.52380952381 0.0571593533487
0.521052631579 0.0571593533487
0.51832460733 0.0571593533487
0.520833333333 0.0577367205543
0.518134715026 0.0577367205543
0.520618556701 0.0583140877598
0.517948717949 0.0583140877598
0.515306122449 0.0583140877598
0.51269035533 0.0583140877598
0.510101010101 0.0583140877598
0.51256281407 0.0588914549654
0.515 0.0594688221709
0.512437810945 0.0594688221709
0.514851485149 0.0600461893764
0.512315270936 0.0600461893764
0.509803921569 0.0600461893764
0.512195121951 0.060623556582
0.509708737864 0.060623556582
0.507246376812 0.060623556582
0.504807692308 0.060623556582
0.502392344498 0.060623556582
0.5 0.060623556582
0.497630331754 0.060623556582
0.495283018868 0.060623556582
0.492957746479 0.060623556582
0.490654205607 0.060623556582
0.493023255814 0.0612009237875
0.490740740741 0.0612009237875
0.488479262673 0.0612009237875
0.490825688073 0.0617782909931
0.488584474886 0.0617782909931
0.490909090909 0.0623556581986
0.488687782805 0.0623556581986
0.486486486486 0.0623556581986
0.488789237668 0.0629330254042
0.491071428571 0.0635103926097
0.493333333333 0.0640877598152
0.491150442478 0.0640877598152
0.488986784141 0.0640877598152
0.491228070175 0.0646651270208
0.489082969432 0.0646651270208
0.491304347826 0.0652424942263
0.489177489177 0.0652424942263
0.487068965517 0.0652424942263
0.484978540773 0.0652424942263
0.482905982906 0.0652424942263
0.485106382979 0.0658198614319
0.483050847458 0.0658198614319
0.481012658228 0.0658198614319
0.478991596639 0.0658198614319
0.481171548117 0.0663972286374
0.483333333333 0.066974595843
0.48132780083 0.066974595843
0.479338842975 0.066974595843
0.481481481481 0.0675519630485
0.483606557377 0.068129330254
0.485714285714 0.0687066974596
0.483739837398 0.0687066974596
0.485829959514 0.0692840646651
0.483870967742 0.0692840646651
0.481927710843 0.0692840646651
0.48 0.0692840646651
0.482071713147 0.0698614318707
0.480158730159 0.0698614318707
0.482213438735 0.0704387990762
0.484251968504 0.0710161662818
0.482352941176 0.0710161662818
0.484375 0.0715935334873
0.486381322957 0.0721709006928
0.484496124031 0.0721709006928
0.482625482625 0.0721709006928
0.484615384615 0.0727482678984
0.48275862069 0.0727482678984
0.480916030534 0.0727482678984
0.48288973384 0.0733256351039
0.484848484848 0.0739030023095
0.48679245283 0.074480369515
0.484962406015 0.074480369515
0.483146067416 0.074480369515
0.481343283582 0.074480369515
0.483271375465 0.0750577367206
0.481481481481 0.0750577367206
0.479704797048 0.0750577367206
0.481617647059 0.0756351039261
0.483516483516 0.0762124711316
0.481751824818 0.0762124711316
0.483636363636 0.0767898383372
0.481884057971 0.0767898383372
0.483754512635 0.0773672055427
0.482014388489 0.0773672055427
0.480286738351 0.0773672055427
0.482142857143 0.0779445727483
0.480427046263 0.0779445727483
0.478723404255 0.0779445727483
0.47703180212 0.0779445727483
0.475352112676 0.0779445727483
0.477192982456 0.0785219399538
0.475524475524 0.0785219399538
0.473867595819 0.0785219399538
0.472222222222 0.0785219399538
0.470588235294 0.0785219399538
0.472413793103 0.0790993071594
0.474226804124 0.0796766743649
0.472602739726 0.0796766743649
0.470989761092 0.0796766743649
0.469387755102 0.0796766743649
0.471186440678 0.0802540415704
0.469594594595 0.0802540415704
0.468013468013 0.0802540415704
0.469798657718 0.080831408776
0.471571906355 0.0814087759815
0.47 0.0814087759815
0.468438538206 0.0814087759815
0.470198675497 0.0819861431871
0.471947194719 0.0825635103926
0.473684210526 0.0831408775982
0.472131147541 0.0831408775982
0.470588235294 0.0831408775982
0.469055374593 0.0831408775982
0.467532467532 0.0831408775982
0.466019417476 0.0831408775982
0.464516129032 0.0831408775982
0.463022508039 0.0831408775982
0.461538461538 0.0831408775982
0.463258785942 0.0837182448037
0.46178343949 0.0837182448037
0.460317460317 0.0837182448037
0.458860759494 0.0837182448037
0.460567823344 0.0842956120092
0.462264150943 0.0848729792148
0.460815047022 0.0848729792148
0.459375 0.0848729792148
0.457943925234 0.0848729792148
0.45652173913 0.0848729792148
0.458204334365 0.0854503464203
0.456790123457 0.0854503464203
0.455384615385 0.0854503464203
0.457055214724 0.0860277136259
0.455657492355 0.0860277136259
0.454268292683 0.0860277136259
0.452887537994 0.0860277136259
0.451515151515 0.0860277136259
0.453172205438 0.0866050808314
0.454819277108 0.087182448037
0.456456456456 0.0877598152425
0.455089820359 0.0877598152425
0.453731343284 0.0877598152425
0.455357142857 0.088337182448
0.454005934718 0.088337182448
0.452662721893 0.088337182448
0.451327433628 0.088337182448
0.45 0.088337182448
0.448680351906 0.088337182448
0.447368421053 0.088337182448
0.446064139942 0.088337182448
0.447674418605 0.0889145496536
0.449275362319 0.0894919168591
0.447976878613 0.0894919168591
0.449567723343 0.0900692840647
0.448275862069 0.0900692840647
0.449856733524 0.0906466512702
0.448571428571 0.0906466512702
0.450142450142 0.0912240184758
0.448863636364 0.0912240184758
0.450424929178 0.0918013856813
0.449152542373 0.0918013856813
0.447887323944 0.0918013856813
0.449438202247 0.0923787528868
0.448179271709 0.0923787528868
0.449720670391 0.0929561200924
0.448467966574 0.0929561200924
0.447222222222 0.0929561200924
0.445983379501 0.0929561200924
0.447513812155 0.0935334872979
0.446280991736 0.0935334872979
0.445054945055 0.0935334872979
0.443835616438 0.0935334872979
0.44262295082 0.0935334872979
0.441416893733 0.0935334872979
0.442934782609 0.0941108545035
0.444444444444 0.094688221709
0.443243243243 0.094688221709
0.44474393531 0.0952655889145
0.443548387097 0.0952655889145
0.44235924933 0.0952655889145
0.441176470588 0.0952655889145
0.44 0.0952655889145
0.441489361702 0.0958429561201
0.442970822281 0.0964203233256
0.444444444444 0.0969976905312
0.445910290237 0.0975750577367
0.447368421053 0.0981524249423
0.446194225722 0.0981524249423
0.44502617801 0.0981524249423
0.443864229765 0.0981524249423
0.442708333333 0.0981524249423
0.444155844156 0.0987297921478
0.445595854922 0.0993071593533
0.444444444444 0.0993071593533
0.443298969072 0.0993071593533
0.444730077121 0.0998845265589
0.44358974359 0.0998845265589
0.442455242967 0.0998845265589
0.441326530612 0.0998845265589
0.440203562341 0.0998845265589
0.441624365482 0.100461893764
0.440506329114 0.100461893764
0.441919191919 0.10103926097
0.44080604534 0.10103926097
0.439698492462 0.10103926097
0.438596491228 0.10103926097
0.44 0.101616628176
0.441396508728 0.102193995381
0.440298507463 0.102193995381
0.439205955335 0.102193995381
0.440594059406 0.102771362587
0.43950617284 0.102771362587
0.43842364532 0.102771362587
0.437346437346 0.102771362587
0.438725490196 0.103348729792
0.440097799511 0.103926096998
0.439024390244 0.103926096998
0.440389294404 0.104503464203
0.441747572816 0.105080831409
0.440677966102 0.105080831409
0.43961352657 0.105080831409
0.438554216867 0.105080831409
0.4375 0.105080831409
0.436450839329 0.105080831409
0.435406698565 0.105080831409
0.436754176611 0.105658198614
0.438095238095 0.10623556582
0.439429928741 0.106812933025
0.438388625592 0.106812933025
0.437352245863 0.106812933025
0.436320754717 0.106812933025
0.435294117647 0.106812933025
0.43661971831 0.107390300231
0.43793911007 0.107967667436
0.439252336449 0.108545034642
0.438228438228 0.108545034642
0.439534883721 0.109122401848
0.438515081206 0.109122401848
0.439814814815 0.109699769053
0.438799076212 0.109699769053
0.437788018433 0.109699769053
0.43908045977 0.110277136259
0.438073394495 0.110277136259
0.437070938215 0.110277136259
0.438356164384 0.110854503464
0.437357630979 0.110854503464
0.436363636364 0.110854503464
0.437641723356 0.11143187067
0.43665158371 0.11143187067
0.437923250564 0.112009237875
0.439189189189 0.112586605081
0.440449438202 0.113163972286
0.439461883408 0.113163972286
0.440715883669 0.113741339492
0.441964285714 0.114318706697
0.440979955457 0.114318706697
0.44 0.114318706697
0.439024390244 0.114318706697
0.440265486726 0.114896073903
0.439293598234 0.114896073903
0.440528634361 0.115473441109
0.441758241758 0.116050808314
0.440789473684 0.116050808314
0.439824945295 0.116050808314
0.438864628821 0.116050808314
0.437908496732 0.116050808314
0.436956521739 0.116050808314
0.43600867679 0.116050808314
0.435064935065 0.116050808314
0.434125269978 0.116050808314
0.433189655172 0.116050808314
0.434408602151 0.11662817552
0.435622317597 0.117205542725
0.436830835118 0.117782909931
0.435897435897 0.117782909931
0.434968017058 0.117782909931
0.436170212766 0.118360277136
0.435244161359 0.118360277136
0.434322033898 0.118360277136
0.433403805497 0.118360277136
0.432489451477 0.118360277136
0.431578947368 0.118360277136
0.430672268908 0.118360277136
0.429769392034 0.118360277136
0.428870292887 0.118360277136
0.43006263048 0.118937644342
0.429166666667 0.118937644342
0.428274428274 0.118937644342
0.427385892116 0.118937644342
0.428571428571 0.119515011547
0.427685950413 0.119515011547
0.426804123711 0.119515011547
0.427983539095 0.120092378753
0.427104722793 0.120092378753
0.428278688525 0.120669745958
0.427402862986 0.120669745958
0.428571428571 0.121247113164
0.429735234216 0.12182448037
0.428861788618 0.12182448037
0.42799188641 0.12182448037
0.427125506073 0.12182448037
0.426262626263 0.12182448037
0.427419354839 0.122401847575
0.428571428571 0.122979214781
0.427710843373 0.122979214781
0.428857715431 0.123556581986
0.43 0.124133949192
0.429141716567 0.124133949192
0.42828685259 0.124133949192
0.427435387674 0.124133949192
0.426587301587 0.124133949192
0.425742574257 0.124133949192
0.426877470356 0.124711316397
0.428007889546 0.125288683603
0.429133858268 0.125866050808
0.428290766208 0.125866050808
0.427450980392 0.125866050808
0.428571428571 0.126443418014
0.427734375 0.126443418014
0.428849902534 0.127020785219
0.428015564202 0.127020785219
0.427184466019 0.127020785219
0.426356589147 0.127020785219
0.42746615087 0.127598152425
0.426640926641 0.127598152425
0.42774566474 0.12817551963
0.428846153846 0.128752886836
0.42802303263 0.128752886836
0.427203065134 0.128752886836
0.42638623327 0.128752886836
0.427480916031 0.129330254042
0.428571428571 0.129907621247
0.429657794677 0.130484988453
0.428842504744 0.130484988453
0.42803030303 0.130484988453
0.429111531191 0.131062355658
0.428301886792 0.131062355658
0.429378531073 0.131639722864
0.428571428571 0.131639722864
0.427767354597 0.131639722864
0.426966292135 0.131639722864
0.426168224299 0.131639722864
0.425373134328 0.131639722864
0.42644320298 0.132217090069
0.42750929368 0.132794457275
0.426716141002 0.132794457275
0.427777777778 0.13337182448
0.426987060998 0.13337182448
0.426199261993 0.13337182448
0.425414364641 0.13337182448
0.424632352941 0.13337182448
0.425688073394 0.133949191686
0.424908424908 0.133949191686
0.424131627057 0.133949191686
0.425182481752 0.134526558891
0.424408014572 0.134526558891
0.423636363636 0.134526558891
0.422867513612 0.134526558891
0.422101449275 0.134526558891
0.423146473779 0.135103926097
0.42238267148 0.135103926097
0.421621621622 0.135103926097
0.420863309353 0.135103926097
0.421903052065 0.135681293303
0.421146953405 0.135681293303
0.422182468694 0.136258660508
0.421428571429 0.136258660508
0.422459893048 0.136836027714
0.423487544484 0.137413394919
0.422735346359 0.137413394919
0.421985815603 0.137413394919
0.421238938053 0.137413394919
0.420494699647 0.137413394919
0.41975308642 0.137413394919
0.419014084507 0.137413394919
0.420035149385 0.137990762125
0.419298245614 0.137990762125
0.418563922942 0.137990762125
0.417832167832 0.137990762125
0.417102966841 0.137990762125
0.41637630662 0.137990762125
0.415652173913 0.137990762125
0.416666666667 0.13856812933
0.415944540728 0.13856812933
0.415224913495 0.13856812933
0.414507772021 0.13856812933
0.413793103448 0.13856812933
0.413080895009 0.13856812933
0.412371134021 0.13856812933
0.41166380789 0.13856812933
0.41095890411 0.13856812933
0.410256410256 0.13856812933
0.409556313993 0.13856812933
0.408858603066 0.13856812933
0.408163265306 0.13856812933
0.409168081494 0.139145496536
0.408474576271 0.139145496536
0.407783417936 0.139145496536
0.407094594595 0.139145496536
0.408094435076 0.139722863741
0.409090909091 0.140300230947
0.408403361345 0.140300230947
0.409395973154 0.140877598152
0.408710217755 0.140877598152
0.409698996656 0.141454965358
0.409015025042 0.141454965358
0.41 0.142032332564
0.409317803661 0.142032332564
0.410299003322 0.142609699769
0.41127694859 0.143187066975
0.41059602649 0.143187066975
0.409917355372 0.143187066975
0.409240924092 0.143187066975
0.41021416804 0.14376443418
0.409539473684 0.14376443418
0.408866995074 0.14376443418
0.408196721311 0.14376443418
0.407528641571 0.14376443418
0.406862745098 0.14376443418
0.406199021207 0.14376443418
0.407166123779 0.144341801386
0.406504065041 0.144341801386
0.405844155844 0.144341801386
0.405186385737 0.144341801386
0.404530744337 0.144341801386
0.40549273021 0.144919168591
0.406451612903 0.145496535797
0.407407407407 0.146073903002
0.406752411576 0.146073903002
0.406099518459 0.146073903002
0.405448717949 0.146073903002
0.4048 0.146073903002
0.404153354633 0.146073903002
0.40350877193 0.146073903002
0.404458598726 0.146651270208
0.403815580286 0.146651270208
0.403174603175 0.146651270208
0.40412044374 0.147228637413
0.405063291139 0.147806004619
0.404423380727 0.147806004619
0.403785488959 0.147806004619
0.403149606299 0.147806004619
0.40251572327 0.147806004619
0.401883830455 0.147806004619
0.402821316614 0.148383371824
0.402190923318 0.148383371824
0.4015625 0.148383371824
0.400936037441 0.148383371824
0.40031152648 0.148383371824
0.399688958009 0.148383371824
0.400621118012 0.14896073903
0.4 0.14896073903
0.399380804954 0.14896073903
0.398763523957 0.14896073903
0.398148148148 0.14896073903
0.397534668721 0.14896073903
0.398461538462 0.149538106236
0.397849462366 0.149538106236
0.397239263804 0.149538106236
0.39663093415 0.149538106236
0.396024464832 0.149538106236
0.396946564885 0.150115473441
0.396341463415 0.150115473441
0.397260273973 0.150692840647
0.396656534954 0.150692840647
0.397572078907 0.151270207852
0.398484848485 0.151847575058
0.397881996974 0.151847575058
0.397280966767 0.151847575058
0.398190045249 0.152424942263
0.399096385542 0.153002309469
0.398496240602 0.153002309469
0.397897897898 0.153002309469
0.397301349325 0.153002309469
0.396706586826 0.153002309469
0.396113602392 0.153002309469
0.39552238806 0.153002309469
0.394932935917 0.153002309469
0.394345238095 0.153002309469
0.393759286776 0.153002309469
0.393175074184 0.153002309469
0.394074074074 0.153579676674
0.39349112426 0.153579676674
0.392909896603 0.153579676674
0.392330383481 0.153579676674
0.39322533137 0.15415704388
0.392647058824 0.15415704388
0.393538913363 0.154734411085
0.392961876833 0.154734411085
0.392386530015 0.154734411085
0.391812865497 0.154734411085
0.391240875912 0.154734411085
0.390670553936 0.154734411085
0.391557496361 0.155311778291
0.390988372093 0.155311778291
0.390420899855 0.155311778291
0.389855072464 0.155311778291
0.389290882779 0.155311778291
0.390173410405 0.155889145497
0.38961038961 0.155889145497
0.389048991354 0.155889145497
0.389928057554 0.156466512702
0.389367816092 0.156466512702
0.390243902439 0.157043879908
0.389684813754 0.157043879908
0.38912732475 0.157043879908
0.39 0.157621247113
0.389443651926 0.157621247113
0.390313390313 0.158198614319
0.391180654339 0.158775981524
0.390625 0.158775981524
0.390070921986 0.158775981524
0.389518413598 0.158775981524
0.388967468175 0.158775981524
0.388418079096 0.158775981524
0.38928067701 0.15935334873
0.39014084507 0.159930715935
0.389592123769 0.159930715935
0.390449438202 0.160508083141
0.389901823282 0.160508083141
0.390756302521 0.161085450346
0.391608391608 0.161662817552
0.391061452514 0.161662817552
0.390516039052 0.161662817552
0.389972144847 0.161662817552
0.389429763561 0.161662817552
0.388888888889 0.161662817552
0.388349514563 0.161662817552
0.387811634349 0.161662817552
0.387275242047 0.161662817552
0.388121546961 0.162240184758
0.387586206897 0.162240184758
0.388429752066 0.162817551963
0.387895460798 0.162817551963
0.387362637363 0.162817551963
0.388203017833 0.163394919169
0.38904109589 0.163972286374
0.389876880985 0.16454965358
0.389344262295 0.16454965358
0.388813096862 0.16454965358
0.388283378747 0.16454965358
0.387755102041 0.16454965358
0.38722826087 0.16454965358
0.386702849389 0.16454965358
0.386178861789 0.16454965358
0.385656292287 0.16454965358
0.385135135135 0.16454965358
0.385964912281 0.165127020785
0.385444743935 0.165127020785
0.384925975774 0.165127020785
0.384408602151 0.165127020785
0.38389261745 0.165127020785
0.38471849866 0.165704387991
0.384203480589 0.165704387991
0.383689839572 0.165704387991
0.383177570093 0.165704387991
0.382666666667 0.165704387991
0.383488681758 0.166281755196
0.382978723404 0.166281755196
0.382470119522 0.166281755196
0.381962864721 0.166281755196
0.381456953642 0.166281755196
0.380952380952 0.166281755196
0.380449141347 0.166281755196
0.379947229551 0.166281755196
0.380764163373 0.166859122402
0.380263157895 0.166859122402
0.37976346912 0.166859122402
0.379265091864 0.166859122402
0.380078636959 0.167436489607
0.379581151832 0.167436489607
0.37908496732 0.167436489607
0.378590078329 0.167436489607
0.379400260756 0.168013856813
0.37890625 0.168013856813
0.379713914174 0.168591224018
0.379220779221 0.168591224018
0.378728923476 0.168591224018
0.378238341969 0.168591224018
0.379042690815 0.169168591224
0.378552971576 0.169168591224
0.378064516129 0.169168591224
0.377577319588 0.169168591224
0.378378378378 0.16974595843
0.377892030848 0.16974595843
0.377406931964 0.16974595843
0.378205128205 0.170323325635
0.377720870679 0.170323325635
0.377237851662 0.170323325635
0.378033205619 0.170900692841
0.377551020408 0.170900692841
0.377070063694 0.170900692841
0.376590330789 0.170900692841
0.376111817027 0.170900692841
0.375634517766 0.170900692841
0.37515842839 0.170900692841
0.374683544304 0.170900692841
0.374209860936 0.170900692841
0.373737373737 0.170900692841
0.373266078184 0.170900692841
0.372795969773 0.170900692841
0.372327044025 0.170900692841
0.371859296482 0.170900692841
0.372647427854 0.171478060046
0.372180451128 0.171478060046
0.371714643304 0.171478060046
0.37125 0.171478060046
0.372034956305 0.172055427252
0.371571072319 0.172055427252
0.371108343711 0.172055427252
0.370646766169 0.172055427252
0.370186335404 0.172055427252
0.369727047146 0.172055427252
0.36926889715 0.172055427252
0.368811881188 0.172055427252
0.369592088999 0.172632794457
0.369135802469 0.172632794457
0.368680641184 0.172632794457
0.368226600985 0.172632794457
0.367773677737 0.172632794457
0.36855036855 0.173210161663
0.368098159509 0.173210161663
0.367647058824 0.173210161663
0.367197062424 0.173210161663
0.367970660147 0.173787528868
0.367521367521 0.173787528868
0.368292682927 0.174364896074
0.369062119367 0.174942263279
0.368613138686 0.174942263279
0.368165249089 0.174942263279
0.367718446602 0.174942263279
0.367272727273 0.174942263279
0.36803874092 0.175519630485
0.367593712213 0.175519630485
0.368357487923 0.176096997691
0.369119420989 0.176674364896
0.368674698795 0.176674364896
0.369434416366 0.177251732102
0.370192307692 0.177829099307
0.36974789916 0.177829099307
0.369304556355 0.177829099307
0.368862275449 0.177829099307
0.368421052632 0.177829099307
0.36798088411 0.177829099307
0.36754176611 0.177829099307
0.367103694875 0.177829099307
0.366666666667 0.177829099307
0.366230677765 0.177829099307
0.366983372922 0.178406466513
0.366548042705 0.178406466513
0.366113744076 0.178406466513
0.365680473373 0.178406466513
0.36524822695 0.178406466513
0.364817001181 0.178406466513
0.364386792453 0.178406466513
0.363957597173 0.178406466513
0.363529411765 0.178406466513
0.364277320799 0.178983833718
0.363849765258 0.178983833718
0.363423212192 0.178983833718
0.364168618267 0.179561200924
0.363742690058 0.179561200924
0.363317757009 0.179561200924
0.362893815636 0.179561200924
0.362470862471 0.179561200924
0.362048894063 0.179561200924
0.361627906977 0.179561200924
0.361207897793 0.179561200924
0.360788863109 0.179561200924
0.360370799537 0.179561200924
0.359953703704 0.179561200924
0.359537572254 0.179561200924
0.360277136259 0.180138568129
0.359861591696 0.180138568129
0.359447004608 0.180138568129
0.359033371692 0.180138568129
0.358620689655 0.180138568129
0.358208955224 0.180138568129
0.358944954128 0.180715935335
0.359679266896 0.18129330254
0.360411899314 0.181870669746
0.361142857143 0.182448036952
0.361872146119 0.183025404157
0.361459521095 0.183025404157
0.362186788155 0.183602771363
0.361774744027 0.183602771363
0.361363636364 0.183602771363
0.360953461975 0.183602771363
0.360544217687 0.183602771363
0.361268403171 0.184180138568
0.361990950226 0.184757505774
0.361581920904 0.184757505774
0.361173814898 0.184757505774
0.360766629087 0.184757505774
0.36036036036 0.184757505774
0.361079865017 0.185334872979
0.360674157303 0.185334872979
0.360269360269 0.185334872979
0.359865470852 0.185334872979
0.359462486002 0.185334872979
0.359060402685 0.185334872979
0.358659217877 0.185334872979
0.358258928571 0.185334872979
0.357859531773 0.185334872979
0.357461024499 0.185334872979
0.357063403782 0.185334872979
0.356666666667 0.185334872979
0.356270810211 0.185334872979
0.355875831486 0.185334872979
0.355481727575 0.185334872979
0.356194690265 0.185912240185
0.355801104972 0.185912240185
0.35651214128 0.18648960739
0.35611907387 0.18648960739
0.355726872247 0.18648960739
0.356435643564 0.187066974596
0.357142857143 0.187644341801
0.356750823271 0.187644341801
0.356359649123 0.187644341801
0.357064622125 0.188221709007
0.357768052516 0.188799076212
0.35737704918 0.188799076212
0.356986899563 0.188799076212
0.357688113413 0.189376443418
0.358387799564 0.189953810624
0.357997823721 0.189953810624
0.357608695652 0.189953810624
0.357220412595 0.189953810624
0.357917570499 0.190531177829
0.35752979415 0.190531177829
0.357142857143 0.190531177829
0.356756756757 0.190531177829
0.356371490281 0.190531177829
0.355987055016 0.190531177829
0.355603448276 0.190531177829
0.355220667384 0.190531177829
0.355913978495 0.191108545035
0.355531686359 0.191108545035
0.355150214592 0.191108545035
0.355841371919 0.19168591224
0.355460385439 0.19168591224
0.35614973262 0.192263279446
0.356837606838 0.192840646651
0.357524012807 0.193418013857
0.358208955224 0.193995381062
0.357827476038 0.193995381062
0.358510638298 0.194572748268
0.358129649309 0.194572748268
0.357749469214 0.194572748268
0.35737009544 0.194572748268
0.356991525424 0.194572748268
0.357671957672 0.195150115473
0.358350951374 0.195727482679
0.359028511088 0.196304849885
0.35864978903 0.196304849885
0.359325605901 0.19688221709
0.358947368421 0.19688221709
0.358569926393 0.19688221709
0.359243697479 0.197459584296
0.358866736621 0.197459584296
0.358490566038 0.197459584296
0.358115183246 0.197459584296
0.358786610879 0.198036951501
0.358411703239 0.198036951501
0.358037578288 0.198036951501
0.357664233577 0.198036951501
0.358333333333 0.198614318707
0.359001040583 0.199191685912
0.358627858628 0.199191685912
0.358255451713 0.199191685912
0.357883817427 0.199191685912
0.357512953368 0.199191685912
0.35817805383 0.199769053118
0.357807652534 0.199769053118
0.35847107438 0.200346420323
0.358101135191 0.200346420323
0.358762886598 0.200923787529
0.358393408857 0.200923787529
0.358024691358 0.200923787529
0.357656731757 0.200923787529
0.357289527721 0.200923787529
0.356923076923 0.200923787529
0.356557377049 0.200923787529
0.356192425793 0.200923787529
0.355828220859 0.200923787529
0.356486210419 0.201501154734
0.35612244898 0.201501154734
0.355759429154 0.201501154734
0.356415478615 0.20207852194
0.356052899288 0.20207852194
0.356707317073 0.202655889145
0.356345177665 0.202655889145
0.355983772819 0.202655889145
0.355623100304 0.202655889145
0.355263157895 0.202655889145
0.355915065723 0.203233256351
0.355555555556 0.203233256351
0.355196770938 0.203233256351
0.354838709677 0.203233256351
0.354481369587 0.203233256351
0.354124748491 0.203233256351
0.354773869347 0.203810623557
0.354417670683 0.203810623557
0.35406218656 0.203810623557
0.35370741483 0.203810623557
0.353353353353 0.203810623557
0.353 0.203810623557
0.352647352647 0.203810623557
0.352295409182 0.203810623557
0.351944167498 0.203810623557
0.351593625498 0.203810623557
0.351243781095 0.203810623557
0.350894632207 0.203810623557
0.350546176763 0.203810623557
0.350198412698 0.203810623557
0.349851337958 0.203810623557
0.349504950495 0.203810623557
0.349159248269 0.203810623557
0.349802371542 0.204387990762
0.349457058243 0.204387990762
0.349112426036 0.204387990762
0.348768472906 0.204387990762
0.34842519685 0.204387990762
0.349065880039 0.204965357968
0.348722986248 0.204965357968
0.348380765456 0.204965357968
0.348039215686 0.204965357968
0.347698334966 0.204965357968
0.347358121331 0.204965357968
0.347018572825 0.204965357968
0.3466796875 0.204965357968
0.347317073171 0.205542725173
0.347953216374 0.206120092379
0.347614410906 0.206120092379
0.347276264591 0.206120092379
0.347910592809 0.206697459584
0.347572815534 0.206697459584
0.347235693501 0.206697459584
0.346899224806 0.206697459584
0.346563407551 0.206697459584
0.346228239845 0.206697459584
0.345893719807 0.206697459584
0.34555984556 0.206697459584
0.346190935391 0.20727482679
0.345857418112 0.20727482679
0.34552454283 0.20727482679
0.346153846154 0.207852193995
0.345821325648 0.207852193995
0.345489443378 0.207852193995
0.345158197507 0.207852193995
0.344827586207 0.207852193995
0.344497607656 0.207852193995
0.344168260038 0.207852193995
0.343839541547 0.207852193995
0.343511450382 0.207852193995
0.344137273594 0.208429561201
0.34380952381 0.208429561201
0.343482397716 0.208429561201
0.344106463878 0.209006928406
0.344729344729 0.209584295612
0.345351043643 0.210161662818
0.345023696682 0.210161662818
0.345643939394 0.210739030023
0.346263008515 0.211316397229
0.345935727788 0.211316397229
0.345609065156 0.211316397229
0.345283018868 0.211316397229
0.344957587182 0.211316397229
0.344632768362 0.211316397229
0.34524929445 0.211893764434
0.34492481203 0.211893764434
0.345539906103 0.21247113164
0.34521575985 0.21247113164
0.345829428304 0.213048498845
0.345505617978 0.213048498845
0.345182413471 0.213048498845
0.345794392523 0.213625866051
0.346405228758 0.214203233256
0.346082089552 0.214203233256
0.345759552656 0.214203233256
0.345437616387 0.214203233256
0.346046511628 0.214780600462
0.345724907063 0.214780600462
0.346332404828 0.215357967667
0.346011131725 0.215357967667
0.345690454124 0.215357967667
0.34537037037 0.215357967667
0.345050878816 0.215357967667
0.344731977819 0.215357967667
0.345337026777 0.215935334873
0.345018450185 0.215935334873
0.345622119816 0.216512702079
0.345303867403 0.216512702079
0.344986200552 0.216512702079
0.344669117647 0.216512702079
0.34435261708 0.216512702079
0.34495412844 0.217090069284
0.345554537122 0.21766743649
0.345238095238 0.21766743649
0.345837145471 0.218244803695
0.345521023766 0.218244803695
0.345205479452 0.218244803695
0.344890510949 0.218244803695
0.344576116682 0.218244803695
0.344262295082 0.218244803695
0.343949044586 0.218244803695
0.343636363636 0.218244803695
0.343324250681 0.218244803695
0.343920145191 0.218822170901
0.343608340888 0.218822170901
0.343297101449 0.218822170901
0.343891402715 0.219399538106
0.343580470163 0.219399538106
0.343270099368 0.219399538106
0.343862815884 0.219976905312
0.343552750225 0.219976905312
0.344144144144 0.220554272517
0.343834383438 0.220554272517
0.343525179856 0.220554272517
0.344115004492 0.221131639723
0.343806104129 0.221131639723
0.343497757848 0.221131639723
0.343189964158 0.221131639723
0.343777976723 0.221709006928
0.343470483005 0.221709006928
0.343163538874 0.221709006928
0.34375 0.222286374134
0.344335414808 0.222863741339
0.344919786096 0.223441108545
0.344612644702 0.223441108545
0.345195729537 0.224018475751
0.344888888889 0.224018475751
0.345470692718 0.224595842956
0.345164152618 0.224595842956
0.344858156028 0.224595842956
0.344552701506 0.224595842956
0.344247787611 0.224595842956
0.344827586207 0.225173210162
0.344522968198 0.225173210162
0.344218887908 0.225173210162
0.343915343915 0.225173210162
0.343612334802 0.225173210162
0.344190140845 0.225750577367
0.343887423043 0.225750577367
0.343585237258 0.225750577367
0.34328358209 0.225750577367
0.34298245614 0.225750577367
0.342681858019 0.225750577367
0.34238178634 0.225750577367
0.34208223972 0.225750577367
0.342657342657 0.226327944573
0.342358078603 0.226327944573
0.342059336824 0.226327944573
0.341761115955 0.226327944573
0.341463414634 0.226327944573
0.341166231506 0.226327944573
0.340869565217 0.226327944573
0.340573414422 0.226327944573
0.340277777778 0.226327944573
0.339982653946 0.226327944573
0.339688041594 0.226327944573
0.339393939394 0.226327944573
0.339100346021 0.226327944573
0.338807260156 0.226327944573
0.338514680484 0.226327944573
0.338222605695 0.226327944573
0.338793103448 0.226905311778
0.33850129199 0.226905311778
0.338209982788 0.226905311778
0.337919174549 0.226905311778
0.338487972509 0.227482678984
0.338197424893 0.227482678984
0.337907375643 0.227482678984
0.337617823479 0.227482678984
0.337328767123 0.227482678984
0.337895637297 0.228060046189
0.337606837607 0.228060046189
0.33731853117 0.228060046189
0.337030716724 0.228060046189
0.336743393009 0.228060046189
0.336456558773 0.228060046189
0.336170212766 0.228060046189
0.336734693878 0.228637413395
0.337298215803 0.2292147806
0.33701188455 0.2292147806
0.336726039016 0.2292147806
0.336440677966 0.2292147806
0.33700254022 0.229792147806
0.336717428088 0.229792147806
0.336432797971 0.229792147806
0.336993243243 0.230369515012
0.336708860759 0.230369515012
0.336424957841 0.230369515012
0.336141533277 0.230369515012
0.3367003367 0.230946882217
0.336417157275 0.230946882217
0.336974789916 0.231524249423
0.336691855584 0.231524249423
0.337248322148 0.232101616628
0.336965632858 0.232101616628
0.336683417085 0.232101616628
0.337238493724 0.232678983834
0.336956521739 0.232678983834
0.336675020886 0.232678983834
0.337228714524 0.233256351039
0.336947456214 0.233256351039
0.336666666667 0.233256351039
0.336386344713 0.233256351039
0.336106489185 0.233256351039
0.335827098919 0.233256351039
0.335548172757 0.233256351039
0.335269709544 0.233256351039
0.334991708126 0.233256351039
0.334714167357 0.233256351039
0.334437086093 0.233256351039
0.334987593052 0.233833718245
0.334710743802 0.233833718245
0.334434351775 0.233833718245
0.334158415842 0.233833718245
0.334707337181 0.23441108545
0.334431630972 0.23441108545
0.334979423868 0.234988452656
0.334703947368 0.234988452656
0.334428923583 0.234988452656
0.334154351396 0.234988452656
0.333880229696 0.234988452656
0.333606557377 0.234988452656
0.333333333333 0.234988452656
0.333060556465 0.234988452656
0.333605887163 0.235565819861
0.333333333333 0.235565819861
0.33306122449 0.235565819861
0.332789559543 0.235565819861
0.332518337408 0.235565819861
0.333061889251 0.236143187067
0.3327908869 0.236143187067
0.332520325203 0.236143187067
0.332250203087 0.236143187067
0.331980519481 0.236143187067
0.331711273317 0.236143187067
0.331442463533 0.236143187067
0.331174089069 0.236143187067
0.330906148867 0.236143187067
0.331447049313 0.236720554273
0.331179321486 0.236720554273
0.330912025827 0.236720554273
0.33064516129 0.236720554273
0.330378726833 0.236720554273
0.330112721417 0.236720554273
0.329847144006 0.236720554273
0.329581993569 0.236720554273
0.329317269076 0.236720554273
0.329052969502 0.236720554273
0.328789093825 0.236720554273
0.328525641026 0.236720554273
0.328262610088 0.236720554273
0.328 0.236720554273
0.328537170264 0.237297921478
0.328274760383 0.237297921478
0.328012769354 0.237297921478
0.327751196172 0.237297921478
0.327490039841 0.237297921478
0.327229299363 0.237297921478
0.326968973747 0.237297921478
0.326709062003 0.237297921478
0.326449563145 0.237297921478
0.32619047619 0.237297921478
0.325931800159 0.237297921478
0.325673534073 0.237297921478
0.32541567696 0.237297921478
0.325158227848 0.237297921478
0.324901185771 0.237297921478
0.324644549763 0.237297921478
0.324388318863 0.237297921478
0.324132492114 0.237297921478
0.323877068558 0.237297921478
0.323622047244 0.237297921478
0.323367427223 0.237297921478
0.323113207547 0.237297921478
0.323644933229 0.237875288684
0.324175824176 0.238452655889
0.324705882353 0.239030023095
0.324451410658 0.239030023095
0.32419733751 0.239030023095
0.324726134585 0.2396073903
0.324472243941 0.2396073903
0.32421875 0.2396073903
0.323965651835 0.2396073903
0.324492979719 0.240184757506
0.324240062354 0.240184757506
0.323987538941 0.240184757506
0.32373540856 0.240184757506
0.323483670295 0.240184757506
0.323232323232 0.240184757506
0.32298136646 0.240184757506
0.323506594259 0.240762124711
0.323255813953 0.240762124711
0.323780015492 0.241339491917
0.323529411765 0.241339491917
0.323279195669 0.241339491917
0.323029366306 0.241339491917
0.32277992278 0.241339491917
0.322530864198 0.241339491917
0.322282189668 0.241339491917
0.322033898305 0.241339491917
0.321785989222 0.241339491917
0.322307692308 0.241916859122
0.32282859339 0.242494226328
0.322580645161 0.242494226328
0.323100537222 0.243071593533
0.322852760736 0.243071593533
0.322605363985 0.243071593533
0.322358346095 0.243071593533
0.322111706197 0.243071593533
0.322629969419 0.243648960739
0.322383498854 0.243648960739
0.322900763359 0.244226327945
0.322654462243 0.244226327945
0.322408536585 0.244226327945
0.322162985529 0.244226327945
0.321917808219 0.244226327945
0.322433460076 0.24480369515
0.322188449848 0.24480369515
0.321943811693 0.24480369515
0.322458270106 0.245381062356
0.322971948446 0.245958429561
0.322727272727 0.245958429561
0.32323996972 0.246535796767
0.323751891074 0.247113163972
0.32350718065 0.247113163972
0.323262839879 0.247113163972
0.323018867925 0.247113163972
0.322775263952 0.247113163972
0.322532027129 0.247113163972
0.322289156627 0.247113163972
0.322046651618 0.247113163972
0.321804511278 0.247113163972
0.321562734786 0.247113163972
0.322072072072 0.247690531178
0.321830457614 0.247690531178
0.321589205397 0.247690531178
0.321348314607 0.247690531178
0.321856287425 0.248267898383
0.321615557218 0.248267898383
0.321375186846 0.248267898383
0.321135175504 0.248267898383
0.320895522388 0.248267898383
0.320656226696 0.248267898383
0.32041728763 0.248267898383
0.320178704393 0.248267898383
0.31994047619 0.248267898383
0.31970260223 0.248267898383
0.319465081724 0.248267898383
0.319227913883 0.248267898383
0.319732937685 0.248845265589
0.319495922906 0.248845265589
0.319259259259 0.248845265589
0.319022945966 0.248845265589
0.318786982249 0.248845265589
0.318551367332 0.248845265589
0.31905465288 0.249422632794
0.318819188192 0.249422632794
0.319321533923 0.25
0.319086219602 0.25
0.318851251841 0.25
0.318616629875 0.25
0.318382352941 0.25
0.318148420279 0.25
0.318649045521 0.250577367206
0.318415260455 0.250577367206
0.318181818182 0.250577367206
0.317948717949 0.250577367206
0.317715959004 0.250577367206
0.3174835406 0.250577367206
0.317251461988 0.250577367206
0.317019722425 0.250577367206
0.317518248175 0.251154734411
0.318016046681 0.251732101617
0.31778425656 0.251732101617
0.317552804079 0.251732101617
0.317321688501 0.251732101617
0.317818181818 0.252309468822
0.317587209302 0.252309468822
0.317356572259 0.252309468822
0.317851959361 0.252886836028
0.31762146483 0.252886836028
0.317391304348 0.252886836028
0.31716147719 0.252886836028
0.316931982634 0.252886836028
0.316702819957 0.252886836028
0.316473988439 0.252886836028
0.316245487365 0.252886836028
0.316017316017 0.252886836028
0.315789473684 0.252886836028
0.315561959654 0.252886836028
0.315334773218 0.252886836028
0.315107913669 0.252886836028
0.315600287563 0.253464203233
0.315373563218 0.253464203233
0.315147164393 0.253464203233
0.314921090387 0.253464203233
0.314695340502 0.253464203233
0.31446991404 0.253464203233
0.314244810308 0.253464203233
0.314735336195 0.254041570439
0.314510364546 0.254041570439
0.315 0.254618937644
0.3147751606 0.254618937644
0.31455064194 0.254618937644
0.314326443336 0.254618937644
0.314102564103 0.254618937644
0.313879003559 0.254618937644
0.314366998578 0.25519630485
0.314143567875 0.25519630485
0.313920454545 0.25519630485
0.313697657913 0.25519630485
0.313475177305 0.25519630485
0.313253012048 0.25519630485
0.313031161473 0.25519630485
0.312809624912 0.25519630485
0.312588401697 0.25519630485
0.312367491166 0.25519630485
0.312146892655 0.25519630485
0.312632321807 0.255773672055
0.313117066291 0.256351039261
0.313601127555 0.256928406467
0.31338028169 0.256928406467
0.313159746657 0.256928406467
0.3129395218 0.256928406467
0.312719606465 0.256928406467
0.3125 0.256928406467
0.312280701754 0.256928406467
0.31206171108 0.256928406467
0.31184302733 0.256928406467
0.31162464986 0.256928406467
0.311406578027 0.256928406467
0.311188811189 0.256928406467
0.310971348707 0.256928406467
0.310754189944 0.256928406467
0.310537334264 0.256928406467
0.310320781032 0.256928406467
0.310104529617 0.256928406467
0.309888579387 0.256928406467
0.309672929715 0.256928406467
0.309457579972 0.256928406467
0.309937456567 0.257505773672
0.309722222222 0.257505773672
0.309507286607 0.257505773672
0.309986130374 0.258083140878
0.309771309771 0.258083140878
0.309556786704 0.258083140878
0.309342560554 0.258083140878
0.309128630705 0.258083140878
0.308914996545 0.258083140878
0.309392265193 0.258660508083
0.309178743961 0.258660508083
0.309655172414 0.259237875289
0.3094417643 0.259237875289
0.309228650138 0.259237875289
0.309015829319 0.259237875289
0.308803301238 0.259237875289
0.308591065292 0.259237875289
0.308379120879 0.259237875289
0.308167467399 0.259237875289
0.307956104252 0.259237875289
0.307745030843 0.259237875289
0.307534246575 0.259237875289
0.307323750856 0.259237875289
0.307113543092 0.259237875289
0.306903622693 0.259237875289
0.306693989071 0.259237875289
0.306484641638 0.259237875289
0.306275579809 0.259237875289
0.306066802999 0.259237875289
0.306539509537 0.259815242494
0.307011572498 0.2603926097
0.306802721088 0.2603926097
0.306594153637 0.2603926097
0.307065217391 0.260969976905
0.307535641548 0.261547344111
0.307327001357 0.261547344111
0.307118644068 0.261547344111
0.307588075881 0.262124711316
0.307379823968 0.262124711316
0.307171853857 0.262124711316
0.306964164976 0.262124711316
0.306756756757 0.262124711316
0.306549628629 0.262124711316
0.306342780027 0.262124711316
0.306810519218 0.262702078522
0.306603773585 0.262702078522
0.307070707071 0.263279445727
0.306864064603 0.263279445727
0.306657700067 0.263279445727
0.306451612903 0.263279445727
0.306245802552 0.263279445727
0.306040268456 0.263279445727
0.30583501006 0.263279445727
0.30563002681 0.263279445727
0.305425318151 0.263279445727
0.305220883534 0.263279445727
0.305685618729 0.263856812933
0.305481283422 0.263856812933
0.305945223781 0.264434180139
0.305740987984 0.264434180139
0.305537024683 0.264434180139
0.305333333333 0.264434180139
0.305129913391 0.264434180139
0.305592543276 0.265011547344
0.305389221557 0.265011547344
0.305186170213 0.265011547344
0.304983388704 0.265011547344
0.304780876494 0.265011547344
0.304578633046 0.265011547344
0.304376657825 0.265011547344
0.304174950298 0.265011547344
0.303973509934 0.265011547344
0.30443414957 0.26558891455
0.304894179894 0.266166281755
0.305353602115 0.266743648961
0.305151915456 0.266743648961
0.30495049505 0.266743648961
0.305408970976 0.267321016166
0.305866842452 0.267898383372
0.305665349144 0.267898383372
0.305464121132 0.267898383372
0.305263157895 0.267898383372
0.305062458909 0.267898383372
0.304862023653 0.267898383372
0.304661851609 0.267898383372
0.305118110236 0.268475750577
0.304918032787 0.268475750577
0.304718217562 0.268475750577
0.304518664047 0.268475750577
0.304319371728 0.268475750577
0.304120340092 0.268475750577
0.303921568627 0.268475750577
0.303723056826 0.268475750577
0.303524804178 0.268475750577
0.303326810176 0.268475750577
0.303129074316 0.268475750577
0.302931596091 0.268475750577
0.302734375 0.268475750577
0.30253741054 0.268475750577
0.302340702211 0.268475750577
0.302144249513 0.268475750577
0.301948051948 0.268475750577
0.302401038287 0.269053117783
0.302853437095 0.269630484988
0.302657161374 0.269630484988
0.30310880829 0.270207852194
0.30355987055 0.2707852194
0.303363518758 0.2707852194
0.303167420814 0.2707852194
0.302971576227 0.2707852194
0.302775984506 0.2707852194
0.303225806452 0.271362586605
0.30303030303 0.271362586605
0.302835051546 0.271362586605
0.303283966516 0.271939953811
0.303088803089 0.271939953811
0.302893890675 0.271939953811
0.302699228792 0.271939953811
0.302504816956 0.271939953811
0.302952503209 0.272517321016
0.303399615138 0.273094688222
0.303205128205 0.273094688222
0.303010890455 0.273094688222
0.302816901408 0.273094688222
0.302623160589 0.273094688222
0.302429667519 0.273094688222
0.302236421725 0.273094688222
0.302043422733 0.273094688222
0.302488832163 0.273672055427
0.302933673469 0.274249422633
0.302740599108 0.274249422633
0.302547770701 0.274249422633
0.302355187778 0.274249422633
0.302798982188 0.274826789838
0.302606484425 0.274826789838
0.303049555273 0.275404157044
0.303492063492 0.275981524249
0.303299492386 0.275981524249
0.303107165504 0.275981524249
0.302915082383 0.275981524249
0.302723242559 0.275981524249
0.30253164557 0.275981524249
0.302340290955 0.275981524249
0.302149178255 0.275981524249
0.301958307012 0.275981524249
0.301767676768 0.275981524249
0.301577287066 0.275981524249
0.301387137453 0.275981524249
0.301197227473 0.275981524249
0.301007556675 0.275981524249
0.300818124607 0.275981524249
0.300628930818 0.275981524249
0.300439974859 0.275981524249
0.300251256281 0.275981524249
0.300062774639 0.275981524249
0.299874529486 0.275981524249
0.299686520376 0.275981524249
0.299498746867 0.275981524249
0.299311208516 0.275981524249
0.299749687109 0.276558891455
0.299562226391 0.276558891455
0.299375 0.276558891455
0.299188007495 0.276558891455
0.299001248439 0.276558891455
0.298814722396 0.276558891455
0.298628428928 0.276558891455
0.298442367601 0.276558891455
0.298879202989 0.277136258661
0.298693217175 0.277136258661
0.298507462687 0.277136258661
0.298321939093 0.277136258661
0.298136645963 0.277136258661
0.297951582868 0.277136258661
0.29776674938 0.277136258661
0.297582145071 0.277136258661
0.298017348203 0.277713625866
0.297832817337 0.277713625866
