634 1 0.997486591339
20917 1 0.99609875679
57243 1 0.99473297596
88783 1 0.992597699165
91210 1 0.99057662487
14082 4 0.988557577133
59721 1 0.986617863178
25872 1 0.986417770386
22177 4 0.985210835934
27028 1 0.984979093075
5356 1 0.982668876648
26715 1 0.978697955608
11801 4 0.978521108627
58500 1 0.977833867073
65238 1 0.977742791176
3160 1 0.97763890028
62894 1 0.977505624294
38955 1 0.977344691753
50546 4 0.976440727711
22247 1 0.975111603737
52262 4 0.974882423878
10153 1 0.974101006985
36052 1 0.973574399948
22257 1 0.971752285957
37761 1 0.971488177776
26790 1 0.969255387783
80608 1 0.967548310757
25772 1 0.965984106064
69181 1 0.963827729225
76572 1 0.963216125965
3527 1 0.96214812994
82299 1 0.962025702
49832 1 0.961983084679
87308 1 0.961536049843
19227 1 0.961401283741
46201 1 0.960872173309
40156 1 0.959930956364
82160 4 0.959208011627
3706 1 0.958427488804
9676 1 0.958056628704
5384 1 0.956635892391
46007 1 0.956064343452
91277 4 0.954929769039
20697 1 0.954326808453
22239 1 0.953940331936
84797 1 0.952754378319
68642 1 0.952227294445
34665 4 0.951669931412
41233 1 0.951258897781
62181 4 0.950906574726
8692 1 0.950110673904
13538 1 0.94940751791
60088 1 0.949375629425
60763 4 0.948991000652
4331 1 0.948572635651
8518 4 0.947518765926
78322 1 0.947199940681
43256 1 0.946169257164
84730 1 0.945561051369
53230 1 0.94486451149
4265 1 0.943162083626
62098 4 0.942092359066
5661 1 0.942050278187
84960 4 0.940967857838
21197 1 0.940798580647
36888 1 0.940493226051
72198 1 0.940492153168
29398 4 0.93982231617
40502 1 0.938961386681
35410 1 0.938612282276
55623 4 0.938227117062
85006 4 0.93775343895
34090 1 0.937130272388
7243 1 0.935652434826
12463 1 0.930822610855
49084 1 0.930779337883
56049 1 0.928312957287
2364 1 0.927990972996
1913 4 0.927952706814
19747 1 0.926270544529
65433 4 0.925357043743
86818 1 0.925026357174
51192 4 0.923928380013
32660 1 0.923901498318
86133 1 0.923847973347
70760 1 0.922510445118
60907 1 0.920516729355
73947 1 0.919350981712
642 1 0.919003307819
51074 4 0.918434917927
79467 1 0.917991995811
55134 1 0.91715413332
67140 1 0.91665750742
55668 1 0.915104746819
51754 1 0.914563119411
79503 4 0.914069354534
76717 1 0.912802159786
10306 4 0.91121339798
52820 1 0.907168805599
89585 3 0.906763792038
66282 1 0.906137824059
420 1 0.905756950378
50965 1 0.905484080315
64637 3 0.905269086361
49274 1 0.90134036541
8680 1 0.900843977928
8770 3 0.900817811489
71726 1 0.900501549244
10397 4 0.899513363838
46526 1 0.898946404457
28634 1 0.898116052151
74254 4 0.898113846779
15916 1 0.897911012173
52350 1 0.897216260433
89443 1 0.896629869938
48117 4 0.896502196789
44676 1 0.89643239975
1321 4 0.895774006844
69665 1 0.895599842072
26497 1 0.89497590065
325 1 0.894014716148
90352 4 0.893566906452
23701 1 0.89275354147
64040 1 0.891986429691
10307 4 0.891475975513
8715 4 0.889732480049
35197 1 0.889287233353
76866 4 0.888820230961
19330 1 0.887700736523
10038 1 0.887665629387
47717 4 0.885130167007
67504 3 0.884963870049
1958 1 0.884620547295
49161 1 0.884068787098
70388 4 0.884021878242
85153 1 0.883585870266
62182 4 0.88287115097
15614 1 0.881352782249
57882 3 0.880068123341
44020 1 0.87913274765
32110 4 0.876989662647
74246 4 0.876325845718
48689 1 0.876109004021
1244 4 0.875661790371
16049 1 0.875106573105
71006 1 0.875092148781
60218 1 0.873920559883
12557 1 0.873844921589
32859 1 0.872172117233
7699 1 0.872097909451
83491 3 0.871753633022
5475 1 0.870716869831
20045 4 0.869652211666
28451 1 0.869185268879
87612 1 0.868017315865
65577 4 0.867970466614
18460 1 0.866478383541
65431 4 0.866233706474
59029 1 0.861631572247
6357 1 0.861215829849
34256 1 0.858759701252
50190 1 0.858382761478
90607 1 0.857852101326
4095 1 0.856719732285
89667 1 0.856507658958
55877 1 0.856408774853
8105 1 0.855991303921
62216 4 0.855682849884
47024 1 0.855600118637
59280 1 0.854997396469
81131 4 0.854938685894
12190 4 0.854014873505
19175 4 0.853928864002
66591 1 0.852093219757
43077 1 0.85116237402
35668 1 0.850137293339
88938 1 0.848645448685
32044 1 0.845490813255
25828 4 0.845224380493
6971 2 0.844863414764
91062 2 0.844295442104
12810 1 0.843954920769
76245 1 0.842407107353
66592 1 0.842381119728
16647 4 0.842017114162
841 1 0.841664731503
88137 1 0.83969014883
51784 1 0.83935803175
60726 1 0.838465213776
36939 1 0.83631169796
10162 1 0.83505153656
20713 1 0.834164023399
20369 4 0.833655297756
48372 4 0.833375990391
66772 4 0.832410693169
25204 4 0.831591844559
41789 1 0.831484377384
21635 4 0.83098167181
91609 1 0.830603957176
46747 1 0.829913198948
48791 4 0.829507410526
17501 1 0.829278707504
83262 3 0.828705489635
21924 1 0.827988743782
57739 1 0.827879667282
46690 4 0.826039195061
54278 2 0.82572466135
4841 1 0.82565510273
60803 1 0.825021386147
45773 4 0.824896275997
89191 4 0.824302315712
65390 7 0.823582828045
42415 1 0.822765350342
7750 1 0.822275340557
90061 1 0.821061491966
28049 4 0.820601046085
54560 1 0.819900453091
27691 1 0.819280862808
59841 1 0.818660974503
38092 1 0.81699514389
16301 1 0.815391778946
54305 1 0.814585745335
17333 1 0.812750220299
62578 1 0.811896800995
11123 3 0.810542941093
34116 4 0.810541033745
10509 4 0.809490144253
18571 1 0.806280434132
68555 4 0.806263506413
38938 1 0.804950237274
41055 1 0.804590761662
16945 2 0.803255558014
20283 4 0.800780117512
31906 4 0.80045068264
4526 4 0.799593269825
49018 1 0.799127161503
83806 4 0.798317015171
1610 4 0.797256350517
87910 4 0.797053337097
35032 4 0.796645998955
12234 4 0.796588540077
3226 1 0.796540677547
56888 1 0.794536709785
2155 1 0.793974399567
44997 1 0.793240487576
66444 1 0.791741847992
269 1 0.791637122631
48181 4 0.791269004345
34458 7 0.790677607059
4679 1 0.790658414364
37843 1 0.78950214386
31204 1 0.789336502552
33904 1 0.787821114063
629 1 0.78676956892
68660 1 0.785003900528
61802 1 0.78487598896
20501 1 0.78468555212
50241 1 0.782822906971
78189 4 0.781870245934
11462 1 0.781090259552
19745 1 0.780179798603
28520 1 0.780027508736
50492 1 0.778131365776
56913 2 0.777094721794
81742 4 0.776667833328
59442 2 0.776209950447
29149 7 0.774888634682
84936 1 0.774498999119
45000 1 0.774371027946
15302 1 0.773764073849
16004 2 0.772639334202
68024 4 0.771946489811
63167 1 0.771052539349
62824 1 0.770904123783
53396 1 0.770539402962
11152 2 0.769653201103
45169 2 0.76928961277
8762 2 0.769011795521
52211 1 0.768005609512
34729 2 0.767975628376
83997 4 0.767940998077
45577 1 0.767568945885
18652 1 0.765559613705
50090 1 0.764004707336
46745 1 0.763842344284
75798 1 0.763765931129
31081 1 0.763635635376
89000 1 0.760453224182
67880 2 0.760092973709
68717 1 0.758743643761
72207 4 0.75867921114
4930 1 0.75638705492
15832 4 0.756305336952
77568 4 0.756011068821
87338 1 0.755289912224
17091 2 0.755256950855
62056 1 0.754524588585
11595 1 0.752588927746
40227 3 0.752050757408
2350 2 0.750314593315
74243 4 0.748644351959
88844 4 0.747836947441
85928 1 0.746871829033
36405 4 0.744522035122
9462 1 0.744297027588
40390 4 0.743844747543
87366 1 0.74350053072
55507 4 0.743420958519
17387 1 0.743268966675
50349 1 0.742167413235
33696 1 0.742056310177
15471 4 0.741525888443
4391 2 0.74117743969
31624 1 0.740694761276
38120 1 0.740042567253
52507 4 0.739257872105
54265 1 0.738996326923
1919 4 0.73894906044
22583 1 0.738603889942
60801 3 0.736462593079
5697 1 0.735947132111
44993 2 0.734883248806
53930 1 0.734344065189
23356 1 0.73405122757
6973 2 0.733654379845
68313 2 0.73249822855
19589 1 0.730158448219
2973 1 0.729551494122
12868 3 0.728856742382
29481 2 0.727804541588
57650 7 0.727259039879
12657 1 0.727084457874
8779 3 0.726698100567
76196 4 0.72573786974
5248 1 0.724016904831
66956 1 0.721736609936
55778 2 0.721136510372
32886 1 0.720952987671
55446 1 0.72050267458
49556 4 0.720442056656
40127 4 0.719210445881
14156 1 0.718664944172
48719 4 0.717455208302
84887 3 0.716934740543
32622 4 0.716025173664
5932 1 0.715980827808
6709 2 0.715556979179
47569 4 0.715229392052
74068 1 0.713604152203
6572 4 0.713574886322
24100 4 0.713475286961
37173 4 0.711407601833
64789 1 0.710035681725
58781 4 0.709606707096
23399 1 0.709051251411
49044 4 0.708766996861
52508 4 0.708546280861
10427 2 0.708264112473
52353 1 0.707791864872
13884 2 0.706714987755
10233 1 0.705436050892
57463 1 0.705100059509
43041 1 0.704604387283
5913 1 0.704494893551
48575 1 0.704457521439
51581 4 0.704167723656
62554 1 0.703134596348
74340 4 0.702873170376
62370 1 0.702022850513
19655 1 0.700732648373
61250 1 0.699806332588
10432 1 0.699805080891
1420 4 0.697506546974
76606 1 0.697244465351
6787 2 0.696463882923
7628 4 0.696232497692
42812 4 0.696040630341
63110 1 0.695662975311
5398 4 0.693632721901
18976 1 0.692855000496
76861 1 0.692208170891
3856 4 0.691920638084
51218 1 0.691843926907
51065 4 0.691179454327
41260 2 0.689623296261
43610 1 0.689442574978
14021 2 0.689251601696
83506 1 0.689127802849
21659 1 0.688730895519
9361 2 0.688705027103
22721 1 0.688660204411
35795 1 0.687055110931
33695 4 0.686042308807
69938 1 0.685983657837
13882 2 0.68491345644
17284 4 0.684637069702
85896 1 0.684176146984
89337 4 0.683985352516
78824 1 0.683554410934
78482 3 0.682704150677
59772 1 0.68249464035
69911 4 0.681842446327
16093 1 0.681810796261
42594 1 0.681090056896
50997 2 0.680413484573
28799 1 0.680139362812
55218 1 0.679894864559
64638 1 0.679173052311
11143 1 0.67845594883
54 1 0.678410351276
80988 2 0.677610874176
90633 1 0.672598481178
11882 1 0.671471059322
66030 1 0.66852325201
38227 1 0.668028652668
5523 1 0.66698974371
55578 1 0.666884660721
20804 1 0.666517555714
33326 4 0.666424095631
81104 1 0.666246592999
73365 4 0.665865302086
78566 3 0.663898348808
52402 4 0.663633465767
30298 1 0.662145256996
38509 1 0.661494195461
49616 1 0.661105751991
49076 1 0.660676300526
57651 1 0.660622298717
79094 1 0.659399092197
7935 1 0.658837139606
27041 1 0.658345103264
76575 1 0.657889068127
61727 1 0.657494783401
75664 1 0.657075762749
20746 1 0.655497848988
26734 2 0.654687821865
23001 4 0.653707146645
91230 1 0.65241765976
42227 4 0.651782989502
13624 1 0.64823526144
78487 3 0.646524012089
17774 1 0.646044611931
44361 1 0.645335495472
88914 4 0.645174384117
57306 1 0.644858598709
88115 1 0.64477032423
47349 1 0.644444823265
88646 3 0.643930971622
51124 1 0.643310725689
7852 1 0.642867088318
71962 1 0.641620755196
66010 1 0.6400192976
48162 1 0.639918088913
25669 2 0.639847934246
10511 4 0.63770699501
45121 1 0.637432157993
6837 1 0.636784553528
70281 1 0.636239945889
1852 1 0.634574532509
80969 1 0.634096443653
43779 4 0.633338630199
55913 1 0.632459163666
67141 1 0.631162822247
68907 4 0.630985200405
50 4 0.630497038364
21956 1 0.630169868469
432 1 0.630102396011
2313 2 0.629519820213
22198 2 0.629469454288
61241 4 0.627350568771
1526 4 0.626493692398
83301 1 0.626241028309
1374 2 0.625536203384
3534 4 0.625146687031
37167 2 0.624212145805
20459 1 0.623912394047
89266 1 0.623126029968
42531 1 0.622569382191
12300 1 0.622549235821
34792 1 0.620046079159
42424 1 0.619579017162
22043 1 0.618694186211
40140 2 0.61856251955
45875 1 0.617918133736
91099 1 0.617813706398
60106 1 0.617397665977
67184 1 0.616750836372
62517 3 0.616649806499
69751 1 0.615671753883
37928 1 0.615638494492
40405 1 0.615352571011
90510 1 0.615309715271
60937 4 0.615013718605
73632 1 0.614965260029
9763 1 0.614937901497
66567 1 0.614803373814
60471 2 0.613526523113
74303 1 0.612711071968
19082 4 0.612180769444
83955 4 0.611772656441
25345 2 0.611450910568
10244 2 0.611167669296
68911 4 0.610841691494
70185 2 0.610463559628
728 2 0.608795046806
45754 2 0.606726050377
71725 1 0.606652021408
6552 4 0.605925023556
34373 2 0.604645371437
30336 4 0.602933704853
2256 1 0.60174202919
88735 4 0.601609170437
3822 4 0.601399421692
62518 3 0.601101458073
45529 1 0.600910544395
64488 2 0.599497616291
5558 1 0.599358022213
21862 2 0.599323809147
81825 1 0.599221527576
58062 1 0.599217891693
86336 1 0.598531723022
74777 3 0.598257422447
48702 4 0.597403883934
33097 4 0.595678031445
23150 1 0.594221770763
76784 1 0.593790650368
5011 1 0.59375590086
3821 4 0.592578232288
54586 1 0.591796338558
27578 1 0.588536560535
29687 4 0.588213980198
51875 1 0.586834073067
66711 1 0.586722910404
3548 3 0.586647570133
68230 4 0.586593389511
26145 1 0.584607720375
54489 1 0.584011673927
71394 1 0.583895623684
63155 1 0.583844542503
67918 3 0.583491802216
4429 4 0.58340126276
55755 1 0.582883954048
20745 2 0.582782030106
23683 3 0.582593381405
73338 1 0.582575857639
47211 2 0.582377672195
76958 4 0.582031548023
55884 1 0.581861257553
57661 1 0.581851959229
1996 1 0.58106559515
64020 2 0.580381155014
8162 1 0.580239713192
76714 1 0.580198347569
78215 1 0.579985320568
50967 1 0.579118967056
18219 1 0.579106211662
44223 3 0.578923165798
52357 1 0.578855395317
39029 1 0.57822239399
28388 1 0.577440202236
1478 1 0.577174246311
12547 2 0.576911866665
29148 1 0.576229393482
82922 4 0.575948774815
2067 1 0.575778126717
47719 2 0.574173271656
7537 1 0.57375639677
77 1 0.573091804981
46838 1 0.572562038898
23374 4 0.572547316551
40422 2 0.572345376015
79427 1 0.571681916714
17180 4 0.570782721043
45490 2 0.570575356483
40031 2 0.570354223251
45979 1 0.570032596588
62572 1 0.568609535694
63615 1 0.568104505539
41064 3 0.567002236843
25672 1 0.566365778446
61213 2 0.566260457039
4064 1 0.564843118191
67849 4 0.564456403255
70885 4 0.563606023788
12662 2 0.562750756741
10166 1 0.562243938446
26137 4 0.561439335346
25820 4 0.560595691204
43464 4 0.560482680798
20156 1 0.560400426388
89444 1 0.559709846973
73889 7 0.559555590153
87927 1 0.559217810631
5275 1 0.559127748013
1743 2 0.558805882931
6586 2 0.558330059052
21634 4 0.558277666569
342 4 0.557402849197
89177 1 0.557244241238
89664 1 0.556677997112
32220 1 0.556475400925
87462 1 0.556015253067
52789 3 0.554675459862
8294 4 0.554541289806
34367 3 0.554096281528
32455 1 0.554047942162
71938 2 0.552618026733
1252 1 0.552289128304
41956 2 0.550973117352
79167 2 0.550379276276
12705 2 0.550274431705
2204 1 0.549942553043
10165 1 0.549529254436
32256 3 0.548122644424
67029 1 0.547995746136
2305 2 0.547617733479
34735 2 0.547606825829
8229 2 0.547199487686
77992 1 0.545465052128
87067 1 0.544746279716
7977 1 0.54455268383
26143 2 0.544306814671
38094 1 0.543642044067
69802 4 0.541249096394
77331 1 0.54109120369
64218 1 0.540012300014
51507 4 0.539567470551
58784 1 0.538840830326
40540 1 0.538367033005
43067 1 0.538174986839
49853 2 0.537881672382
71321 4 0.537858903408
5784 7 0.537205338478
53240 4 0.536960124969
69817 1 0.535943925381
54468 1 0.534567177296
83543 1 0.532799720764
12298 4 0.532441854477
45073 2 0.531269013882
33268 2 0.530485510826
58158 4 0.529574394226
28616 1 0.527944803238
78878 2 0.527729868889
20435 2 0.526700556278
13027 1 0.526449203491
47042 2 0.525515556335
23278 1 0.524777710438
51665 1 0.524160265923
8786 3 0.523791193962
90380 3 0.523357987404
23507 3 0.522949457169
28462 1 0.522412657738
63133 1 0.522148609161
72276 1 0.521094799042
73431 4 0.520888507366
84875 1 0.520288050175
21416 1 0.520133554935
12546 2 0.519130527973
10238 2 0.519070327282
38382 1 0.518675982952
70680 3 0.51839196682
19399 2 0.517218708992
476 2 0.517004311085
45933 4 0.516859829426
9227 2 0.516231477261
31175 4 0.516077041626
11051 2 0.515215337276
18202 2 0.514985501766
27250 4 0.514434397221
25411 1 0.514074862003
39640 2 0.513955295086
46568 1 0.513628184795
23945 2 0.513625860214
21838 2 0.513078331947
57233 1 0.512976109982
9210 1 0.512975931168
14342 2 0.512830018997
20474 1 0.512775182724
68520 1 0.512027919292
1180 1 0.511950433254
70856 3 0.511619269848
56386 4 0.510987818241
86061 2 0.510896921158
44762 2 0.510631024837
90431 1 0.509869337082
82535 1 0.508097827435
34601 1 0.507996857166
4416 2 0.507746338844
7539 1 0.507642626762
66441 1 0.506584703922
10956 1 0.505789101124
62379 4 0.50549864769
46536 4 0.505053639412
10345 4 0.504914462566
82856 2 0.503850400448
74793 2 0.503799855709
34156 1 0.503795862198
23999 1 0.502887964249
4294 4 0.500461339951
89196 4 0.500332713127
12049 1 0.500083088875
50966 3 0.499535173178
76910 4 0.499234110117
59994 2 0.499089539051
91113 4 0.498582571745
51693 1 0.497871428728
53921 1 0.497584223747
72839 3 0.497090220451
61312 4 0.496675163507
50257 4 0.496551901102
62682 1 0.496470749378
51798 2 0.495966643095
58874 3 0.495511293411
67112 4 0.494488626719
78402 4 0.493424028158
68156 4 0.492999494076
44905 1 0.492976933718
73473 3 0.49272069335
4788 2 0.491555094719
10164 1 0.489246159792
3366 4 0.489169985056
83988 3 0.488712370396
84447 2 0.487989455462
5970 2 0.486849009991
47933 4 0.486496865749
40671 1 0.48580494523
38740 2 0.483126312494
73938 2 0.482746839523
9327 4 0.482527583838
43370 2 0.479743123055
30230 4 0.479441344738
2802 2 0.479348927736
33782 1 0.479228258133
19774 2 0.478885084391
55695 2 0.47838100791
9425 4 0.477581709623
24427 2 0.475972115993
52337 3 0.475597023964
62529 4 0.472517341375
61163 2 0.471982121468
69803 4 0.471262127161
73434 2 0.471254438162
65114 3 0.470209091902
47991 2 0.469905525446
3754 4 0.469782322645
39582 3 0.469626039267
29440 4 0.469309180975
15999 2 0.468999147415
50833 2 0.467999577522
76854 3 0.467992544174
83984 2 0.467747867107
64098 2 0.467258512974
72535 2 0.466633856297
5144 3 0.46630486846
26156 2 0.466225773096
42425 1 0.465580612421
50687 4 0.465385645628
81757 7 0.464128285646
19386 2 0.463532447815
1755 2 0.461893558502
654 6 0.460604846478
52852 4 0.460576504469
57726 3 0.460485398769
31709 2 0.459754407406
39936 2 0.458788692951
54712 4 0.457295268774
47616 1 0.456849217415
91112 2 0.455180794001
27051 4 0.455030590296
28001 2 0.451755493879
38743 2 0.45165514946
17258 3 0.450959712267
22774 6 0.445879817009
87447 2 0.444740355015
86721 4 0.444664955139
31738 3 0.442874550819
8765 2 0.441578418016
83982 3 0.44072213769
51621 3 0.440216720104
26960 1 0.439867675304
51887 2 0.438744872808
87013 3 0.4386498034
32649 2 0.437729328871
77523 6 0.437065839767
43116 1 0.435377955437
85980 2 0.434625327587
9983 2 0.434154003859
5897 2 0.433964878321
47871 2 0.432976961136
11269 2 0.432341992855
50486 8 0.430923610926
66491 4 0.430903583765
27668 6 0.430711328983
31776 3 0.430638045073
72758 3 0.428233236074
72603 2 0.428057789803
49199 3 0.426116675138
17280 3 0.425956785679
17949 2 0.424534589052
36176 2 0.423577338457
17764 3 0.421060025692
78731 2 0.420985281467
83254 2 0.42075663805
18582 2 0.416592121124
45489 2 0.416537553072
17634 4 0.416085928679
73850 2 0.415814548731
34803 3 0.414405703545
56223 6 0.412714958191
65353 2 0.412640959024
79594 5 0.41239631176
86317 2 0.409517139196
7934 2 0.408086955547
38617 2 0.406981021166
55463 7 0.405069172382
91635 5 0.404846996069
48362 4 0.403769940138
64068 2 0.4037566185
83653 3 0.40247797966
69709 2 0.401670336723
9362 2 0.401161134243
37567 2 0.401110589504
42426 1 0.400089621544
67870 2 0.40001347661
5368 2 0.398078382015
4355 2 0.397536575794
8981 3 0.395447790623
51404 6 0.394833445549
20916 2 0.392554163933
5064 2 0.392375707626
27125 5 0.39169922471
29354 2 0.391497969627
78693 2 0.389836788177
75740 2 0.389765620232
5654 5 0.38877800107
3306 3 0.388531565666
55467 2 0.388441175222
12051 3 0.387356638908
59516 4 0.384144574404
56566 4 0.383758693933
33207 6 0.383098244667
4935 2 0.38095676899
11594 2 0.380234122276
36183 3 0.380175352097
79593 5 0.3797955513
2754 2 0.378779679537
71747 2 0.3784288764
29832 5 0.378287702799
791 2 0.378222346306
73421 5 0.3764744699
37927 5 0.374983012676
32651 3 0.37481379509
50738 2 0.373507529497
7873 2 0.372994303703
56922 2 0.371730357409
4356 5 0.371366202831
33441 5 0.370661377907
13674 3 0.369847387075
57449 5 0.369689822197
89202 5 0.369066685438
78870 2 0.367980867624
73474 3 0.361789047718
25968 5 0.361448347569
30361 2 0.361311584711
39712 3 0.360124230385
91737 5 0.358777701855
83505 2 0.358146011829
71744 1 0.358107864857
14340 2 0.35738530755
38247 1 0.35484662652
29841 5 0.354509413242
4910 3 0.352548241615
38810 2 0.351027488708
67934 2 0.346876651049
4934 2 0.345907986164
8028 2 0.343828618526
11754 2 0.341153085232
69642 2 0.339103221893
49681 3 0.338643729687
33308 7 0.338064521551
3117 2 0.336179375648
44809 5 0.334719061852
82079 2 0.334590226412
60813 6 0.33359798789
18428 2 0.333259791136
22729 2 0.33252966404
32625 2 0.33067509532
5741 5 0.328048735857
2221 5 0.327779769897
91608 2 0.326710790396
91000 5 0.32488873601
58299 5 0.323196917772
68028 3 0.319714844227
87349 5 0.319002389908
59019 4 0.318867951632
24751 4 0.31794705987
54555 3 0.31637814641
41972 5 0.31621670723
72018 2 0.315029859543
8374 6 0.313655346632
28709 5 0.313493639231
68438 4 0.311508238316
72584 2 0.307781368494
26164 2 0.306616514921
85128 2 0.305902540684
8772 3 0.305441975594
56786 5 0.304099529982
39337 5 0.303864449263
18231 5 0.303439706564
58326 2 0.302244186401
28894 2 0.301927268505
45153 4 0.300987392664
80955 5 0.295695006847
88728 4 0.295450299978
46060 2 0.295214354992
196 2 0.288287699223
9510 6 0.287983715534
29267 5 0.287616789341
47867 6 0.286499589682
7336 3 0.284053146839
83813 5 0.283765792847
21348 5 0.283442825079
43175 2 0.282927393913
32261 2 0.28159865737
42038 6 0.280420869589
40762 2 0.279165565968
18753 5 0.277275025845
86952 5 0.27707991004
39378 5 0.273879468441
33209 5 0.27230912447
9814 2 0.269892513752
34039 5 0.267911195755
40599 2 0.267480105162
59770 2 0.267187714577
39383 5 0.262099385262
78932 5 0.259579628706
27116 6 0.259488940239
83582 4 0.258454293013
49362 5 0.256957769394
10176 2 0.256268650293
10181 5 0.250422507524
50352 5 0.248476818204
27117 6 0.248285219073
5944 5 0.245489120483
16175 3 0.245306104422
5629 5 0.241979882121
5591 5 0.234609916806
64293 4 0.233469307423
76765 4 0.232674360275
66695 5 0.198537558317
10369 5 0.183061212301
83964 5 0.166376680136
57737 5 0.145605579019
