634 1 0.99745374918
20917 1 0.992076158524
36052 1 0.991713643074
57243 1 0.991668581963
25872 1 0.991500377655
88783 1 0.989729166031
27028 1 0.989419341087
37761 1 0.989162683487
91210 1 0.987731635571
14082 4 0.987051010132
82299 1 0.986791968346
87308 1 0.986244738102
4331 1 0.986027598381
3160 1 0.985493898392
26497 1 0.985419690609
62894 1 0.984656393528
5356 1 0.984587192535
65238 1 0.984338700771
26715 1 0.984238564968
84797 1 0.983812689781
68642 1 0.983757317066
26790 1 0.983204901218
69181 1 0.98146790266
22177 4 0.981458604336
38955 1 0.981014966965
40502 1 0.980965852737
2364 1 0.98020863533
58500 1 0.979469776154
59721 1 0.978950381279
4265 1 0.978054821491
12463 1 0.977905094624
3706 1 0.976453661919
22257 1 0.976335823536
22247 1 0.97569000721
43256 1 0.975429296494
55668 1 0.974515259266
5384 1 0.974008142948
70760 1 0.973920941353
52262 4 0.973528862
78322 1 0.973404705524
325 1 0.973141610622
41233 1 0.972337424755
49161 1 0.972021102905
11801 4 0.971485376358
86133 1 0.971044778824
76245 1 0.970771431923
28634 1 0.969373822212
8680 1 0.968919336796
80608 1 0.968171536922
82160 4 0.967556655407
79467 1 0.967500865459
55134 1 0.967343330383
44020 1 0.966434836388
3527 1 0.966100931168
40156 1 0.966066658497
21197 1 0.965751826763
49832 1 0.965652942657
23701 1 0.965497374535
46201 1 0.964584887028
36888 1 0.96350890398
10153 1 0.963298201561
60763 4 0.963175237179
27691 1 0.962857842445
5661 1 0.962279081345
66282 1 0.961924314499
7243 1 0.961904525757
10038 1 0.961385786533
34090 1 0.96070420742
25772 1 0.960397779942
50546 4 0.959733903408
52350 1 0.959571778774
1958 1 0.959505259991
32660 1 0.957352519035
62098 4 0.957112431526
73947 1 0.95654720068
16049 1 0.955709457397
64040 1 0.955267488956
60907 1 0.954835832119
22239 1 0.954362332821
60218 1 0.953878104687
65433 4 0.953488111496
84730 1 0.952725946903
8692 1 0.952531993389
20501 1 0.952133655548
49084 1 0.949272274971
69665 1 0.948849976063
8518 4 0.948666274548
56049 1 0.94820857048
15614 1 0.948019146919
44997 1 0.946883440018
5475 1 0.946809053421
34665 4 0.946209490299
62181 4 0.945187389851
4679 1 0.945015192032
79503 4 0.944960713387
50190 1 0.944077908993
86818 1 0.944069802761
16301 1 0.944013953209
15916 1 0.943935632706
420 1 0.943261682987
8105 1 0.942602157593
64789 1 0.942219316959
60726 1 0.941847264767
18571 1 0.941087961197
84960 4 0.940963327885
53230 1 0.940631270409
841 1 0.940605938435
20697 1 0.939911007881
65577 4 0.939318597317
54305 1 0.9390655756
85153 1 0.937176525593
35197 1 0.936882734299
9676 1 0.936372280121
85006 4 0.934000730515
78189 4 0.933636069298
46007 1 0.93204754591
41789 1 0.9317060709
29398 4 0.931576490402
12810 1 0.930691659451
50965 1 0.930127203465
6357 1 0.930094599724
35410 1 0.929988026619
76866 4 0.92912530899
46745 1 0.928152084351
89667 1 0.928136408329
17501 1 0.927638471127
642 1 0.927372038364
12557 1 0.927236258984
34256 1 0.926941752434
91277 4 0.926853775978
60803 1 0.926610648632
90352 4 0.925432085991
1321 4 0.924996674061
55578 1 0.924530386925
88137 1 0.924236893654
72198 1 0.923681676388
35668 1 0.922586977482
57463 1 0.922093391418
59280 1 0.922066092491
44676 1 0.921969652176
46526 1 0.921432971954
18460 1 0.920711517334
32110 4 0.919980049133
60088 1 0.918802082539
55877 1 0.918335556984
89443 1 0.917648732662
30298 1 0.916551530361
29149 7 0.915950715542
1913 4 0.915911376476
10432 1 0.915745437145
269 1 0.915390789509
51074 4 0.914566338062
8715 4 0.914060950279
65390 7 0.91354483366
20713 1 0.912888884544
19747 1 0.911577224731
10306 4 0.910292744637
47717 4 0.908754050732
7750 1 0.907060921192
23150 1 0.906481683254
51754 1 0.906428337097
43041 1 0.90573823452
66711 1 0.905601620674
53396 1 0.905357420444
90607 1 0.904863417149
66591 1 0.903710901737
47024 1 0.90355694294
1610 4 0.903322041035
33326 4 0.903134346008
51192 4 0.902993261814
49018 1 0.90257191658
23399 1 0.902138233185
55623 4 0.901650846004
55913 1 0.90140080452
65431 4 0.901232600212
1244 4 0.900452852249
38938 1 0.899285316467
13538 1 0.899029493332
59841 1 0.897765219212
70388 4 0.897148549557
10397 4 0.896720826626
34458 7 0.895883977413
33696 1 0.895324230194
74246 4 0.894829809666
19227 1 0.894532680511
91609 1 0.894447207451
13624 1 0.893791258335
31204 1 0.89354377985
74254 4 0.892331182957
43077 1 0.891705572605
6049 1 0.889804601669
48117 4 0.888805985451
68555 4 0.887110471725
57306 1 0.886455833912
67140 1 0.886189043522
18914 1 0.885711669922
57650 7 0.884342908859
36939 1 0.884301424026
5558 1 0.883586645126
20045 4 0.883538305759
66772 4 0.883061587811
48162 1 0.882160425186
37173 4 0.881621837616
16647 4 0.881267786026
10162 1 0.88029396534
10307 4 0.879811346531
17333 1 0.879642546177
19330 1 0.878127038479
25828 4 0.878069400787
68717 1 0.877790093422
15832 4 0.877650201321
4841 1 0.876615941525
60106 1 0.87632393837
28799 1 0.875888109207
52353 1 0.875546991825
19175 4 0.87495881319
48689 1 0.874700725079
71006 1 0.874218583107
71726 1 0.873565614223
36405 4 0.873254239559
21635 4 0.873053073883
53930 1 0.870755791664
40540 1 0.869993984699
46690 4 0.869917631149
62182 4 0.869715631008
85896 1 0.86711704731
50090 1 0.866645693779
81825 1 0.866455435753
18652 1 0.865848720074
88938 1 0.865786850452
48372 4 0.864893198013
84620 1 0.864885210991
32044 1 0.86405724287
49274 1 0.863467216492
2155 1 0.862436890602
22721 1 0.86080634594
35032 4 0.859936356544
90510 1 0.8597651124
62056 1 0.859560370445
21924 1 0.859342992306
2067 1 0.85854691267
42594 1 0.858464062214
76606 1 0.858158290386
74243 4 0.857470154762
62578 1 0.85583126545
73632 1 0.855679988861
61802 1 0.855569660664
44730 1 0.855559289455
19082 4 0.854900956154
76572 1 0.85376316309
31906 4 0.852909088135
34260 1 0.852633237839
81131 4 0.852000713348
52821 7 0.851677119732
55884 1 0.851496815681
38227 1 0.848940432072
32622 4 0.848242461681
4526 4 0.848043084145
11462 1 0.846123099327
19745 1 0.846032679081
57739 1 0.845828711987
82521 1 0.844675540924
5697 1 0.843067646027
15471 4 0.842557668686
89337 4 0.842199385166
27041 1 0.841853260994
57651 1 0.841480433941
38092 1 0.841476976871
52211 1 0.841274499893
89266 1 0.840893924236
15302 1 0.837946414948
51218 1 0.836985707283
5248 1 0.836112260818
68660 1 0.835307478905
7699 1 0.834910154343
78824 1 0.834467232227
69911 4 0.833833754063
89074 4 0.833805680275
34116 4 0.833700597286
41055 1 0.833164930344
46779 1 0.8330540061
54 1 0.832852125168
66444 1 0.831982374191
11143 1 0.83194988966
10233 1 0.830944538116
62216 4 0.830672204494
19589 1 0.830046236515
63167 1 0.829145729542
62824 1 0.829116284847
59772 1 0.828702151775
42415 1 0.828199088573
76717 1 0.827232956886
38509 1 0.826322972775
11595 1 0.826157808304
24100 4 0.824753463268
48791 4 0.82464659214
78402 4 0.823839664459
63110 1 0.823049366474
49556 4 0.822854578495
50492 1 0.821199834347
4095 1 0.821069121361
55755 1 0.820390343666
90061 1 0.82011026144
61250 1 0.819340765476
12298 4 0.819094181061
55218 1 0.818980634212
52820 1 0.816816329956
43610 1 0.81595146656
33904 1 0.81434571743
88844 4 0.813814103603
71962 1 0.813736617565
2256 1 0.813410699368
66443 7 0.813133716583
432 1 0.812670052052
87910 4 0.812624037266
62787 1 0.812138855457
15533 1 0.811662852764
5398 4 0.811554253101
45933 4 0.8110486269
86336 1 0.810737669468
38120 1 0.80974560976
84936 1 0.809641540051
74068 1 0.807601630688
59029 1 0.806123793125
49044 4 0.806067705154
45577 1 0.805796384811
89191 4 0.804860889912
12234 4 0.804668068886
81757 7 0.804475605488
52507 4 0.803348839283
23356 1 0.80333840847
20459 1 0.802869081497
3821 4 0.802201390266
51784 1 0.801817715168
91230 1 0.801716387272
49076 1 0.801439404488
52508 4 0.799956142902
46747 1 0.799862265587
1420 4 0.799379825592
81742 4 0.797948718071
7628 4 0.79706633091
76861 1 0.797063946724
87338 1 0.796812593937
87612 1 0.796023488045
17774 1 0.794741868973
4930 1 0.794594109058
28049 4 0.793767929077
3226 1 0.793396651745
45773 4 0.793202280998
42812 4 0.790675461292
6572 4 0.790612637997
32859 1 0.790054500103
36616 1 0.790010631084
83506 1 0.789147257805
49616 1 0.788771152496
8162 1 0.788409888744
25204 4 0.788107514381
76784 1 0.787709593773
19655 1 0.786677360535
20283 4 0.786665022373
10956 1 0.786652207375
12190 4 0.786519706249
5523 1 0.785916209221
55507 4 0.78590208292
25672 1 0.78589373827
629 1 0.785719037056
67141 1 0.785194039345
89000 1 0.783792316914
40127 4 0.783021986485
51581 4 0.78293967247
40405 1 0.782322824001
28451 1 0.78116607666
50241 1 0.779252290726
9763 1 0.778518676758
35795 1 0.776415109634
10771 1 0.775388121605
12657 1 0.774268329144
54560 1 0.773110032082
6710 1 0.773097872734
75664 1 0.772601783276
5011 1 0.771091163158
4064 1 0.770848453045
55446 1 0.77074867487
65964 4 0.770570397377
83806 4 0.770375549793
10165 1 0.769624948502
20156 1 0.769338190556
69751 1 0.768489480019
16174 1 0.767874062061
20804 1 0.767683148384
31624 1 0.767321705818
89666 1 0.766115188599
60937 4 0.765134215355
45000 1 0.763315618038
47043 4 0.762158632278
28520 1 0.762088298798
68024 4 0.761939406395
51065 4 0.761050522327
22583 1 0.760999083519
61748 1 0.760793447495
68230 4 0.759974718094
20369 4 0.759697914124
87366 1 0.759543478489
33782 1 0.75909101963
41074 1 0.756448864937
66010 1 0.755872607231
16093 1 0.755670428276
1737 1 0.754667341709
35718 1 0.75394910574
38957 1 0.75354206562
48719 4 0.752669215202
9462 1 0.750460863113
89445 1 0.750423073769
29407 1 0.750363528728
58062 1 0.750352859497
70281 1 0.750039756298
37928 1 0.749712407589
68911 4 0.748445689678
36505 1 0.748138725758
50133 1 0.747017025948
39318 1 0.74636387825
51124 1 0.744878172874
44268 1 0.744538187981
43887 1 0.744363665581
21930 1 0.743461966515
48181 4 0.743023812771
31239 1 0.742735981941
77568 4 0.742615222931
88914 4 0.742386043072
2163 4 0.741069972515
54265 1 0.740890443325
83301 1 0.740831315517
5913 1 0.740353107452
73113 1 0.738617658615
86741 1 0.737532675266
42227 4 0.737460017204
19759 1 0.736889064312
73889 7 0.73635995388
37843 1 0.735212445259
4429 4 0.735139191151
78216 1 0.734757363796
22043 1 0.734003961086
7976 1 0.733532965183
3822 4 0.732934296131
11882 1 0.732295393944
62370 1 0.731961667538
62251 1 0.731278836727
5784 7 0.727857470512
1919 4 0.727688848972
12300 1 0.725823640823
52402 4 0.725252270699
48387 1 0.724981725216
47349 1 0.72473859787
6837 1 0.724736452103
74303 1 0.724321901798
10509 4 0.722841918468
61464 1 0.722653031349
88926 1 0.72177618742
33695 4 0.721722960472
89444 1 0.720144152641
69938 1 0.719793438911
3852 1 0.719296514988
50 4 0.718820929527
34601 1 0.718244314194
2204 1 0.717155516148
71952 1 0.716948628426
17886 1 0.716566264629
85928 1 0.716359913349
60122 1 0.716119945049
54468 1 0.71472376585
52357 1 0.714649736881
51875 1 0.714502871037
83955 4 0.714427411556
47569 4 0.714024305344
88735 4 0.71374642849
10439 1 0.713392078876
24163 1 0.713261425495
35938 1 0.711921989918
18219 1 0.711771726608
88115 1 0.711743593216
55481 1 0.71151047945
60483 1 0.709952831268
342 4 0.709748744965
50349 1 0.709736227989
50257 4 0.709716379642
64152 1 0.709355473518
83997 4 0.709291160107
45529 1 0.708727300167
5795 1 0.708297729492
17440 1 0.708022713661
48702 4 0.70750772953
69802 4 0.705754518509
18138 1 0.7044942379
1852 1 0.703944087029
51715 1 0.70349496603
37347 1 0.702522039413
87462 1 0.702251434326
63615 1 0.701365768909
74755 1 0.701197504997
47933 4 0.701008975506
66918 1 0.699231147766
18170 1 0.698180317879
76074 4 0.698067545891
46209 4 0.69756257534
51693 1 0.697193384171
33097 4 0.696489810944
33034 1 0.694389760494
7977 1 0.69427382946
23278 1 0.694241940975
82535 1 0.694122314453
64637 3 0.694059371948
1526 4 0.693836867809
61727 1 0.693374276161
59276 1 0.692836523056
37650 1 0.69270914793
50967 1 0.692356050014
52415 1 0.691743433475
6971 2 0.69116961956
20746 1 0.69071149826
38798 4 0.690029740334
86981 1 0.689932405949
75798 1 0.689769804478
68907 4 0.689340949059
66030 1 0.689224421978
5932 1 0.689177393913
44526 1 0.689034283161
43067 1 0.688347697258
82825 1 0.688272237778
12980 4 0.685336232185
58548 1 0.685115277767
28388 1 0.684137225151
2973 1 0.683951616287
47567 1 0.683945059776
68189 4 0.683830499649
85250 1 0.682938218117
58784 1 0.682214796543
40155 1 0.681659519672
43711 1 0.681236207485
77254 1 0.681122004986
91062 2 0.680997550488
82175 4 0.680792152882
67184 1 0.680631220341
45875 1 0.680419206619
4646 1 0.680130541325
69803 4 0.680120170116
66441 1 0.679826438427
7852 1 0.679758965969
87927 1 0.679707467556
23869 4 0.677505135536
74340 4 0.67733091116
67394 1 0.676887273788
72879 1 0.676625132561
45122 1 0.676129996777
30336 4 0.675899028778
18891 1 0.674500882626
5476 1 0.674490094185
40433 1 0.673579037189
34553 1 0.671560049057
1252 1 0.670112788677
9327 4 0.668924868107
2258 1 0.66886484623
28739 1 0.668517768383
50266 1 0.667812347412
8770 3 0.666265070438
66592 1 0.664642453194
46242 1 0.664405882359
39959 1 0.663527727127
78741 1 0.663176655769
64562 1 0.663152098656
51665 1 0.66159838438
32886 1 0.661456048489
23648 1 0.661357760429
89796 1 0.660764396191
18244 1 0.660405993462
32220 1 0.659980535507
46551 1 0.659541189671
13958 1 0.659264326096
21386 1 0.658949494362
30358 1 0.656059026718
900 1 0.655323565006
21659 1 0.655109643936
76475 1 0.654544830322
26386 1 0.654270768166
52583 1 0.653997123241
34156 1 0.653980672359
58781 4 0.65371119976
4297 1 0.653244495392
85643 1 0.653011977673
22255 1 0.652885437012
31427 4 0.652034521103
63145 1 0.651798069477
62593 1 0.651672184467
37166 1 0.651447474957
80969 1 0.651367843151
34429 1 0.649378538132
49876 1 0.648411095142
21956 1 0.648014485836
22196 1 0.647533237934
55876 7 0.64744836092
2356 1 0.647037267685
85249 7 0.646753668785
28616 1 0.645495831966
30194 1 0.644752085209
80093 1 0.644560515881
71725 1 0.64449685812
89731 1 0.643860757351
3856 4 0.6434263587
89585 3 0.643398225307
82586 1 0.642909944057
45334 1 0.642826616764
18976 1 0.642648041248
44361 1 0.642592966557
58158 4 0.641627311707
33385 1 0.641432225704
54712 4 0.640720307827
10166 1 0.640290617943
67504 3 0.639956891537
40390 4 0.63904941082
18109 7 0.638996183872
76196 4 0.638849198818
81104 1 0.638645648956
23149 7 0.638503432274
29687 4 0.638173758984
18237 1 0.637775361538
42978 4 0.637544631958
88658 1 0.63751667738
57661 1 0.637442708015
17180 4 0.637013435364
6552 4 0.636686325073
76958 4 0.636437296867
62554 1 0.636209309101
33331 1 0.636034965515
49997 1 0.635681450367
1996 1 0.634676098824
89681 1 0.634088039398
21937 1 0.63379150629
76946 1 0.633574068546
13026 1 0.633022964001
28666 1 0.632986962795
83807 1 0.632574558258
10511 4 0.631624281406
76497 1 0.630902469158
81508 1 0.630804002285
23999 1 0.630605280399
57882 3 0.630342245102
86025 1 0.630307614803
25820 4 0.629665434361
72953 1 0.629164159298
76743 1 0.628787457943
78314 1 0.628709554672
88656 7 0.627954661846
61917 1 0.627293348312
5914 1 0.627213537693
14156 1 0.626488804817
3231 1 0.626435816288
29194 1 0.62499499321
82922 4 0.624742746353
21801 1 0.624401450157
56133 1 0.624232888222
16004 2 0.623591721058
47618 1 0.623488068581
9371 4 0.62285733223
76844 1 0.622741341591
7935 1 0.622460603714
56386 4 0.622301697731
55463 7 0.621904432774
63153 1 0.621185660362
28462 1 0.62115240097
77992 1 0.620757102966
6706 1 0.620755434036
66956 1 0.619887113571
57308 1 0.619688987732
62379 4 0.618749082088
26137 4 0.618686676025
27250 4 0.61867171526
43464 4 0.617856383324
632 7 0.617334961891
79629 1 0.61682510376
72207 4 0.61672526598
91113 4 0.615058600903
39029 1 0.614672422409
29148 1 0.614215135574
54489 1 0.614012658596
41755 1 0.61326110363
38094 1 0.612531960011
62529 4 0.611810088158
30371 1 0.611756980419
3137 1 0.61108237505
42426 1 0.610473036766
39181 1 0.610253512859
54679 1 0.609963715076
5700 1 0.609820127487
17630 1 0.608288049698
1478 1 0.607480227947
69817 1 0.607394695282
60685 1 0.606930792332
61241 4 0.606865406036
28736 1 0.60626500845
23003 1 0.605907917023
78835 1 0.605529844761
59825 1 0.605352461338
65391 7 0.605084717274
6973 2 0.604694664478
90431 1 0.604502439499
1304 1 0.603715598583
11152 2 0.603241622448
59030 7 0.602590739727
8294 4 0.602162480354
57591 1 0.600854575634
16660 1 0.599958300591
16945 2 0.599269986153
67029 1 0.598404526711
25411 1 0.598361074924
20511 1 0.597998976707
50687 4 0.596983909607
89664 1 0.596843183041
44905 1 0.596440374851
47859 1 0.595961153507
6652 4 0.595645189285
21634 4 0.595600306988
23374 4 0.595548689365
371 1 0.595494151115
42532 1 0.59519213438
90374 1 0.59470140934
44993 2 0.593322634697
56888 1 0.593067348003
46568 1 0.593023896217
20747 1 0.592855632305
23001 4 0.592793405056
47616 1 0.592631876469
54586 1 0.591773092747
39921 1 0.590349674225
23176 1 0.59015840292
4173 4 0.589876353741
71321 4 0.589712440968
12766 1 0.589536130428
83491 3 0.589422047138
21548 1 0.589370727539
31175 4 0.589128613472
66567 1 0.588876843452
62786 1 0.588749945164
11656 1 0.588636755943
58419 7 0.588636338711
6453 1 0.588624417782
64218 1 0.588489353657
8586 1 0.587537407875
1671 1 0.586461186409
6243 1 0.586395025253
16461 4 0.585210442543
73337 1 0.584763526917
10036 1 0.584674715996
34791 1 0.584174692631
62213 1 0.584094822407
90633 1 0.584038674831
26960 1 0.583904445171
89177 1 0.583435714245
31152 4 0.583409011364
63949 1 0.583404541016
76887 1 0.583276927471
60906 7 0.582391142845
48908 1 0.581783890724
3138 1 0.5816578269
36731 1 0.581309258938
34552 7 0.580288529396
71394 1 0.58000087738
12450 1 0.579147696495
8779 3 0.578344702721
50485 1 0.577927291393
53921 1 0.577852845192
78215 1 0.577569007874
62046 1 0.577296435833
84822 1 0.577280700207
1778 1 0.576405525208
73338 1 0.576371967793
31568 1 0.575398981571
21139 1 0.575008630753
91627 1 0.574997484684
90399 4 0.574845194817
22219 1 0.574813604355
8762 2 0.574787318707
84800 1 0.5747641325
61749 1 0.574700772762
31081 1 0.574696838856
18998 1 0.574602901936
82915 4 0.574423193932
67112 4 0.574183166027
82634 1 0.573288977146
81153 1 0.573051214218
19645 1 0.572764396667
58146 1 0.571686387062
66779 1 0.571247935295
44998 7 0.57074290514
43169 1 0.569627761841
53841 4 0.569622516632
17091 2 0.569106817245
86815 1 0.567382991314
18858 4 0.567139983177
84875 1 0.565140902996
68156 4 0.564741015434
64638 1 0.563813149929
13027 1 0.562954485416
11123 3 0.562868595123
26387 7 0.562735438347
67849 4 0.562440872192
79427 1 0.561531722546
57307 7 0.560440003872
33107 1 0.560262024403
23589 1 0.560211837292
73431 4 0.560151457787
27072 1 0.559784948826
43779 4 0.559375524521
91035 4 0.558530390263
22250 1 0.558322787285
84568 1 0.558056175709
27488 4 0.557703971863
29821 1 0.557678818703
25807 1 0.557118117809
77209 1 0.556957364082
83344 1 0.556720972061
28457 1 0.555888772011
7545 1 0.555444896221
59442 2 0.555307507515
820 1 0.554722607136
64602 1 0.55434691906
53240 4 0.554344058037
42424 1 0.554170072079
21416 1 0.553589820862
89099 1 0.553576290607
64554 1 0.553312063217
71313 1 0.552721560001
77331 1 0.551726579666
43894 1 0.551174402237
56651 1 0.550492882729
68720 1 0.55048263073
3534 4 0.549892961979
49845 1 0.549861609936
17221 1 0.548756361008
27833 1 0.548393845558
84940 1 0.548370182514
58748 1 0.54815787077
78834 1 0.548001766205
84977 1 0.547846615314
63937 1 0.54779958725
37509 1 0.547483980656
67138 1 0.547288894653
56726 1 0.547183513641
43136 1 0.546736419201
6709 2 0.545584321022
41049 1 0.544981896877
38400 1 0.544909179211
45848 1 0.544516921043
29853 1 0.544499456882
81777 1 0.5442289114
10950 1 0.543647289276
437 1 0.54356867075
26133 1 0.543563902378
20509 1 0.543129265308
45121 1 0.542506992817
85472 1 0.542441308498
66150 1 0.542085528374
22638 1 0.542011797428
50791 1 0.540878593922
38382 1 0.540336251259
5275 1 0.539724647999
41217 1 0.539499282837
38380 1 0.539453327656
44713 4 0.538768470287
81114 1 0.538243830204
4109 1 0.537982940674
1180 1 0.537581145763
22229 1 0.537485122681
83901 4 0.537469625473
42531 1 0.53733342886
51022 1 0.536616384983
90137 1 0.536312520504
18045 1 0.536207735538
77 1 0.536020755768
57233 1 0.535761415958
32043 7 0.534781813622
41064 3 0.53477627039
70749 1 0.534761548042
26266 1 0.534248113632
83262 3 0.533519387245
34792 1 0.532057821751
59040 1 0.531959712505
10345 4 0.531649470329
4391 2 0.53063750267
42711 1 0.530307173729
4294 4 0.530087471008
4415 1 0.53002923727
23861 4 0.529687464237
27835 1 0.529039740562
40025 1 0.529032409191
34729 2 0.528421103954
17468 1 0.527729094028
3754 4 0.52752661705
27951 4 0.527386784554
59672 1 0.527167081833
19730 1 0.527082681656
49687 7 0.526507794857
44291 4 0.525426924229
84368 4 0.525314688683
35586 1 0.525070846081
3690 1 0.524710536003
20350 1 0.523804008961
25688 4 0.523794054985
45187 1 0.523264229298
52236 1 0.523007035255
85392 1 0.522984325886
19003 1 0.522849619389
12474 4 0.520837783813
25664 1 0.520541071892
19012 1 0.519963264465
37360 4 0.519655406475
78569 1 0.519473016262
5885 1 0.519423305988
54976 1 0.519411385059
70885 4 0.51925599575
32912 4 0.519241690636
3297 1 0.51855134964
28460 1 0.518177449703
30545 7 0.518173396587
32774 4 0.517812728882
78185 4 0.517154872417
60801 3 0.516270041466
49742 1 0.515965998173
37178 4 0.515509605408
25659 1 0.515182614326
10164 1 0.514594614506
43892 1 0.51430785656
44661 1 0.51355189085
88902 1 0.513204216957
33332 1 0.512744724751
10274 1 0.512732207775
35906 1 0.512679815292
54255 1 0.512123227119
42342 1 0.511672317982
40397 1 0.511554419994
75989 1 0.511436343193
83903 4 0.51124638319
29440 4 0.510859251022
61751 4 0.510841190815
38208 1 0.509806990623
47647 1 0.50923794508
69801 4 0.509098529816
11698 4 0.508478283882
4220 4 0.508037209511
9210 1 0.50781339407
5563 1 0.5075096488
19532 1 0.507315516472
83284 1 0.506517112255
59773 1 0.506069421768
50334 1 0.505561649799
5521 1 0.505314409733
52852 4 0.505314171314
41260 2 0.504456996918
41365 1 0.504004955292
25426 1 0.503955602646
23196 1 0.503661930561
56913 2 0.503305971622
25007 1 0.503285646439
11341 1 0.502994775772
4493 1 0.502833902836
26511 1 0.502705454826
66753 1 0.502612948418
3042 4 0.502454280853
22254 1 0.50218552351
3108 1 0.502055168152
62556 7 0.502002537251
89605 4 0.50160753727
13604 1 0.501153945923
8656 1 0.500991821289
20494 1 0.500840604305
46252 1 0.500789225101
47860 1 0.500644862652
37880 1 0.500320494175
45646 4 0.50026267767
33781 7 0.500140070915
62682 1 0.500095486641
8322 1 0.499925374985
6451 4 0.499570608139
7393 1 0.499375522137
61252 1 0.499127238989
28635 1 0.498807549477
21549 1 0.498599290848
55778 2 0.498248785734
80527 4 0.496775686741
84725 1 0.496582716703
2102 1 0.49545148015
9425 4 0.495091944933
61053 1 0.49411970377
18394 1 0.493059873581
16153 1 0.492399811745
16910 4 0.491628736258
21226 1 0.491475611925
49004 1 0.491268306971
17358 4 0.490878552198
50997 2 0.489861786366
34674 4 0.489619344473
55970 1 0.489601910114
29437 1 0.48583394289
88606 4 0.485692381859
79120 4 0.485050857067
24169 1 0.48488727212
42425 1 0.481305450201
76910 4 0.479700982571
2350 2 0.479296445847
46536 4 0.478515475988
41930 7 0.47766661644
65754 4 0.476441919804
27952 4 0.475755095482
57851 4 0.473843306303
67139 1 0.473118931055
55464 1 0.472759902477
76235 4 0.47171241045
30830 1 0.47133910656
1175 1 0.467915356159
78482 3 0.466656982899
62551 7 0.465464502573
2257 1 0.462101489305
59884 4 0.460788071156
65083 7 0.460650831461
10427 2 0.460639476776
46213 7 0.459663659334
13882 2 0.458245694637
10163 7 0.457617789507
32139 1 0.457418203354
61312 4 0.456664741039
1003 4 0.455694615841
68313 2 0.454543620348
30230 4 0.454045861959
69299 7 0.451791107655
80317 4 0.450975209475
64488 2 0.449602693319
67742 4 0.445853084326
17884 1 0.444959849119
76718 7 0.444904088974
13884 2 0.441259562969
82520 1 0.440684854984
82920 1 0.440273940563
80122 4 0.439785897732
11509 4 0.438851833344
33308 7 0.436812847853
12451 1 0.436217397451
1174 1 0.434073239565
67880 2 0.433203905821
40422 2 0.431724190712
48362 4 0.429676771164
56566 4 0.427312523127
49853 2 0.426802963018
1178 1 0.426367610693
2313 2 0.425939440727
3864 7 0.417867898941
49614 1 0.416276633739
61213 2 0.415257155895
60136 1 0.411658197641
12662 2 0.40966552496
59019 4 0.407433837652
44223 3 0.401113808155
1743 2 0.400543123484
70680 3 0.40042501688
78487 3 0.399354755878
728 2 0.398490965366
80988 2 0.397919654846
83988 3 0.397319346666
22198 2 0.395850002766
11269 2 0.384825795889
31709 2 0.383101224899
18241 7 0.382033020258
73509 1 0.381825953722
38093 1 0.380182564259
79384 7 0.380015224218
25345 2 0.379422903061
69300 7 0.377131134272
1596 4 0.375207036734
26143 2 0.373695224524
78878 2 0.37286350131
24751 4 0.372179597616
37167 2 0.37164247036
43116 1 0.371354818344
20745 2 0.3708101511
14342 2 0.367089122534
59516 4 0.367065101862
44809 5 0.366769194603
20435 2 0.365366905928
62552 1 0.365303814411
32651 4 0.364444732666
41628 4 0.36197412014
10238 2 0.360790342093
1328 7 0.359801828861
33309 1 0.358658522367
2754 2 0.357587903738
38247 1 0.357218533754
39582 3 0.357044994831
83582 4 0.354849994183
72574 5 0.352845728397
4416 2 0.350864589214
74793 2 0.349392205477
24757 4 0.348670750856
57726 4 0.346869409084
71744 1 0.345558673143
83775 5 0.343202590942
55695 2 0.341053187847
65353 2 0.334566652775
64098 2 0.33358874917
89232 5 0.332518577576
72584 5 0.326246440411
47211 2 0.325414657593
85306 7 0.323836117983
80096 1 0.321348130703
33441 5 0.316357493401
50738 2 0.315771311522
41956 2 0.315195649862
67255 4 0.312453657389
64293 4 0.309537529945
79593 5 0.308881014585
68488 7 0.307535022497
12705 2 0.305066257715
37284 5 0.299170166254
73434 2 0.295405685902
68583 5 0.293034434319
27668 6 0.292954146862
67918 3 0.290494352579
29832 5 0.289913117886
91112 4 0.288995683193
654 6 0.282944589853
73421 5 0.278017222881
60813 2 0.27411916852
88728 4 0.273292332888
27125 5 0.273229539394
33268 2 0.272482722998
51404 2 0.268314808607
44329 5 0.266847968102
67934 5 0.261814773083
91635 5 0.261498659849
56223 2 0.259372353554
5654 5 0.255169630051
4356 5 0.252674400806
24756 4 0.251145988703
58874 3 0.250303059816
76765 4 0.249513506889
3117 2 0.249253928661
80955 5 0.249247327447
22774 6 0.248339220881
58299 5 0.246682524681
29841 5 0.246314972639
77523 6 0.245722204447
82079 2 0.244558051229
73473 4 0.238606289029
33207 6 0.233042731881
51621 3 0.232173293829
4355 2 0.231011152267
10181 5 0.227094128728
83505 5 0.225327119231
57449 5 0.220114648342
18753 5 0.213079318404
9814 2 0.196855604649
9510 5 0.183009490371
39378 5 0.181662902236
83964 4 0.180535629392
28709 5 0.172165900469
5591 5 0.164079532027
66695 5 0.148880332708
