82879 1 0.99996817112
91210 1 0.999876737595
634 1 0.999704539776
84 1 0.9996509552
87308 1 0.999592244625
57243 1 0.999447524548
5139 1 0.999322891235
65238 1 0.999319791794
88117 1 0.999278128147
5356 1 0.999074697495
27028 1 0.99895966053
8503 1 0.998944938183
20917 1 0.998933017254
10153 1 0.998929321766
16049 1 0.99860483408
80635 1 0.998526096344
58500 1 0.998482644558
8745 1 0.998396098614
3160 1 0.998374223709
78322 1 0.998093903065
59721 1 0.998036801815
76572 1 0.997998416424
25872 1 0.99764996767
82299 1 0.99685883522
88783 1 0.996738374233
79094 1 0.99672216177
53177 1 0.996345460415
56888 1 0.996225476265
66711 1 0.995665252209
49991 1 0.995637118816
14364 1 0.995629072189
62894 1 0.995444059372
16762 1 0.995065271854
5558 1 0.994511246681
84797 1 0.994500398636
79 1 0.994104921818
58385 1 0.993952333927
36052 1 0.993613064289
10038 1 0.993402540684
80608 1 0.992911159992
48575 1 0.992867827415
64190 1 0.992438614368
5384 1 0.991910159588
39926 1 0.991778552532
5275 1 0.991595208645
26790 1 0.991475820541
46565 1 0.99115717411
5661 1 0.991064429283
35410 1 0.990663528442
76717 1 0.99026954174
22247 1 0.989819824696
64600 1 0.989150464535
23701 1 0.988792955875
49832 1 0.988273739815
43256 1 0.988186538219
54976 1 0.987173199654
46201 1 0.98638176918
4331 1 0.986321508884
14082 4 0.986037194729
17387 1 0.98572832346
37166 1 0.985606491566
22239 1 0.98537838459
3706 1 0.985161066055
22257 1 0.985097289085
89443 1 0.985091984272
25772 1 0.984477162361
22177 4 0.983767747879
4265 1 0.983653843403
88938 1 0.983523666859
56049 1 0.983418047428
49524 1 0.982979357243
50190 1 0.982753038406
8692 1 0.982735872269
65094 1 0.982141137123
15302 1 0.982093214989
2155 1 0.982073426247
7798 1 0.981944680214
50546 4 0.981897890568
60763 4 0.981892049313
55134 1 0.981227517128
84730 1 0.981201767921
37761 1 0.981057167053
31939 1 0.980552971363
60907 1 0.98031437397
66282 1 0.979883134365
55877 1 0.979408204556
11801 4 0.979026019573
44361 1 0.978304028511
44020 1 0.977690160275
43071 1 0.976870954037
5475 1 0.976858019829
28634 1 0.976786375046
50965 1 0.975772380829
32913 1 0.975622236729
66592 1 0.975511729717
69181 1 0.97532337904
52262 4 0.974736630917
7243 1 0.973444581032
73947 1 0.972615599632
13538 1 0.972407460213
27099 1 0.972057819366
66710 1 0.971882879734
47024 1 0.971799254417
325 1 0.971185863018
67140 1 0.971046328545
19747 1 0.970873355865
22761 1 0.970712959766
10397 4 0.970704197884
841 1 0.970338582993
642 1 0.970115959644
7797 1 0.970106482506
52350 1 0.969897091389
17501 1 0.969532012939
1102 1 0.969500720501
1958 1 0.968702495098
40156 1 0.968482613564
59029 1 0.968145608902
87307 1 0.967878997326
26715 1 0.967821598053
60726 1 0.967676520348
21852 1 0.967492759228
16055 1 0.967097640038
68642 1 0.966861486435
16050 1 0.965858519077
44676 1 0.965354561806
72198 1 0.965248703957
65577 4 0.964195311069
51074 4 0.963942468166
6672 1 0.963940799236
49274 1 0.963614702225
78009 1 0.963451325893
1043 1 0.963068187237
56360 1 0.962349832058
10162 1 0.962000727654
269 1 0.961346328259
90633 1 0.960605323315
8680 1 0.959964752197
69751 1 0.959672987461
31081 1 0.959425806999
31578 1 0.959163725376
62098 4 0.959032595158
71006 1 0.958802461624
5074 1 0.958586752415
19589 1 0.958397507668
49084 1 0.958308279514
69938 1 0.957956790924
19330 1 0.957794427872
2364 1 0.957443296909
55623 4 0.957221627235
7699 1 0.95647162199
19227 1 0.956061422825
30298 1 0.955865859985
51148 1 0.955840349197
21924 1 0.955425918102
26497 1 0.95514190197
86133 1 0.955040216446
35197 1 0.954861342907
84960 4 0.954787373543
20746 1 0.954609692097
6357 1 0.954495429993
32660 1 0.952882647514
85006 4 0.952831685543
62181 4 0.952824413776
3527 1 0.952460825443
17708 1 0.951915740967
77361 1 0.951552391052
60088 1 0.951551437378
69665 1 0.951519787312
87612 1 0.951133668423
52583 1 0.951130449772
76635 1 0.951051831245
5697 1 0.949931442738
66567 1 0.949360489845
1913 4 0.949204921722
53230 1 0.94906014204
56890 1 0.948916435242
16433 1 0.94844853878
4679 1 0.94807857275
54305 1 0.947717130184
20697 1 0.947562396526
6096 1 0.947414278984
22196 1 0.945014357567
89667 1 0.944734573364
40502 1 0.94442397356
78189 4 0.944329917431
29398 4 0.944297254086
82160 4 0.944212734699
36888 1 0.943890750408
59841 1 0.943816363811
8518 4 0.94363707304
20497 1 0.942621767521
90352 4 0.942590653896
79503 4 0.942100584507
5554 1 0.94201028347
48117 4 0.94178456068
39712 1 0.941529631615
60803 1 0.940541625023
47717 4 0.940073311329
83931 1 0.939436197281
85317 1 0.939378857613
46526 1 0.938521325588
55668 1 0.938399851322
31204 1 0.937778234482
5556 1 0.937277436256
61727 1 0.937189698219
19759 1 0.936926066875
13611 1 0.935744702816
16647 4 0.935708940029
91277 4 0.935645878315
22043 1 0.935575783253
12657 1 0.931712388992
79467 1 0.931421637535
51192 4 0.931211650372
62824 1 0.931065320969
9763 1 0.930237352848
1321 4 0.929938435555
76866 4 0.929339945316
12463 1 0.929203152657
49161 1 0.929076552391
38092 1 0.928843855858
10306 4 0.928183913231
66010 1 0.927305221558
50090 1 0.926703572273
21184 1 0.926595687866
798 1 0.925235927105
23399 1 0.925016760826
57739 1 0.923375725746
34665 4 0.923164784908
4841 1 0.923038482666
64040 1 0.922302305698
51581 4 0.921416282654
2356 1 0.921180546284
89177 1 0.920663714409
90061 1 0.920330047607
84936 1 0.920015573502
74068 1 0.919643580914
64638 1 0.917675673962
20283 4 0.917429387569
91209 1 0.917110979557
55755 1 0.916929364204
29148 1 0.914366066456
32110 4 0.914194524288
13604 1 0.913730323315
17774 1 0.913723766804
64010 1 0.913071811199
24135 1 0.913007795811
10307 4 0.910620510578
49616 1 0.910407066345
10164 1 0.909506440163
49018 1 0.908758699894
708 1 0.907142877579
85928 1 0.905356645584
20206 1 0.904614150524
76575 1 0.904180586338
19000 1 0.903557896614
1737 1 0.903193295002
30179 1 0.903125703335
42812 4 0.903050363064
82890 1 0.902959525585
7539 1 0.902512967587
35795 1 0.901849985123
55913 1 0.901729881763
38227 1 0.901611149311
3226 1 0.900545179844
46568 1 0.900538980961
21197 1 0.899589955807
38120 1 0.898999869823
21956 1 0.898979604244
17333 1 0.898735463619
793 1 0.898161947727
83506 1 0.897183835506
87109 1 0.89699703455
7750 1 0.896671950817
70760 1 0.896331012249
19655 1 0.896139442921
63167 1 0.896007657051
50241 1 0.895058095455
48372 4 0.894907593727
46007 1 0.89465200901
27691 1 0.89429551363
83426 1 0.892588913441
48719 4 0.892504870892
31906 4 0.892152547836
12810 1 0.891636013985
77349 1 0.891299724579
43041 1 0.890134394169
79092 1 0.88976931572
45875 1 0.889753818512
1959 1 0.888805568218
60818 1 0.888502299786
62216 4 0.886269748211
46747 1 0.886049330235
85153 1 0.884983301163
52211 1 0.88425463438
46745 1 0.884016633034
88137 1 0.883452892303
69316 1 0.882689714432
10511 4 0.881638407707
66444 1 0.880721330643
32622 4 0.880601882935
74254 4 0.879926502705
57306 1 0.8798173666
59280 1 0.879289448261
49076 1 0.87866795063
38955 1 0.878538608551
46690 4 0.878448724747
5476 1 0.878346443176
68717 1 0.877999126911
10166 1 0.87630712986
91627 1 0.875871896744
20501 1 0.875721931458
33696 1 0.874245345592
36939 1 0.874013602734
61250 1 0.873642504215
5913 1 0.873591184616
55481 1 0.873000562191
37843 1 0.872390151024
5523 1 0.871840775013
11462 1 0.87151825428
89444 1 0.87009614706
54278 2 0.869822919369
34090 1 0.86930835247
20804 1 0.86860615015
72276 1 0.867932915688
15614 1 0.86681163311
47714 1 0.865921080112
35668 1 0.865821361542
27578 1 0.865053772926
20045 4 0.864954829216
71962 1 0.864764809608
420 1 0.864310264587
43067 1 0.864083468914
68024 4 0.863438248634
24100 4 0.863055765629
67684 1 0.862770855427
74246 4 0.86255979538
65433 4 0.861419677734
27405 1 0.861374378204
42594 1 0.860428750515
87366 1 0.860406577587
1852 1 0.860366940498
10509 4 0.859972596169
48791 4 0.859901368618
137 1 0.859880149364
42415 1 0.859627246857
55507 4 0.859161436558
45577 1 0.857301175594
11143 1 0.857299149036
16301 1 0.856243491173
52820 1 0.854798436165
46838 1 0.8544678092
25828 4 0.852995157242
28799 1 0.852208197117
6971 2 0.851087033749
48181 4 0.850594043732
42531 1 0.849155366421
41391 1 0.848959624767
87338 1 0.848621368408
20747 1 0.847154080868
44615 1 0.847109258175
75966 1 0.847013115883
62056 1 0.846727490425
629 1 0.846343755722
53465 1 0.846309244633
19175 4 0.844949662685
38247 1 0.844517230988
432 1 0.844106674194
85923 1 0.843109250069
88115 1 0.842464625835
5700 1 0.84164917469
15832 4 0.841544926167
54020 1 0.841212809086
4930 1 0.841172099113
87910 4 0.840876221657
55578 1 0.840370118618
72440 1 0.840343356133
73337 1 0.839468300343
6837 1 0.83927667141
57651 1 0.839246451855
53930 1 0.838707149029
47349 1 0.838318228722
25204 4 0.838150560856
50349 1 0.837626218796
5138 1 0.837514638901
8944 1 0.836814045906
12300 1 0.836508452892
39710 1 0.835854589939
44532 1 0.835039258003
55446 1 0.83484262228
5398 4 0.834746062756
82885 1 0.834334373474
1420 4 0.834225773811
18652 1 0.83401632309
70388 4 0.833971917629
47410 1 0.833785116673
9676 1 0.832994520664
28388 1 0.832629144192
30927 1 0.830851137638
56913 2 0.828868150711
89191 4 0.827996432781
43610 1 0.827862083912
899 1 0.827482163906
54398 1 0.827360808849
74243 4 0.827134668827
20713 1 0.825845956802
30371 1 0.825753033161
18460 1 0.825523734093
73338 1 0.82551753521
27944 1 0.825432121754
51784 1 0.82405102253
78498 1 0.823873460293
32859 1 0.82330518961
76940 1 0.82312309742
91099 1 0.82133513689
8715 4 0.821123301983
3409 1 0.821053206921
48702 4 0.820642530918
21659 1 0.820324242115
20369 4 0.819182872772
14021 2 0.819167673588
437 1 0.81880313158
83997 4 0.818539559841
51693 1 0.816741406918
52353 1 0.816733300686
83934 1 0.816204190254
91609 1 0.815160036087
4159 1 0.814680814743
34411 1 0.814287483692
32455 1 0.813093006611
42426 1 0.812731802464
13027 1 0.812035560608
25784 1 0.811002910137
58784 1 0.810938715935
54122 1 0.808812618256
7307 1 0.806807100773
28049 4 0.806083977222
41055 1 0.806012034416
32044 1 0.804597318172
26960 1 0.804492175579
1244 4 0.804257631302
23773 1 0.804007172585
91230 1 0.803396880627
35938 1 0.802750647068
86818 1 0.801409780979
11656 1 0.800519585609
13026 1 0.800140202045
11032 1 0.797428965569
34792 1 0.797113955021
41390 1 0.796863794327
62182 4 0.796799838543
44268 1 0.796771645546
82521 1 0.796450614929
78569 1 0.796158432961
58388 1 0.796138882637
26266 1 0.795489609241
1610 4 0.795116603374
8211 1 0.794639587402
58062 1 0.794527113438
33904 1 0.794293165207
39029 1 0.793896734715
23150 1 0.792823195457
37928 1 0.791690528393
5134 1 0.791464567184
12190 4 0.79129755497
67141 1 0.790643692017
83806 4 0.790376067162
1185 1 0.789617061615
67394 1 0.789480090141
72811 1 0.789381623268
33326 4 0.789201378822
33695 4 0.787589907646
74303 1 0.787256002426
8325 1 0.786915540695
10432 1 0.786099255085
50485 1 0.785769045353
15309 1 0.785429954529
83301 1 0.785330593586
76861 1 0.78405714035
4526 4 0.783437311649
68555 4 0.782608270645
45121 1 0.781877577305
72810 1 0.780877292156
36405 4 0.780799329281
39181 1 0.780538499355
90607 1 0.779879331589
5687 1 0.779352366924
41789 1 0.778769314289
16687 1 0.778383433819
2973 1 0.776392221451
40980 1 0.7760810256
50257 4 0.77476888895
44620 1 0.774729549885
31288 1 0.774265050888
91062 2 0.774180114269
40127 4 0.773846387863
7537 1 0.772357344627
8762 2 0.772349178791
31175 4 0.772249758244
66772 4 0.772079467773
60937 4 0.771967947483
55218 1 0.771107316017
1778 1 0.771031081676
14156 1 0.77026540041
59672 1 0.767876088619
24163 1 0.767782151699
10439 1 0.767746150494
62434 1 0.767641186714
23001 4 0.766666412354
6706 1 0.766575574875
34116 4 0.766028702259
28460 1 0.76567530632
66591 1 0.764756798744
10233 1 0.764697313309
88844 4 0.764010548592
66441 1 0.763662576675
39511 1 0.763630092144
31624 1 0.763098180294
32886 1 0.762419223785
84030 1 0.760800421238
41233 1 0.760462701321
8162 1 0.76011967659
22762 1 0.759509205818
68660 1 0.758734762669
18219 1 0.756317257881
46779 1 0.755722463131
54489 1 0.755585193634
75798 1 0.755129158497
67478 1 0.754865348339
3090 1 0.753976941109
86336 1 0.753968715668
1960 1 0.753816843033
7051 1 0.753737390041
2694 1 0.753535628319
72953 1 0.752460896969
18976 1 0.752352058887
19399 2 0.751936078072
46567 1 0.751758992672
38382 1 0.751413762569
57661 1 0.750574469566
18998 1 0.750569999218
76858 1 0.749785482883
21183 1 0.748545944691
48689 1 0.747185409069
23356 1 0.746219992638
62251 1 0.745454549789
45933 4 0.744904518127
51875 1 0.744866549969
69817 1 0.744836449623
45773 4 0.744022071362
73170 1 0.743629574776
12234 4 0.743438720703
28650 1 0.743079543114
76497 1 0.742700338364
55884 1 0.742003083229
67089 1 0.741857111454
80969 1 0.741765737534
5011 1 0.741705179214
2480 1 0.741622030735
31059 1 0.741060853004
54445 1 0.73912525177
1174 1 0.738644003868
820 1 0.738176763058
33943 1 0.73737102747
77164 1 0.737088024616
91493 1 0.736419916153
26386 1 0.736043453217
77805 1 0.734823465347
58748 1 0.734555542469
50496 1 0.732230186462
23999 1 0.731766164303
56363 1 0.731541633606
77158 1 0.731157004833
37650 1 0.730658233166
35032 4 0.730471551418
70185 2 0.730438292027
58789 1 0.729991078377
68911 4 0.728570759296
83932 1 0.728448629379
18571 1 0.72820597887
52508 4 0.727737009525
78014 1 0.727306008339
62554 1 0.727232575417
16945 2 0.725287377834
1919 4 0.724431395531
81508 1 0.723896622658
40390 4 0.722572028637
70995 1 0.72011911869
23861 4 0.717311859131
59004 1 0.717172563076
9513 1 0.714965343475
65390 7 0.71443104744
86741 1 0.71423625946
38938 1 0.712693035603
64789 1 0.712596058846
76638 1 0.712404072285
29853 1 0.712179422379
74521 1 0.711757957935
36616 1 0.711288511753
25672 1 0.711226344109
88902 1 0.710092544556
15916 1 0.709949016571
11152 2 0.709350466728
51507 4 0.705653548241
72207 4 0.705413520336
9041 1 0.704746127129
16315 1 0.703724145889
12093 1 0.702216744423
52507 4 0.698485672474
45334 1 0.696902513504
29687 4 0.696811079979
3751 1 0.696373343468
68313 2 0.696327567101
85896 1 0.696174740791
16004 2 0.694731771946
17091 2 0.694622814655
16051 1 0.693992912769
66956 1 0.692599892616
17386 1 0.692531883717
1042 1 0.692514121532
89337 4 0.691317021847
58758 1 0.690196692944
1671 1 0.689168512821
12450 1 0.68736487627
44993 2 0.685626089573
26156 2 0.685487210751
57463 1 0.684800326824
49556 4 0.684800028801
83491 3 0.682913839817
34458 7 0.681924819946
64186 1 0.680884718895
54586 1 0.679689228535
24855 1 0.679214417934
13624 1 0.678989827633
33782 1 0.677764952183
39927 1 0.677427709103
5795 1 0.676172018051
43779 4 0.675870418549
15471 4 0.67517387867
3822 4 0.674977958202
35739 1 0.674390733242
11595 1 0.67438107729
82586 1 0.674127459526
19745 1 0.674019098282
41260 2 0.673690676689
43464 4 0.673220455647
81131 4 0.673157513142
11123 3 0.672919154167
10527 4 0.672349989414
33716 1 0.672092199326
89074 4 0.671824276447
51065 4 0.671404898167
54560 1 0.671284556389
77992 1 0.671166837215
42425 1 0.671003878117
38509 1 0.670729637146
78402 4 0.670611143112
6572 4 0.670253753662
56353 1 0.668861091137
77156 1 0.668129146099
12543 1 0.668034911156
37173 4 0.668002307415
33385 1 0.667794764042
67880 2 0.667010486126
10304 4 0.666917085648
76958 4 0.666570544243
71952 1 0.666557490826
68907 4 0.666399240494
73632 1 0.666002571583
8770 3 0.665400505066
82856 2 0.662913560867
57760 1 0.662661969662
2258 1 0.662594258785
34553 1 0.662485718727
40540 1 0.661867320538
33097 4 0.661778330803
82750 4 0.661776125431
7935 1 0.659912705421
90018 1 0.65952450037
61241 4 0.656926810741
27104 1 0.655960738659
84062 1 0.655571222305
46024 1 0.655193507671
1175 1 0.654849648476
55970 1 0.654227554798
67138 1 0.653635501862
10427 2 0.653503656387
17706 1 0.653343856335
48908 1 0.653034806252
88926 1 0.652082920074
51218 1 0.651685893536
38094 1 0.650407671928
82887 1 0.650152444839
22583 1 0.649932682514
29149 1 0.649603426456
8105 1 0.649161994457
62578 1 0.649126708508
91626 10 0.648226499557
30308 1 0.646688580513
2350 2 0.646267354488
68520 1 0.645912766457
86982 1 0.645595490932
146 1 0.64558506012
2776 1 0.645521402359
89 1 0.644655108452
12980 4 0.643631577492
44730 1 0.642925083637
65964 4 0.642886221409
54051 1 0.642580509186
81473 4 0.642030596733
2706 1 0.639927685261
41295 1 0.639827907085
59442 2 0.638939499855
47211 2 0.638870716095
49525 1 0.63868778944
8746 1 0.637736976147
3821 4 0.636794984341
22186 1 0.635474920273
77646 1 0.635282576084
21901 1 0.635164737701
79138 4 0.634483575821
18768 1 0.634409606457
56328 1 0.634246706963
3690 1 0.634180188179
82078 1 0.632787585258
4429 4 0.632391870022
16058 1 0.631427705288
34156 1 0.631228387356
65431 4 0.630950331688
20413 1 0.630240738392
650 2 0.629975795746
13122 4 0.629645466805
61802 1 0.629471302032
26145 1 0.629455804825
76887 1 0.628578126431
64601 1 0.627448499203
62575 1 0.624131560326
86805 1 0.623248696327
2163 4 0.622760176659
67849 4 0.622592628002
1499 1 0.62212908268
9462 1 0.620664179325
50967 1 0.620000422001
66775 1 0.619991838932
63952 1 0.619776785374
2802 2 0.617995262146
49044 4 0.617267727852
66030 1 0.617101967335
62601 1 0.615654587746
40916 1 0.615103423595
4391 2 0.614307582378
63015 1 0.614221274853
58395 1 0.613826453686
18170 1 0.613539338112
69393 1 0.612978518009
52415 1 0.612968325615
4599 1 0.612966775894
77155 1 0.612581551075
44997 1 0.611560463905
628 1 0.611342608929
6973 2 0.611017048359
88658 1 0.610571265221
6838 1 0.609936833382
76606 1 0.609906375408
55778 2 0.609319269657
66779 1 0.609266161919
62289 1 0.60883384943
28520 1 0.608544588089
65526 1 0.607849538326
28560 1 0.607662081718
74340 4 0.606922090054
20435 2 0.606489777565
71726 1 0.604417204857
50306 1 0.603877305984
85306 1 0.602849245071
16174 1 0.602224171162
56230 1 0.602181315422
5586 1 0.601789414883
12049 1 0.601438581944
13884 2 0.600952625275
81825 1 0.600283503532
36476 1 0.599062085152
69911 4 0.598932147026
17468 1 0.597944736481
17180 4 0.596305847168
18755 1 0.595912694931
56386 4 0.594794154167
3155 1 0.594779670238
89585 3 0.59474593401
11269 2 0.594341397285
72523 1 0.593463778496
29354 2 0.592357695103
15326 1 0.59222227335
45169 2 0.591671228409
12106 1 0.591133594513
12705 2 0.591038107872
12353 1 0.590468108654
63110 1 0.590044438839
4297 1 0.589564442635
84875 1 0.589165568352
728 2 0.588859915733
81742 4 0.588277041912
34729 2 0.587899029255
21074 1 0.58750975132
77331 1 0.587322354317
28217 1 0.585846781731
65992 1 0.585691094398
57233 1 0.585502743721
4913 1 0.585144579411
648 1 0.583876490593
83955 4 0.582282066345
31291 1 0.581903517246
87119 1 0.581595301628
57650 7 0.581570744514
1736 1 0.581555247307
58781 4 0.5815102458
25168 4 0.581178843975
64637 3 0.581176042557
42022 1 0.58095574379
60106 1 0.580374360085
54712 4 0.577825367451
44608 1 0.57761579752
82559 1 0.577154994011
64152 1 0.577090144157
77 1 0.57661908865
42227 4 0.576605141163
5054 1 0.576566934586
3856 4 0.576406121254
41718 1 0.575744330883
45529 1 0.575270235538
33034 1 0.574682176113
27184 1 0.573895096779
40031 2 0.573463618755
73490 1 0.572941064835
9983 2 0.572745859623
4095 1 0.572543859482
5353 1 0.57248967886
10345 4 0.572091162205
9430 1 0.571972668171
77254 1 0.570688664913
22198 2 0.570614099503
43116 1 0.570238471031
9510 6 0.569943606853
13732 1 0.56901705265
1014 1 0.568462729454
2256 1 0.568229556084
90383 1 0.568061292171
79626 1 0.56739294529
76490 1 0.567182123661
40405 1 0.566911697388
76196 4 0.566904067993
85954 1 0.566402614117
45000 1 0.566281139851
20711 1 0.565647959709
10036 1 0.565284967422
43169 1 0.564988493919
18202 2 0.564631700516
53178 1 0.564506649971
89796 1 0.564478993416
78119 1 0.56370061636
74755 1 0.562724649906
85250 1 0.560758948326
64546 1 0.559954047203
28462 1 0.559864223003
80122 4 0.558679938316
5191 4 0.558594703674
34996 1 0.558265388012
4520 1 0.556668162346
65095 1 0.556492328644
44713 4 0.555729687214
20800 1 0.554672241211
32139 1 0.554239392281
75700 1 0.553640782833
54468 1 0.552379310131
20474 1 0.55209082365
47569 4 0.551802754402
49997 1 0.551303565502
46563 1 0.550597965717
68182 1 0.550274312496
6709 2 0.549751520157
83344 1 0.549378812313
49876 1 0.548418343067
77523 6 0.547702789307
17853 1 0.547365486622
23869 4 0.54709392786
29821 1 0.546997129917
6816 1 0.546610236168
38374 1 0.546208679676
50833 2 0.543902695179
80630 1 0.543854832649
34429 1 0.543746769428
18138 1 0.543463051319
6552 4 0.542459309101
16056 1 0.541908860207
12451 1 0.540083885193
654 6 0.537497580051
21862 2 0.537378668785
2253 1 0.536655783653
5248 1 0.535659611225
37167 2 0.53474509716
7977 1 0.534509718418
79996 1 0.534359753132
63153 1 0.533779859543
34256 1 0.533422887325
62593 1 0.532199800014
32807 1 0.531591713428
52402 4 0.531466841698
36540 1 0.531246185303
84620 1 0.530607104301
86981 1 0.530205786228
33309 1 0.530197799206
91113 4 0.530130445957
28616 1 0.529522359371
67029 1 0.529181182384
51404 6 0.528704285622
13230 1 0.527772903442
10137 10 0.527505934238
70281 1 0.527274847031
17886 1 0.526809871197
56922 2 0.526613116264
6578 4 0.526267528534
32666 1 0.526063919067
42424 1 0.525804400444
23278 1 0.52475464344
480 1 0.524176001549
1374 2 0.523883938789
19336 1 0.523645997047
41721 1 0.523456633091
57882 3 0.522577106953
6758 1 0.521508216858
73095 1 0.521217405796
5231 1 0.520070254803
27041 1 0.519256234169
46994 1 0.518613696098
23507 4 0.518573105335
64013 1 0.518468677998
44383 1 0.516866564751
5932 1 0.516222953796
59767 2 0.514970362186
1526 4 0.513010144234
33442 1 0.512995779514
23945 2 0.512311995029
40433 1 0.51181012392
89099 1 0.511807024479
12557 1 0.511649787426
5749 1 0.510804951191
39382 4 0.510606765747
25101 1 0.510013759136
1304 1 0.509785890579
58487 1 0.50955927372
78878 2 0.509155929089
14342 2 0.509076356888
3366 4 0.508475959301
4646 1 0.507981240749
20156 1 0.507962465286
66150 1 0.507945239544
87927 1 0.507431924343
342 4 0.507334887981
82922 4 0.507161974907
83901 4 0.506827771664
26143 2 0.505931794643
27125 5 0.50565880537
22774 6 0.50526624918
89731 1 0.503819584846
6539 1 0.503513991833
64289 1 0.502707123756
62682 1 0.502657532692
5897 2 0.501953244209
40819 1 0.501746237278
17473 1 0.501417934895
60479 1 0.50131881237
58548 1 0.501012325287
61917 1 0.500263810158
12704 2 0.499575674534
47834 1 0.499293208122
88914 4 0.497880548239
17284 4 0.497459858656
30471 1 0.49532520771
12476 4 0.494395494461
43080 10 0.49401140213
41802 1 0.494010299444
64602 1 0.493851214647
16461 4 0.49316573143
2100 2 0.490403860807
476 2 0.490291714668
33107 1 0.489956796169
37927 5 0.489938259125
83984 2 0.489555388689
6787 2 0.488970577717
56223 6 0.488703250885
791 1 0.488064795732
48362 4 0.48721191287
20745 2 0.487125784159
1419 4 0.485807597637
23374 4 0.483674615622
31709 2 0.481946855783
46686 1 0.479948818684
69937 1 0.478814721107
52421 1 0.478784382343
3786 1 0.478752911091
41956 2 0.478328943253
86721 4 0.477776616812
27250 4 0.476797431707
27668 6 0.476455837488
8229 2 0.476422548294
30336 4 0.47547608614
39924 1 0.474904745817
31427 4 0.474778294563
21851 1 0.474176704884
3754 4 0.471109509468
17949 2 0.471023797989
1743 2 0.468030959368
4355 2 0.466057658195
64020 2 0.465752512217
40227 3 0.46555647254
89055 4 0.464895874262
61163 2 0.464741438627
59516 4 0.462434560061
73431 4 0.459405481815
83505 5 0.458713918924
74793 2 0.458169162273
38798 4 0.454269647598
48720 4 0.453388035297
47933 4 0.453244775534
33207 6 0.452429145575
2313 2 0.451560944319
10238 2 0.450262397528
29481 2 0.44931486249
72574 5 0.449009537697
2243 1 0.448118031025
74777 3 0.444545567036
78482 3 0.435504168272
60801 3 0.434656858444
66491 4 0.4316650033
8779 3 0.430309832096
2754 2 0.426774680614
64488 2 0.424954593182
9555 10 0.420518100262
13882 2 0.414656877518
44291 4 0.410205900669
30230 4 0.409131586552
58874 3 0.406003296375
52852 4 0.403932750225
55467 2 0.403441488743
72584 5 0.402420341969
91247 2 0.401976376772
12051 3 0.401025652885
58203 4 0.400866270065
58083 4 0.399365216494
27051 4 0.397374153137
90916 4 0.394103944302
39582 3 0.393972635269
28709 5 0.385640799999
67256 10 0.384977310896
61213 2 0.384527981281
57449 5 0.38446983695
41350 4 0.384343624115
9814 1 0.383851826191
43175 5 0.377969503403
49853 2 0.376657754183
73509 1 0.365477025509
91112 4 0.363774865866
1173 1 0.363671451807
1596 4 0.363648593426
3800 4 0.363010138273
41886 2 0.360551208258
44762 2 0.359556496143
50302 1 0.35826086998
90574 5 0.357036232948
33441 5 0.356821507215
67934 2 0.355378597975
73434 5 0.351481556892
84447 2 0.350733309984
32261 2 0.349024742842
83982 3 0.347299605608
44987 2 0.346918255091
32297 5 0.343445271254
4356 5 0.341493576765
29832 5 0.339033603668
76751 1 0.338281989098
60813 2 0.337090492249
50773 4 0.334378272295
57737 9 0.333591967821
78727 2 0.330686211586
22179 2 0.327848225832
75740 2 0.327499300241
73473 3 0.327494591475
57726 4 0.322824031115
40806 5 0.321231693029
3117 6 0.318205803633
68583 5 0.317326009274
20740 1 0.313883155584
76765 4 0.308662116528
54821 4 0.306485086679
7873 2 0.299943774939
30494 4 0.298578351736
68488 7 0.29742115736
61554 1 0.2963796556
34039 5 0.289561837912
5654 5 0.288734674454
25226 2 0.282581806183
88728 4 0.281070053577
58299 5 0.28082215786
75634 5 0.279316455126
83563 2 0.27718308568
34403 5 0.276621222496
26311 1 0.27578830719
83582 4 0.275425583124
73474 3 0.269683301449
67870 5 0.267582118511
21537 1 0.26020988822
79107 4 0.257627367973
12547 2 0.254533320665
41972 2 0.254215091467
22920 5 0.253799051046
50539 5 0.252577364445
18753 5 0.251905113459
51621 3 0.249178498983
50352 2 0.249064445496
73548 4 0.245954707265
33268 2 0.241694524884
5944 6 0.239209055901
87175 5 0.233897283673
74801 5 0.220900803804
10181 6 0.220115408301
18428 5 0.218017160892
69159 2 0.217432796955
5469 5 0.199182510376
67255 10 0.198825255036
87349 5 0.19827991724
66695 5 0.182292819023
83964 5 0.173944041133
49681 3 0.161828890443
10369 11 0.149607867002
73475 9 0.134271085262
