634 1 0.998436391354
20917 1 0.996288299561
36052 1 0.995842993259
14082 4 0.994816720486
59721 1 0.994781434536
26790 1 0.994611144066
91210 1 0.994394421577
27028 1 0.993795394897
57243 1 0.99253320694
88783 1 0.992531955242
25872 1 0.991153180599
38955 1 0.991135239601
26715 1 0.990902006626
87308 1 0.989742696285
37761 1 0.989721596241
22177 4 0.989536881447
50546 4 0.988157451153
69181 1 0.988004863262
68642 1 0.987922847271
62894 1 0.98784083128
3160 1 0.986996650696
84797 1 0.98678290844
52262 4 0.986571252346
7243 1 0.985633671284
4331 1 0.98553109169
11801 4 0.985374093056
41233 1 0.985027074814
80608 1 0.984879553318
65238 1 0.984768986702
34090 1 0.984569847584
40156 1 0.984512746334
58500 1 0.983705878258
3706 1 0.983245968819
22247 1 0.983230471611
5356 1 0.983114600182
2364 1 0.982632160187
12463 1 0.982447206974
8692 1 0.982263624668
76245 1 0.982084333897
4265 1 0.981987774372
21197 1 0.981959819794
8518 4 0.981950640678
60763 4 0.981825947762
26497 1 0.981308043003
40502 1 0.98114669323
49084 1 0.980325520039
5661 1 0.980129539967
55668 1 0.979940354824
325 1 0.979753136635
78322 1 0.979491233826
5384 1 0.979243338108
29398 4 0.979121863842
85006 4 0.979093849659
10153 1 0.978867053986
49832 1 0.978756546974
18460 1 0.978621900082
55134 1 0.978315711021
43256 1 0.978311121464
44020 1 0.978014349937
79467 1 0.977761268616
91277 4 0.976595759392
82160 4 0.976362526417
86133 1 0.975837469101
642 1 0.975768685341
50965 1 0.97572606802
22257 1 0.975470125675
82299 1 0.974928915501
32660 1 0.974177241325
36888 1 0.973752140999
62181 4 0.973190248013
3527 1 0.973115980625
16049 1 0.972589612007
62098 4 0.972338140011
56049 1 0.971295714378
76866 4 0.971197664738
60218 1 0.9709815979
27691 1 0.970515370369
66282 1 0.970124542713
1321 4 0.970113575459
15916 1 0.970035731792
46201 1 0.969850540161
79503 4 0.969328641891
65577 4 0.968803524971
9676 1 0.968581914902
8680 1 0.967967629433
25772 1 0.967943191528
10397 4 0.967397868633
70760 1 0.966466367245
23701 1 0.965780377388
73947 1 0.965500593185
86818 1 0.965369164944
420 1 0.965276837349
34665 4 0.965233266354
84960 4 0.964779913425
50190 1 0.964757621288
44676 1 0.964489161968
22239 1 0.964278399944
51074 4 0.964120030403
19227 1 0.963910639286
35410 1 0.963697493076
64040 1 0.962835073471
32110 4 0.962772607803
8715 4 0.962714970112
55623 4 0.96202403307
25828 4 0.961537837982
74254 4 0.961417734623
65433 4 0.960611581802
13538 1 0.960373938084
12557 1 0.96036028862
12810 1 0.960298657417
53230 1 0.959681630135
20045 4 0.957719445229
52350 1 0.957630097866
20697 1 0.957432508469
28634 1 0.957412064075
84730 1 0.957289814949
70388 4 0.957075834274
10306 4 0.957041025162
88137 1 0.956657350063
60907 1 0.956503987312
46526 1 0.956324636936
49161 1 0.955799221992
17501 1 0.955343782902
1913 4 0.953270316124
60803 1 0.952690780163
16301 1 0.952581524849
48117 4 0.952566444874
4679 1 0.952097356319
34256 1 0.951878368855
841 1 0.951321780682
66591 1 0.951178967953
90607 1 0.95049738884
1958 1 0.950292050838
67504 3 0.94981020689
46690 4 0.949042975903
10038 1 0.948849976063
15614 1 0.948625504971
11462 1 0.9482178092
89585 3 0.948038935661
51192 4 0.94773453474
78189 4 0.946940839291
60726 1 0.94692504406
18571 1 0.945400238037
53396 1 0.94494843483
64637 3 0.944916307926
85153 1 0.944732964039
7750 1 0.944662868977
8105 1 0.944569468498
1244 4 0.944197654724
8770 3 0.943891346455
19175 4 0.943651914597
67140 1 0.942338228226
1610 4 0.942143976688
57463 1 0.941615223885
65431 4 0.941562771797
19747 1 0.941557526588
35668 1 0.939222753048
62182 4 0.939217627048
35197 1 0.93870228529
10307 4 0.938278317451
81131 4 0.938132584095
46007 1 0.937256932259
59280 1 0.937082827091
57882 3 0.937046527863
32044 1 0.936867833138
30298 1 0.936089754105
49556 4 0.934920907021
23399 1 0.93484634161
68555 4 0.934669971466
5475 1 0.934540688992
19330 1 0.933665573597
89667 1 0.93359708786
49018 1 0.933016240597
42594 1 0.932869076729
47717 4 0.93235462904
47024 1 0.932352662086
19082 4 0.931938946247
71726 1 0.931763589382
45773 4 0.931666314602
32622 4 0.93141078949
72198 1 0.931234300137
4526 4 0.93060785532
90352 4 0.930192887783
37173 4 0.930127739906
83491 3 0.92953145504
51784 1 0.928929507732
48372 4 0.928124248981
15471 4 0.927918434143
4841 1 0.927905201912
269 1 0.927842497826
21635 4 0.927804529667
38938 1 0.927657067776
89337 4 0.926554977894
15302 1 0.924808442593
61802 1 0.924463629723
41789 1 0.923788666725
43077 1 0.923353552818
16647 4 0.92294293642
69665 1 0.922013640404
89191 4 0.921959519386
6357 1 0.920874238014
77568 4 0.919141471386
10162 1 0.918161809444
15832 4 0.917174100876
12190 4 0.916130959988
87910 4 0.914632499218
76606 1 0.914550483227
59841 1 0.913218617439
90061 1 0.91263872385
33696 1 0.912090539932
91609 1 0.911886274815
31906 4 0.911871254444
48791 4 0.91143488884
62216 4 0.911339521408
35032 4 0.910845458508
76572 1 0.910832107067
60937 4 0.910710215569
21924 1 0.909696996212
46745 1 0.909626483917
57739 1 0.909470140934
1919 4 0.909174442291
20713 1 0.908226430416
25204 4 0.90791195631
54305 1 0.907710552216
64789 1 0.906876623631
41055 1 0.906496584415
81742 4 0.906468510628
89443 1 0.905991494656
83262 3 0.905725836754
5558 1 0.905369997025
88938 1 0.904676675797
66772 4 0.904491007328
49274 1 0.904109656811
2155 1 0.903190433979
55578 1 0.902404487133
74246 4 0.902285993099
52353 1 0.902200877666
69911 4 0.90166503191
20369 4 0.900602340698
34116 4 0.899387538433
57306 1 0.899183511734
52211 1 0.899178683758
42812 4 0.898595392704
62056 1 0.897587895393
83806 4 0.897565126419
62578 1 0.897436082363
90510 1 0.896873474121
7628 4 0.896716415882
20283 4 0.895244181156
36405 4 0.894685864449
54 1 0.894181489944
20501 1 0.892952442169
60088 1 0.892622590065
71006 1 0.892575085163
13624 1 0.892437756062
68660 1 0.892309486866
33904 1 0.891571938992
43610 1 0.891001224518
55877 1 0.890605330467
78824 1 0.890475213528
60801 3 0.890175879002
10432 1 0.888682842255
49044 4 0.888633906841
52820 1 0.888319134712
40227 3 0.887821376324
50492 1 0.887373626232
5932 1 0.887234687805
12298 4 0.887108683586
28799 1 0.886855483055
51581 4 0.886248230934
51754 1 0.885857760906
50090 1 0.885542631149
31204 1 0.885509610176
63167 1 0.885182321072
68230 4 0.884779691696
81104 1 0.88473957777
81825 1 0.884464859962
28049 4 0.884201109409
5697 1 0.884042441845
22583 1 0.882475316525
76861 1 0.881474435329
33695 4 0.880047082901
76717 1 0.880001008511
48719 4 0.879338204861
45933 4 0.879074752331
45577 1 0.877261400223
66711 1 0.876866400242
3822 4 0.876663386822
52507 4 0.875976383686
52508 4 0.874204993248
48689 1 0.874055087566
52402 4 0.872483968735
87612 1 0.870708346367
40127 4 0.870664954185
36939 1 0.870556652546
3821 4 0.870079874992
62824 1 0.869166910648
41064 3 0.867940366268
12234 4 0.867340803146
17333 1 0.866731345654
5398 4 0.866467297077
10233 1 0.866274237633
6572 4 0.865921080112
88844 4 0.864894390106
43041 1 0.863713085651
10509 4 0.86343806982
1526 4 0.863071680069
4930 1 0.862869620323
48162 1 0.862657010555
85896 1 0.862494766712
63110 1 0.862465977669
74243 4 0.861673891544
85928 1 0.861319541931
74068 1 0.861071288586
42227 4 0.860944211483
38120 1 0.860780239105
432 1 0.860610127449
38094 1 0.860533416271
55507 4 0.860504925251
11143 1 0.860185861588
4429 4 0.860047280788
49616 1 0.859935760498
17774 1 0.85951256752
87338 1 0.858906269073
6049 1 0.858465850353
37928 1 0.858062624931
18652 1 0.857746422291
87366 1 0.857672035694
47349 1 0.857461035252
3548 3 0.856890380383
49076 1 0.856520831585
11123 3 0.856079041958
11882 1 0.855637788773
55913 1 0.854508042336
46747 1 0.854266107082
88735 4 0.853964984417
8779 3 0.853629887104
38509 1 0.852506101131
31624 1 0.852122187614
68024 4 0.852059602737
11595 1 0.851669669151
5795 1 0.850878238678
89266 1 0.850626051426
61250 1 0.850487232208
10956 1 0.850124239922
50967 1 0.849928915501
42415 1 0.849727034569
67141 1 0.848971545696
84620 1 0.845861852169
83997 4 0.844455242157
75798 1 0.844197034836
62370 1 0.843914926052
3856 4 0.843811929226
84936 1 0.843745052814
35795 1 0.843336701393
48181 4 0.842789113522
37650 1 0.842251956463
83955 4 0.84199243784
78566 3 0.841961145401
2163 4 0.841767072678
38227 1 0.840256810188
16046 3 0.840218484402
69802 4 0.839872539043
19655 1 0.839837610722
28451 1 0.839557647705
55218 1 0.839287519455
51218 1 0.838877141476
73632 1 0.838622868061
71962 1 0.837808430195
74340 4 0.837654650211
5248 1 0.837311029434
9462 1 0.836805582047
20156 1 0.836631953716
28520 1 0.836378097534
27041 1 0.835783600807
43779 4 0.833886504173
23374 4 0.833075761795
29149 7 0.832117557526
33326 4 0.831271529198
5523 1 0.829818189144
36616 1 0.829486846924
16093 1 0.828131258488
68717 1 0.827727138996
47569 4 0.82715344429
37347 1 0.826931476593
74303 1 0.826874613762
40390 4 0.826736629009
19589 1 0.825901508331
75664 1 0.825817942619
12868 3 0.825304687023
22836 3 0.824705123901
44268 1 0.822863578796
50 4 0.821956694126
31081 1 0.821290791035
629 1 0.820637822151
19745 1 0.820147395134
82535 1 0.820128679276
34156 1 0.820024192333
48702 4 0.819706737995
22721 1 0.819525897503
69938 1 0.819430947304
54560 1 0.81917911768
40540 1 0.818999111652
4095 1 0.818616986275
69803 4 0.817463457584
8162 1 0.81684678793
32886 1 0.816628158092
32859 1 0.81634002924
62554 1 0.815769970417
38092 1 0.814517378807
61727 1 0.814159631729
61241 4 0.813845574856
76196 4 0.813821852207
9371 4 0.81355881691
3226 1 0.812810719013
2973 1 0.81229609251
43464 4 0.812123596668
58158 4 0.811920940876
2204 1 0.811030685902
52357 1 0.810817956924
59029 1 0.810652494431
84887 3 0.810578286648
51065 4 0.80932623148
82922 4 0.809090018272
12980 4 0.808617949486
25820 4 0.808200955391
54468 1 0.808015525341
23356 1 0.807267010212
24100 4 0.806924045086
29407 1 0.806589961052
68911 4 0.806146562099
9763 1 0.804685711861
45875 1 0.804485321045
42424 1 0.804437696934
68907 4 0.804193794727
55446 1 0.803735673428
23001 4 0.803615450859
51875 1 0.80323779583
88914 4 0.802754223347
342 4 0.802410125732
26137 4 0.802047550678
73113 1 0.801352620125
34260 1 0.8008056283
9327 4 0.800568640232
57650 7 0.8005387187
58784 1 0.800337433815
30336 4 0.800268888474
47043 4 0.800060868263
7699 1 0.799861729145
78482 3 0.798619389534
77 1 0.797993302345
70680 3 0.797338008881
6837 1 0.796645998955
72207 4 0.796542286873
50349 1 0.795811355114
37843 1 0.795448839664
6552 4 0.794469773769
66592 1 0.794317483902
3534 4 0.794180691242
1420 4 0.793975532055
10511 4 0.793949902058
83301 1 0.793587684631
89177 1 0.7921205163
78487 3 0.791964709759
80514 4 0.790953338146
53240 4 0.790668904781
50257 4 0.789390265942
83506 1 0.788775146008
7977 1 0.788251280785
65390 7 0.787923753262
58062 1 0.787790179253
55884 1 0.787361621857
58781 4 0.786923706532
24243 4 0.785998106003
60483 1 0.783550143242
84126 3 0.78254544735
52583 1 0.781998097897
5913 1 0.781981289387
46209 4 0.781146407127
91230 1 0.78095215559
33097 4 0.780927121639
76074 4 0.780903816223
65964 4 0.779320716858
78569 1 0.779072582722
30371 1 0.778959035873
67029 1 0.778722643852
1852 1 0.777096927166
40405 1 0.77676486969
20804 1 0.774803519249
25672 1 0.773537993431
83988 3 0.772605597973
34458 7 0.772057175636
87462 1 0.771960735321
77992 1 0.771453857422
7852 1 0.771116375923
34429 1 0.770827651024
34682 3 0.770512998104
80969 1 0.770088076591
76854 3 0.769373178482
67112 4 0.768986940384
56475 1 0.768754124641
18914 1 0.768721163273
23869 4 0.768385648727
8786 3 0.767897546291
10439 1 0.766108155251
71952 1 0.765859365463
44526 1 0.765626966953
55755 1 0.76558727026
91035 4 0.76547908783
78402 4 0.765438854694
56386 4 0.76477342844
18170 1 0.764424741268
4064 1 0.763282597065
53930 1 0.763134896755
69751 1 0.763043999672
34601 1 0.762651920319
63615 1 0.762644588947
52789 3 0.762012779713
44713 4 0.761905729771
10165 1 0.761793553829
19645 1 0.761695146561
21634 4 0.761595487595
23999 1 0.759741008282
26386 1 0.758832037449
50241 1 0.757911384106
44997 1 0.757895767689
88115 1 0.756935656071
5144 3 0.756827890873
86336 1 0.755654096603
56548 3 0.755330622196
35938 1 0.754180788994
20459 1 0.75408500433
68156 4 0.753472208977
8294 4 0.752958357334
44223 3 0.752706766129
89074 4 0.75240367651
42978 4 0.75217205286
62379 4 0.751417815685
90399 4 0.751406610012
62518 3 0.751324355602
41074 1 0.751191020012
73365 4 0.750583648682
9425 4 0.749941706657
23683 3 0.74926006794
36731 1 0.74872481823
71321 4 0.74798989296
59772 1 0.747872471809
25829 4 0.747812867165
66030 1 0.74725818634
11341 1 0.74597454071
53841 4 0.745883643627
28388 1 0.744723320007
16174 1 0.744388997555
71725 1 0.743575751781
66444 1 0.743469715118
44730 1 0.743436336517
12300 1 0.743403017521
28462 1 0.743028402328
2067 1 0.742602825165
17630 1 0.742225527763
88926 1 0.741465866566
74777 3 0.74077218771
89099 1 0.740405261517
2256 1 0.740302920341
51699 1 0.739982664585
81114 1 0.739812374115
17440 1 0.738720059395
43887 1 0.738695561886
27833 1 0.738538742065
21659 1 0.737652540207
31776 3 0.737031877041
39029 1 0.736791014671
50133 1 0.735537409782
50966 3 0.734996020794
51124 1 0.734004795551
47933 4 0.732910692692
43067 1 0.732841253281
38957 1 0.732470810413
88658 1 0.732237040997
61748 1 0.731252253056
60106 1 0.730852901936
17180 4 0.730802237988
5011 1 0.730789422989
37360 4 0.730484306812
1304 1 0.729632914066
91627 1 0.728345453739
15533 1 0.727663755417
66956 1 0.726322233677
900 1 0.725474178791
56888 1 0.724986553192
62529 4 0.724544584751
45000 1 0.723948538303
34367 3 0.723582148552
89731 1 0.723235785961
31175 4 0.7227435112
45178 4 0.722170174122
21956 1 0.721612334251
44361 1 0.721551597118
34553 1 0.72144973278
78215 1 0.720727920532
53921 1 0.720326244831
10771 1 0.720035195351
18138 1 0.71994125843
22043 1 0.718843519688
39181 1 0.718611776829
4646 1 0.717919945717
50266 1 0.717019677162
83903 4 0.716762185097
62572 1 0.716223239899
29687 4 0.715940237045
1252 1 0.715450108051
84875 1 0.714976668358
4173 4 0.714535951614
62517 3 0.714068710804
18976 1 0.714006245136
4294 4 0.712907373905
49997 1 0.711661100388
52852 4 0.71108931303
27250 4 0.710327923298
12474 4 0.70999276638
14156 1 0.709669053555
50227 4 0.709551334381
88646 3 0.709257185459
89000 1 0.708835422993
52709 3 0.708085238934
33034 1 0.707499682903
89664 1 0.707294940948
45504 3 0.707202911377
6971 2 0.706283092499
77254 1 0.705890417099
25838 4 0.705804944038
70856 3 0.705758631229
63018 4 0.705571293831
84222 1 0.705471098423
46568 1 0.705312371254
49876 1 0.705102682114
72953 1 0.704198896885
54265 1 0.703027307987
46536 4 0.702705264091
90431 1 0.702633440495
74755 1 0.702611327171
41755 1 0.702290296555
12657 1 0.701716601849
23861 4 0.701274037361
86815 1 0.701178073883
34674 4 0.701159536839
46779 1 0.700222373009
22250 1 0.700031340122
23150 1 0.699784636497
14166 3 0.699701726437
28616 1 0.699524819851
5939 1 0.699416279793
25688 4 0.699414253235
57661 1 0.699378609657
16649 4 0.699336111546
23589 1 0.699290812016
57747 3 0.698676645756
45529 1 0.69851142168
86741 1 0.69780510664
81777 1 0.696561932564
91113 4 0.695911645889
51507 4 0.695641756058
88902 1 0.695438921452
81508 1 0.694701552391
88606 4 0.693788230419
13306 3 0.693698644638
65114 3 0.693499445915
82915 4 0.693338930607
50687 4 0.692755401134
30358 1 0.691673338413
78567 3 0.690928637981
44267 1 0.69052284956
40648 3 0.689954400063
30194 1 0.689642369747
62213 1 0.689480364323
31738 3 0.68936663866
31427 4 0.68917298317
29440 4 0.689164638519
62251 1 0.687653720379
59825 1 0.687003731728
67394 1 0.687003195286
32256 3 0.686952412128
68189 4 0.686252892017
58548 1 0.686050951481
3042 4 0.685670435429
69082 1 0.684820532799
73889 7 0.68468862772
39582 3 0.684645950794
6243 1 0.684463500977
62682 1 0.684067189693
91062 2 0.683800458908
10345 4 0.683012664318
60122 1 0.682908594608
63155 1 0.682862579823
16910 4 0.681909322739
27051 4 0.681735515594
23617 4 0.681144654751
19759 1 0.681003689766
67918 3 0.680949270725
76714 1 0.680663883686
19005 3 0.679750978947
22229 1 0.679213583469
50485 1 0.678866326809
81473 4 0.678820550442
5563 1 0.67850035429
88737 4 0.678313791752
84368 4 0.678165078163
58874 3 0.67768663168
39959 1 0.677461624146
46551 1 0.677349746227
70281 1 0.677348613739
87067 1 0.677193582058
63589 4 0.677175283432
57726 3 0.677143037319
82521 1 0.676740586758
51693 1 0.676726281643
41217 1 0.676715731621
18858 4 0.676009595394
47567 1 0.6758877635
82825 1 0.675210833549
57651 1 0.674398839474
82175 4 0.67427110672
67849 4 0.674226105213
79629 1 0.673077046871
628 1 0.672346889973
27835 1 0.672007679939
28739 1 0.671975553036
85472 1 0.670978665352
89605 4 0.670964956284
78835 1 0.669803082943
66567 1 0.668813705444
73611 3 0.668582975864
29194 1 0.668555259705
8586 1 0.667273521423
31152 4 0.667257905006
45646 4 0.666978955269
66150 1 0.666958749294
64013 1 0.665444493294
9210 1 0.665426135063
68520 1 0.664859950542
69817 1 0.664300262928
12686 3 0.663686037064
11698 4 0.663228094578
33782 1 0.663095235825
31774 3 0.662468075752
29853 1 0.662334680557
52337 3 0.661866009235
61817 3 0.661270678043
27951 4 0.661001384258
37166 1 0.660784006119
17886 1 0.660761594772
4415 1 0.660720288754
61312 4 0.659814238548
79427 1 0.659789741039
17284 4 0.659688055515
17764 3 0.65924346447
6578 4 0.659102678299
66010 1 0.65855461359
57591 1 0.658315718174
2356 1 0.657833218575
54712 4 0.657832860947
32079 4 0.657646715641
23648 1 0.657244265079
42425 1 0.657111227512
23278 1 0.656608760357
37470 3 0.656599342823
32239 3 0.656561791897
64602 1 0.656459271908
49199 3 0.655674159527
34792 1 0.655614495277
72879 1 0.655244350433
63590 4 0.65520298481
57233 1 0.654700040817
66753 1 0.653361797333
7935 1 0.652774989605
9041 1 0.652181982994
76784 1 0.65169864893
18998 1 0.651540696621
57706 1 0.651243507862
52415 1 0.651175916195
6652 4 0.650954008102
8665 1 0.650722205639
61464 1 0.650653600693
84568 1 0.650320112705
55481 1 0.649688720703
59442 2 0.649522721767
83901 4 0.649341344833
38798 4 0.649290561676
67184 1 0.649113953114
39712 3 0.649102270603
71394 1 0.648641765118
3366 4 0.648138284683
73431 4 0.647577881813
17358 4 0.647262334824
18219 1 0.647257387638
70885 4 0.647078692913
30230 4 0.646513700485
16004 2 0.646032810211
17258 3 0.645374715328
46949 4 0.64414614439
18244 1 0.643142879009
36505 1 0.642951190472
18860 1 0.64285504818
26960 1 0.642736136913
46515 1 0.641989469528
21416 1 0.640742480755
12114 4 0.640308260918
48362 4 0.639725863934
44905 1 0.63965088129
25411 1 0.639538764954
54976 1 0.639312922955
25007 1 0.639288663864
52617 3 0.639172554016
43136 1 0.638348281384
83872 4 0.638134717941
39318 1 0.637871980667
50334 1 0.637857854366
37178 4 0.637094020844
10166 1 0.636939942837
8981 3 0.636700630188
4297 1 0.635615170002
64554 1 0.635195493698
820 1 0.634898006916
21937 1 0.634753763676
24146 1 0.634747028351
30471 1 0.634474098682
76946 1 0.634273350239
20746 1 0.633844137192
62891 1 0.633681416512
66918 1 0.632844507694
45121 1 0.632816255093
64562 1 0.632294654846
40721 1 0.632215678692
89666 1 0.632210433483
71954 4 0.630665719509
83982 3 0.630601406097
66775 1 0.630525887012
20044 4 0.629848599434
40155 1 0.628835618496
42711 1 0.628825366497
47618 1 0.628753364086
1003 4 0.628564417362
56890 1 0.627950310707
87927 1 0.627871513367
17221 1 0.62763184309
26077 1 0.62737673521
10036 1 0.627081930637
11694 4 0.626916706562
33107 1 0.626827776432
16461 4 0.626682221889
76497 1 0.625949382782
80093 1 0.625025629997
43711 1 0.624776482582
32220 1 0.624532043934
14260 3 0.622586607933
35126 1 0.622565865517
6710 1 0.622546195984
22638 1 0.622446119785
17786 4 0.621975004673
5766 3 0.621665716171
16153 1 0.621636688709
1737 1 0.621259987354
58146 1 0.621047437191
1478 1 0.619959235191
11152 2 0.619280636311
27488 4 0.618384718895
83761 4 0.618210196495
45848 1 0.618047654629
82408 4 0.617274880409
51715 1 0.616727530956
64208 3 0.616392433643
15833 4 0.615232288837
90380 3 0.615030109882
7537 1 0.614507853985
86907 3 0.613811790943
3138 1 0.613128900528
5914 1 0.613101541996
17853 1 0.612760841846
65754 4 0.612249791622
25101 1 0.612177729607
66443 7 0.611621558666
65069 1 0.611235260963
76475 1 0.611207544804
76910 4 0.610683739185
23507 3 0.61042791605
10443 4 0.609938919544
9460 1 0.609639883041
33385 1 0.60949409008
6492 3 0.60933804512
13611 1 0.609220921993
29816 3 0.608848929405
84800 1 0.608737170696
83595 4 0.60800665617
56566 4 0.607526004314
5275 1 0.606390893459
20206 1 0.605517745018
45979 1 0.605268776417
78314 1 0.604221463203
54679 1 0.60384953022
23885 4 0.603768050671
72839 3 0.603606283665
19012 1 0.603451728821
68714 1 0.602969884872
90374 1 0.602700769901
32651 3 0.602478981018
505 4 0.602411270142
59276 1 0.602287650108
32733 4 0.602146029472
89796 1 0.601933658123
18999 3 0.601649105549
12314 4 0.601562917233
60474 1 0.60110771656
50486 8 0.600700080395
28736 1 0.600422024727
18859 4 0.600195884705
83934 1 0.599846541882
68052 4 0.599567353725
61751 4 0.599353313446
1702 4 0.598950207233
42531 1 0.598065972328
44993 2 0.597860813141
29148 1 0.597737133503
51665 1 0.597705245018
20396 1 0.597355246544
13884 2 0.597244024277
72836 3 0.596874058247
1914 4 0.596863389015
43169 1 0.596632122993
15339 1 0.596558451653
89445 1 0.596528947353
10950 1 0.59593462944
48720 4 0.595402657986
16945 2 0.59512758255
57628 3 0.594726681709
7393 1 0.594603180885
80530 4 0.594593286514
46600 1 0.594357609749
43996 3 0.593788683414
81757 7 0.593570649624
83344 1 0.59333974123
88736 4 0.593023896217
76887 1 0.592997848988
12766 1 0.592794001102
45117 4 0.592568039894
49742 1 0.592316150665
27072 1 0.592051446438
51621 3 0.591544806957
5700 1 0.591403961182
62575 1 0.59131026268
6451 4 0.589785695076
1996 1 0.589442193508
57851 4 0.589352846146
7675 4 0.589253425598
36183 3 0.588553369045
26471 4 0.588285505772
42532 1 0.588171482086
14744 4 0.5879150033
86981 1 0.587771236897
66491 4 0.587167680264
5933 1 0.587102472782
87879 3 0.586154222488
63156 1 0.585210263729
371 1 0.584726214409
60685 1 0.584569275379
22237 1 0.584335625172
78398 4 0.583225369453
35718 1 0.583165466785
55166 1 0.58286523819
45679 1 0.582307100296
31239 1 0.581799268723
28141 1 0.581723868847
87873 3 0.579193949699
21086 3 0.578823447227
71975 4 0.578433990479
1180 1 0.578389465809
89196 4 0.578221559525
51690 1 0.577904522419
69801 4 0.577669799328
9038 3 0.577578783035
47616 1 0.577093720436
20853 4 0.576891422272
76967 4 0.576222002506
3297 1 0.576122105122
17280 3 0.575860023499
6973 2 0.575583159924
57308 1 0.575482904911
78741 1 0.575326621532
72669 1 0.575200736523
5191 4 0.575031340122
73473 3 0.574896752834
76490 1 0.574623882771
74998 4 0.573814094067
7976 1 0.573098361492
33331 1 0.572832167149
54621 1 0.572719454765
43116 1 0.572650551796
81153 1 0.572591423988
82159 4 0.572574079037
49681 3 0.57208186388
88738 4 0.571899354458
10137 10 0.571588516235
34403 3 0.571359932423
37509 1 0.571203887463
8762 2 0.57095938921
19469 1 0.570527374744
40373 4 0.570299744606
3108 1 0.570170462132
64218 1 0.570143520832
87013 3 0.570103049278
49493 3 0.56980240345
9207 1 0.569384098053
16012 1 0.568860948086
60479 1 0.568588793278
76976 1 0.568306386471
67880 2 0.568263947964
25798 1 0.567905843258
12543 1 0.567735314369
56133 1 0.567160844803
34941 3 0.567124545574
55625 3 0.567081809044
5784 7 0.566592395306
2350 2 0.566475987434
69408 3 0.566332578659
56310 4 0.566266000271
84822 1 0.565511286259
45122 1 0.565471231937
23176 1 0.565421283245
76743 1 0.565311968327
10304 4 0.565258443356
75251 1 0.565224051476
46252 1 0.564478814602
83543 1 0.563962459564
83931 1 0.56255954504
73338 1 0.562542915344
7539 1 0.562504887581
71313 1 0.562500834465
65013 3 0.561619102955
54489 1 0.561118721962
75766 4 0.560850083828
57081 4 0.56003588438
7744 3 0.559343874454
85392 1 0.559240102768
84977 1 0.558764457703
32139 1 0.558686316013
59040 1 0.558568835258
27949 4 0.558499455452
68313 2 0.558219492435
29821 1 0.557804584503
15409 3 0.557802200317
80828 1 0.557741761208
6709 2 0.557739913464
28666 1 0.557156383991
31252 1 0.556063950062
12049 1 0.55553406477
67627 1 0.555402815342
1580 3 0.5552739501
9361 2 0.553906619549
18237 1 0.553637623787
22196 1 0.55359262228
59553 4 0.553320944309
66441 1 0.553306639194
90849 1 0.553116559982
34091 3 0.552717804909
34803 3 0.551844954491
86146 1 0.551680088043
32291 1 0.551659107208
80122 4 0.551616847515
17091 2 0.551035225391
45169 2 0.55095821619
21801 1 0.550697803497
54544 1 0.550639986992
23003 1 0.55053460598
54233 1 0.550142228603
91490 3 0.54997164011
42763 4 0.549912452698
45334 1 0.549296498299
24380 4 0.548971474171
11656 1 0.548968434334
10305 4 0.548663794994
3137 1 0.548632442951
54278 2 0.548204600811
32683 3 0.548001050949
20703 4 0.547755777836
73337 1 0.547443687916
42426 1 0.547227203846
73689 4 0.547208964825
89121 4 0.547006130219
24163 1 0.546944320202
76235 4 0.546630263329
30470 1 0.546283006668
42979 1 0.546164274216
25807 1 0.546118676662
78214 1 0.545985460281
38108 1 0.545769512653
63082 1 0.544816315174
57759 3 0.54390925169
22761 1 0.543646037579
35586 1 0.543300509453
18891 1 0.543233156204
22255 1 0.54320961237
56913 2 0.542693674564
35266 4 0.542615115643
49845 1 0.542456924915
34334 1 0.54213809967
2467 1 0.541266024113
77331 1 0.541079223156
80317 4 0.540928900242
16451 4 0.539534687996
19730 1 0.539202332497
30831 10 0.53896945715
61113 3 0.53894007206
59672 1 0.538636744022
59742 4 0.538603723049
65748 3 0.537831306458
85643 1 0.537486195564
39921 1 0.537223160267
71546 1 0.536886751652
44019 1 0.5364407897
13027 1 0.536193966866
51542 4 0.536150097847
1419 4 0.534541726112
52942 3 0.53440618515
47708 4 0.534063816071
61053 1 0.534031927586
24313 3 0.533833503723
11367 4 0.533738315105
8962 3 0.533640027046
437 1 0.533558905125
89444 1 0.533279061317
13021 1 0.532860815525
38247 1 0.532774746418
39480 1 0.532769143581
44665 4 0.53257972002
38382 1 0.532389819622
10164 1 0.53233897686
31972 4 0.532207429409
64638 1 0.532135307789
4525 4 0.531435191631
55970 1 0.531407892704
64765 1 0.531080842018
65469 4 0.530556082726
10994 4 0.529460728168
63153 1 0.529226660728
17387 1 0.529155135155
76958 4 0.528913497925
11509 4 0.528470158577
29481 2 0.528020322323
28460 1 0.528017699718
79996 1 0.526693403721
28457 1 0.52654594183
62046 1 0.526541054249
34954 3 0.526108622551
7240 1 0.526085197926
88379 1 0.525462925434
11393 4 0.52527141571
34133 3 0.525017082691
21930 1 0.524993121624
28217 1 0.524516940117
59884 4 0.524329900742
64152 1 0.523844540119
3306 3 0.522882699966
43959 4 0.522862076759
25695 1 0.522176682949
46944 4 0.522116482258
86484 1 0.521923303604
25147 4 0.521850764751
73474 3 0.521612823009
65468 4 0.521516621113
34004 1 0.52112197876
72758 3 0.520763099194
82457 1 0.519849777222
13536 4 0.519606530666
50960 1 0.519556820393
45678 1 0.519080221653
35120 3 0.518912672997
48813 3 0.518689751625
88594 1 0.518238186836
35785 1 0.518144726753
60858 10 0.518003880978
90848 1 0.517921805382
85805 3 0.517582178116
46242 1 0.517165541649
50791 1 0.51704120636
25168 4 0.516975998878
17468 3 0.516956448555
59019 4 0.516202509403
66779 1 0.51605618
4910 3 0.515786409378
42126 1 0.515748381615
78216 1 0.515620946884
45931 4 0.515537500381
6541 1 0.515441656113
70749 1 0.515372216702
83653 3 0.514475643635
43080 10 0.514112472534
40170 1 0.513929545879
77209 1 0.513909935951
7844 4 0.513426721096
4520 1 0.513408839703
20702 4 0.513088047504
44291 4 0.51284968853
13313 4 0.512789726257
46964 3 0.512607991695
24314 3 0.512429833412
37508 1 0.512338519096
10558 1 0.512218534946
66548 1 0.512196242809
4391 2 0.512002587318
52704 3 0.511628866196
59972 4 0.511333227158
54519 4 0.510978758335
14167 3 0.510817527771
80463 1 0.510539591312
17784 1 0.510438263416
72976 3 0.509545922279
902 1 0.508606255054
44904 1 0.50845348835
44178 4 0.508441030979
76076 4 0.508324086666
20494 1 0.508300840855
572 1 0.508219242096
16959 3 0.507830560207
42022 1 0.507749915123
62289 1 0.507715821266
18435 1 0.507271885872
83220 3 0.507200241089
2700 3 0.506980717182
41547 1 0.506896138191
37167 2 0.506886422634
38380 1 0.506767213345
10429 4 0.506546139717
87745 1 0.506341397762
6453 1 0.506325125694
13958 1 0.506318926811
88656 7 0.506138980389
51022 1 0.506068468094
30880 1 0.505946815014
67138 1 0.505912840366
41260 2 0.505734264851
39831 1 0.50567317009
28455 1 0.504972696304
8982 1 0.504425644875
89770 3 0.503921627998
10274 1 0.5038215518
32774 4 0.503796696663
5476 1 0.50365626812
84491 3 0.503597080708
43735 3 0.50327706337
58748 1 0.503152668476
54051 1 0.502954185009
21305 3 0.502723515034
25135 4 0.502567648888
21139 1 0.502358198166
65992 1 0.50178527832
75966 1 0.501334428787
30179 1 0.500962436199
55876 7 0.500542521477
57760 1 0.500383853912
34813 1 0.500069379807
3427 1 0.500027894974
50618 3 0.500008821487
13604 1 0.49978557229
78185 4 0.499766647816
4635 1 0.499496310949
30855 4 0.499282985926
40069 3 0.499041676521
18427 1 0.49836114049
57819 3 0.498233675957
26266 1 0.498058915138
55646 1 0.497990727425
22198 2 0.497749358416
12677 3 0.496860742569
41365 1 0.496678620577
82752 3 0.495751738548
23119 4 0.495589286089
52618 1 0.495429962873
38208 1 0.495323985815
71957 4 0.49484911561
38952 1 0.494516730309
10527 4 0.493850111961
68028 3 0.493688225746
40671 1 0.493510395288
59516 4 0.492542594671
22895 4 0.492342203856
45153 4 0.491952121258
76029 3 0.491500735283
3029 4 0.491069197655
80524 4 0.490907162428
22176 10 0.490326523781
41270 1 0.48961648345
70678 3 0.488729208708
15399 3 0.488686978817
41695 1 0.488241225481
4492 3 0.48817846179
26387 7 0.487922310829
7861 4 0.48778128624
19386 2 0.487286567688
17148 1 0.486755281687
24751 4 0.485254824162
79120 4 0.485100030899
27952 4 0.484826177359
91626 10 0.484785318375
41723 3 0.484433352947
16315 1 0.483361810446
76073 4 0.483154088259
44603 3 0.483078718185
32672 1 0.483034431934
11596 1 0.482107788324
41802 1 0.481806635857
73712 3 0.481744647026
11832 4 0.480974555016
34729 2 0.480971187353
20745 2 0.480331927538
88659 1 0.479946911335
80988 2 0.479176193476
74464 4 0.478703677654
39204 4 0.478496432304
12450 1 0.478322416544
30037 3 0.478166788816
4240 4 0.476130157709
31559 3 0.475184947252
64304 4 0.473884046078
79260 4 0.473312854767
38804 4 0.472657978535
64521 3 0.472652047873
42522 1 0.472177863121
33963 4 0.471768856049
82176 4 0.47065064311
10427 2 0.470577776432
52821 7 0.469011217356
14684 4 0.468173265457
6867 8 0.467599570751
55778 2 0.46750164032
10823 10 0.466739594936
69978 4 0.466667473316
90796 3 0.466664642096
80527 4 0.466270536184
15436 3 0.466212034225
3720 3 0.465422689915
19083 4 0.46524065733
52348 4 0.463589310646
11391 1 0.463274151087
31584 1 0.462867558002
69940 1 0.462741881609
33644 3 0.461579322815
86721 4 0.461429983377
50380 3 0.460190296173
24757 4 0.457960158587
8739 3 0.457774162292
82158 10 0.45655810833
1045 3 0.456463754177
47835 3 0.456342875957
40843 3 0.455782711506
21051 3 0.454466789961
16534 1 0.454341888428
17634 4 0.454052358866
37428 3 0.45288297534
70185 2 0.452299296856
32292 3 0.452257156372
90558 3 0.451617538929
4351 4 0.449244558811
45532 4 0.448444694281
73609 3 0.448336929083
11803 10 0.44795614481
25052 3 0.446308016777
3754 4 0.446066558361
43486 3 0.445992082357
42082 4 0.445488482714
61935 3 0.445173740387
1879 3 0.444476753473
62552 1 0.444369256496
12705 2 0.444106131792
29277 3 0.44404694438
29596 3 0.442304164171
82750 4 0.441958516836
10151 4 0.441383570433
83807 1 0.44136980176
2560 4 0.440732359886
63620 4 0.439311981201
21862 2 0.439304411411
66771 10 0.438909590244
23324 10 0.437818795443
26143 2 0.437279045582
89730 1 0.437247127295
67742 4 0.437207370996
12051 3 0.437042921782
18202 4 0.435659736395
52339 4 0.434793919325
40140 2 0.432902276516
39905 3 0.432884216309
13882 2 0.43209540844
61213 2 0.4317676723
3690 1 0.431674271822
25669 2 0.431551516056
4447 10 0.43084269762
14342 2 0.430683106184
56502 3 0.429635494947
45754 2 0.429329127073
72019 3 0.426933288574
965 4 0.426492780447
20842 4 0.426472187042
78481 3 0.425895392895
68344 3 0.425623595715
7336 3 0.425114423037
16866 3 0.423200339079
52786 3 0.421724677086
6586 2 0.420274555683
654 6 0.419357001781
15526 3 0.41927844286
73938 2 0.418294101954
14021 2 0.418055653572
23373 4 0.417960971594
59994 2 0.417670369148
71643 4 0.417652368546
88728 4 0.41711384058
77320 1 0.416313290596
87536 3 0.416213512421
41628 4 0.415182292461
54555 3 0.414985209703
86962 3 0.414889752865
1174 1 0.412385463715
85249 7 0.411475419998
9510 3 0.411263972521
79107 4 0.411014348269
25345 2 0.408243775368
28866 4 0.407348752022
30002 3 0.407132506371
26311 3 0.406107544899
50997 2 0.405653446913
12476 4 0.405414491892
77523 6 0.405268579721
57753 4 0.405140280724
39382 4 0.405102580786
42980 3 0.404510825872
64488 2 0.40424400568
68079 3 0.403447180986
78834 1 0.402135699987
30750 3 0.400291323662
78878 2 0.399545967579
84493 3 0.399296104908
10244 2 0.398724794388
4416 2 0.39854452014
78731 2 0.39766022563
10238 2 0.396848350763
26412 4 0.39542478323
47716 10 0.39454934001
27668 6 0.394242852926
9509 3 0.394104421139
25183 3 0.393388688564
67255 4 0.392958432436
18514 3 0.392787307501
44699 3 0.392642557621
76765 4 0.392505824566
45490 2 0.392093300819
65353 2 0.391717791557
343 3 0.391664117575
45151 4 0.390000700951
9458 3 0.389750361443
50207 3 0.38940769434
21309 3 0.388257205486
29048 3 0.388004183769
44696 3 0.386457085609
54821 4 0.386445999146
22025 3 0.385051548481
23707 10 0.384595811367
78576 4 0.383624106646
9811 8 0.382993131876
87340 8 0.382796823978
22651 3 0.382679075003
8112 3 0.381144016981
2313 2 0.381142944098
8772 3 0.37877586484
84447 2 0.378546983004
27117 3 0.378260046244
41811 1 0.378006845713
64098 2 0.377861112356
39383 4 0.377161234617
41956 2 0.375911861658
51404 6 0.375475078821
34683 3 0.375241965055
56223 6 0.375114828348
81990 4 0.374952375889
47211 2 0.373986035585
83582 4 0.373017042875
33576 4 0.372851490974
87269 3 0.372414857149
33979 10 0.371889621019
70321 3 0.371231496334
33298 1 0.371136277914
728 2 0.370984464884
34552 7 0.370477497578
78693 2 0.369773060083
16175 3 0.369734883308
71744 1 0.369527041912
64068 2 0.369409173727
22774 6 0.368959665298
1596 4 0.367934495211
68602 3 0.367793738842
67139 1 0.367779761553
47871 2 0.36740654707
90043 3 0.367060124874
30494 3 0.36558625102
23091 10 0.363348513842
39936 2 0.363108158112
12547 2 0.360947102308
28001 2 0.360503345728
15636 3 0.360129475594
77983 4 0.359466135502
74793 2 0.358918249607
49993 3 0.357394278049
55750 3 0.357008904219
72603 2 0.356407791376
38322 2 0.355682998896
3961 1 0.355622023344
26734 2 0.355415970087
62565 3 0.353801488876
17949 2 0.351680874825
60813 6 0.348957359791
33308 1 0.347901850939
11337 3 0.34596735239
8374 6 0.344676464796
82856 2 0.344309687614
46409 3 0.344031780958
82079 6 0.343112677336
75904 3 0.34102037549
87365 1 0.3403236866
57222 3 0.339777499437
2754 6 0.339500546455
68438 4 0.339466780424
90381 3 0.33933609724
33207 6 0.339333295822
50738 2 0.338507354259
6043 4 0.337833374739
34373 2 0.334695100784
37363 4 0.334338724613
44809 5 0.333697170019
348 4 0.333263158798
64756 2 0.329104959965
44988 3 0.328873306513
22729 2 0.327517718077
81778 1 0.327201634645
55695 2 0.325390517712
67934 2 0.324487268925
67038 4 0.323852449656
50352 4 0.323506504297
42423 1 0.323031574488
50094 3 0.322085350752
71938 2 0.32194763422
69159 3 0.321408569813
70378 2 0.3209874928
83505 3 0.318250715733
90916 4 0.317974179983
75906 3 0.317042350769
79690 3 0.316575497389
89202 5 0.316001206636
73421 5 0.314432442188
8229 2 0.31379532814
69709 2 0.312973111868
57728 3 0.309324800968
73434 2 0.308650135994
64293 4 0.30627605319
79593 5 0.304865151644
10181 3 0.304858148098
5064 2 0.302502274513
35912 6 0.302469521761
88332 2 0.302148759365
29832 5 0.300855994225
91112 4 0.30023252964
969 3 0.298392057419
48347 3 0.298331677914
3117 6 0.296960264444
91635 5 0.296836137772
67870 2 0.296015113592
55467 2 0.292152255774
90606 3 0.290828764439
79594 5 0.287527948618
47867 6 0.28479167819
46060 6 0.284047454596
78932 3 0.283530443907
26164 6 0.283314228058
32261 6 0.283011853695
30273 2 0.282656043768
86758 2 0.281993955374
76718 1 0.280779182911
50773 4 0.280712962151
89163 4 0.280696183443
49362 3 0.280144423246
7426 3 0.27882027626
196 2 0.27452275157
58326 6 0.271946132183
5654 5 0.271735578775
32625 2 0.269854784012
4355 2 0.269749909639
397 2 0.269126594067
29841 5 0.267366111279
40616 4 0.266207754612
5741 2 0.265500932932
80955 5 0.263720601797
5470 10 0.263556808233
39337 5 0.263126969337
39378 6 0.260518550873
58299 5 0.26012891531
7654 5 0.256822347641
37927 5 0.251168638468
4356 5 0.251121908426
29267 2 0.251048207283
40361 2 0.250787913799
36339 5 0.250107616186
24756 4 0.249800547957
7873 2 0.249086812139
57449 5 0.244651198387
66695 3 0.242321267724
27125 5 0.242205098271
33268 2 0.240953832865
87904 3 0.23956412077
75740 2 0.238765433431
18428 2 0.238659292459
20027 6 0.233982905746
30856 4 0.23119649291
34039 5 0.226643353701
5944 6 0.220154881477
10176 3 0.219518497586
71747 2 0.21406917274
43175 2 0.208636507392
5591 6 0.206370413303
18753 5 0.199016958475
87349 4 0.192118629813
59770 2 0.187057703733
28709 5 0.187000721693
83964 4 0.168492019176
12733 5 0.157330229878
9814 2 0.146277159452
57737 5 0.110645368695
