1.0 0.0
1.0 0.000577367205543
0.5 0.000577367205543
0.666666666667 0.00115473441109
0.75 0.00173210161663
0.8 0.00230946882217
0.833333333333 0.00288683602771
0.857142857143 0.00346420323326
0.875 0.0040415704388
0.888888888889 0.00461893764434
0.9 0.00519630484988
0.909090909091 0.00577367205543
0.916666666667 0.00635103926097
0.923076923077 0.00692840646651
0.857142857143 0.00692840646651
0.8 0.00692840646651
0.8125 0.00750577367206
0.823529411765 0.0080831408776
0.833333333333 0.00866050808314
0.789473684211 0.00866050808314
0.75 0.00866050808314
0.714285714286 0.00866050808314
0.681818181818 0.00866050808314
0.695652173913 0.00923787528868
0.666666666667 0.00923787528868
0.68 0.00981524249423
0.692307692308 0.0103926096998
0.703703703704 0.0109699769053
0.714285714286 0.0115473441109
0.724137931034 0.0121247113164
0.733333333333 0.0127020785219
0.741935483871 0.0132794457275
0.75 0.013856812933
0.757575757576 0.0144341801386
0.764705882353 0.0150115473441
0.742857142857 0.0150115473441
0.722222222222 0.0150115473441
0.72972972973 0.0155889145497
0.736842105263 0.0161662817552
0.717948717949 0.0161662817552
0.7 0.0161662817552
0.682926829268 0.0161662817552
0.690476190476 0.0167436489607
0.697674418605 0.0173210161663
0.704545454545 0.0178983833718
0.711111111111 0.0184757505774
0.717391304348 0.0190531177829
0.702127659574 0.0190531177829
0.6875 0.0190531177829
0.69387755102 0.0196304849885
0.68 0.0196304849885
0.686274509804 0.020207852194
0.692307692308 0.0207852193995
0.698113207547 0.0213625866051
0.703703703704 0.0219399538106
0.709090909091 0.0225173210162
0.714285714286 0.0230946882217
0.701754385965 0.0230946882217
0.706896551724 0.0236720554273
0.694915254237 0.0236720554273
0.7 0.0242494226328
0.688524590164 0.0242494226328
0.677419354839 0.0242494226328
0.68253968254 0.0248267898383
0.6875 0.0254041570439
0.692307692308 0.0259815242494
0.69696969697 0.026558891455
0.701492537313 0.0271362586605
0.691176470588 0.0271362586605
0.695652173913 0.0277136258661
0.685714285714 0.0277136258661
0.69014084507 0.0282909930716
0.694444444444 0.0288683602771
0.684931506849 0.0288683602771
0.689189189189 0.0294457274827
0.693333333333 0.0300230946882
0.697368421053 0.0306004618938
0.701298701299 0.0311778290993
0.692307692308 0.0311778290993
0.683544303797 0.0311778290993
0.6875 0.0317551963048
0.679012345679 0.0317551963048
0.682926829268 0.0323325635104
0.674698795181 0.0323325635104
0.678571428571 0.0329099307159
0.670588235294 0.0329099307159
0.662790697674 0.0329099307159
0.655172413793 0.0329099307159
0.647727272727 0.0329099307159
0.640449438202 0.0329099307159
0.644444444444 0.0334872979215
0.648351648352 0.034064665127
0.641304347826 0.034064665127
0.634408602151 0.034064665127
0.627659574468 0.034064665127
0.631578947368 0.0346420323326
0.625 0.0346420323326
0.618556701031 0.0346420323326
0.612244897959 0.0346420323326
0.606060606061 0.0346420323326
0.6 0.0346420323326
0.594059405941 0.0346420323326
0.588235294118 0.0346420323326
0.592233009709 0.0352193995381
0.586538461538 0.0352193995381
0.580952380952 0.0352193995381
0.584905660377 0.0357967667436
0.579439252336 0.0357967667436
0.583333333333 0.0363741339492
0.587155963303 0.0369515011547
0.590909090909 0.0375288683603
0.594594594595 0.0381062355658
0.598214285714 0.0386836027714
0.592920353982 0.0386836027714
0.587719298246 0.0386836027714
0.591304347826 0.0392609699769
0.586206896552 0.0392609699769
0.581196581197 0.0392609699769
0.576271186441 0.0392609699769
0.579831932773 0.0398383371824
0.575 0.0398383371824
0.578512396694 0.040415704388
0.573770491803 0.040415704388
0.569105691057 0.040415704388
0.572580645161 0.0409930715935
0.568 0.0409930715935
0.571428571429 0.0415704387991
0.566929133858 0.0415704387991
0.5703125 0.0421478060046
0.573643410853 0.0427251732102
0.569230769231 0.0427251732102
0.572519083969 0.0433025404157
0.568181818182 0.0433025404157
0.563909774436 0.0433025404157
0.567164179104 0.0438799076212
0.562962962963 0.0438799076212
0.566176470588 0.0444572748268
0.569343065693 0.0450346420323
0.565217391304 0.0450346420323
0.568345323741 0.0456120092379
0.571428571429 0.0461893764434
0.574468085106 0.046766743649
0.577464788732 0.0473441108545
0.58041958042 0.04792147806
0.583333333333 0.0484988452656
0.579310344828 0.0484988452656
0.575342465753 0.0484988452656
0.578231292517 0.0490762124711
0.574324324324 0.0490762124711
0.570469798658 0.0490762124711
0.566666666667 0.0490762124711
0.569536423841 0.0496535796767
0.565789473684 0.0496535796767
0.562091503268 0.0496535796767
0.564935064935 0.0502309468822
0.567741935484 0.0508083140878
0.570512820513 0.0513856812933
0.566878980892 0.0513856812933
0.569620253165 0.0519630484988
0.572327044025 0.0525404157044
0.56875 0.0525404157044
0.571428571429 0.0531177829099
0.574074074074 0.0536951501155
0.576687116564 0.054272517321
0.573170731707 0.054272517321
0.569696969697 0.054272517321
0.572289156627 0.0548498845266
0.568862275449 0.0548498845266
0.571428571429 0.0554272517321
0.573964497041 0.0560046189376
0.570588235294 0.0560046189376
0.573099415205 0.0565819861432
0.575581395349 0.0571593533487
0.578034682081 0.0577367205543
0.580459770115 0.0583140877598
0.577142857143 0.0583140877598
0.573863636364 0.0583140877598
0.576271186441 0.0588914549654
0.573033707865 0.0588914549654
0.575418994413 0.0594688221709
0.572222222222 0.0594688221709
0.574585635359 0.0600461893764
0.576923076923 0.060623556582
0.573770491803 0.060623556582
0.570652173913 0.060623556582
0.567567567568 0.060623556582
0.569892473118 0.0612009237875
0.572192513369 0.0617782909931
0.56914893617 0.0617782909931
0.566137566138 0.0617782909931
0.568421052632 0.0623556581986
0.570680628272 0.0629330254042
0.572916666667 0.0635103926097
0.569948186528 0.0635103926097
0.567010309278 0.0635103926097
0.569230769231 0.0640877598152
0.571428571429 0.0646651270208
0.568527918782 0.0646651270208
0.570707070707 0.0652424942263
0.56783919598 0.0652424942263
0.57 0.0658198614319
0.572139303483 0.0663972286374
0.574257425743 0.066974595843
0.571428571429 0.066974595843
0.573529411765 0.0675519630485
0.570731707317 0.0675519630485
0.572815533981 0.068129330254
0.574879227053 0.0687066974596
0.572115384615 0.0687066974596
0.569377990431 0.0687066974596
0.566666666667 0.0687066974596
0.563981042654 0.0687066974596
0.561320754717 0.0687066974596
0.56338028169 0.0692840646651
0.560747663551 0.0692840646651
0.558139534884 0.0692840646651
0.560185185185 0.0698614318707
0.562211981567 0.0704387990762
0.559633027523 0.0704387990762
0.557077625571 0.0704387990762
0.554545454545 0.0704387990762
0.556561085973 0.0710161662818
0.554054054054 0.0710161662818
0.556053811659 0.0715935334873
0.558035714286 0.0721709006928
0.555555555556 0.0721709006928
0.557522123894 0.0727482678984
0.559471365639 0.0733256351039
0.561403508772 0.0739030023095
0.563318777293 0.074480369515
0.560869565217 0.074480369515
0.558441558442 0.074480369515
0.556034482759 0.074480369515
0.557939914163 0.0750577367206
0.555555555556 0.0750577367206
0.557446808511 0.0756351039261
0.555084745763 0.0756351039261
0.552742616034 0.0756351039261
0.554621848739 0.0762124711316
0.55230125523 0.0762124711316
0.55 0.0762124711316
0.547717842324 0.0762124711316
0.545454545455 0.0762124711316
0.543209876543 0.0762124711316
0.545081967213 0.0767898383372
0.54693877551 0.0773672055427
0.548780487805 0.0779445727483
0.550607287449 0.0785219399538
0.552419354839 0.0790993071594
0.550200803213 0.0790993071594
0.548 0.0790993071594
0.549800796813 0.0796766743649
0.547619047619 0.0796766743649
0.545454545455 0.0796766743649
0.543307086614 0.0796766743649
0.545098039216 0.0802540415704
0.54296875 0.0802540415704
0.540856031128 0.0802540415704
0.538759689922 0.0802540415704
0.53667953668 0.0802540415704
0.538461538462 0.080831408776
0.536398467433 0.080831408776
0.538167938931 0.0814087759815
0.539923954373 0.0819861431871
0.537878787879 0.0819861431871
0.535849056604 0.0819861431871
0.537593984962 0.0825635103926
0.539325842697 0.0831408775982
0.541044776119 0.0837182448037
0.542750929368 0.0842956120092
0.544444444444 0.0848729792148
0.546125461255 0.0854503464203
0.544117647059 0.0854503464203
0.545787545788 0.0860277136259
0.543795620438 0.0860277136259
0.541818181818 0.0860277136259
0.539855072464 0.0860277136259
0.541516245487 0.0866050808314
0.543165467626 0.087182448037
0.541218637993 0.087182448037
0.539285714286 0.087182448037
0.540925266904 0.0877598152425
0.542553191489 0.088337182448
0.544169611307 0.0889145496536
0.542253521127 0.0889145496536
0.540350877193 0.0889145496536
0.541958041958 0.0894919168591
0.543554006969 0.0900692840647
0.541666666667 0.0900692840647
0.539792387543 0.0900692840647
0.541379310345 0.0906466512702
0.539518900344 0.0906466512702
0.541095890411 0.0912240184758
0.542662116041 0.0918013856813
0.540816326531 0.0918013856813
0.538983050847 0.0918013856813
0.540540540541 0.0923787528868
0.542087542088 0.0929561200924
0.540268456376 0.0929561200924
0.541806020067 0.0935334872979
0.543333333333 0.0941108545035
0.541528239203 0.0941108545035
0.539735099338 0.0941108545035
0.53795379538 0.0941108545035
0.539473684211 0.094688221709
0.540983606557 0.0952655889145
0.542483660131 0.0958429561201
0.540716612378 0.0958429561201
0.538961038961 0.0958429561201
0.540453074434 0.0964203233256
0.541935483871 0.0969976905312
0.543408360129 0.0975750577367
0.544871794872 0.0981524249423
0.546325878594 0.0987297921478
0.547770700637 0.0993071593533
0.546031746032 0.0993071593533
0.544303797468 0.0993071593533
0.542586750789 0.0993071593533
0.540880503145 0.0993071593533
0.539184952978 0.0993071593533
0.5375 0.0993071593533
0.535825545171 0.0993071593533
0.534161490683 0.0993071593533
0.532507739938 0.0993071593533
0.533950617284 0.0998845265589
0.535384615385 0.100461893764
0.536809815951 0.10103926097
0.538226299694 0.101616628176
0.536585365854 0.101616628176
0.537993920973 0.102193995381
0.539393939394 0.102771362587
0.537764350453 0.102771362587
0.539156626506 0.103348729792
0.540540540541 0.103926096998
0.538922155689 0.103926096998
0.537313432836 0.103926096998
0.535714285714 0.103926096998
0.537091988131 0.104503464203
0.53550295858 0.104503464203
0.533923303835 0.104503464203
0.535294117647 0.105080831409
0.533724340176 0.105080831409
0.535087719298 0.105658198614
0.533527696793 0.105658198614
0.531976744186 0.105658198614
0.533333333333 0.10623556582
0.534682080925 0.106812933025
0.533141210375 0.106812933025
0.531609195402 0.106812933025
0.532951289398 0.107390300231
0.531428571429 0.107390300231
0.529914529915 0.107390300231
0.53125 0.107967667436
0.532577903683 0.108545034642
0.531073446328 0.108545034642
0.532394366197 0.109122401848
0.533707865169 0.109699769053
0.535014005602 0.110277136259
0.536312849162 0.110854503464
0.534818941504 0.110854503464
0.533333333333 0.110854503464
0.534626038781 0.11143187067
0.533149171271 0.11143187067
0.531680440771 0.11143187067
0.532967032967 0.112009237875
0.531506849315 0.112009237875
0.530054644809 0.112009237875
0.531335149864 0.112586605081
0.529891304348 0.112586605081
0.528455284553 0.112586605081
0.52972972973 0.113163972286
0.528301886792 0.113163972286
0.52688172043 0.113163972286
0.525469168901 0.113163972286
0.524064171123 0.113163972286
0.525333333333 0.113741339492
0.523936170213 0.113741339492
0.522546419098 0.113741339492
0.521164021164 0.113741339492
0.519788918206 0.113741339492
0.518421052632 0.113741339492
0.517060367454 0.113741339492
0.515706806283 0.113741339492
0.516971279373 0.114318706697
0.518229166667 0.114896073903
0.516883116883 0.114896073903
0.518134715026 0.115473441109
0.519379844961 0.116050808314
0.520618556701 0.11662817552
0.519280205656 0.11662817552
0.520512820513 0.117205542725
0.519181585678 0.117205542725
0.517857142857 0.117205542725
0.516539440204 0.117205542725
0.515228426396 0.117205542725
0.513924050633 0.117205542725
0.515151515152 0.117782909931
0.51637279597 0.118360277136
0.517587939698 0.118937644342
0.516290726817 0.118937644342
0.5175 0.119515011547
0.518703241895 0.120092378753
0.519900497512 0.120669745958
0.518610421836 0.120669745958
0.519801980198 0.121247113164
0.518518518519 0.121247113164
0.519704433498 0.12182448037
0.518427518428 0.12182448037
0.517156862745 0.12182448037
0.515892420538 0.12182448037
0.517073170732 0.122401847575
0.518248175182 0.122979214781
0.519417475728 0.123556581986
0.520581113801 0.124133949192
0.519323671498 0.124133949192
0.518072289157 0.124133949192
0.519230769231 0.124711316397
0.517985611511 0.124711316397
0.519138755981 0.125288683603
0.520286396181 0.125866050808
0.521428571429 0.126443418014
0.522565320665 0.127020785219
0.521327014218 0.127020785219
0.522458628842 0.127598152425
0.521226415094 0.127598152425
0.522352941176 0.12817551963
0.521126760563 0.12817551963
0.52224824356 0.128752886836
0.521028037383 0.128752886836
0.522144522145 0.129330254042
0.523255813953 0.129907621247
0.522041763341 0.129907621247
0.520833333333 0.129907621247
0.521939953811 0.130484988453
0.520737327189 0.130484988453
0.519540229885 0.130484988453
0.520642201835 0.131062355658
0.519450800915 0.131062355658
0.518264840183 0.131062355658
0.51708428246 0.131062355658
0.515909090909 0.131062355658
0.514739229025 0.131062355658
0.513574660633 0.131062355658
0.512415349887 0.131062355658
0.511261261261 0.131062355658
0.512359550562 0.131639722864
0.513452914798 0.132217090069
0.514541387025 0.132794457275
0.515625 0.13337182448
0.514476614699 0.13337182448
0.513333333333 0.13337182448
0.514412416851 0.133949191686
0.513274336283 0.133949191686
0.514348785872 0.134526558891
0.513215859031 0.134526558891
0.512087912088 0.134526558891
0.510964912281 0.134526558891
0.509846827133 0.134526558891
0.510917030568 0.135103926097
0.509803921569 0.135103926097
0.510869565217 0.135681293303
0.509761388286 0.135681293303
0.508658008658 0.135681293303
0.507559395248 0.135681293303
0.508620689655 0.136258660508
0.50752688172 0.136258660508
0.50643776824 0.136258660508
0.507494646681 0.136836027714
0.50641025641 0.136836027714
0.505330490405 0.136836027714
0.504255319149 0.136836027714
0.505307855626 0.137413394919
0.506355932203 0.137990762125
0.507399577167 0.13856812933
0.506329113924 0.13856812933
0.507368421053 0.139145496536
0.506302521008 0.139145496536
0.505241090147 0.139145496536
0.504184100418 0.139145496536
0.503131524008 0.139145496536
0.504166666667 0.139722863741
0.505197505198 0.140300230947
0.50622406639 0.140877598152
0.505175983437 0.140877598152
0.506198347107 0.141454965358
0.507216494845 0.142032332564
0.506172839506 0.142032332564
0.505133470226 0.142032332564
0.504098360656 0.142032332564
0.505112474438 0.142609699769
0.504081632653 0.142609699769
0.505091649695 0.143187066975
0.50406504065 0.143187066975
0.503042596349 0.143187066975
0.502024291498 0.143187066975
0.50303030303 0.14376443418
0.504032258065 0.144341801386
0.503018108652 0.144341801386
0.502008032129 0.144341801386
0.503006012024 0.144919168591
0.504 0.145496535797
0.502994011976 0.145496535797
0.501992031873 0.145496535797
0.502982107356 0.146073903002
0.503968253968 0.146651270208
0.50297029703 0.146651270208
0.50395256917 0.147228637413
0.504930966469 0.147806004619
0.505905511811 0.148383371824
0.506876227898 0.14896073903
0.505882352941 0.14896073903
0.506849315068 0.149538106236
0.505859375 0.149538106236
0.504873294347 0.149538106236
0.503891050584 0.149538106236
0.502912621359 0.149538106236
0.503875968992 0.150115473441
0.502901353965 0.150115473441
0.501930501931 0.150115473441
0.500963391137 0.150115473441
0.501923076923 0.150692840647
0.500959692898 0.150692840647
0.501915708812 0.151270207852
0.500956022945 0.151270207852
0.501908396947 0.151847575058
0.502857142857 0.152424942263
0.501901140684 0.152424942263
0.500948766603 0.152424942263
0.5 0.152424942263
0.499054820416 0.152424942263
0.498113207547 0.152424942263
0.499058380414 0.153002309469
0.498120300752 0.153002309469
0.499061913696 0.153579676674
0.498127340824 0.153579676674
0.497196261682 0.153579676674
0.498134328358 0.15415704388
0.497206703911 0.15415704388
0.498141263941 0.154734411085
0.497217068646 0.154734411085
0.496296296296 0.154734411085
0.495378927911 0.154734411085
0.494464944649 0.154734411085
0.493554327808 0.154734411085
0.492647058824 0.154734411085
0.493577981651 0.155311778291
0.492673992674 0.155311778291
0.493601462523 0.155889145497
0.492700729927 0.155889145497
0.491803278689 0.155889145497
0.492727272727 0.156466512702
0.491833030853 0.156466512702
0.490942028986 0.156466512702
0.491862567812 0.157043879908
0.492779783394 0.157621247113
0.493693693694 0.158198614319
0.492805755396 0.158198614319
0.491921005386 0.158198614319
0.492831541219 0.158775981524
0.491949910555 0.158775981524
0.491071428571 0.158775981524
0.491978609626 0.15935334873
0.492882562278 0.159930715935
0.49378330373 0.160508083141
0.494680851064 0.161085450346
0.495575221239 0.161662817552
0.494699646643 0.161662817552
0.495590828924 0.162240184758
0.494718309859 0.162240184758
0.493848857645 0.162240184758
0.49298245614 0.162240184758
0.492119089317 0.162240184758
0.491258741259 0.162240184758
0.492146596859 0.162817551963
0.493031358885 0.163394919169
0.492173913043 0.163394919169
0.493055555556 0.163972286374
0.493934142114 0.16454965358
0.494809688581 0.165127020785
0.493955094991 0.165127020785
0.493103448276 0.165127020785
0.492254733219 0.165127020785
0.491408934708 0.165127020785
0.490566037736 0.165127020785
0.491438356164 0.165704387991
0.492307692308 0.166281755196
0.491467576792 0.166281755196
0.49063032368 0.166281755196
0.491496598639 0.166859122402
0.490662139219 0.166859122402
0.489830508475 0.166859122402
0.489001692047 0.166859122402
0.488175675676 0.166859122402
0.487352445194 0.166859122402
0.488215488215 0.167436489607
0.489075630252 0.168013856813
0.489932885906 0.168591224018
0.489112227806 0.168591224018
0.488294314381 0.168591224018
0.487479131886 0.168591224018
0.486666666667 0.168591224018
0.485856905158 0.168591224018
0.485049833887 0.168591224018
0.484245439469 0.168591224018
0.483443708609 0.168591224018
0.482644628099 0.168591224018
0.481848184818 0.168591224018
0.481054365733 0.168591224018
0.480263157895 0.168591224018
0.481116584565 0.169168591224
0.480327868852 0.169168591224
0.479541734861 0.169168591224
0.478758169935 0.169168591224
0.479608482871 0.16974595843
0.480456026059 0.170323325635
0.479674796748 0.170323325635
0.478896103896 0.170323325635
0.47811993517 0.170323325635
0.477346278317 0.170323325635
0.478190630048 0.170900692841
0.477419354839 0.170900692841
0.478260869565 0.171478060046
0.479099678457 0.172055427252
0.478330658106 0.172055427252
0.479166666667 0.172632794457
0.4784 0.172632794457
0.479233226837 0.173210161663
0.478468899522 0.173210161663
0.477707006369 0.173210161663
0.47853736089 0.173787528868
0.477777777778 0.173787528868
0.477020602219 0.173787528868
0.477848101266 0.174364896074
0.477093206951 0.174364896074
0.476340694006 0.174364896074
0.475590551181 0.174364896074
0.47641509434 0.174942263279
0.477237048666 0.175519630485
0.476489028213 0.175519630485
0.47730829421 0.176096997691
0.478125 0.176674364896
0.477379095164 0.176674364896
0.478193146417 0.177251732102
0.47900466563 0.177829099307
0.478260869565 0.177829099307
0.477519379845 0.177829099307
0.478328173375 0.178406466513
0.47913446677 0.178983833718
0.478395061728 0.178983833718
0.477657935285 0.178983833718
0.476923076923 0.178983833718
0.477726574501 0.179561200924
0.476993865031 0.179561200924
0.477794793262 0.180138568129
0.477064220183 0.180138568129
0.47786259542 0.180715935335
0.477134146341 0.180715935335
0.476407914764 0.180715935335
0.477203647416 0.18129330254
0.476479514416 0.18129330254
0.477272727273 0.181870669746
0.476550680787 0.181870669746
0.47583081571 0.181870669746
0.475113122172 0.181870669746
0.475903614458 0.182448036952
0.476691729323 0.183025404157
0.477477477477 0.183602771363
0.478260869565 0.184180138568
0.479041916168 0.184757505774
0.478325859492 0.184757505774
0.479104477612 0.185334872979
0.478390461997 0.185334872979
0.477678571429 0.185334872979
0.478454680535 0.185912240185
0.477744807122 0.185912240185
0.477037037037 0.185912240185
0.476331360947 0.185912240185
0.475627769572 0.185912240185
0.476401179941 0.18648960739
0.477172312224 0.187066974596
0.477941176471 0.187644341801
0.477239353891 0.187644341801
0.476539589443 0.187644341801
0.475841874085 0.187644341801
0.47514619883 0.187644341801
0.474452554745 0.187644341801
0.475218658892 0.188221709007
0.475982532751 0.188799076212
0.476744186047 0.189376443418
0.477503628447 0.189953810624
0.478260869565 0.190531177829
0.477568740955 0.190531177829
0.476878612717 0.190531177829
0.47619047619 0.190531177829
0.475504322767 0.190531177829
0.476258992806 0.191108545035
0.475574712644 0.191108545035
0.474892395983 0.191108545035
0.47564469914 0.19168591224
0.474964234621 0.19168591224
0.475714285714 0.192263279446
0.475035663338 0.192263279446
0.474358974359 0.192263279446
0.473684210526 0.192263279446
0.473011363636 0.192263279446
0.472340425532 0.192263279446
0.471671388102 0.192263279446
0.472418670438 0.192840646651
0.471751412429 0.192840646651
0.472496473907 0.193418013857
0.47323943662 0.193995381062
0.473980309423 0.194572748268
0.473314606742 0.194572748268
0.474053295933 0.195150115473
0.473389355742 0.195150115473
0.472727272727 0.195150115473
0.473463687151 0.195727482679
0.47280334728 0.195727482679
0.473537604457 0.196304849885
0.474269819193 0.19688221709
0.473611111111 0.19688221709
0.474341192788 0.197459584296
0.473684210526 0.197459584296
0.474412171508 0.198036951501
0.473756906077 0.198036951501
0.474482758621 0.198614318707
0.47520661157 0.199191685912
0.474552957359 0.199191685912
0.473901098901 0.199191685912
0.473251028807 0.199191685912
0.472602739726 0.199191685912
0.47195622435 0.199191685912
0.47131147541 0.199191685912
0.472032742156 0.199769053118
0.472752043597 0.200346420323
0.473469387755 0.200923787529
0.474184782609 0.201501154734
0.473541383989 0.201501154734
0.472899728997 0.201501154734
0.473612990528 0.20207852194
0.472972972973 0.20207852194
0.472334682861 0.20207852194
0.473045822102 0.202655889145
0.473755047106 0.203233256351
0.47311827957 0.203233256351
0.473825503356 0.203810623557
0.473190348525 0.203810623557
0.473895582329 0.204387990762
0.474598930481 0.204965357968
0.473965287049 0.204965357968
0.473333333333 0.204965357968
0.472703062583 0.204965357968
0.472074468085 0.204965357968
0.471447543161 0.204965357968
0.470822281167 0.204965357968
0.470198675497 0.204965357968
0.469576719577 0.204965357968
0.470277410832 0.205542725173
0.470976253298 0.206120092379
0.470355731225 0.206120092379
0.469736842105 0.206120092379
0.469119579501 0.206120092379
0.469816272966 0.206697459584
0.469200524246 0.206697459584
0.468586387435 0.206697459584
0.469281045752 0.20727482679
0.468668407311 0.20727482679
0.468057366362 0.20727482679
0.467447916667 0.20727482679
0.468140442133 0.207852193995
0.468831168831 0.208429561201
0.4682230869 0.208429561201
0.467616580311 0.208429561201
0.46701164295 0.208429561201
0.466408268734 0.208429561201
0.467096774194 0.209006928406
0.466494845361 0.209006928406
0.467181467181 0.209584295612
0.467866323907 0.210161662818
0.467265725289 0.210161662818
0.466666666667 0.210161662818
0.466069142125 0.210161662818
0.46547314578 0.210161662818
0.466155810983 0.210739030023
0.46556122449 0.210739030023
0.464968152866 0.210739030023
0.464376590331 0.210739030023
0.463786531131 0.210739030023
0.464467005076 0.211316397229
0.465145754119 0.211893764434
0.46582278481 0.21247113164
0.465233881163 0.21247113164
0.464646464646 0.21247113164
0.464060529634 0.21247113164
0.464735516373 0.213048498845
0.464150943396 0.213048498845
0.464824120603 0.213625866051
0.464240903388 0.213625866051
0.46365914787 0.213625866051
0.464330413016 0.214203233256
0.46375 0.214203233256
0.464419475655 0.214780600462
0.465087281796 0.215357967667
0.464508094645 0.215357967667
0.463930348259 0.215357967667
0.464596273292 0.215935334873
0.464019851117 0.215935334873
0.463444857497 0.215935334873
0.462871287129 0.215935334873
0.462299134734 0.215935334873
0.462962962963 0.216512702079
0.462392108508 0.216512702079
0.461822660099 0.216512702079
0.461254612546 0.216512702079
0.461916461916 0.217090069284
0.461349693252 0.217090069284
0.460784313725 0.217090069284
0.460220318237 0.217090069284
0.459657701711 0.217090069284
0.460317460317 0.21766743649
0.459756097561 0.21766743649
0.459196102314 0.21766743649
0.458637469586 0.21766743649
0.458080194411 0.21766743649
0.457524271845 0.21766743649
0.458181818182 0.218244803695
0.457627118644 0.218244803695
0.45707376058 0.218244803695
0.45652173913 0.218244803695
0.457177322075 0.218822170901
0.456626506024 0.218822170901
0.456077015644 0.218822170901
0.455528846154 0.218822170901
0.454981992797 0.218822170901
0.455635491607 0.219399538106
0.45628742515 0.219976905312
0.455741626794 0.219976905312
0.455197132616 0.219976905312
0.454653937947 0.219976905312
0.454112038141 0.219976905312
0.453571428571 0.219976905312
0.453032104637 0.219976905312
0.452494061758 0.219976905312
0.453143534994 0.220554272517
0.452606635071 0.220554272517
0.45325443787 0.221131639723
0.45390070922 0.221709006928
0.453364817001 0.221709006928
0.452830188679 0.221709006928
0.45347467609 0.222286374134
0.452941176471 0.222286374134
0.45240893067 0.222286374134
0.451877934272 0.222286374134
0.452520515826 0.222863741339
0.453161592506 0.223441108545
0.452631578947 0.223441108545
0.452102803738 0.223441108545
0.451575262544 0.223441108545
0.451048951049 0.223441108545
0.450523864959 0.223441108545
0.451162790698 0.224018475751
0.450638792102 0.224018475751
0.451276102088 0.224595842956
0.45191193511 0.225173210162
0.452546296296 0.225750577367
0.452023121387 0.225750577367
0.452655889145 0.226327944573
0.453287197232 0.226905311778
0.452764976959 0.226905311778
0.453394706559 0.227482678984
0.452873563218 0.227482678984
0.453501722158 0.228060046189
0.452981651376 0.228060046189
0.45246277205 0.228060046189
0.453089244851 0.228637413395
0.452571428571 0.228637413395
0.452054794521 0.228637413395
0.451539338655 0.228637413395
0.451025056948 0.228637413395
0.450511945392 0.228637413395
0.45 0.228637413395
0.449489216799 0.228637413395
0.448979591837 0.228637413395
0.448471121178 0.228637413395
0.447963800905 0.228637413395
0.448587570621 0.2292147806
0.44920993228 0.229792147806
0.448703494927 0.229792147806
0.449324324324 0.230369515012
0.44994375703 0.230946882217
0.450561797753 0.231524249423
0.450056116723 0.231524249423
0.449551569507 0.231524249423
0.449048152296 0.231524249423
0.448545861298 0.231524249423
0.449162011173 0.232101616628
0.448660714286 0.232101616628
0.448160535117 0.232101616628
0.447661469933 0.232101616628
0.448275862069 0.232678983834
0.447777777778 0.232678983834
0.447280799112 0.232678983834
0.447893569845 0.233256351039
0.448504983389 0.233833718245
0.448008849558 0.233833718245
0.44861878453 0.23441108545
0.448123620309 0.23441108545
0.44762954796 0.23441108545
0.447136563877 0.23441108545
0.446644664466 0.23441108545
0.446153846154 0.23441108545
0.44676180022 0.234988452656
0.447368421053 0.235565819861
0.447973713034 0.236143187067
0.447483588621 0.236143187067
0.446994535519 0.236143187067
0.446506550218 0.236143187067
0.446019629226 0.236143187067
0.445533769063 0.236143187067
0.445048966268 0.236143187067
0.445652173913 0.236720554273
0.446254071661 0.237297921478
0.446854663774 0.237875288684
0.447453954496 0.238452655889
0.44696969697 0.238452655889
0.446486486486 0.238452655889
0.447084233261 0.239030023095
0.446601941748 0.239030023095
0.446120689655 0.239030023095
0.445640473628 0.239030023095
0.44623655914 0.2396073903
0.445757250269 0.2396073903
0.445278969957 0.2396073903
0.444801714898 0.2396073903
0.444325481799 0.2396073903
0.44385026738 0.2396073903
0.443376068376 0.2396073903
0.442902881537 0.2396073903
0.443496801706 0.240184757506
0.443024494143 0.240184757506
0.442553191489 0.240184757506
0.443145589798 0.240762124711
0.442675159236 0.240762124711
0.442205726405 0.240762124711
0.442796610169 0.241339491917
0.443386243386 0.241916859122
0.442917547569 0.241916859122
0.442449841605 0.241916859122
0.443037974684 0.242494226328
0.442571127503 0.242494226328
0.442105263158 0.242494226328
0.44269190326 0.243071593533
0.442226890756 0.243071593533
0.441762854145 0.243071593533
0.442348008386 0.243648960739
0.441884816754 0.243648960739
0.442468619247 0.244226327945
0.442006269592 0.244226327945
0.441544885177 0.244226327945
0.441084462982 0.244226327945
0.440625 0.244226327945
0.441207075963 0.24480369515
0.440748440748 0.24480369515
0.440290758048 0.24480369515
0.439834024896 0.24480369515
0.439378238342 0.24480369515
0.438923395445 0.24480369515
0.438469493278 0.24480369515
0.438016528926 0.24480369515
0.438596491228 0.245381062356
0.439175257732 0.245958429561
0.438722966014 0.245958429561
0.438271604938 0.245958429561
0.437821171634 0.245958429561
0.437371663244 0.245958429561
0.436923076923 0.245958429561
0.4375 0.246535796767
0.437052200614 0.246535796767
0.436605316973 0.246535796767
0.437180796731 0.247113163972
0.437755102041 0.247690531178
0.437308868502 0.247690531178
0.437881873727 0.248267898383
0.437436419125 0.248267898383
0.438008130081 0.248845265589
0.438578680203 0.249422632794
0.438133874239 0.249422632794
0.438703140831 0.25
0.438259109312 0.25
0.437815975733 0.25
0.437373737374 0.25
0.436932391524 0.25
0.436491935484 0.25
0.436052366566 0.25
0.43661971831 0.250577367206
0.437185929648 0.251154734411
0.436746987952 0.251154734411
0.437311935807 0.251732101617
0.436873747495 0.251732101617
0.437437437437 0.252309468822
0.437 0.252309468822
0.436563436563 0.252309468822
0.436127744511 0.252309468822
0.435692921236 0.252309468822
0.43625498008 0.252886836028
0.436815920398 0.253464203233
0.436381709742 0.253464203233
0.43594836147 0.253464203233
0.435515873016 0.253464203233
0.436075322101 0.254041570439
0.435643564356 0.254041570439
0.436201780415 0.254618937644
0.435770750988 0.254618937644
0.435340572557 0.254618937644
0.435897435897 0.25519630485
0.43645320197 0.255773672055
0.436023622047 0.255773672055
0.435594886922 0.255773672055
0.436149312377 0.256351039261
0.435721295388 0.256351039261
0.435294117647 0.256351039261
0.43486777669 0.256351039261
0.434442270059 0.256351039261
0.434017595308 0.256351039261
0.4345703125 0.256928406467
0.434146341463 0.256928406467
0.43469785575 0.257505773672
0.434274586173 0.257505773672
0.433852140078 0.257505773672
0.433430515063 0.257505773672
0.433009708738 0.257505773672
0.433559650824 0.258083140878
0.433139534884 0.258083140878
0.433688286544 0.258660508083
0.434235976789 0.259237875289
0.434782608696 0.259815242494
0.435328185328 0.2603926097
0.434908389585 0.2603926097
0.434489402697 0.2603926097
0.435033686237 0.260969976905
0.434615384615 0.260969976905
0.434197886647 0.260969976905
0.433781190019 0.260969976905
0.433365292426 0.260969976905
0.433908045977 0.261547344111
0.433492822967 0.261547344111
0.434034416826 0.262124711316
0.434574976122 0.262702078522
0.434160305344 0.262702078522
0.433746425167 0.262702078522
0.433333333333 0.262702078522
0.433872502379 0.263279445727
0.433460076046 0.263279445727
0.433048433048 0.263279445727
0.432637571157 0.263279445727
0.43317535545 0.263856812933
0.432765151515 0.263856812933
0.432355723746 0.263856812933
0.431947069943 0.263856812933
0.431539187913 0.263856812933
0.431132075472 0.263856812933
0.430725730443 0.263856812933
0.430320150659 0.263856812933
0.430856067733 0.264434180139
0.43045112782 0.264434180139
0.430985915493 0.265011547344
0.431519699812 0.26558891455
0.431115276476 0.26558891455
0.430711610487 0.26558891455
0.430308699719 0.26558891455
0.429906542056 0.26558891455
0.429505135387 0.26558891455
0.429104477612 0.26558891455
0.429636533085 0.266166281755
0.429236499069 0.266166281755
0.428837209302 0.266166281755
0.42843866171 0.266166281755
0.428969359331 0.266743648961
0.429499072356 0.267321016166
0.430027803522 0.267898383372
0.42962962963 0.267898383372
0.429232192414 0.267898383372
0.428835489834 0.267898383372
0.429362880886 0.268475750577
0.429889298893 0.269053117783
0.429493087558 0.269053117783
0.429097605893 0.269053117783
0.428702851886 0.269053117783
0.428308823529 0.269053117783
0.42883379247 0.269630484988
0.428440366972 0.269630484988
0.428964252979 0.270207852194
0.428571428571 0.270207852194
0.429094236048 0.2707852194
0.429616087751 0.271362586605
0.430136986301 0.271939953811
0.429744525547 0.271939953811
0.430264357338 0.272517321016
0.429872495446 0.272517321016
0.429481346679 0.272517321016
0.429090909091 0.272517321016
0.429609445958 0.273094688222
0.429219600726 0.273094688222
0.428830462375 0.273094688222
0.428442028986 0.273094688222
0.428054298643 0.273094688222
0.427667269439 0.273094688222
0.427280939476 0.273094688222
0.426895306859 0.273094688222
0.427412082958 0.273672055427
0.427027027027 0.273672055427
0.426642664266 0.273672055427
0.427158273381 0.274249422633
0.427672955975 0.274826789838
0.427289048474 0.274826789838
0.426905829596 0.274826789838
0.426523297491 0.274826789838
0.426141450313 0.274826789838
0.426654740608 0.275404157044
0.426273458445 0.275404157044
0.426785714286 0.275981524249
0.42640499554 0.275981524249
0.426024955437 0.275981524249
0.425645592164 0.275981524249
0.425266903915 0.275981524249
0.424888888889 0.275981524249
0.424511545293 0.275981524249
0.42413487134 0.275981524249
0.423758865248 0.275981524249
0.423383525244 0.275981524249
0.423008849558 0.275981524249
0.422634836428 0.275981524249
0.422261484099 0.275981524249
0.421888790821 0.275981524249
0.42151675485 0.275981524249
0.422026431718 0.276558891455
0.421654929577 0.276558891455
0.422163588391 0.277136258661
0.421792618629 0.277136258661
0.421422300263 0.277136258661
0.421929824561 0.277713625866
0.422436459246 0.278290993072
0.422066549912 0.278290993072
0.421697287839 0.278290993072
0.421328671329 0.278290993072
0.42096069869 0.278290993072
0.421465968586 0.278868360277
0.421098517873 0.278868360277
0.421602787456 0.279445727483
0.421235857267 0.279445727483
0.420869565217 0.279445727483
0.420503909644 0.279445727483
0.420138888889 0.279445727483
0.42064180399 0.280023094688
0.42027729636 0.280023094688
0.420779220779 0.280600461894
0.420415224913 0.280600461894
0.420051858254 0.280600461894
0.419689119171 0.280600461894
0.41932700604 0.280600461894
0.418965517241 0.280600461894
0.418604651163 0.280600461894
0.418244406196 0.280600461894
0.417884780739 0.280600461894
0.417525773196 0.280600461894
0.418025751073 0.281177829099
0.418524871355 0.281755196305
0.418166238218 0.281755196305
0.418664383562 0.28233256351
0.419161676647 0.282909930716
0.418803418803 0.282909930716
0.418445772844 0.282909930716
0.418088737201 0.282909930716
0.418584825234 0.283487297921
0.419080068143 0.284064665127
0.418723404255 0.284064665127
0.419217687075 0.284642032333
0.418861512319 0.284642032333
0.418505942275 0.284642032333
0.418999151824 0.285219399538
0.418644067797 0.285219399538
0.418289585097 0.285219399538
0.4179357022 0.285219399538
0.41842772612 0.285796766744
0.418074324324 0.285796766744
0.418565400844 0.286374133949
0.419055649241 0.286951501155
0.418702611626 0.286951501155
0.41835016835 0.286951501155
0.418839360807 0.28752886836
0.418487394958 0.28752886836
0.418136020151 0.28752886836
0.417785234899 0.28752886836
0.41743503772 0.28752886836
0.417085427136 0.28752886836
0.417573221757 0.288106235566
0.417224080268 0.288106235566
0.416875522139 0.288106235566
0.41652754591 0.288106235566
0.416180150125 0.288106235566
0.415833333333 0.288106235566
0.416319733555 0.288683602771
0.415973377704 0.288683602771
0.416458852868 0.289260969977
0.416112956811 0.289260969977
0.415767634855 0.289260969977
0.415422885572 0.289260969977
0.415078707539 0.289260969977
0.414735099338 0.289260969977
0.414392059553 0.289260969977
0.414049586777 0.289260969977
0.413707679604 0.289260969977
0.413366336634 0.289260969977
0.41384995878 0.289838337182
0.414332784185 0.290415704388
0.413991769547 0.290415704388
0.413651315789 0.290415704388
0.413311421528 0.290415704388
0.412972085386 0.290415704388
0.412633305989 0.290415704388
0.412295081967 0.290415704388
0.412776412776 0.290993071594
0.412438625205 0.290993071594
0.412101390025 0.290993071594
0.411764705882 0.290993071594
0.411428571429 0.290993071594
0.411092985318 0.290993071594
0.41075794621 0.290993071594
0.410423452769 0.290993071594
0.410089503662 0.290993071594
0.409756097561 0.290993071594
0.409423233144 0.290993071594
0.409902597403 0.291570438799
0.410381184104 0.292147806005
0.410048622366 0.292147806005
0.40971659919 0.292147806005
0.409385113269 0.292147806005
0.409862570736 0.29272517321
0.410339256866 0.293302540416
0.410008071025 0.293302540416
0.409677419355 0.293302540416
0.409347300564 0.293302540416
0.409822866345 0.293879907621
0.410297666935 0.294457274827
0.409967845659 0.294457274827
0.409638554217 0.294457274827
0.409309791332 0.294457274827
0.408981555734 0.294457274827
0.408653846154 0.294457274827
0.408326661329 0.294457274827
0.408 0.294457274827
0.408473221423 0.295034642032
0.408146964856 0.295034642032
0.40782122905 0.295034642032
0.407496012759 0.295034642032
0.407171314741 0.295034642032
0.406847133758 0.295034642032
0.406523468576 0.295034642032
0.406995230525 0.295612009238
0.406671961875 0.295612009238
0.406349206349 0.295612009238
0.406026962728 0.295612009238
0.405705229794 0.295612009238
0.405384006334 0.295612009238
0.405063291139 0.295612009238
0.404743083004 0.295612009238
0.404423380727 0.295612009238
0.40410418311 0.295612009238
0.404574132492 0.296189376443
0.404255319149 0.296189376443
0.403937007874 0.296189376443
0.404405979544 0.296766743649
0.404088050314 0.296766743649
0.403770620581 0.296766743649
0.403453689168 0.296766743649
0.403137254902 0.296766743649
0.402821316614 0.296766743649
0.403288958496 0.297344110855
0.403755868545 0.29792147806
0.403440187647 0.29792147806
0.403125 0.29792147806
0.40281030445 0.29792147806
0.402496099844 0.29792147806
0.402182385035 0.29792147806
0.401869158879 0.29792147806
0.401556420233 0.29792147806
0.401244167963 0.29792147806
0.401709401709 0.298498845266
0.401397515528 0.298498845266
0.401086113266 0.298498845266
0.401550387597 0.299076212471
0.401239349342 0.299076212471
0.401702786378 0.299653579677
0.402165506574 0.300230946882
0.402627511592 0.300808314088
0.402316602317 0.300808314088
0.40200617284 0.300808314088
0.401696222051 0.300808314088
0.401386748844 0.300808314088
0.401077752117 0.300808314088
0.400769230769 0.300808314088
0.400461183705 0.300808314088
0.400153609831 0.300808314088
0.399846508058 0.300808314088
0.400306748466 0.301385681293
0.400766283525 0.301963048499
0.401225114855 0.302540415704
0.400918133129 0.302540415704
0.400611620795 0.302540415704
0.400305576776 0.302540415704
0.4 0.302540415704
0.399694889397 0.302540415704
0.399390243902 0.302540415704
0.399086062452 0.302540415704
0.398782343988 0.302540415704
0.398479087452 0.302540415704
0.398176291793 0.302540415704
0.397873955961 0.302540415704
0.397572078907 0.302540415704
0.397270659591 0.302540415704
0.39696969697 0.302540415704
0.396669190008 0.302540415704
0.39636913767 0.302540415704
0.396825396825 0.30311778291
0.396525679758 0.30311778291
0.396226415094 0.30311778291
0.39592760181 0.30311778291
0.395629238885 0.30311778291
0.395331325301 0.30311778291
0.395033860045 0.30311778291
0.394736842105 0.30311778291
0.395191585274 0.303695150115
0.394894894895 0.303695150115
0.394598649662 0.303695150115
0.394302848576 0.303695150115
0.394007490637 0.303695150115
0.394461077844 0.304272517321
0.394166043381 0.304272517321
0.393871449925 0.304272517321
0.39357729649 0.304272517321
0.39328358209 0.304272517321
0.393736017897 0.304849884527
0.393442622951 0.304849884527
0.393149664929 0.304849884527
0.393601190476 0.305427251732
0.393308550186 0.305427251732
0.393016344725 0.305427251732
0.393466963623 0.306004618938
0.393916913947 0.306581986143
0.393624907339 0.306581986143
0.393333333333 0.306581986143
0.39304219097 0.306581986143
0.39349112426 0.307159353349
0.393939393939 0.307736720554
0.394387001477 0.30831408776
0.394095940959 0.30831408776
0.393805309735 0.30831408776
0.393515106853 0.30831408776
0.39322533137 0.30831408776
0.39293598234 0.30831408776
0.392647058824 0.30831408776
0.392358559882 0.30831408776
0.392804698972 0.308891454965
0.392516507704 0.308891454965
0.392228739003 0.308891454965
0.392673992674 0.309468822171
0.392386530015 0.309468822171
0.39209948793 0.309468822171
0.391812865497 0.309468822171
0.391526661797 0.309468822171
0.391240875912 0.309468822171
0.391684901532 0.310046189376
0.39139941691 0.310046189376
0.391114348143 0.310046189376
0.391557496361 0.310623556582
0.391272727273 0.310623556582
0.391715116279 0.311200923788
0.391430646333 0.311200923788
0.391872278665 0.311778290993
0.391588107324 0.311778290993
0.391304347826 0.311778290993
0.391020999276 0.311778290993
0.391461649783 0.312355658199
0.391901663051 0.312933025404
0.39161849711 0.312933025404
0.391335740072 0.312933025404
0.391053391053 0.312933025404
0.390771449171 0.312933025404
0.390489913545 0.312933025404
0.390208783297 0.312933025404
0.389928057554 0.312933025404
0.389647735442 0.312933025404
0.389367816092 0.312933025404
0.389088298636 0.312933025404
0.389526542324 0.31351039261
0.389247311828 0.31351039261
0.388968481375 0.31351039261
0.388690050107 0.31351039261
0.38912732475 0.314087759815
0.389563974267 0.314665127021
0.389285714286 0.314665127021
0.389007851535 0.314665127021
0.388730385164 0.314665127021
0.388453314326 0.314665127021
0.388176638177 0.314665127021
0.387900355872 0.314665127021
0.387624466572 0.314665127021
0.387348969439 0.314665127021
0.387073863636 0.314665127021
0.386799148332 0.314665127021
0.386524822695 0.314665127021
0.386959603118 0.315242494226
0.386685552408 0.315242494226
0.386411889597 0.315242494226
0.386138613861 0.315242494226
0.386572438163 0.315819861432
0.386299435028 0.315819861432
0.386732533522 0.316397228637
0.386459802539 0.316397228637
0.386187455955 0.316397228637
0.385915492958 0.316397228637
0.385643912738 0.316397228637
0.385372714487 0.316397228637
0.385804638089 0.316974595843
0.385533707865 0.316974595843
0.385263157895 0.316974595843
0.384992987377 0.316974595843
0.384723195515 0.316974595843
0.384453781513 0.316974595843
0.384184744577 0.316974595843
0.383916083916 0.316974595843
0.384346610762 0.317551963048
0.384078212291 0.317551963048
0.383810188416 0.317551963048
0.383542538354 0.317551963048
0.383275261324 0.317551963048
0.383704735376 0.318129330254
0.383437717467 0.318129330254
0.383866481224 0.31870669746
0.383599722029 0.31870669746
0.383333333333 0.31870669746
0.383067314365 0.31870669746
0.382801664355 0.31870669746
0.382536382536 0.31870669746
0.382271468144 0.31870669746
0.382698961938 0.319284064665
0.382434301521 0.319284064665
0.382170006911 0.319284064665
0.382596685083 0.319861431871
0.382332643202 0.319861431871
0.382068965517 0.319861431871
0.381805651275 0.319861431871
0.382231404959 0.320438799076
0.382656572608 0.321016166282
0.382393397524 0.321016166282
0.382130584192 0.321016166282
0.381868131868 0.321016166282
0.381606039808 0.321016166282
0.38134430727 0.321016166282
0.381082933516 0.321016166282
0.380821917808 0.321016166282
0.380561259411 0.321016166282
0.380300957592 0.321016166282
0.38004101162 0.321016166282
0.379781420765 0.321016166282
0.3795221843 0.321016166282
0.379945429741 0.321593533487
0.379686434901 0.321593533487
0.379427792916 0.321593533487
0.379850238257 0.322170900693
0.380272108844 0.322748267898
0.380013596193 0.322748267898
0.380434782609 0.323325635104
0.380176510523 0.323325635104
0.379918588874 0.323325635104
0.380338983051 0.323903002309
0.380758807588 0.324480369515
0.380501015572 0.324480369515
0.380243572395 0.324480369515
0.37998647735 0.324480369515
0.37972972973 0.324480369515
0.379473328832 0.324480369515
0.379892037787 0.325057736721
0.380310182063 0.325635103926
0.380053908356 0.325635103926
0.379797979798 0.325635103926
0.380215343203 0.326212471132
0.379959650303 0.326212471132
0.379704301075 0.326212471132
0.379449294829 0.326212471132
0.379194630872 0.326212471132
0.379610999329 0.326789838337
0.379356568365 0.326789838337
0.379102478232 0.326789838337
0.378848728246 0.326789838337
0.378595317726 0.326789838337
0.378342245989 0.326789838337
0.378089512358 0.326789838337
0.377837116155 0.326789838337
0.377585056704 0.326789838337
0.377333333333 0.326789838337
0.37708194537 0.326789838337
0.376830892144 0.326789838337
0.377245508982 0.327367205543
0.376994680851 0.327367205543
0.376744186047 0.327367205543
0.376494023904 0.327367205543
0.376244193762 0.327367205543
0.376657824934 0.327944572748
0.376408217362 0.327944572748
0.376158940397 0.327944572748
0.375909993382 0.327944572748
0.375661375661 0.327944572748
0.375413086583 0.327944572748
0.375825627477 0.328521939954
0.375577557756 0.328521939954
0.375329815303 0.328521939954
0.375082399473 0.328521939954
0.375494071146 0.329099307159
0.375246872943 0.329099307159
0.375657894737 0.329676674365
0.376068376068 0.33025404157
0.375821287779 0.33025404157
0.375574523966 0.33025404157
0.37532808399 0.33025404157
0.375081967213 0.33025404157
0.374836173001 0.33025404157
0.37459070072 0.33025404157
0.374345549738 0.33025404157
0.374100719424 0.33025404157
0.37385620915 0.33025404157
0.374265186153 0.330831408776
0.374673629243 0.331408775982
0.374429223744 0.331408775982
0.374185136897 0.331408775982
0.373941368078 0.331408775982
0.373697916667 0.331408775982
0.373454782043 0.331408775982
0.373211963589 0.331408775982
0.372969460689 0.331408775982
0.373376623377 0.331986143187
0.373134328358 0.331986143187
0.372892347601 0.331986143187
0.373298768633 0.332563510393
0.373056994819 0.332563510393
0.372815533981 0.332563510393
0.372574385511 0.332563510393
0.372333548804 0.332563510393
0.372739018088 0.333140877598
0.373143963848 0.333718244804
0.373548387097 0.334295612009
0.373952288846 0.334872979215
0.374355670103 0.33545034642
0.374758531874 0.336027713626
0.374517374517 0.336027713626
0.374919614148 0.336605080831
0.374678663239 0.336605080831
0.374438021837 0.336605080831
0.374197689345 0.336605080831
0.374599101988 0.337182448037
0.374358974359 0.337182448037
0.374119154388 0.337182448037
0.373879641485 0.337182448037
0.374280230326 0.337759815242
0.374040920716 0.337759815242
0.373801916933 0.337759815242
0.374201787995 0.338337182448
0.373962986599 0.338337182448
0.374362244898 0.338914549654
0.374760994264 0.339491916859
0.374522292994 0.339491916859
0.374283895608 0.339491916859
0.374045801527 0.339491916859
0.37444373808 0.340069284065
0.374205844981 0.340069284065
0.373968253968 0.340069284065
0.373730964467 0.340069284065
0.373493975904 0.340069284065
0.373257287706 0.340069284065
0.373654211526 0.34064665127
0.373417721519 0.34064665127
0.373181530677 0.34064665127
0.372945638432 0.34064665127
0.373341756159 0.341224018476
0.373106060606 0.341224018476
0.372870662461 0.341224018476
0.37263556116 0.341224018476
0.372400756144 0.341224018476
0.372166246851 0.341224018476
0.371932032725 0.341224018476
0.372327044025 0.341801385681
0.372093023256 0.341801385681
0.371859296482 0.341801385681
0.371625863151 0.341801385681
0.37139272271 0.341801385681
0.371159874608 0.341801385681
0.370927318296 0.341801385681
0.370695053225 0.341801385681
0.370463078849 0.341801385681
0.370231394622 0.341801385681
0.37 0.341801385681
0.369768894441 0.341801385681
0.369538077403 0.341801385681
0.369931378665 0.342378752887
0.36970074813 0.342378752887
0.369470404984 0.342378752887
0.369240348692 0.342378752887
0.369010578718 0.342378752887
0.368781094527 0.342378752887
0.368551895587 0.342378752887
0.368322981366 0.342378752887
0.368094351335 0.342378752887
0.367866004963 0.342378752887
0.367637941723 0.342378752887
0.36741016109 0.342378752887
0.367182662539 0.342378752887
0.366955445545 0.342378752887
0.367346938776 0.342956120092
0.367119901112 0.342956120092
0.367510809141 0.343533487298
0.367283950617 0.343533487298
0.367057371993 0.343533487298
0.36683107275 0.343533487298
0.366605052372 0.343533487298
0.366379310345 0.343533487298
0.366153846154 0.343533487298
0.365928659287 0.343533487298
0.365703749232 0.343533487298
0.365479115479 0.343533487298
0.36525475752 0.343533487298
0.365030674847 0.343533487298
0.364806866953 0.343533487298
0.364583333333 0.343533487298
0.364972443356 0.344110854503
0.364749082007 0.344110854503
0.364525993884 0.344110854503
0.364914425428 0.344688221709
0.364691508858 0.344688221709
0.364468864469 0.344688221709
0.364246491763 0.344688221709
0.364024390244 0.344688221709
0.363802559415 0.344688221709
0.363580998782 0.344688221709
0.363359707851 0.344688221709
0.363138686131 0.344688221709
0.362917933131 0.344688221709
0.36269744836 0.344688221709
0.36247723133 0.344688221709
0.362257281553 0.344688221709
0.362037598545 0.344688221709
0.361818181818 0.344688221709
0.36159903089 0.344688221709
0.361380145278 0.344688221709
0.361161524501 0.344688221709
0.361547762999 0.345265588915
0.361933534743 0.34584295612
0.361714975845 0.34584295612
0.361496680748 0.34584295612
0.361278648975 0.34584295612
0.361060880048 0.34584295612
0.360843373494 0.34584295612
0.360626128838 0.34584295612
0.361010830325 0.346420323326
0.360793746242 0.346420323326
0.361177884615 0.346997690531
0.360960960961 0.346997690531
0.360744297719 0.346997690531
0.360527894421 0.346997690531
0.3603117506 0.346997690531
0.360695026962 0.347575057737
0.360479041916 0.347575057737
0.36026331538 0.347575057737
0.36004784689 0.347575057737
0.359832635983 0.347575057737
0.359617682198 0.347575057737
0.36 0.348152424942
0.360381861575 0.348729792148
0.360166964818 0.348729792148
0.360548271752 0.349307159353
0.360333531864 0.349307159353
0.360119047619 0.349307159353
0.35990481856 0.349307159353
0.359690844233 0.349307159353
0.359477124183 0.349307159353
0.359263657957 0.349307159353
0.359050445104 0.349307159353
0.358837485172 0.349307159353
0.358624777712 0.349307159353
0.358412322275 0.349307159353
0.358792184725 0.349884526559
0.358579881657 0.349884526559
0.358367829687 0.349884526559
0.358156028369 0.349884526559
0.357944477259 0.349884526559
0.357733175915 0.349884526559
0.357522123894 0.349884526559
0.357311320755 0.349884526559
0.357100766058 0.349884526559
0.356890459364 0.349884526559
0.356680400235 0.349884526559
0.356470588235 0.349884526559
0.356848912404 0.350461893764
0.356639247944 0.350461893764
0.357017028773 0.35103926097
0.356807511737 0.35103926097
0.356598240469 0.35103926097
0.356389214537 0.35103926097
0.356180433509 0.35103926097
0.355971896956 0.35103926097
0.355763604447 0.35103926097
0.355555555556 0.35103926097
0.355347749854 0.35103926097
0.355140186916 0.35103926097
0.355516637478 0.351616628176
0.355309218203 0.351616628176
0.355685131195 0.352193995381
0.355477855478 0.352193995381
0.3552708212 0.352193995381
0.355646100116 0.352771362587
0.356020942408 0.353348729792
0.355813953488 0.353348729792
0.356188262638 0.353926096998
0.355981416957 0.353926096998
0.355774811376 0.353926096998
0.355568445476 0.353926096998
0.355942028986 0.354503464203
0.35573580533 0.354503464203
0.355529820498 0.354503464203
0.355324074074 0.354503464203
0.355696934644 0.355080831409
0.35549132948 0.355080831409
0.355285961872 0.355080831409
0.355658198614 0.355658198614
0.355452971725 0.355658198614
0.355247981546 0.355658198614
0.355043227666 0.355658198614
0.354838709677 0.355658198614
0.355210132412 0.35623556582
0.355581127733 0.356812933025
0.355376653249 0.356812933025
0.355172413793 0.356812933025
0.35496840896 0.356812933025
0.354764638347 0.356812933025
0.354561101549 0.356812933025
0.354357798165 0.356812933025
0.354154727794 0.356812933025
0.353951890034 0.356812933025
0.353749284488 0.356812933025
0.353546910755 0.356812933025
0.353344768439 0.356812933025
0.353142857143 0.356812933025
0.352941176471 0.356812933025
0.352739726027 0.356812933025
0.352538505419 0.356812933025
0.352337514253 0.356812933025
0.352706552707 0.357390300231
0.352505694761 0.357390300231
0.352874217416 0.357967667436
0.352673492605 0.357967667436
0.35247299602 0.357967667436
0.352840909091 0.358545034642
0.352640545145 0.358545034642
0.352440408627 0.358545034642
0.352240499149 0.358545034642
0.352040816327 0.358545034642
0.351841359773 0.358545034642
0.351642129105 0.358545034642
0.351443123939 0.358545034642
0.351244343891 0.358545034642
0.351045788581 0.358545034642
0.351412429379 0.359122401848
0.351214003388 0.359122401848
0.351015801354 0.359122401848
0.350817822899 0.359122401848
0.351183765502 0.359699769053
0.350985915493 0.359699769053
0.350788288288 0.359699769053
0.350590883512 0.359699769053
0.350956130484 0.360277136259
0.350758853288 0.360277136259
0.350561797753 0.360277136259
0.350364963504 0.360277136259
0.350168350168 0.360277136259
0.349971957375 0.360277136259
0.349775784753 0.360277136259
0.350140056022 0.360854503464
0.349944008959 0.360854503464
0.349748181309 0.360854503464
0.349552572707 0.360854503464
0.349916154276 0.36143187067
0.349720670391 0.36143187067
0.350083752094 0.362009237875
0.349888392857 0.362009237875
0.349693251534 0.362009237875
0.349498327759 0.362009237875
0.34930362117 0.362009237875
0.349109131403 0.362009237875
0.348914858097 0.362009237875
0.34872080089 0.362009237875
0.349082823791 0.362586605081
0.348888888889 0.362586605081
0.34869516935 0.362586605081
0.348501664817 0.362586605081
0.348308374931 0.362586605081
0.348115299335 0.362586605081
0.348476454294 0.363163972286
0.348283499446 0.363163972286
0.348090758163 0.363163972286
0.347898230088 0.363163972286
0.34770591487 0.363163972286
0.347513812155 0.363163972286
0.347874102706 0.363741339492
0.347682119205 0.363741339492
0.34804191947 0.364318706697
0.347850055127 0.364318706697
0.347658402204 0.364318706697
0.347466960352 0.364318706697
0.347826086957 0.364896073903
0.347634763476 0.364896073903
0.347443650357 0.364896073903
0.347252747253 0.364896073903
0.347062053817 0.364896073903
0.346871569704 0.364896073903
0.346681294569 0.364896073903
0.34649122807 0.364896073903
0.346301369863 0.364896073903
0.346659364732 0.365473441109
0.346469622332 0.365473441109
0.346827133479 0.366050808314
0.347184253691 0.36662817552
0.346994535519 0.36662817552
0.346805024577 0.36662817552
0.346615720524 0.36662817552
0.346972176759 0.367205542725
0.346782988004 0.367205542725
0.34659400545 0.367205542725
0.346405228758 0.367205542725
0.346216657594 0.367205542725
0.346572361262 0.367782909931
0.346383904296 0.367782909931
0.346739130435 0.368360277136
0.346550787615 0.368360277136
0.346362649294 0.368360277136
0.346174715138 0.368360277136
0.345986984816 0.368360277136
0.345799457995 0.368360277136
0.345612134345 0.368360277136
0.345966432052 0.368937644342
0.345779220779 0.368937644342
0.346133044889 0.369515011547
0.345945945946 0.369515011547
0.345759049163 0.369515011547
0.345572354212 0.369515011547
0.345385860766 0.369515011547
0.345199568501 0.369515011547
0.345013477089 0.369515011547
0.34536637931 0.370092378753
0.345718901454 0.370669745958
0.345532831001 0.370669745958
0.345346960732 0.370669745958
0.345161290323 0.370669745958
0.344975819452 0.370669745958
0.344790547798 0.370669745958
0.34460547504 0.370669745958
0.344420600858 0.370669745958
0.344235924933 0.370669745958
0.344051446945 0.370669745958
0.343867166577 0.370669745958
0.343683083512 0.370669745958
0.343499197432 0.370669745958
0.343315508021 0.370669745958
0.343132014965 0.370669745958
0.342948717949 0.370669745958
0.342765616658 0.370669745958
0.342582710779 0.370669745958
0.3424 0.370669745958
0.342217484009 0.370669745958
0.342035162493 0.370669745958
0.341853035144 0.370669745958
0.34167110165 0.370669745958
0.341489361702 0.370669745958
0.341307814992 0.370669745958
0.341126461211 0.370669745958
0.341476367499 0.371247113164
0.341825902335 0.37182448037
0.342175066313 0.372401847575
0.341993637328 0.372401847575
0.341812400636 0.372401847575
0.342161016949 0.372979214781
0.341979883536 0.372979214781
0.341798941799 0.372979214781
0.341618191433 0.372979214781
0.341437632135 0.372979214781
0.341257263603 0.372979214781
0.341077085533 0.372979214781
0.340897097625 0.372979214781
0.341244725738 0.373556581986
0.34106483922 0.373556581986
0.340885142255 0.373556581986
0.341232227488 0.374133949192
0.341052631579 0.374133949192
0.340873224619 0.374133949192
0.341219768665 0.374711316397
0.341040462428 0.374711316397
0.340861344538 0.374711316397
0.340682414698 0.374711316397
0.340503672613 0.374711316397
0.340849501835 0.375288683603
0.340670859539 0.375288683603
0.3404924044 0.375288683603
0.340314136126 0.375288683603
0.340136054422 0.375288683603
0.339958158996 0.375288683603
0.339780449556 0.375288683603
0.33960292581 0.375288683603
0.339425587467 0.375288683603
0.339248434238 0.375288683603
0.339071465832 0.375288683603
0.33889468196 0.375288683603
0.338718082335 0.375288683603
0.338541666667 0.375288683603
0.338365434669 0.375288683603
0.338709677419 0.375866050808
0.338533541342 0.375866050808
0.338357588358 0.375866050808
0.338701298701 0.376443418014
0.338525441329 0.376443418014
0.338349766476 0.376443418014
0.338174273859 0.376443418014
0.337998963193 0.376443418014
0.338341968912 0.377020785219
0.338166752978 0.377020785219
0.337991718427 0.377020785219
0.337816864977 0.377020785219
0.337642192347 0.377020785219
0.337467700258 0.377020785219
0.33729338843 0.377020785219
0.337119256582 0.377020785219
0.336945304438 0.377020785219
0.336771531717 0.377020785219
0.336597938144 0.377020785219
0.336424523442 0.377020785219
0.336251287333 0.377020785219
0.336078229542 0.377020785219
0.335905349794 0.377020785219
0.335732647815 0.377020785219
0.33556012333 0.377020785219
0.335387776066 0.377020785219
0.335215605749 0.377020785219
0.335043612109 0.377020785219
0.334871794872 0.377020785219
0.33521271143 0.377598152425
0.335040983607 0.377598152425
0.334869431644 0.377598152425
0.334698055271 0.377598152425
0.33452685422 0.377598152425
0.334355828221 0.377598152425
0.334184977006 0.377598152425
0.334525025536 0.37817551963
0.334354262379 0.37817551963
0.334183673469 0.37817551963
0.334013258542 0.37817551963
0.333843017329 0.37817551963
0.333672949567 0.37817551963
0.33350305499 0.37817551963
0.333333333333 0.37817551963
0.333163784334 0.37817551963
0.332994407728 0.37817551963
0.333333333333 0.378752886836
0.333164042661 0.378752886836
0.332994923858 0.378752886836
0.332825976662 0.378752886836
0.332657200811 0.378752886836
0.332488596047 0.378752886836
0.332320162107 0.378752886836
0.332151898734 0.378752886836
0.332489878543 0.379330254042
0.332321699545 0.379330254042
0.332153690597 0.379330254042
0.33198585144 0.379330254042
0.331818181818 0.379330254042
0.331650681474 0.379330254042
0.331483350151 0.379330254042
0.331316187595 0.379330254042
0.331149193548 0.379330254042
0.330982367758 0.379330254042
0.33081570997 0.379330254042
0.331152491193 0.379907621247
0.330985915493 0.379907621247
0.331322272499 0.380484988453
0.331155778894 0.380484988453
0.330989452536 0.380484988453
0.330823293173 0.380484988453
0.330657300552 0.380484988453
0.330491474423 0.380484988453
0.330325814536 0.380484988453
0.330160320641 0.380484988453
0.329994992489 0.380484988453
0.32982982983 0.380484988453
0.329664832416 0.380484988453
0.33 0.381062355658
0.329835082459 0.381062355658
0.32967032967 0.381062355658
0.330004992511 0.381639722864
0.329840319361 0.381639722864
0.329675810474 0.381639722864
0.33000997009 0.382217090069
0.329845540608 0.382217090069
0.3296812749 0.382217090069
0.330014932802 0.382794457275
0.329850746269 0.382794457275
0.329686723023 0.382794457275
0.329522862823 0.382794457275
0.329359165425 0.382794457275
0.329195630586 0.382794457275
0.329032258065 0.382794457275
0.328869047619 0.382794457275
0.329201784829 0.38337182448
0.329038652131 0.38337182448
0.32887568103 0.38337182448
0.328712871287 0.38337182448
0.328550222662 0.38337182448
0.328387734916 0.38337182448
0.32822540781 0.38337182448
0.328063241107 0.38337182448
0.327901234568 0.38337182448
0.328232971372 0.383949191686
0.328071040947 0.383949191686
0.327909270217 0.383949191686
0.327747658945 0.383949191686
0.327586206897 0.383949191686
0.327424913836 0.383949191686
0.327263779528 0.383949191686
0.327102803738 0.383949191686
0.326941986234 0.383949191686
0.327272727273 0.384526558891
0.327111984283 0.384526558891
0.326951399116 0.384526558891
0.326790971541 0.384526558891
0.326630701324 0.384526558891
0.326960784314 0.385103926097
0.326800587947 0.385103926097
0.326640548482 0.385103926097
0.326480665688 0.385103926097
0.326320939335 0.385103926097
0.326161369193 0.385103926097
0.326001955034 0.385103926097
0.325842696629 0.385103926097
0.32568359375 0.385103926097
0.325524646169 0.385103926097
0.325365853659 0.385103926097
0.325207215992 0.385103926097
0.325048732943 0.385103926097
0.324890404286 0.385103926097
0.324732229796 0.385103926097
0.325060827251 0.385681293303
0.325389105058 0.386258660508
0.325230918814 0.386258660508
0.325558794947 0.386836027714
0.325400679942 0.386836027714
0.325242718447 0.386836027714
0.325084910238 0.386836027714
0.324927255092 0.386836027714
0.324769752787 0.386836027714
0.324612403101 0.386836027714
0.324455205811 0.386836027714
0.324298160697 0.386836027714
0.324141267537 0.386836027714
0.323984526112 0.386836027714
0.323827936201 0.386836027714
0.323671497585 0.386836027714
0.323515210043 0.386836027714
0.323359073359 0.386836027714
0.323203087313 0.386836027714
0.323047251688 0.386836027714
0.323373493976 0.387413394919
0.323217726397 0.387413394919
0.323062108811 0.387413394919
0.322906641001 0.387413394919
0.322751322751 0.387413394919
0.322596153846 0.387413394919
0.322921672273 0.387990762125
0.322766570605 0.387990762125
0.323091694671 0.38856812933
0.322936660269 0.38856812933
0.32278177458 0.38856812933
0.322627037392 0.38856812933
0.322472448491 0.38856812933
0.322318007663 0.38856812933
0.322163714696 0.38856812933
0.322009569378 0.38856812933
0.321855571497 0.38856812933
0.321701720841 0.38856812933
0.3215480172 0.38856812933
0.321394460363 0.38856812933
0.321241050119 0.38856812933
0.32108778626 0.38856812933
0.320934668574 0.38856812933
0.320781696854 0.38856812933
0.320628870891 0.38856812933
0.320476190476 0.38856812933
0.320799619229 0.389145496536
0.320647002854 0.389145496536
0.320494531621 0.389145496536
0.320342205323 0.389145496536
0.320190023753 0.389145496536
0.320037986705 0.389145496536
0.319886093972 0.389145496536
0.319734345351 0.389145496536
0.319582740635 0.389145496536
0.319431279621 0.389145496536
0.319279962103 0.389145496536
0.319128787879 0.389145496536
0.318977756744 0.389145496536
0.319299905393 0.389722863741
0.31914893617 0.389722863741
0.318998109641 0.389722863741
0.318847425602 0.389722863741
0.318696883853 0.389722863741
0.318546484191 0.389722863741
0.318867924528 0.390300230947
0.318717586044 0.390300230947
0.318567389255 0.390300230947
0.31888836552 0.390877598152
0.318738229755 0.390877598152
0.318588235294 0.390877598152
0.318438381938 0.390877598152
0.318288669488 0.390877598152
0.318139097744 0.390877598152
0.31798966651 0.390877598152
0.317840375587 0.390877598152
0.317691224777 0.390877598152
0.317542213884 0.390877598152
0.31739334271 0.390877598152
0.31771321462 0.391454965358
0.31756440281 0.391454965358
0.317415730337 0.391454965358
0.317267197005 0.391454965358
0.317118802619 0.391454965358
0.316970546985 0.391454965358
0.316822429907 0.391454965358
0.316674451191 0.391454965358
0.316526610644 0.391454965358
0.316378908073 0.391454965358
0.316697761194 0.392032332564
0.31655011655 0.392032332564
0.316402609506 0.392032332564
0.31625523987 0.392032332564
0.316108007449 0.392032332564
0.315960912052 0.392032332564
0.315813953488 0.392032332564
0.315667131567 0.392032332564
0.315520446097 0.392032332564
0.315373896888 0.392032332564
0.315227483751 0.392032332564
0.315081206497 0.392032332564
0.314935064935 0.392032332564
0.314789058878 0.392032332564
0.314643188137 0.392032332564
0.314497452524 0.392032332564
0.314351851852 0.392032332564
0.314206385932 0.392032332564
0.314061054579 0.392032332564
0.313915857605 0.392032332564
0.313770794824 0.392032332564
0.313625866051 0.392032332564
0.313481071099 0.392032332564
0.313336409783 0.392032332564
0.313191881919 0.392032332564
0.313047487321 0.392032332564
0.312903225806 0.392032332564
0.31275909719 0.392032332564
0.312615101289 0.392032332564
0.31247123792 0.392032332564
0.3123275069 0.392032332564
0.312183908046 0.392032332564
0.312040441176 0.392032332564
0.311897106109 0.392032332564
0.311753902663 0.392032332564
0.311610830656 0.392032332564
0.311467889908 0.392032332564
0.311325080238 0.392032332564
0.311182401467 0.392032332564
0.311039853413 0.392032332564
0.310897435897 0.392032332564
0.310755148741 0.392032332564
0.310612991766 0.392032332564
0.310470964792 0.392032332564
0.310329067642 0.392032332564
0.310187300137 0.392032332564
0.3100456621 0.392032332564
0.309904153355 0.392032332564
0.309762773723 0.392032332564
0.309621523028 0.392032332564
0.309480401094 0.392032332564
0.309339407745 0.392032332564
0.309198542805 0.392032332564
0.309512972235 0.392609699769
0.309372156506 0.392609699769
0.30968622101 0.393187066975
0.309545454545 0.393187066975
0.309404815993 0.393187066975
0.309718437784 0.39376443418
0.309577848389 0.39376443418
0.30943738657 0.39376443418
0.309297052154 0.39376443418
0.309156844968 0.39376443418
0.309016764839 0.39376443418
0.308876811594 0.39376443418
0.308736985061 0.39376443418
0.308597285068 0.39376443418
0.308457711443 0.39376443418
0.308318264014 0.39376443418
0.308178942612 0.39376443418
0.308039747064 0.39376443418
0.307900677201 0.39376443418
0.30821299639 0.394341801386
0.308073973839 0.394341801386
0.307935076646 0.394341801386
0.307796304642 0.394341801386
0.307657657658 0.394341801386
0.307519135525 0.394341801386
0.307380738074 0.394341801386
0.307242465137 0.394341801386
0.307104316547 0.394341801386
0.306966292135 0.394341801386
0.307277628032 0.394919168591
0.307139649753 0.394919168591
0.307001795332 0.394919168591
0.306864064603 0.394919168591
0.306726457399 0.394919168591
0.306588973554 0.394919168591
0.306451612903 0.394919168591
0.30631437528 0.394919168591
0.306624888093 0.395496535797
0.306487695749 0.395496535797
0.306350626118 0.395496535797
0.306213679034 0.395496535797
0.306523681859 0.396073903002
0.306386779812 0.396073903002
0.306696428571 0.396651270208
0.30655957162 0.396651270208
0.306422836753 0.396651270208
0.306286223807 0.396651270208
0.30614973262 0.396651270208
0.306458797327 0.397228637413
0.306322350846 0.397228637413
0.306186025812 0.397228637413
0.306049822064 0.397228637413
0.30591373944 0.397228637413
0.305777777778 0.397228637413
0.305641936917 0.397228637413
0.305506216696 0.397228637413
0.305370616955 0.397228637413
0.305235137533 0.397228637413
0.305099778271 0.397228637413
0.304964539007 0.397228637413
0.304829419584 0.397228637413
0.304694419841 0.397228637413
0.304559539619 0.397228637413
0.304424778761 0.397228637413
0.304290137107 0.397228637413
0.304597701149 0.397806004619
0.304463102077 0.397806004619
0.304328621908 0.397806004619
0.304635761589 0.398383371824
0.304501323919 0.398383371824
0.304367004852 0.398383371824
0.304232804233 0.398383371824
0.304098721904 0.398383371824
0.303964757709 0.398383371824
0.303830911493 0.398383371824
0.303697183099 0.398383371824
0.303563572371 0.398383371824
0.303430079156 0.398383371824
0.303296703297 0.398383371824
0.30316344464 0.398383371824
0.30303030303 0.398383371824
0.302897278314 0.398383371824
0.302764370338 0.398383371824
0.303070175439 0.39896073903
0.302937308198 0.39896073903
0.302804557406 0.39896073903
0.303109943057 0.399538106236
0.303415061296 0.400115473441
0.303282275711 0.400115473441
0.303149606299 0.400115473441
0.303017052908 0.400115473441
0.303321678322 0.400692840647
0.303189165574 0.400692840647
0.303056768559 0.400692840647
0.302924487124 0.400692840647
0.303228621291 0.401270207852
0.303096380288 0.401270207852
0.302964254577 0.401270207852
0.302832244009 0.401270207852
0.302700348432 0.401270207852
0.302568567697 0.401270207852
0.302436901654 0.401270207852
0.302305350152 0.401270207852
0.302173913043 0.401270207852
0.302042590178 0.401270207852
0.301911381407 0.401270207852
0.301780286583 0.401270207852
0.301649305556 0.401270207852
0.301518438178 0.401270207852
0.301387684302 0.401270207852
0.30125704378 0.401270207852
0.301126516464 0.401270207852
0.300996102209 0.401270207852
0.300865800866 0.401270207852
0.300735612289 0.401270207852
0.300605536332 0.401270207852
0.300475572849 0.401270207852
0.300345721694 0.401270207852
0.300215982721 0.401270207852
0.300518134715 0.401847575058
0.300820025896 0.402424942263
0.300690250216 0.402424942263
0.30056058646 0.402424942263
0.300431034483 0.402424942263
0.30030159414 0.402424942263
0.300172265289 0.402424942263
0.300043047783 0.402424942263
0.29991394148 0.402424942263
0.299784946237 0.402424942263
0.299656061909 0.402424942263
0.299527288354 0.402424942263
0.29939862543 0.402424942263
0.299270072993 0.402424942263
0.299141630901 0.402424942263
