634 1 0.999821841717
20917 1 0.999285280704
27028 1 0.999130189419
58500 1 0.998846411705
10153 1 0.998814582825
5356 1 0.998804211617
88783 1 0.998702287674
91210 1 0.998538374901
59721 1 0.998530745506
62894 1 0.998106956482
25872 1 0.997827470303
3160 1 0.997820496559
57243 1 0.997754752636
82299 1 0.997550904751
36052 1 0.997346639633
87308 1 0.997333526611
65238 1 0.996782898903
78322 1 0.996739685535
84797 1 0.996318340302
80608 1 0.995832622051
43256 1 0.995703399181
37761 1 0.995494008064
4265 1 0.99545031786
76572 1 0.995420515537
26790 1 0.994737923145
26715 1 0.994337618351
2364 1 0.994276463985
5384 1 0.993728637695
68642 1 0.993368804455
8692 1 0.993117451668
4331 1 0.99193161726
5661 1 0.991907835007
26497 1 0.991543412209
86133 1 0.99149698019
69181 1 0.991469800472
22247 1 0.991069316864
25772 1 0.991029381752
23701 1 0.990928947926
88938 1 0.990926623344
38955 1 0.990788400173
3706 1 0.990547835827
55668 1 0.990521073341
1958 1 0.990425288677
10038 1 0.990402817726
46201 1 0.990353345871
16049 1 0.990273058414
40156 1 0.989988386631
49832 1 0.989962756634
52350 1 0.989859044552
12463 1 0.989760935307
55134 1 0.989387273788
49084 1 0.989053308964
13538 1 0.988578796387
40502 1 0.98843318224
22257 1 0.988349199295
35410 1 0.98802280426
79467 1 0.987772524357
60907 1 0.987252354622
325 1 0.987244784832
22239 1 0.986393988132
36888 1 0.985315084457
56049 1 0.985227227211
28634 1 0.985071063042
4679 1 0.985070109367
21197 1 0.984984517097
841 1 0.984741032124
70760 1 0.984447598457
66282 1 0.98432725668
7243 1 0.984275519848
53230 1 0.983611285686
17501 1 0.983450770378
44020 1 0.98337328434
49161 1 0.983238697052
8680 1 0.982325077057
44676 1 0.982034444809
14082 4 0.981801331043
19330 1 0.981603622437
642 1 0.98152589798
72198 1 0.981521308422
50190 1 0.981391191483
84730 1 0.981298089027
73947 1 0.979939818382
34090 1 0.978223264217
3527 1 0.97812962532
20697 1 0.977653443813
22177 4 0.977617263794
55877 1 0.977471649647
5475 1 0.976854741573
20501 1 0.976665437222
64040 1 0.975835621357
46007 1 0.975309848785
269 1 0.975157022476
41233 1 0.975127696991
46747 1 0.974300444126
82879 1 0.974275350571
59841 1 0.974253594875
50965 1 0.973582983017
86818 1 0.973204255104
7699 1 0.972932994366
36939 1 0.972722828388
60803 1 0.972248852253
10162 1 0.971619725227
46526 1 0.97143137455
18460 1 0.97102701664
50546 4 0.970389425755
19227 1 0.970264971256
420 1 0.969908893108
35197 1 0.969698429108
31204 1 0.969392955303
60726 1 0.969325423241
71006 1 0.968640863895
47349 1 0.968139231205
46565 1 0.967270255089
32660 1 0.967149734497
11801 4 0.967095315456
6357 1 0.96625161171
48575 1 0.965335130692
34256 1 0.964583694935
15614 1 0.963737010956
67140 1 0.963702499866
35668 1 0.963388621807
9676 1 0.963233649731
47024 1 0.962992668152
85153 1 0.962687969208
16301 1 0.962480545044
84936 1 0.962402462959
15916 1 0.959708452225
69665 1 0.959034621716
21924 1 0.958788573742
50090 1 0.958497941494
11462 1 0.958454012871
66711 1 0.958442926407
88137 1 0.958071231842
12810 1 0.95794481039
8105 1 0.957709491253
30298 1 0.957697033882
83506 1 0.957640051842
58784 1 0.957006394863
60088 1 0.956577837467
19747 1 0.955883085728
41789 1 0.955766737461
49018 1 0.955566883087
33696 1 0.955334067345
49274 1 0.955332100391
89667 1 0.954918861389
89443 1 0.954885363579
52262 4 0.954655349255
59029 1 0.951785683632
8745 1 0.951644361019
42415 1 0.950950682163
31081 1 0.950782954693
82160 4 0.948661088943
76717 1 0.948173224926
7750 1 0.947985053062
27691 1 0.947663009167
52820 1 0.947523117065
5523 1 0.947508454323
17333 1 0.947508275509
66592 1 0.947477996349
49076 1 0.947037816048
57463 1 0.946867287159
66567 1 0.94612121582
90607 1 0.945618033409
37166 1 0.9451649189
38120 1 0.944887697697
74068 1 0.94484680891
23399 1 0.943744957447
5558 1 0.943672657013
76245 1 0.943062186241
91609 1 0.940930187702
55578 1 0.940763354301
52211 1 0.940438210964
46745 1 0.93909984827
62056 1 0.938980221748
87338 1 0.938940286636
59280 1 0.937967658043
2155 1 0.937677443027
62824 1 0.937019705772
62181 4 0.936598420143
12557 1 0.935818970203
61727 1 0.9357239604
54305 1 0.934995412827
4841 1 0.934859991074
15302 1 0.93478167057
10432 1 0.933649897575
87612 1 0.933462023735
41055 1 0.93346196413
69751 1 0.932273566723
20804 1 0.932116031647
63167 1 0.931959569454
90633 1 0.931896388531
45875 1 0.931680679321
38938 1 0.931341648102
38227 1 0.930730938911
22583 1 0.930552124977
20713 1 0.929328203201
68660 1 0.929196953773
2256 1 0.929039597511
50241 1 0.927943885326
88117 1 0.926082313061
51784 1 0.926068603992
53396 1 0.925711393356
60218 1 0.925267457962
5697 1 0.925249874592
34665 4 0.925219595432
51754 1 0.924120426178
18571 1 0.923968136311
79094 1 0.923749625683
68717 1 0.923673391342
57739 1 0.922415077686
69938 1 0.922170102596
64789 1 0.921550929546
90061 1 0.921191334724
76861 1 0.921162605286
20206 1 0.920552968979
629 1 0.919246733189
19589 1 0.919242918491
56888 1 0.918778061867
91277 4 0.918687880039
42594 1 0.917969405651
11143 1 0.917792916298
38509 1 0.917621016502
22043 1 0.916518688202
55755 1 0.916133463383
83931 1 0.915867507458
60106 1 0.915332317352
1913 4 0.914193272591
29398 4 0.913402497768
48689 1 0.912614166737
85006 4 0.912259280682
66444 1 0.911271035671
61250 1 0.910605311394
34458 7 0.90929287672
3226 1 0.907606840134
62554 1 0.907001256943
432 1 0.906906664371
28451 1 0.905980229378
84960 4 0.90514177084
43041 1 0.904903054237
4095 1 0.90385979414
13624 1 0.902859032154
55623 4 0.901804208755
57306 1 0.901155352592
60763 4 0.900387644768
43610 1 0.899987280369
4930 1 0.899138867855
66591 1 0.899068534374
49616 1 0.898830711842
22196 1 0.89864218235
51074 4 0.897311985493
51875 1 0.897108614445
58062 1 0.896999180317
54976 1 0.895382225513
43067 1 0.893196642399
13611 1 0.893147647381
51192 4 0.892892479897
21956 1 0.891016244888
28799 1 0.890734791756
5795 1 0.890554845333
5248 1 0.889650583267
28520 1 0.889221429825
45577 1 0.889097690582
5275 1 0.888963580132
33904 1 0.888259410858
57651 1 0.887257039547
52353 1 0.886495172977
85928 1 0.886288940907
91230 1 0.88549721241
62098 4 0.885239183903
38382 1 0.883087337017
62578 1 0.883052945137
83301 1 0.8828535676
55913 1 0.88258254528
87366 1 0.882131636143
19655 1 0.881699740887
69316 1 0.88110768795
38094 1 0.881043016911
90352 4 0.880797684193
17774 1 0.880390763283
71962 1 0.879404902458
1737 1 0.879314720631
65433 4 0.878702044487
86741 1 0.877918899059
44997 1 0.875088572502
46779 1 0.874317407608
9763 1 0.873202383518
10233 1 0.873021900654
81825 1 0.872991263866
38092 1 0.87150156498
89177 1 0.871386408806
67141 1 0.870568454266
27578 1 0.870001554489
17387 1 0.86979085207
90510 1 0.868931055069
8518 4 0.86862295866
80969 1 0.868410110474
73632 1 0.866051733494
88115 1 0.865973293781
65390 7 0.865358352661
12657 1 0.865169644356
18652 1 0.865168690681
5139 1 0.864471375942
83934 1 0.86355304718
55218 1 0.863244891167
35795 1 0.86290448904
11595 1 0.862367033958
798 1 0.861478924751
18219 1 0.860286056995
30927 1 0.859600841999
44361 1 0.858915090561
73338 1 0.858441531658
9462 1 0.857538402081
54489 1 0.856817722321
37843 1 0.85600155592
76575 1 0.855844259262
51693 1 0.855598092079
6096 1 0.854972660542
46568 1 0.854694604874
10306 4 0.853813827038
64638 1 0.853712916374
2067 1 0.853054344654
75798 1 0.853025913239
12300 1 0.851521193981
19759 1 0.851143538952
20156 1 0.849977076054
76635 1 0.849692702293
7539 1 0.849262058735
32859 1 0.848983287811
55446 1 0.848635554314
9041 1 0.848407506943
2973 1 0.847533106804
899 1 0.845281302929
21852 1 0.844873845577
29149 7 0.843729138374
78009 1 0.843158364296
48117 4 0.842501819134
69817 1 0.839184463024
53930 1 0.838400363922
54468 1 0.837862491608
86336 1 0.837603211403
437 1 0.837450385094
52583 1 0.836077988148
26960 1 0.835579454899
2204 1 0.835091948509
43077 1 0.833844900131
50349 1 0.832893848419
38247 1 0.83266466856
5932 1 0.832547485828
8715 4 0.83249527216
37928 1 0.832107841969
87462 1 0.83210515976
78824 1 0.831140637398
77992 1 0.830612421036
32044 1 0.829552292824
79503 4 0.828518211842
73337 1 0.827814519405
91627 1 0.825947284698
28388 1 0.825797736645
67394 1 0.824859321117
10307 4 0.824770450592
27041 1 0.823413550854
23150 1 0.823376774788
67184 1 0.82291918993
51218 1 0.82233953476
16647 4 0.819002151489
16174 1 0.818567276001
7537 1 0.817997992039
37650 1 0.815749645233
74246 4 0.814867854118
41074 1 0.814735293388
54 1 0.812673985958
44730 1 0.81258136034
65431 4 0.811614394188
1778 1 0.81112909317
74303 1 0.81017190218
47717 4 0.808396458626
66030 1 0.808213353157
23999 1 0.80765247345
43169 1 0.806307911873
88902 1 0.805689692497
35938 1 0.805623829365
67029 1 0.805574059486
22229 1 0.805443823338
48162 1 0.805222928524
46838 1 0.804855167866
71726 1 0.802814900875
29148 1 0.80242562294
47714 1 0.802304148674
40540 1 0.800965607166
88926 1 0.800792694092
66010 1 0.800415813923
7977 1 0.799429416656
48908 1 0.797642529011
17468 1 0.797314524651
1244 4 0.79642355442
77 1 0.796001672745
8770 3 0.795453131199
40405 1 0.793649017811
58385 1 0.79325312376
43071 1 0.792265594006
11882 1 0.792223751545
12093 1 0.792069137096
1671 1 0.791996836662
62182 4 0.791825056076
8503 1 0.791450858116
6837 1 0.789337515831
18914 1 0.788791596889
12190 4 0.788500010967
74254 4 0.788255155087
76866 4 0.785593926907
10509 4 0.785194337368
87109 1 0.784590542316
45529 1 0.78373748064
25204 4 0.782891988754
15339 1 0.781659781933
16433 1 0.781112611294
5011 1 0.780770659447
11656 1 0.780308187008
16093 1 0.77991437912
55884 1 0.779476225376
1959 1 0.779321551323
73889 7 0.779259324074
74755 1 0.778878867626
6706 1 0.778790652752
43887 1 0.778252720833
6710 1 0.777974665165
68520 1 0.777150273323
34156 1 0.776418864727
75966 1 0.774922251701
1321 4 0.772680342197
24163 1 0.772217988968
5913 1 0.770727813244
63110 1 0.770685374737
62216 4 0.770093858242
34260 1 0.76992303133
29853 1 0.768900692463
2258 1 0.768388569355
66956 1 0.768199980259
572 1 0.767651021481
84875 1 0.767235994339
20459 1 0.766651511192
66772 4 0.765484452248
55481 1 0.765422999859
54560 1 0.764524519444
59772 1 0.764268219471
64013 1 0.764183163643
8162 1 0.763169109821
27944 1 0.763110339642
89000 1 0.761508882046
11394 1 0.760949909687
31624 1 0.760722994804
87910 4 0.760612785816
23278 1 0.76059448719
61802 1 0.760089159012
13604 1 0.759940981865
62682 1 0.759807169437
65577 4 0.759636759758
32886 1 0.759443163872
62370 1 0.759048223495
84620 1 0.759046673775
20045 4 0.758339524269
75664 1 0.757838129997
1610 4 0.757334172726
57650 7 0.754286527634
29407 1 0.754029452801
10397 4 0.753915071487
45121 1 0.753609955311
10164 1 0.753042221069
58748 1 0.752771139145
68024 4 0.752451837063
32455 1 0.750992655754
36616 1 0.750465512276
85250 1 0.749008178711
28049 4 0.748508930206
74243 4 0.748267769814
1852 1 0.747540175915
76606 1 0.746321737766
89585 3 0.746021509171
20746 1 0.745735406876
30358 1 0.74501812458
45000 1 0.744778454304
23648 1 0.744591057301
19175 4 0.742930352688
23356 1 0.742895424366
34792 1 0.742107868195
2356 1 0.741254687309
4297 1 0.740635454655
40433 1 0.739690363407
6971 2 0.739041090012
7935 1 0.738929271698
19745 1 0.738588750362
76714 1 0.738295137882
89444 1 0.737192630768
10956 1 0.736694216728
11032 1 0.736555874348
6838 1 0.736240386963
57233 1 0.734563171864
63615 1 0.733945608139
41755 1 0.733243048191
39029 1 0.733209013939
18998 1 0.732745826244
50133 1 0.732339262962
21659 1 0.730631828308
18218 1 0.730148494244
26386 1 0.730070888996
57308 1 0.72904998064
63153 1 0.728453874588
9210 1 0.728272795677
64010 1 0.726123511791
24146 1 0.725981771946
3138 1 0.72571849823
44620 1 0.725630223751
50967 1 0.725471615791
10771 1 0.7251521945
42426 1 0.724607646465
12450 1 0.724270284176
67089 1 0.723835885525
14156 1 0.723723471165
29821 1 0.723617315292
64637 3 0.722187459469
40390 4 0.718935608864
5563 1 0.71823233366
35032 4 0.717910408974
5914 1 0.716837823391
17853 1 0.715539574623
32110 4 0.71488827467
78569 1 0.71453422308
58781 4 0.714502096176
25672 1 0.71344357729
44268 1 0.713413536549
49876 1 0.713376939297
1180 1 0.711774110794
83806 4 0.710869252682
20369 4 0.710467338562
91062 2 0.710290014744
87067 1 0.708775579929
66441 1 0.708114981651
57661 1 0.706949710846
34116 4 0.70664191246
820 1 0.705564677715
33107 1 0.704977810383
17630 1 0.703935980797
6049 1 0.703382909298
41217 1 0.703297436237
88656 7 0.702826499939
54278 2 0.702753901482
91099 1 0.702258944511
10036 1 0.701823055744
89191 4 0.701475083828
28616 1 0.701354205608
25828 4 0.70058631897
90383 1 0.699282705784
18138 1 0.698071241379
18976 1 0.69749379158
81131 4 0.697356462479
628 1 0.695042073727
81742 4 0.694813132286
12234 4 0.694342136383
1043 1 0.693983972073
47567 1 0.693903923035
12353 1 0.693466067314
76490 1 0.693357229233
5687 1 0.692877650261
43170 1 0.692780315876
3852 1 0.692780196667
10165 1 0.692719876766
71952 1 0.690515398979
50492 1 0.688927769661
19730 1 0.688810825348
64186 1 0.687131166458
22721 1 0.686535835266
33782 1 0.68522554636
15309 1 0.684401333332
83426 1 0.684169530869
35718 1 0.68387389183
21635 4 0.683703839779
21937 1 0.683026373386
75247 1 0.682958424091
44526 1 0.682809233665
88844 4 0.682679533958
59004 1 0.681723237038
78741 1 0.681162059307
38380 1 0.678940176964
26266 1 0.678749501705
10166 1 0.677979290485
1919 4 0.677158236504
60483 1 0.676950335503
13027 1 0.675918877125
76638 1 0.675656497478
7798 1 0.674574255943
73113 1 0.67369133234
64602 1 0.672388017178
22550 1 0.672248899937
42531 1 0.671237647533
33385 1 0.670638859272
45773 4 0.670564293861
81153 1 0.669673085213
27833 1 0.668779075146
17784 1 0.668285191059
54265 1 0.667653501034
11123 3 0.66657936573
62251 1 0.666045546532
87927 1 0.666001975536
1185 1 0.665968835354
63145 1 0.66562461853
55914 7 0.66509193182
57760 1 0.663503944874
26145 1 0.663465976715
34429 1 0.662679493427
34553 1 0.66253900528
5476 1 0.662301361561
6453 1 0.661589682102
22186 1 0.661055743694
54020 1 0.660822808743
85896 1 0.659679830074
78189 4 0.659540355206
62575 1 0.659023225307
4646 1 0.658046722412
72207 4 0.657845497131
33326 4 0.657050907612
38374 1 0.65590929985
36405 4 0.655855000019
20283 4 0.655762314796
53921 1 0.654971539974
72276 1 0.654442965984
31239 1 0.654313325882
82586 1 0.654269397259
21416 1 0.654058218002
52357 1 0.653799831867
89796 1 0.653193831444
89664 1 0.652829647064
52821 7 0.652544260025
32139 1 0.652333915234
480 1 0.650567173958
60818 1 0.65043258667
1304 1 0.650387108326
21386 1 0.649578154087
42425 1 0.648947954178
37509 1 0.648344278336
76887 1 0.647362649441
40127 4 0.647278189659
81757 7 0.646993756294
83932 1 0.64607912302
6709 2 0.643145740032
11341 1 0.643036007881
16945 2 0.642440497875
12049 1 0.641279578209
63155 1 0.640580832958
77254 1 0.638200759888
1960 1 0.637996256351
4599 1 0.637537896633
51124 1 0.637039065361
5700 1 0.636684954166
46567 1 0.63595944643
83997 4 0.635257303715
12543 1 0.635012209415
1252 1 0.634709358215
42424 1 0.633688509464
55876 7 0.632831513882
47569 4 0.632812142372
23001 4 0.632609844208
3297 1 0.632383704185
793 1 0.631733298302
66775 1 0.631435036659
17440 1 0.630963504314
82535 1 0.63077455759
36731 1 0.630701422691
60479 1 0.63068395853
41695 1 0.630285620689
19003 1 0.630073070526
712 1 0.629661142826
6572 4 0.629376471043
64546 1 0.629371225834
54679 1 0.628725230694
56230 1 0.628164231777
11152 2 0.627813875675
1217 1 0.627500116825
32913 1 0.627314805984
68555 4 0.627047479153
3137 1 0.626820683479
66779 1 0.626332223415
82521 1 0.626130282879
30371 1 0.625875413418
57882 3 0.625503122807
34004 1 0.624626636505
61241 4 0.624626040459
49845 1 0.623670578003
65992 1 0.623328328133
14364 1 0.62307626009
38208 1 0.622844338417
60122 1 0.622566342354
39318 1 0.62235981226
42979 1 0.622126638889
75251 1 0.621748805046
86981 1 0.618184626102
17091 2 0.617010593414
2706 1 0.617010593414
18237 1 0.616409003735
88658 1 0.616395175457
6243 1 0.616377830505
29687 4 0.61615717411
9702 1 0.615795731544
62289 1 0.615545749664
30471 1 0.615440428257
48791 4 0.615248322487
52508 4 0.614952087402
28736 1 0.614510655403
16004 2 0.613999307156
25426 1 0.613329291344
44892 1 0.612981855869
48181 4 0.61182397604
54398 1 0.610981225967
78215 1 0.610801398754
38957 1 0.609369635582
580 1 0.608782947063
10511 4 0.60810393095
10439 1 0.608027815819
62213 1 0.607565760612
46690 4 0.607208251953
59442 2 0.606703460217
23003 1 0.606575667858
90018 1 0.605804979801
62787 1 0.60476142168
56913 2 0.604464769363
49991 1 0.60422116518
78835 1 0.603126466274
15533 1 0.603113949299
84940 1 0.602399408817
29194 1 0.602261483669
18170 1 0.602197825909
15832 4 0.601837992668
50485 1 0.601629674435
34601 1 0.600770235062
18435 1 0.599725961685
76946 1 0.599657416344
52507 4 0.597920000553
77331 1 0.597899854183
5784 7 0.597285091877
66918 1 0.596028149128
48372 4 0.596024334431
70388 4 0.595913767815
49997 1 0.595322072506
49556 4 0.595195949078
38108 1 0.594882965088
44993 2 0.593287825584
76475 1 0.592356383801
77646 1 0.591179013252
74521 1 0.590876460075
69082 1 0.590796589851
67504 3 0.590547442436
42812 4 0.59032535553
38377 1 0.590197920799
19012 1 0.589551389217
8762 2 0.588717281818
1013 1 0.587976455688
84 1 0.587673306465
41022 1 0.58707857132
27184 1 0.586973309517
41013 1 0.586244821548
76784 1 0.586156964302
43779 4 0.586004436016
67478 1 0.584985911846
56890 1 0.584622919559
39181 1 0.584293663502
1174 1 0.583406329155
56475 1 0.58301281929
4064 1 0.582837104797
22761 1 0.582070291042
78402 4 0.581721484661
21801 1 0.581228137016
84222 1 0.58060079813
45169 2 0.579834938049
4520 1 0.579324841499
1420 4 0.578457057476
19645 1 0.577169835567
19978 1 0.576582491398
81104 1 0.575736999512
28462 1 0.575609385967
30194 1 0.575409173965
52415 1 0.574246764183
7797 1 0.572598397732
565 1 0.572455823421
41260 2 0.567848682404
48719 4 0.567232787609
84568 1 0.566119611263
15326 1 0.565549790859
24100 4 0.564686775208
35126 1 0.564003825188
33695 4 0.563869893551
83491 3 0.563037157059
68313 2 0.562791585922
20074 1 0.562769591808
30179 1 0.561665415764
9460 1 0.561495006084
17386 1 0.560362398624
20474 1 0.560299694538
89099 1 0.559833228588
566 1 0.55969363451
78014 1 0.559291124344
79626 1 0.558021605015
67880 2 0.557676613331
53177 1 0.557674348354
76958 4 0.556850373745
31906 4 0.556790828705
68425 1 0.556680977345
5398 4 0.55636125803
3409 1 0.556347727776
7722 1 0.5561632514
65069 1 0.555571258068
76196 4 0.555552721024
58560 1 0.554965138435
13026 1 0.554715871811
55970 1 0.554710745811
31578 1 0.554304242134
46515 1 0.553925037384
50266 1 0.55369913578
8586 1 0.553531765938
50240 1 0.553520321846
62572 1 0.551326215267
22198 2 0.551290929317
55507 4 0.550879240036
44726 1 0.550188422203
62552 1 0.549061715603
65147 1 0.548681139946
47318 1 0.546298265457
43136 1 0.546074330807
26077 1 0.546065032482
6973 2 0.546016812325
33034 1 0.545485079288
38952 1 0.545137226582
13884 2 0.545105695724
86815 1 0.543756961823
41718 1 0.543473064899
79092 1 0.543407618999
61917 1 0.54326158762
24397 1 0.543020427227
83746 1 0.542970538139
51581 4 0.542854189873
33309 1 0.542627513409
44904 1 0.542367219925
32672 1 0.541610598564
61748 1 0.541533350945
2350 2 0.541339278221
30926 1 0.540888488293
88659 1 0.540829062462
66443 7 0.540765106678
59030 7 0.540090739727
21045 1 0.538738906384
40424 1 0.538436889648
68911 4 0.537948906422
81114 1 0.537556946278
85249 7 0.536824047565
44905 1 0.536643147469
18891 1 0.536641657352
45979 1 0.53633004427
14021 2 0.536276221275
20497 1 0.536208987236
72592 1 0.535945355892
1478 1 0.535361945629
68907 4 0.534855365753
59825 1 0.534530818462
654 6 0.534030258656
72953 1 0.533476412296
21930 1 0.532508671284
900 1 0.531982004642
17180 4 0.531162023544
59672 1 0.531011998653
79427 1 0.529455959797
30880 1 0.529262363911
3960 7 0.528599083424
23589 1 0.528053462505
17886 1 0.52709966898
16504 1 0.526497244835
22255 1 0.526025235653
39831 1 0.525907874107
64562 1 0.525339245796
34334 1 0.524757862091
58548 1 0.523746132851
61513 1 0.52369093895
57654 1 0.523671030998
9361 2 0.523616731167
20747 1 0.523190319538
20743 1 0.522704660892
71394 1 0.522599697113
67091 1 0.522076964378
46563 1 0.521589934826
31296 1 0.521053791046
51404 6 0.520903289318
81508 1 0.520515024662
12766 1 0.520411193371
7307 1 0.519965827465
2593 1 0.519935131073
3170 1 0.51908582449
18427 1 0.518281757832
42522 1 0.517459869385
89666 1 0.516945838928
4391 2 0.516756176949
80635 1 0.516558945179
78650 1 0.516068577766
37347 1 0.5155813694
16762 1 0.515553295612
68714 1 0.515510797501
18244 1 0.515420496464
83344 1 0.51490855217
60778 1 0.514883756638
16687 1 0.514693617821
26734 2 0.514307916164
54586 1 0.513889014721
63156 1 0.513854265213
28217 1 0.513347387314
84977 1 0.513238608837
46551 1 0.512715637684
87276 1 0.512703061104
67627 1 0.512568056583
15471 4 0.511645078659
67138 1 0.511494576931
40671 1 0.510981559753
40916 1 0.510739505291
71546 1 0.510485589504
8779 3 0.509641706944
41802 1 0.509320020676
73095 1 0.508846402168
77523 6 0.50835621357
78482 3 0.507865190506
33331 1 0.507634103298
48387 1 0.507182061672
71281 1 0.506346285343
56386 4 0.506055355072
83543 1 0.505441844463
85306 1 0.505434691906
16315 1 0.505406975746
79629 1 0.505189359188
28455 1 0.504735291004
30830 1 0.503074586391
51065 4 0.502629935741
32138 1 0.502417743206
19332 1 0.50226187706
838 1 0.501714706421
54233 1 0.501296699047
28141 1 0.500507593155
20711 1 0.499338418245
32291 1 0.498773306608
20494 1 0.496231973171
57883 1 0.495845913887
2243 1 0.494879990816
74340 4 0.494214147329
90632 1 0.493554323912
73431 4 0.490449905396
71298 1 0.489657580853
69299 7 0.489103078842
56223 6 0.489070296288
47616 1 0.488680422306
72440 1 0.487968057394
60801 3 0.487103223801
47211 2 0.48597073555
6862 1 0.485151767731
69300 7 0.484247744083
27666 1 0.483216315508
42227 4 0.481435388327
37167 2 0.48113566637
22774 6 0.479707181454
8211 1 0.477372050285
45933 4 0.476952701807
67849 4 0.47151401639
31584 1 0.47124761343
55778 2 0.469669282436
20745 2 0.468264549971
40227 3 0.468032479286
71938 2 0.467197716236
17473 1 0.465932786465
630 1 0.465917259455
45754 2 0.464156270027
54712 4 0.463333308697
67139 1 0.462840169668
10427 2 0.460993289948
1374 2 0.457404792309
62556 7 0.455280154943
87307 1 0.452729314566
13882 2 0.448862940073
23746 1 0.446662276983
56566 4 0.446078747511
728 2 0.444124370813
6787 2 0.4431681633
43116 1 0.441415071487
87365 1 0.440857678652
2776 1 0.440001398325
16050 1 0.437544345856
84887 3 0.436512976885
41956 2 0.42760938406
70885 4 0.426613241434
75700 1 0.426141262054
50997 2 0.423583239317
70185 2 0.4227437675
12705 5 0.421902745962
84062 1 0.421869218349
19399 2 0.42166402936
50486 8 0.421586185694
34729 2 0.420052111149
40031 2 0.419666707516
3754 4 0.419584095478
40422 2 0.41730889678
91626 10 0.4158398211
50687 4 0.415469288826
37927 5 0.414990961552
17793 1 0.414861559868
29481 2 0.412664890289
78878 5 0.406852781773
21851 7 0.405999064445
73434 5 0.399351865053
25669 2 0.399097114801
12476 4 0.39740934968
27668 6 0.394910663366
91635 5 0.39399394393
23507 4 0.391828835011
33207 6 0.389172583818
29832 5 0.388899058104
62517 3 0.386795312166
59516 4 0.386470466852
58874 3 0.383655697107
2754 6 0.383498370647
26143 5 0.382515609264
68488 7 0.382499456406
14342 2 0.381718456745
91113 4 0.37588724494
87340 8 0.375766485929
73509 1 0.375656217337
1328 7 0.36717453599
61213 2 0.365662872791
9510 6 0.362880349159
69709 5 0.362793594599
79593 5 0.361020296812
74793 5 0.359542995691
27125 5 0.358713746071
50738 6 0.357821106911
84447 5 0.35730099678
8374 6 0.353984236717
51621 3 0.353363215923
33441 5 0.349441051483
3117 6 0.347393512726
67870 5 0.344329684973
33298 1 0.344141274691
33308 7 0.343117624521
5654 5 0.34029635787
31709 2 0.339909285307
10238 5 0.336257904768
4356 5 0.333773553371
44762 2 0.332975894213
44223 3 0.33191254735
8229 2 0.329232931137
60813 6 0.326348543167
57242 7 0.325652182102
73473 3 0.317614465952
82856 2 0.316251724958
67934 5 0.315191745758
43175 5 0.31482604146
82079 6 0.310247153044
83505 5 0.309514373541
42038 6 0.309240669012
73421 5 0.30879637599
4355 2 0.306959837675
47867 6 0.303980797529
33268 2 0.302785694599
791 5 0.300673782825
57449 5 0.292777985334
58083 4 0.291241616011
47871 2 0.289170295
28709 5 0.266253739595
29267 5 0.262564837933
91112 5 0.259581506252
32261 7 0.258468955755
78932 5 0.254089772701
75740 5 0.253362804651
83982 3 0.252127736807
80955 5 0.252046614885
88728 4 0.245988950133
87349 5 0.245757073164
5944 6 0.244362816215
18428 5 0.230062320828
83582 4 0.229818031192
21348 5 0.229065835476
18753 5 0.228171139956
71747 2 0.22816491127
39712 8 0.226544067264
10181 6 0.224953100085
12547 2 0.223862484097
57737 9 0.223601430655
69159 5 0.201627090573
9814 1 0.188163951039
5591 5 0.183042049408
66695 5 0.1615203619
67255 10 0.14789326489
83964 4 0.124356649816
