1.0 0.0
1.0 0.000577367205543
0.5 0.000577367205543
0.666666666667 0.00115473441109
0.75 0.00173210161663
0.8 0.00230946882217
0.833333333333 0.00288683602771
0.714285714286 0.00288683602771
0.625 0.00288683602771
0.666666666667 0.00346420323326
0.7 0.0040415704388
0.727272727273 0.00461893764434
0.75 0.00519630484988
0.692307692308 0.00519630484988
0.714285714286 0.00577367205543
0.733333333333 0.00635103926097
0.75 0.00692840646651
0.764705882353 0.00750577367206
0.722222222222 0.00750577367206
0.736842105263 0.0080831408776
0.75 0.00866050808314
0.761904761905 0.00923787528868
0.772727272727 0.00981524249423
0.782608695652 0.0103926096998
0.75 0.0103926096998
0.76 0.0109699769053
0.769230769231 0.0115473441109
0.777777777778 0.0121247113164
0.785714285714 0.0127020785219
0.793103448276 0.0132794457275
0.766666666667 0.0132794457275
0.741935483871 0.0132794457275
0.75 0.013856812933
0.727272727273 0.013856812933
0.735294117647 0.0144341801386
0.742857142857 0.0150115473441
0.722222222222 0.0150115473441
0.72972972973 0.0155889145497
0.736842105263 0.0161662817552
0.74358974359 0.0167436489607
0.75 0.0173210161663
0.731707317073 0.0173210161663
0.738095238095 0.0178983833718
0.744186046512 0.0184757505774
0.75 0.0190531177829
0.755555555556 0.0196304849885
0.760869565217 0.020207852194
0.765957446809 0.0207852193995
0.75 0.0207852193995
0.734693877551 0.0207852193995
0.72 0.0207852193995
0.705882352941 0.0207852193995
0.692307692308 0.0207852193995
0.679245283019 0.0207852193995
0.666666666667 0.0207852193995
0.672727272727 0.0213625866051
0.678571428571 0.0219399538106
0.684210526316 0.0225173210162
0.672413793103 0.0225173210162
0.677966101695 0.0230946882217
0.666666666667 0.0230946882217
0.655737704918 0.0230946882217
0.661290322581 0.0236720554273
0.666666666667 0.0242494226328
0.671875 0.0248267898383
0.661538461538 0.0248267898383
0.651515151515 0.0248267898383
0.65671641791 0.0254041570439
0.661764705882 0.0259815242494
0.652173913043 0.0259815242494
0.657142857143 0.026558891455
0.647887323944 0.026558891455
0.652777777778 0.0271362586605
0.657534246575 0.0277136258661
0.662162162162 0.0282909930716
0.653333333333 0.0282909930716
0.657894736842 0.0288683602771
0.649350649351 0.0288683602771
0.653846153846 0.0294457274827
0.645569620253 0.0294457274827
0.65 0.0300230946882
0.654320987654 0.0306004618938
0.658536585366 0.0311778290993
0.650602409639 0.0311778290993
0.654761904762 0.0317551963048
0.658823529412 0.0323325635104
0.651162790698 0.0323325635104
0.655172413793 0.0329099307159
0.659090909091 0.0334872979215
0.651685393258 0.0334872979215
0.655555555556 0.034064665127
0.648351648352 0.034064665127
0.641304347826 0.034064665127
0.645161290323 0.0346420323326
0.648936170213 0.0352193995381
0.642105263158 0.0352193995381
0.635416666667 0.0352193995381
0.639175257732 0.0357967667436
0.642857142857 0.0363741339492
0.636363636364 0.0363741339492
0.64 0.0369515011547
0.633663366337 0.0369515011547
0.637254901961 0.0375288683603
0.631067961165 0.0375288683603
0.634615384615 0.0381062355658
0.628571428571 0.0381062355658
0.622641509434 0.0381062355658
0.626168224299 0.0386836027714
0.62962962963 0.0392609699769
0.623853211009 0.0392609699769
0.627272727273 0.0398383371824
0.630630630631 0.040415704388
0.625 0.040415704388
0.628318584071 0.0409930715935
0.631578947368 0.0415704387991
0.634782608696 0.0421478060046
0.629310344828 0.0421478060046
0.632478632479 0.0427251732102
0.635593220339 0.0433025404157
0.638655462185 0.0438799076212
0.633333333333 0.0438799076212
0.636363636364 0.0444572748268
0.631147540984 0.0444572748268
0.634146341463 0.0450346420323
0.629032258065 0.0450346420323
0.632 0.0456120092379
0.626984126984 0.0456120092379
0.629921259843 0.0461893764434
0.6328125 0.046766743649
0.627906976744 0.046766743649
0.623076923077 0.046766743649
0.618320610687 0.046766743649
0.621212121212 0.0473441108545
0.624060150376 0.04792147806
0.619402985075 0.04792147806
0.622222222222 0.0484988452656
0.625 0.0490762124711
0.620437956204 0.0490762124711
0.615942028986 0.0490762124711
0.618705035971 0.0496535796767
0.614285714286 0.0496535796767
0.617021276596 0.0502309468822
0.612676056338 0.0502309468822
0.615384615385 0.0508083140878
0.618055555556 0.0513856812933
0.620689655172 0.0519630484988
0.616438356164 0.0519630484988
0.612244897959 0.0519630484988
0.614864864865 0.0525404157044
0.61744966443 0.0531177829099
0.613333333333 0.0531177829099
0.615894039735 0.0536951501155
0.611842105263 0.0536951501155
0.614379084967 0.054272517321
0.61038961039 0.054272517321
0.612903225806 0.0548498845266
0.615384615385 0.0554272517321
0.611464968153 0.0554272517321
0.607594936709 0.0554272517321
0.603773584906 0.0554272517321
0.6 0.0554272517321
0.60248447205 0.0560046189376
0.604938271605 0.0565819861432
0.601226993865 0.0565819861432
0.59756097561 0.0565819861432
0.593939393939 0.0565819861432
0.596385542169 0.0571593533487
0.592814371257 0.0571593533487
0.595238095238 0.0577367205543
0.591715976331 0.0577367205543
0.594117647059 0.0583140877598
0.590643274854 0.0583140877598
0.587209302326 0.0583140877598
0.583815028902 0.0583140877598
0.580459770115 0.0583140877598
0.582857142857 0.0588914549654
0.585227272727 0.0594688221709
0.587570621469 0.0600461893764
0.584269662921 0.0600461893764
0.586592178771 0.060623556582
0.588888888889 0.0612009237875
0.591160220994 0.0617782909931
0.593406593407 0.0623556581986
0.595628415301 0.0629330254042
0.592391304348 0.0629330254042
0.589189189189 0.0629330254042
0.591397849462 0.0635103926097
0.593582887701 0.0640877598152
0.595744680851 0.0646651270208
0.592592592593 0.0646651270208
0.589473684211 0.0646651270208
0.586387434555 0.0646651270208
0.588541666667 0.0652424942263
0.585492227979 0.0652424942263
0.587628865979 0.0658198614319
0.589743589744 0.0663972286374
0.591836734694 0.066974595843
0.593908629442 0.0675519630485
0.590909090909 0.0675519630485
0.592964824121 0.068129330254
0.595 0.0687066974596
0.592039800995 0.0687066974596
0.594059405941 0.0692840646651
0.5960591133 0.0698614318707
0.593137254902 0.0698614318707
0.590243902439 0.0698614318707
0.587378640777 0.0698614318707
0.589371980676 0.0704387990762
0.586538461538 0.0704387990762
0.588516746411 0.0710161662818
0.590476190476 0.0715935334873
0.587677725118 0.0715935334873
0.589622641509 0.0721709006928
0.591549295775 0.0727482678984
0.588785046729 0.0727482678984
0.586046511628 0.0727482678984
0.587962962963 0.0733256351039
0.585253456221 0.0733256351039
0.582568807339 0.0733256351039
0.584474885845 0.0739030023095
0.581818181818 0.0739030023095
0.58371040724 0.074480369515
0.581081081081 0.074480369515
0.582959641256 0.0750577367206
0.580357142857 0.0750577367206
0.577777777778 0.0750577367206
0.575221238938 0.0750577367206
0.57268722467 0.0750577367206
0.574561403509 0.0756351039261
0.572052401747 0.0756351039261
0.573913043478 0.0762124711316
0.575757575758 0.0767898383372
0.577586206897 0.0773672055427
0.579399141631 0.0779445727483
0.581196581197 0.0785219399538
0.578723404255 0.0785219399538
0.576271186441 0.0785219399538
0.573839662447 0.0785219399538
0.571428571429 0.0785219399538
0.569037656904 0.0785219399538
0.570833333333 0.0790993071594
0.56846473029 0.0790993071594
0.570247933884 0.0796766743649
0.572016460905 0.0802540415704
0.569672131148 0.0802540415704
0.567346938776 0.0802540415704
0.565040650407 0.0802540415704
0.562753036437 0.0802540415704
0.564516129032 0.080831408776
0.566265060241 0.0814087759815
0.564 0.0814087759815
0.561752988048 0.0814087759815
0.563492063492 0.0819861431871
0.561264822134 0.0819861431871
0.55905511811 0.0819861431871
0.556862745098 0.0819861431871
0.55859375 0.0825635103926
0.560311284047 0.0831408775982
0.558139534884 0.0831408775982
0.555984555985 0.0831408775982
0.553846153846 0.0831408775982
0.551724137931 0.0831408775982
0.553435114504 0.0837182448037
0.551330798479 0.0837182448037
0.549242424242 0.0837182448037
0.547169811321 0.0837182448037
0.545112781955 0.0837182448037
0.543071161049 0.0837182448037
0.541044776119 0.0837182448037
0.542750929368 0.0842956120092
0.544444444444 0.0848729792148
0.542435424354 0.0848729792148
0.544117647059 0.0854503464203
0.542124542125 0.0854503464203
0.540145985401 0.0854503464203
0.538181818182 0.0854503464203
0.539855072464 0.0860277136259
0.537906137184 0.0860277136259
0.535971223022 0.0860277136259
0.534050179211 0.0860277136259
0.535714285714 0.0866050808314
0.533807829181 0.0866050808314
0.531914893617 0.0866050808314
0.530035335689 0.0866050808314
0.528169014085 0.0866050808314
0.526315789474 0.0866050808314
0.527972027972 0.087182448037
0.529616724739 0.0877598152425
0.527777777778 0.0877598152425
0.525951557093 0.0877598152425
0.527586206897 0.088337182448
0.529209621993 0.0889145496536
0.530821917808 0.0894919168591
0.532423208191 0.0900692840647
0.530612244898 0.0900692840647
0.528813559322 0.0900692840647
0.527027027027 0.0900692840647
0.52861952862 0.0906466512702
0.530201342282 0.0912240184758
0.531772575251 0.0918013856813
0.533333333333 0.0923787528868
0.531561461794 0.0923787528868
0.529801324503 0.0923787528868
0.531353135314 0.0929561200924
0.529605263158 0.0929561200924
0.531147540984 0.0935334872979
0.529411764706 0.0935334872979
0.527687296417 0.0935334872979
0.525974025974 0.0935334872979
0.527508090615 0.0941108545035
0.525806451613 0.0941108545035
0.527331189711 0.094688221709
0.525641025641 0.094688221709
0.527156549521 0.0952655889145
0.528662420382 0.0958429561201
0.526984126984 0.0958429561201
0.525316455696 0.0958429561201
0.523659305994 0.0958429561201
0.525157232704 0.0964203233256
0.523510971787 0.0964203233256
0.525 0.0969976905312
0.526479750779 0.0975750577367
0.524844720497 0.0975750577367
0.523219814241 0.0975750577367
0.524691358025 0.0981524249423
0.526153846154 0.0987297921478
0.524539877301 0.0987297921478
0.522935779817 0.0987297921478
0.524390243902 0.0993071593533
0.522796352584 0.0993071593533
0.521212121212 0.0993071593533
0.522658610272 0.0998845265589
0.524096385542 0.100461893764
0.525525525526 0.10103926097
0.526946107784 0.101616628176
0.528358208955 0.102193995381
0.529761904762 0.102771362587
0.528189910979 0.102771362587
0.526627218935 0.102771362587
0.52802359882 0.103348729792
0.529411764706 0.103926096998
0.530791788856 0.104503464203
0.53216374269 0.105080831409
0.530612244898 0.105080831409
0.529069767442 0.105080831409
0.530434782609 0.105658198614
0.528901734104 0.105658198614
0.530259365994 0.10623556582
0.528735632184 0.10623556582
0.527220630372 0.10623556582
0.525714285714 0.10623556582
0.524216524217 0.10623556582
0.522727272727 0.10623556582
0.521246458924 0.10623556582
0.522598870056 0.106812933025
0.521126760563 0.106812933025
0.519662921348 0.106812933025
0.521008403361 0.107390300231
0.522346368715 0.107967667436
0.520891364903 0.107967667436
0.519444444444 0.107967667436
0.520775623269 0.108545034642
0.519337016575 0.108545034642
0.520661157025 0.109122401848
0.521978021978 0.109699769053
0.520547945205 0.109699769053
0.521857923497 0.110277136259
0.520435967302 0.110277136259
0.521739130435 0.110854503464
0.523035230352 0.11143187067
0.521621621622 0.11143187067
0.522911051213 0.112009237875
0.524193548387 0.112586605081
0.525469168901 0.113163972286
0.524064171123 0.113163972286
0.525333333333 0.113741339492
0.523936170213 0.113741339492
0.522546419098 0.113741339492
0.52380952381 0.114318706697
0.525065963061 0.114896073903
0.523684210526 0.114896073903
0.522309711286 0.114896073903
0.523560209424 0.115473441109
0.524804177546 0.116050808314
0.5234375 0.116050808314
0.522077922078 0.116050808314
0.520725388601 0.116050808314
0.519379844961 0.116050808314
0.520618556701 0.11662817552
0.519280205656 0.11662817552
0.520512820513 0.117205542725
0.519181585678 0.117205542725
0.517857142857 0.117205542725
0.519083969466 0.117782909931
0.517766497462 0.117782909931
0.518987341772 0.118360277136
0.517676767677 0.118360277136
0.518891687657 0.118937644342
0.520100502513 0.119515011547
0.521303258145 0.120092378753
0.5225 0.120669745958
0.521197007481 0.120669745958
0.519900497512 0.120669745958
0.518610421836 0.120669745958
0.517326732673 0.120669745958
0.518518518519 0.121247113164
0.51724137931 0.121247113164
0.515970515971 0.121247113164
0.517156862745 0.12182448037
0.515892420538 0.12182448037
0.514634146341 0.12182448037
0.515815085158 0.122401847575
0.514563106796 0.122401847575
0.515738498789 0.122979214781
0.514492753623 0.122979214781
0.513253012048 0.122979214781
0.512019230769 0.122979214781
0.510791366906 0.122979214781
0.50956937799 0.122979214781
0.510739856802 0.123556581986
0.511904761905 0.124133949192
0.510688836105 0.124133949192
0.509478672986 0.124133949192
0.508274231678 0.124133949192
0.507075471698 0.124133949192
0.505882352941 0.124133949192
0.504694835681 0.124133949192
0.503512880562 0.124133949192
0.504672897196 0.124711316397
0.503496503497 0.124711316397
0.502325581395 0.124711316397
0.503480278422 0.125288683603
0.50462962963 0.125866050808
0.503464203233 0.125866050808
0.502304147465 0.125866050808
0.503448275862 0.126443418014
0.502293577982 0.126443418014
0.503432494279 0.127020785219
0.502283105023 0.127020785219
0.501138952164 0.127020785219
0.502272727273 0.127598152425
0.503401360544 0.12817551963
0.504524886878 0.128752886836
0.503386004515 0.128752886836
0.504504504505 0.129330254042
0.505617977528 0.129907621247
0.504484304933 0.129907621247
0.503355704698 0.129907621247
0.504464285714 0.130484988453
0.503340757238 0.130484988453
0.504444444444 0.131062355658
0.505543237251 0.131639722864
0.504424778761 0.131639722864
0.503311258278 0.131639722864
0.502202643172 0.131639722864
0.503296703297 0.132217090069
0.502192982456 0.132217090069
0.503282275711 0.132794457275
0.504366812227 0.13337182448
0.503267973856 0.13337182448
0.502173913043 0.13337182448
0.503253796095 0.133949191686
0.502164502165 0.133949191686
0.501079913607 0.133949191686
0.502155172414 0.134526558891
0.503225806452 0.135103926097
0.502145922747 0.135103926097
0.503211991435 0.135681293303
0.504273504274 0.136258660508
0.503198294243 0.136258660508
0.502127659574 0.136258660508
0.501061571125 0.136258660508
0.502118644068 0.136836027714
0.501057082452 0.136836027714
0.5 0.136836027714
0.501052631579 0.137413394919
0.502100840336 0.137990762125
0.501048218029 0.137990762125
0.5 0.137990762125
0.498956158664 0.137990762125
0.497916666667 0.137990762125
0.496881496881 0.137990762125
0.497925311203 0.13856812933
0.498964803313 0.139145496536
0.5 0.139722863741
0.498969072165 0.139722863741
0.497942386831 0.139722863741
0.498973305955 0.140300230947
0.5 0.140877598152
0.498977505112 0.140877598152
0.497959183673 0.140877598152
0.496945010183 0.140877598152
0.49593495935 0.140877598152
0.494929006085 0.140877598152
0.493927125506 0.140877598152
0.494949494949 0.141454965358
0.493951612903 0.141454965358
0.494969818913 0.142032332564
0.493975903614 0.142032332564
0.492985971944 0.142032332564
0.494 0.142609699769
0.493013972056 0.142609699769
0.494023904382 0.143187066975
0.493041749503 0.143187066975
0.492063492063 0.143187066975
0.493069306931 0.14376443418
0.49209486166 0.14376443418
0.493096646943 0.144341801386
0.494094488189 0.144919168591
0.495088408644 0.145496535797
0.494117647059 0.145496535797
0.493150684932 0.145496535797
0.4921875 0.145496535797
0.493177387914 0.146073903002
0.494163424125 0.146651270208
0.493203883495 0.146651270208
0.492248062016 0.146651270208
0.493230174081 0.147228637413
0.492277992278 0.147228637413
0.493256262042 0.147806004619
0.492307692308 0.147806004619
0.493282149712 0.148383371824
0.492337164751 0.148383371824
0.493307839388 0.14896073903
0.49427480916 0.149538106236
0.493333333333 0.149538106236
0.494296577947 0.150115473441
0.493358633776 0.150115473441
0.492424242424 0.150115473441
0.491493383743 0.150115473441
0.492452830189 0.150692840647
0.4934086629 0.151270207852
0.492481203008 0.151270207852
0.491557223265 0.151270207852
0.492509363296 0.151847575058
0.493457943925 0.152424942263
0.492537313433 0.152424942263
0.493482309125 0.153002309469
0.492565055762 0.153002309469
0.491651205937 0.153002309469
0.490740740741 0.153002309469
0.49168207024 0.153579676674
0.490774907749 0.153579676674
0.489871086556 0.153579676674
0.488970588235 0.153579676674
0.489908256881 0.15415704388
0.489010989011 0.15415704388
0.488117001828 0.15415704388
0.487226277372 0.15415704388
0.486338797814 0.15415704388
0.487272727273 0.154734411085
0.488203266788 0.155311778291
0.489130434783 0.155889145497
0.490054249548 0.156466512702
0.48916967509 0.156466512702
0.49009009009 0.157043879908
0.491007194245 0.157621247113
0.49012567325 0.157621247113
0.489247311828 0.157621247113
0.488372093023 0.157621247113
0.4875 0.157621247113
0.488413547237 0.158198614319
0.489323843416 0.158775981524
0.488454706927 0.158775981524
0.487588652482 0.158775981524
0.486725663717 0.158775981524
0.485865724382 0.158775981524
0.486772486772 0.15935334873
0.487676056338 0.159930715935
0.486818980668 0.159930715935
0.485964912281 0.159930715935
0.485113835377 0.159930715935
0.484265734266 0.159930715935
0.483420593368 0.159930715935
0.484320557491 0.160508083141
0.48347826087 0.160508083141
0.484375 0.161085450346
0.483535528596 0.161085450346
0.482698961938 0.161085450346
0.483592400691 0.161662817552
0.48275862069 0.161662817552
0.483648881239 0.162240184758
0.482817869416 0.162240184758
0.483704974271 0.162817551963
0.484589041096 0.163394919169
0.483760683761 0.163394919169
0.482935153584 0.163394919169
0.482112436116 0.163394919169
0.481292517007 0.163394919169
0.480475382003 0.163394919169
0.479661016949 0.163394919169
0.478849407783 0.163394919169
0.478040540541 0.163394919169
0.47892074199 0.163972286374
0.478114478114 0.163972286374
0.478991596639 0.16454965358
0.478187919463 0.16454965358
0.477386934673 0.16454965358
0.476588628763 0.16454965358
0.475792988314 0.16454965358
0.475 0.16454965358
0.475873544093 0.165127020785
0.475083056478 0.165127020785
0.474295190713 0.165127020785
0.473509933775 0.165127020785
0.472727272727 0.165127020785
0.473597359736 0.165704387991
0.474464579901 0.166281755196
0.475328947368 0.166859122402
0.474548440066 0.166859122402
0.473770491803 0.166859122402
0.472995090016 0.166859122402
0.47385620915 0.167436489607
0.47308319739 0.167436489607
0.472312703583 0.167436489607
0.471544715447 0.167436489607
0.472402597403 0.168013856813
0.471636952998 0.168013856813
0.470873786408 0.168013856813
0.470113085622 0.168013856813
0.470967741935 0.168591224018
0.471819645733 0.169168591224
0.471061093248 0.169168591224
0.470304975923 0.169168591224
0.469551282051 0.169168591224
0.4688 0.169168591224
0.4696485623 0.16974595843
0.470494417863 0.170323325635
0.46974522293 0.170323325635
0.468998410175 0.170323325635
0.469841269841 0.170900692841
0.469096671949 0.170900692841
0.46835443038 0.170900692841
0.467614533965 0.170900692841
0.466876971609 0.170900692841
0.467716535433 0.171478060046
0.466981132075 0.171478060046
0.466248037677 0.171478060046
0.467084639498 0.172055427252
0.466353677621 0.172055427252
0.465625 0.172055427252
0.466458658346 0.172632794457
0.465732087227 0.172632794457
0.46500777605 0.172632794457
0.464285714286 0.172632794457
0.463565891473 0.172632794457
0.46439628483 0.173210161663
0.463678516229 0.173210161663
0.462962962963 0.173210161663
0.463790446841 0.173787528868
0.463076923077 0.173787528868
0.462365591398 0.173787528868
0.461656441718 0.173787528868
0.46248085758 0.174364896074
0.461773700306 0.174364896074
0.462595419847 0.174942263279
0.461890243902 0.174942263279
0.461187214612 0.174942263279
0.462006079027 0.175519630485
0.461305007587 0.175519630485
0.462121212121 0.176096997691
0.461422087746 0.176096997691
0.460725075529 0.176096997691
0.461538461538 0.176674364896
0.460843373494 0.176674364896
0.46015037594 0.176674364896
0.459459459459 0.176674364896
0.460269865067 0.177251732102
0.459580838323 0.177251732102
0.460388639761 0.177829099307
0.459701492537 0.177829099307
0.460506706408 0.178406466513
0.459821428571 0.178406466513
0.459138187221 0.178406466513
0.458456973294 0.178406466513
0.457777777778 0.178406466513
0.457100591716 0.178406466513
0.456425406204 0.178406466513
0.455752212389 0.178406466513
0.456553755523 0.178983833718
0.455882352941 0.178983833718
0.456681350954 0.179561200924
0.457478005865 0.180138568129
0.456808199122 0.180138568129
0.456140350877 0.180138568129
0.456934306569 0.180715935335
0.457725947522 0.18129330254
0.458515283843 0.181870669746
0.457848837209 0.181870669746
0.457184325109 0.181870669746
0.457971014493 0.182448036952
0.458755426918 0.183025404157
0.458092485549 0.183025404157
0.457431457431 0.183025404157
0.456772334294 0.183025404157
0.456115107914 0.183025404157
0.456896551724 0.183602771363
0.457675753228 0.184180138568
0.458452722063 0.184757505774
0.459227467811 0.185334872979
0.46 0.185912240185
0.459343794579 0.185912240185
0.460113960114 0.18648960739
0.460881934566 0.187066974596
0.460227272727 0.187066974596
0.459574468085 0.187066974596
0.458923512748 0.187066974596
0.458274398868 0.187066974596
0.457627118644 0.187066974596
0.458392101551 0.187644341801
0.457746478873 0.187644341801
0.458509142053 0.188221709007
0.457865168539 0.188221709007
0.457223001403 0.188221709007
0.456582633053 0.188221709007
0.455944055944 0.188221709007
0.45530726257 0.188221709007
0.454672245467 0.188221709007
0.454038997214 0.188221709007
0.454798331015 0.188799076212
0.454166666667 0.188799076212
0.453536754508 0.188799076212
0.454293628809 0.189376443418
0.453665283541 0.189376443418
0.453038674033 0.189376443418
0.452413793103 0.189376443418
0.451790633609 0.189376443418
0.452544704264 0.189953810624
0.451923076923 0.189953810624
0.452674897119 0.190531177829
0.453424657534 0.191108545035
0.452804377565 0.191108545035
0.45218579235 0.191108545035
0.451568894952 0.191108545035
0.450953678474 0.191108545035
0.450340136054 0.191108545035
0.451086956522 0.19168591224
0.450474898236 0.19168591224
0.449864498645 0.19168591224
0.449255751015 0.19168591224
0.448648648649 0.19168591224
0.449392712551 0.192263279446
0.448787061995 0.192263279446
0.448183041723 0.192263279446
0.447580645161 0.192263279446
0.448322147651 0.192840646651
0.449061662198 0.193418013857
0.449799196787 0.193995381062
0.449197860963 0.193995381062
0.449933244326 0.194572748268
0.450666666667 0.195150115473
0.450066577896 0.195150115473
0.45079787234 0.195727482679
0.451527224436 0.196304849885
0.45225464191 0.19688221709
0.451655629139 0.19688221709
0.451058201058 0.19688221709
0.450462351387 0.19688221709
0.449868073879 0.19688221709
0.449275362319 0.19688221709
0.448684210526 0.19688221709
0.448094612352 0.19688221709
0.44750656168 0.19688221709
0.448230668414 0.197459584296
0.448952879581 0.198036951501
0.448366013072 0.198036951501
0.44908616188 0.198614318707
0.44850065189 0.198614318707
0.447916666667 0.198614318707
0.448634590377 0.199191685912
0.448051948052 0.199191685912
0.447470817121 0.199191685912
0.448186528497 0.199769053118
0.447606727038 0.199769053118
0.447028423773 0.199769053118
0.446451612903 0.199769053118
0.44587628866 0.199769053118
0.445302445302 0.199769053118
0.444730077121 0.199769053118
0.444159178434 0.199769053118
0.44358974359 0.199769053118
0.444302176697 0.200346420323
0.443734015345 0.200346420323
0.443167305236 0.200346420323
0.442602040816 0.200346420323
0.443312101911 0.200923787529
0.442748091603 0.200923787529
0.442185514612 0.200923787529
0.442893401015 0.201501154734
0.443599493029 0.20207852194
0.444303797468 0.202655889145
0.445006321113 0.203233256351
0.445707070707 0.203810623557
0.445145018916 0.203810623557
0.444584382872 0.203810623557
0.445283018868 0.204387990762
0.44472361809 0.204387990762
0.445420326223 0.204965357968
0.444862155388 0.204965357968
0.444305381727 0.204965357968
0.44375 0.204965357968
0.443196004994 0.204965357968
0.442643391521 0.204965357968
0.442092154421 0.204965357968
0.441542288557 0.204965357968
0.44099378882 0.204965357968
0.441687344913 0.205542725173
0.441140024783 0.205542725173
0.441831683168 0.206120092379
0.441285537701 0.206120092379
0.440740740741 0.206120092379
0.4401972873 0.206120092379
0.439655172414 0.206120092379
0.440344403444 0.206697459584
0.441031941032 0.20727482679
0.440490797546 0.20727482679
0.439950980392 0.20727482679
0.440636474908 0.207852193995
0.441320293399 0.208429561201
0.440781440781 0.208429561201
0.441463414634 0.209006928406
0.442143727162 0.209584295612
0.442822384428 0.210161662818
0.442284325638 0.210161662818
0.442961165049 0.210739030023
0.442424242424 0.210739030023
0.441888619855 0.210739030023
0.441354292624 0.210739030023
0.440821256039 0.210739030023
0.440289505428 0.210739030023
0.440963855422 0.211316397229
0.440433212996 0.211316397229
0.441105769231 0.211893764434
0.440576230492 0.211893764434
0.440047961631 0.211893764434
0.439520958084 0.211893764434
0.438995215311 0.211893764434
0.439665471924 0.21247113164
0.440334128878 0.213048498845
0.439809296782 0.213048498845
0.439285714286 0.213048498845
0.439952437574 0.213625866051
0.439429928741 0.213625866051
0.438908659549 0.213625866051
0.438388625592 0.213625866051
0.439053254438 0.214203233256
0.43853427896 0.214203233256
0.438016528926 0.214203233256
0.438679245283 0.214780600462
0.43816254417 0.214780600462
0.437647058824 0.214780600462
0.437132784959 0.214780600462
0.43779342723 0.215357967667
0.438452520516 0.215935334873
0.43793911007 0.215935334873
0.437426900585 0.215935334873
0.43691588785 0.215935334873
0.437572928821 0.216512702079
0.437062937063 0.216512702079
0.437718277066 0.217090069284
0.437209302326 0.217090069284
0.436701509872 0.217090069284
0.436194895592 0.217090069284
0.43684820394 0.21766743649
0.436342592593 0.21766743649
0.435838150289 0.21766743649
0.435334872979 0.21766743649
0.434832756632 0.21766743649
0.434331797235 0.21766743649
0.433831990794 0.21766743649
0.433333333333 0.21766743649
0.432835820896 0.21766743649
0.432339449541 0.21766743649
0.431844215349 0.21766743649
0.432494279176 0.218244803695
0.433142857143 0.218822170901
0.432648401826 0.218822170901
0.433295324971 0.219399538106
0.432801822323 0.219399538106
0.432309442548 0.219399538106
0.432954545455 0.219976905312
0.432463110102 0.219976905312
0.433106575964 0.220554272517
0.43261608154 0.220554272517
0.432126696833 0.220554272517
0.431638418079 0.220554272517
0.431151241535 0.220554272517
0.431792559188 0.221131639723
0.432432432432 0.221709006928
0.431946006749 0.221709006928
0.431460674157 0.221709006928
0.430976430976 0.221709006928
0.431614349776 0.222286374134
0.431131019037 0.222286374134
0.431767337808 0.222863741339
0.432402234637 0.223441108545
0.433035714286 0.224018475751
0.432552954292 0.224018475751
0.432071269488 0.224018475751
0.432703003337 0.224595842956
0.432222222222 0.224595842956
0.431742508324 0.224595842956
0.431263858093 0.224595842956
0.430786267996 0.224595842956
0.430309734513 0.224595842956
0.430939226519 0.225173210162
0.430463576159 0.225173210162
0.429988974642 0.225173210162
0.429515418502 0.225173210162
0.42904290429 0.225173210162
0.428571428571 0.225173210162
0.428100987925 0.225173210162
0.427631578947 0.225173210162
0.427163198248 0.225173210162
0.427789934354 0.225750577367
0.428415300546 0.226327944573
0.427947598253 0.226327944573
0.428571428571 0.226905311778
0.429193899782 0.227482678984
0.42872687704 0.227482678984
0.429347826087 0.228060046189
0.42888165038 0.228060046189
0.4284164859 0.228060046189
0.429035752979 0.228637413395
0.428571428571 0.228637413395
0.428108108108 0.228637413395
0.428725701944 0.2292147806
0.429341963323 0.229792147806
0.429956896552 0.230369515012
0.429494079656 0.230369515012
0.429032258065 0.230369515012
0.429645542427 0.230946882217
0.429184549356 0.230946882217
0.429796355841 0.231524249423
0.429336188437 0.231524249423
0.428877005348 0.231524249423
0.428418803419 0.231524249423
0.429028815368 0.232101616628
0.428571428571 0.232101616628
0.428115015974 0.232101616628
0.427659574468 0.232101616628
0.427205100956 0.232101616628
0.426751592357 0.232101616628
0.426299045599 0.232101616628
0.426906779661 0.232678983834
0.426455026455 0.232678983834
0.42600422833 0.232678983834
0.42555438226 0.232678983834
0.425105485232 0.232678983834
0.424657534247 0.232678983834
0.425263157895 0.233256351039
0.424815983176 0.233256351039
0.424369747899 0.233256351039
0.423924449108 0.233256351039
0.424528301887 0.233833718245
0.424083769634 0.233833718245
0.423640167364 0.233833718245
0.423197492163 0.233833718245
0.422755741127 0.233833718245
0.422314911366 0.233833718245
0.422916666667 0.23441108545
0.422476586889 0.23441108545
0.422037422037 0.23441108545
0.421599169263 0.23441108545
0.422199170124 0.234988452656
0.421761658031 0.234988452656
0.42132505176 0.234988452656
0.420889348501 0.234988452656
0.420454545455 0.234988452656
0.420020639835 0.234988452656
0.420618556701 0.235565819861
0.420185375901 0.235565819861
0.41975308642 0.235565819861
0.419321685509 0.235565819861
0.419917864476 0.236143187067
0.420512820513 0.236720554273
0.420081967213 0.236720554273
0.419651995906 0.236720554273
0.419222903885 0.236720554273
0.419816138917 0.237297921478
0.420408163265 0.237875288684
0.41997961264 0.237875288684
0.419551934827 0.237875288684
0.419125127162 0.237875288684
0.418699186992 0.237875288684
0.418274111675 0.237875288684
0.41784989858 0.237875288684
0.417426545086 0.237875288684
0.417004048583 0.237875288684
0.417593528817 0.238452655889
0.418181818182 0.239030023095
0.418768920283 0.2396073903
0.418346774194 0.2396073903
0.417925478348 0.2396073903
0.418511066398 0.240184757506
0.418090452261 0.240184757506
0.417670682731 0.240184757506
0.417251755266 0.240184757506
0.417835671343 0.240762124711
0.418418418418 0.241339491917
0.418 0.241339491917
0.417582417582 0.241339491917
0.417165668663 0.241339491917
0.416749750748 0.241339491917
0.417330677291 0.241916859122
0.416915422886 0.241916859122
0.416500994036 0.241916859122
0.416087388282 0.241916859122
0.415674603175 0.241916859122
0.415262636274 0.241916859122
0.414851485149 0.241916859122
0.414441147379 0.241916859122
0.414031620553 0.241916859122
0.41362290227 0.241916859122
0.413214990138 0.241916859122
0.412807881773 0.241916859122
0.412401574803 0.241916859122
0.411996066863 0.241916859122
0.411591355599 0.241916859122
0.412168792934 0.242494226328
0.412745098039 0.243071593533
0.412340842311 0.243071593533
0.411937377691 0.243071593533
0.412512218964 0.243648960739
0.412109375 0.243648960739
0.412682926829 0.244226327945
0.413255360624 0.24480369515
0.412852969815 0.24480369515
0.412451361868 0.24480369515
0.4120505345 0.24480369515
0.411650485437 0.24480369515
0.41222114452 0.245381062356
0.412790697674 0.245958429561
0.413359148112 0.246535796767
0.413926499033 0.247113163972
0.413526570048 0.247113163972
0.413127413127 0.247113163972
0.413693346191 0.247690531178
0.414258188825 0.248267898383
0.413859480269 0.248267898383
0.414423076923 0.248845265589
0.414024975985 0.248845265589
0.413627639155 0.248845265589
0.413231064238 0.248845265589
0.412835249042 0.248845265589
0.412440191388 0.248845265589
0.412045889101 0.248845265589
0.412607449857 0.249422632794
0.412213740458 0.249422632794
0.411820781697 0.249422632794
0.412380952381 0.25
0.411988582303 0.25
0.412547528517 0.250577367206
0.413105413105 0.251154734411
0.412713472486 0.251154734411
0.412322274882 0.251154734411
0.411931818182 0.251154734411
0.412488174078 0.251732101617
0.412098298677 0.251732101617
0.411709159585 0.251732101617
0.412264150943 0.252309468822
0.412818096136 0.252886836028
0.413370998117 0.253464203233
0.412982126058 0.253464203233
0.412593984962 0.253464203233
0.413145539906 0.254041570439
0.412757973734 0.254041570439
0.412371134021 0.254041570439
0.411985018727 0.254041570439
0.411599625819 0.254041570439
0.411214953271 0.254041570439
0.410830999066 0.254041570439
0.410447761194 0.254041570439
0.410065237651 0.254041570439
0.409683426443 0.254041570439
0.41023255814 0.254618937644
0.410780669145 0.25519630485
0.410399257196 0.25519630485
0.410018552876 0.25519630485
0.409638554217 0.25519630485
0.409259259259 0.25519630485
0.40980573543 0.255773672055
0.409426987061 0.255773672055
0.409048938135 0.255773672055
0.409594095941 0.256351039261
0.409216589862 0.256351039261
0.409760589319 0.256928406467
0.409383624655 0.256928406467
0.409007352941 0.256928406467
0.408631772268 0.256928406467
0.408256880734 0.256928406467
0.407882676444 0.256928406467
0.407509157509 0.256928406467
0.407136322049 0.256928406467
0.40676416819 0.256928406467
0.406392694064 0.256928406467
0.406934306569 0.257505773672
0.406563354603 0.257505773672
0.406193078324 0.257505773672
0.405823475887 0.257505773672
0.406363636364 0.258083140878
0.405994550409 0.258083140878
0.405626134301 0.258083140878
0.406165004533 0.258660508083
0.405797101449 0.258660508083
0.405429864253 0.258660508083
0.405967450271 0.259237875289
0.405600722674 0.259237875289
0.40523465704 0.259237875289
0.404869251578 0.259237875289
0.405405405405 0.259815242494
0.405940594059 0.2603926097
0.406474820144 0.260969976905
0.406109613657 0.260969976905
0.406642728905 0.261547344111
0.406278026906 0.261547344111
0.405913978495 0.261547344111
0.405550581916 0.261547344111
0.40518783542 0.261547344111
0.404825737265 0.261547344111
0.404464285714 0.261547344111
0.404995539697 0.262124711316
0.404634581105 0.262124711316
0.404274265361 0.262124711316
0.403914590747 0.262124711316
0.404444444444 0.262702078522
0.404085257549 0.262702078522
0.403726708075 0.262702078522
0.403368794326 0.262702078522
0.403011514615 0.262702078522
0.402654867257 0.262702078522
0.402298850575 0.262702078522
0.402826855124 0.263279445727
0.402471315093 0.263279445727
0.402116402116 0.263279445727
0.401762114537 0.263279445727
0.401408450704 0.263279445727
0.401934916447 0.263856812933
0.40158172232 0.263856812933
0.402107111501 0.264434180139
0.401754385965 0.264434180139
0.401402278703 0.264434180139
0.401050788091 0.264434180139
0.400699912511 0.264434180139
0.40034965035 0.264434180139
0.4 0.264434180139
0.39965095986 0.264434180139
0.399302528335 0.264434180139
0.398954703833 0.264434180139
0.399477806789 0.265011547344
0.399130434783 0.265011547344
0.398783666377 0.265011547344
0.399305555556 0.26558891455
0.398959236774 0.26558891455
0.398613518198 0.26558891455
0.399134199134 0.266166281755
0.398788927336 0.266166281755
0.398444252377 0.266166281755
0.398100172712 0.266166281755
0.398619499569 0.266743648961
0.399137931034 0.267321016166
0.39879414298 0.267321016166
0.398450946644 0.267321016166
0.398108340499 0.267321016166
0.398625429553 0.267898383372
0.398283261803 0.267898383372
0.397941680961 0.267898383372
0.397600685518 0.267898383372
0.397260273973 0.267898383372
0.397775876818 0.268475750577
0.397435897436 0.268475750577
0.397950469684 0.269053117783
0.397610921502 0.269053117783
0.397271952259 0.269053117783
0.396933560477 0.269053117783
0.396595744681 0.269053117783
0.396258503401 0.269053117783
0.395921835174 0.269053117783
0.39558573854 0.269053117783
0.395250212044 0.269053117783
0.394915254237 0.269053117783
0.394580863675 0.269053117783
0.395093062606 0.269630484988
0.394759087067 0.269630484988
0.394425675676 0.269630484988
0.394092827004 0.269630484988
0.393760539629 0.269630484988
0.393428812131 0.269630484988
0.393097643098 0.269630484988
0.392767031119 0.269630484988
0.393277310924 0.270207852194
0.392947103275 0.270207852194
0.393456375839 0.2707852194
0.393126571668 0.2707852194
0.392797319933 0.2707852194
0.392468619247 0.2707852194
0.392976588629 0.271362586605
0.392648287385 0.271362586605
0.392320534224 0.271362586605
0.391993327773 0.271362586605
0.391666666667 0.271362586605
0.391340549542 0.271362586605
0.391014975042 0.271362586605
0.390689941812 0.271362586605
0.390365448505 0.271362586605
0.390871369295 0.271939953811
0.390547263682 0.271939953811
0.390223695112 0.271939953811
0.389900662252 0.271939953811
0.389578163772 0.271939953811
0.389256198347 0.271939953811
0.388934764657 0.271939953811
0.388613861386 0.271939953811
0.388293487222 0.271939953811
0.387973640857 0.271939953811
0.387654320988 0.271939953811
0.387335526316 0.271939953811
0.387017255546 0.271939953811
0.386699507389 0.271939953811
0.386382280558 0.271939953811
0.38606557377 0.271939953811
0.385749385749 0.271939953811
0.385433715221 0.271939953811
0.385118560916 0.271939953811
0.384803921569 0.271939953811
0.384489795918 0.271939953811
0.384176182708 0.271939953811
0.383863080685 0.271939953811
0.383550488599 0.271939953811
0.383238405207 0.271939953811
0.382926829268 0.271939953811
0.382615759545 0.271939953811
0.382305194805 0.271939953811
0.38199513382 0.271939953811
0.381685575365 0.271939953811
0.381376518219 0.271939953811
0.381067961165 0.271939953811
0.381568310428 0.272517321016
0.381260096931 0.272517321016
0.380952380952 0.272517321016
0.38064516129 0.272517321016
0.380338436745 0.272517321016
0.380837359098 0.273094688222
0.381335478681 0.273672055427
0.381832797428 0.274249422633
0.381526104418 0.274249422633
0.381219903692 0.274249422633
0.381716118685 0.274826789838
0.38141025641 0.274826789838
0.38190552442 0.275404157044
0.3816 0.275404157044
0.381294964029 0.275404157044
0.380990415335 0.275404157044
0.380686352753 0.275404157044
0.381180223285 0.275981524249
0.380876494024 0.275981524249
0.380573248408 0.275981524249
0.380270485282 0.275981524249
0.379968203498 0.275981524249
0.379666401906 0.275981524249
0.379365079365 0.275981524249
0.379064234734 0.275981524249
0.378763866878 0.275981524249
0.379255740301 0.276558891455
0.379746835443 0.277136258661
0.38023715415 0.277713625866
0.379936808847 0.277713625866
0.379636937648 0.277713625866
0.379337539432 0.277713625866
0.379038613081 0.277713625866
0.37874015748 0.277713625866
0.378442171518 0.277713625866
0.378144654088 0.277713625866
0.377847604085 0.277713625866
0.377551020408 0.277713625866
0.377254901961 0.277713625866
0.377742946708 0.278290993072
0.377447141738 0.278290993072
0.377151799687 0.278290993072
0.376856919468 0.278290993072
0.3765625 0.278290993072
0.377049180328 0.278868360277
0.376755070203 0.278868360277
0.377240841777 0.279445727483
0.376947040498 0.279445727483
0.376653696498 0.279445727483
0.376360808709 0.279445727483
0.376068376068 0.279445727483
0.376552795031 0.280023094688
0.376260667184 0.280023094688
0.375968992248 0.280023094688
0.375677769171 0.280023094688
0.375386996904 0.280023094688
0.375096674401 0.280023094688
0.374806800618 0.280023094688
0.374517374517 0.280023094688
0.374228395062 0.280023094688
0.374710871241 0.280600461894
0.374422187982 0.280600461894
0.374133949192 0.280600461894
0.373846153846 0.280600461894
0.37432744043 0.281177829099
0.374039938556 0.281177829099
0.373752877974 0.281177829099
0.373466257669 0.281177829099
0.373180076628 0.281177829099
0.373660030628 0.281755196305
0.37337413925 0.281755196305
0.373088685015 0.281755196305
0.373567608862 0.28233256351
0.373282442748 0.28233256351
0.37299771167 0.28233256351
0.372713414634 0.28233256351
0.372429550647 0.28233256351
0.372146118721 0.28233256351
0.372623574144 0.282909930716
0.372340425532 0.282909930716
0.37205770691 0.282909930716
0.371775417299 0.282909930716
0.371493555724 0.282909930716
0.371212121212 0.282909930716
0.370931112793 0.282909930716
0.370650529501 0.282909930716
0.37037037037 0.282909930716
0.370090634441 0.282909930716
0.370566037736 0.283487297921
0.370286576169 0.283487297921
0.370007535795 0.283487297921
0.370481927711 0.284064665127
0.370203160271 0.284064665127
0.36992481203 0.284064665127
0.370398196844 0.284642032333
0.370870870871 0.285219399538
0.370592648162 0.285219399538
0.370314842579 0.285219399538
0.370037453184 0.285219399538
0.369760479042 0.285219399538
0.369483919222 0.285219399538
0.369207772795 0.285219399538
0.368932038835 0.285219399538
0.369402985075 0.285796766744
0.369873228934 0.286374133949
0.369597615499 0.286374133949
0.369322412509 0.286374133949
0.369047619048 0.286374133949
0.368773234201 0.286374133949
0.369242199108 0.286951501155
0.368968077209 0.286951501155
0.368694362018 0.286951501155
0.368421052632 0.286951501155
0.368148148148 0.286951501155
0.367875647668 0.286951501155
0.367603550296 0.286951501155
0.367331855137 0.286951501155
0.3670605613 0.286951501155
0.366789667897 0.286951501155
0.366519174041 0.286951501155
0.36624907885 0.286951501155
0.365979381443 0.286951501155
0.366445916115 0.28752886836
0.366176470588 0.28752886836
0.365907421014 0.28752886836
0.36563876652 0.28752886836
0.365370506236 0.28752886836
0.365835777126 0.288106235566
0.365567765568 0.288106235566
0.365300146413 0.288106235566
0.3650329188 0.288106235566
0.364766081871 0.288106235566
0.36449963477 0.288106235566
0.364233576642 0.288106235566
0.363967906637 0.288106235566
0.36443148688 0.288683602771
0.364166059723 0.288683602771
0.364628820961 0.289260969977
0.364363636364 0.289260969977
0.364098837209 0.289260969977
0.36456063907 0.289838337182
0.364296081277 0.289838337182
0.364031907179 0.289838337182
0.363768115942 0.289838337182
0.363504706734 0.289838337182
0.363241678726 0.289838337182
0.362979031092 0.289838337182
0.362716763006 0.289838337182
0.362454873646 0.289838337182
0.362193362193 0.289838337182
0.36193222783 0.289838337182
0.362391930836 0.290415704388
0.362131029518 0.290415704388
0.361870503597 0.290415704388
0.362329259526 0.290993071594
0.362787356322 0.291570438799
0.363244795406 0.292147806005
0.363701578192 0.29272517321
0.363440860215 0.29272517321
0.363180515759 0.29272517321
0.363636363636 0.293302540416
0.363376251788 0.293302540416
0.363116511794 0.293302540416
0.362857142857 0.293302540416
0.363311920057 0.293879907621
0.36305278174 0.293879907621
0.36279401283 0.293879907621
0.362535612536 0.293879907621
0.362277580071 0.293879907621
0.362019914651 0.293879907621
0.361762615494 0.293879907621
0.361505681818 0.293879907621
0.361958836054 0.294457274827
0.36170212766 0.294457274827
0.361445783133 0.294457274827
0.3611898017 0.294457274827
0.361641896674 0.295034642032
0.361386138614 0.295034642032
0.361130742049 0.295034642032
0.360875706215 0.295034642032
0.360621030346 0.295034642032
0.360366713681 0.295034642032
0.360817477097 0.295612009238
0.360563380282 0.295612009238
0.360309641098 0.295612009238
0.36005625879 0.295612009238
0.359803232607 0.295612009238
0.359550561798 0.295612009238
0.359298245614 0.295612009238
0.35904628331 0.295612009238
0.358794674142 0.295612009238
0.359243697479 0.296189376443
0.358992302309 0.296189376443
0.358741258741 0.296189376443
0.358490566038 0.296189376443
0.358938547486 0.296766743649
0.358688066992 0.296766743649
0.358437935844 0.296766743649
0.35818815331 0.296766743649
0.357938718663 0.296766743649
0.357689631176 0.296766743649
0.357440890125 0.296766743649
0.357192494788 0.296766743649
0.356944444444 0.296766743649
0.356696738376 0.296766743649
0.356449375867 0.296766743649
0.356202356202 0.296766743649
0.35595567867 0.296766743649
0.355709342561 0.296766743649
0.356154910097 0.297344110855
0.35590877678 0.297344110855
0.355662983425 0.297344110855
0.355417529331 0.297344110855
0.355172413793 0.297344110855
0.354927636113 0.297344110855
0.354683195592 0.297344110855
0.354439091535 0.297344110855
0.354195323246 0.297344110855
0.353951890034 0.297344110855
0.353708791209 0.297344110855
0.353466026081 0.297344110855
0.353223593964 0.297344110855
0.352981494174 0.297344110855
0.352739726027 0.297344110855
0.352498288843 0.297344110855
0.352257181943 0.297344110855
0.352699931647 0.29792147806
0.352459016393 0.29792147806
0.352218430034 0.29792147806
0.351978171896 0.29792147806
0.351738241309 0.29792147806
0.351498637602 0.29792147806
0.351259360109 0.29792147806
