14082 4 0.981917560101
60763 4 0.972020089626
22177 4 0.970251500607
65433 4 0.96995562315
52262 4 0.957728505135
82160 4 0.948223590851
1852 1 0.94297939539
1610 4 0.942607045174
11801 4 0.941695332527
65431 4 0.940338373184
88137 1 0.939909338951
10306 4 0.938982963562
62181 4 0.936125040054
9676 1 0.936026632786
634 1 0.935645759106
69665 1 0.933835506439
12657 1 0.932767152786
57243 1 0.931047856808
1321 4 0.930504441261
8518 4 0.92898619175
67140 1 0.928248226643
22257 1 0.92822676897
21548 1 0.92668569088
85006 4 0.925597429276
55623 4 0.923129916191
65577 4 0.922878324986
79503 4 0.921445846558
81131 4 0.921425580978
10307 4 0.917726635933
34665 4 0.917550563812
66772 4 0.912024021149
59276 1 0.911778330803
1913 4 0.911748707294
88783 1 0.909653067589
32110 4 0.90896064043
38092 1 0.90822327137
32660 1 0.906854391098
9460 1 0.904542028904
51715 1 0.903660655022
52820 1 0.903454720974
91277 4 0.903134644032
50546 4 0.900630176067
21635 4 0.900627672672
52402 4 0.900281727314
8715 4 0.900239288807
49018 1 0.899328589439
85153 1 0.898693203926
28736 1 0.897915065289
44997 1 0.897044718266
62098 4 0.89595413208
48117 4 0.894614815712
50241 1 0.89439457655
19175 4 0.892508804798
90352 4 0.892049491405
76866 4 0.8915823102
91210 1 0.891037464142
62182 4 0.88973647356
66444 1 0.889662027359
35197 1 0.889177501202
20917 1 0.889119982719
89443 1 0.888758659363
4429 4 0.88613319397
20804 1 0.88603246212
72198 1 0.885037720203
25872 1 0.884963691235
76245 1 0.88277310133
23356 1 0.882555782795
51192 4 0.881512701511
80608 1 0.881038188934
68555 4 0.880857467651
18976 1 0.88010174036
66956 1 0.877526164055
19589 1 0.876632869244
68024 4 0.875856935978
72207 4 0.875607132912
2067 1 0.874399662018
19227 1 0.874340951443
45000 1 0.873557627201
51754 1 0.873227000237
55507 4 0.8718983531
82299 1 0.871674656868
57651 1 0.871160030365
5248 1 0.87083786726
18460 1 0.870714068413
48689 1 0.86794501543
58418 1 0.866895318031
27028 1 0.866359949112
46007 1 0.86604064703
64152 1 0.85867857933
72879 1 0.858455836773
40127 4 0.858033537865
89000 1 0.857978999615
48181 4 0.857494413853
9327 4 0.8573756814
25828 4 0.857182562351
74254 4 0.856944203377
53638 1 0.855456471443
54586 1 0.85521376133
37843 1 0.855151951313
26715 1 0.854672253132
40502 1 0.852079391479
46209 4 0.85200804472
12234 4 0.851367533207
12190 4 0.851278245449
62216 4 0.850979149342
7243 1 0.850444018841
46690 4 0.850442230701
76234 4 0.848686277866
29398 4 0.848637759686
48585 1 0.846832990646
49616 1 0.846242845058
55877 1 0.846241056919
58500 1 0.844929277897
3527 1 0.843873500824
37173 4 0.840572476387
89191 4 0.83952999115
10345 4 0.838343262672
84960 4 0.838176608086
20045 4 0.837630152702
71725 1 0.836737811565
4095 1 0.836171865463
37761 1 0.835846662521
48372 4 0.835057616234
66441 1 0.834386587143
24100 4 0.832655787468
13538 1 0.832611620426
53230 1 0.832430541515
1919 4 0.83095240593
21634 4 0.830800116062
76717 1 0.828996598721
88844 4 0.82655608654
32622 4 0.82342505455
72607 1 0.82302314043
32044 1 0.822436928749
5384 1 0.822092711926
76784 1 0.82143509388
81104 1 0.821419835091
28079 1 0.819245934486
22247 1 0.818943858147
33326 4 0.817551970482
59029 1 0.815176963806
39959 1 0.81450343132
38955 1 0.813835501671
71726 1 0.812210679054
26790 1 0.81102347374
5697 1 0.809888601303
54265 1 0.809113562107
5932 1 0.808279454708
86981 1 0.808211863041
34116 4 0.80812305212
35032 4 0.806867480278
54560 1 0.806818127632
48702 4 0.806620597839
4526 4 0.80639821291
42076 1 0.804967343807
2973 1 0.804645121098
79453 1 0.80454325676
23003 1 0.804005622864
51074 4 0.803119778633
20283 4 0.801627576351
88914 4 0.801328659058
42812 4 0.801193356514
20501 1 0.800921499729
21937 1 0.800618290901
5914 1 0.79922580719
87338 1 0.798911035061
25807 1 0.798217833042
53930 1 0.797969341278
26497 1 0.797400534153
46512 1 0.796975433826
62682 1 0.796760380268
86484 1 0.796378850937
90137 1 0.796267867088
87308 1 0.795576274395
34792 1 0.795393526554
52508 4 0.795173466206
5585 1 0.793407261372
55415 1 0.79218763113
13027 1 0.79156011343
31102 1 0.791305541992
42227 4 0.790682315826
10397 4 0.790614128113
37914 1 0.789966166019
12810 1 0.788592576981
15471 4 0.788451552391
60218 1 0.786822497845
31906 4 0.786632418633
78651 1 0.786620855331
70388 4 0.78620660305
19082 4 0.784827709198
75236 1 0.783434152603
66150 1 0.782861769199
61513 1 0.782523334026
78189 4 0.781606256962
60136 1 0.780996799469
10956 1 0.780865728855
57739 1 0.780812978745
59721 1 0.780680298805
371 1 0.779314100742
13247 1 0.779031038284
49044 4 0.778641462326
26137 4 0.777619123459
62683 1 0.776858329773
70281 1 0.775808572769
25204 4 0.775051593781
16647 4 0.773838222027
91609 1 0.773133218288
4415 1 0.772221684456
87927 1 0.770847737789
45773 4 0.769570231438
5563 1 0.769276440144
4525 4 0.768495023251
1996 1 0.766600847244
56386 4 0.766384482384
20369 4 0.766058504581
38957 1 0.76591604948
7393 1 0.765411615372
62894 1 0.762918949127
87612 1 0.76283043623
48389 1 0.762014091015
60907 1 0.759544312954
51581 4 0.759075880051
47717 4 0.7581153512
31377 4 0.756928741932
88735 4 0.755775690079
60088 1 0.755429923534
12298 4 0.754676103592
5939 1 0.754112482071
28049 4 0.752159059048
5885 1 0.751888692379
46201 1 0.75107228756
24165 1 0.75059568882
86336 1 0.749913871288
25688 4 0.749259054661
87258 1 0.74922055006
5475 1 0.748475432396
78215 1 0.745640933514
7806 1 0.745361208916
90475 1 0.744150817394
73337 1 0.743361473083
9425 4 0.741288304329
77568 4 0.740980148315
51065 4 0.740893006325
82922 4 0.740150690079
70943 1 0.739675402641
3865 1 0.739621341228
89669 1 0.739160358906
60479 1 0.738940477371
79519 4 0.737816810608
41789 1 0.737624108791
5700 1 0.737348377705
20203 1 0.737286806107
67849 4 0.736729800701
19747 1 0.736162900925
5661 1 0.735967814922
43610 1 0.735852479935
83543 1 0.735736966133
85896 1 0.735074341297
1173 1 0.734877645969
42978 4 0.734505712986
48387 1 0.733820676804
20747 1 0.733023107052
82825 1 0.73269122839
642 1 0.731809735298
83997 4 0.731116056442
87910 4 0.730350136757
24163 1 0.730245769024
27835 1 0.729528367519
50334 1 0.72938388586
21762 1 0.729186296463
90061 1 0.728988945484
89796 1 0.72884619236
34381 4 0.728547275066
89266 1 0.727743208408
74246 4 0.727294504642
3231 1 0.727189004421
65238 1 0.726601302624
62370 1 0.725971639156
51124 1 0.725308597088
33695 4 0.724936544895
3160 1 0.723516821861
22721 1 0.723465979099
6552 4 0.723121643066
20074 1 0.722797214985
10153 1 0.721782624722
68720 1 0.721674621105
43711 1 0.720458507538
19745 1 0.71926856041
5913 1 0.718810021877
36505 1 0.71793794632
84797 1 0.717333555222
29148 1 0.716793417931
26935 4 0.71644705534
81143 1 0.716435313225
70760 1 0.715147852898
3137 1 0.714608073235
20459 1 0.714256167412
64554 1 0.713802158833
34090 1 0.713793218136
67139 1 0.713252782822
61751 4 0.713167607784
74380 1 0.712323844433
2102 1 0.710530698299
66901 1 0.7104383111
37506 1 0.710147559643
43375 1 0.709506511688
60071 1 0.707769453526
76606 1 0.707301914692
1420 4 0.707156717777
3690 1 0.704838514328
41233 1 0.704774618149
78650 1 0.703489363194
4294 4 0.702753663063
31959 1 0.702675163746
1958 1 0.702629506588
11716 1 0.702041924
83595 4 0.701824069023
4064 1 0.701381027699
46242 1 0.70079678297
43256 1 0.700711727142
36616 1 0.699235856533
1174 1 0.698358118534
11595 1 0.69833958149
36405 4 0.698244571686
60483 1 0.697873473167
12450 1 0.697708189487
48791 4 0.696540236473
89681 1 0.696540176868
50967 1 0.696145892143
51699 1 0.695381581783
47569 4 0.695016503334
60106 1 0.692471563816
55194 1 0.692092120647
13882 2 0.691834926605
6971 2 0.691661894321
89337 4 0.690692782402
39710 1 0.690096318722
9813 1 0.689961671829
41670 1 0.689885437489
58781 4 0.689470589161
91099 1 0.689018726349
74303 1 0.688895344734
5784 7 0.688839316368
83955 4 0.688231468201
85472 1 0.688194155693
6023 4 0.687823355198
23150 1 0.687761545181
38374 1 0.687532126904
40390 4 0.687239468098
64040 1 0.687183082104
88379 1 0.687165081501
68717 1 0.68712002039
78322 1 0.686573445797
4331 1 0.686411976814
31152 4 0.686111927032
7628 4 0.684441149235
34458 7 0.684339642525
73889 7 0.680881440639
44361 1 0.680246949196
78216 1 0.680169403553
36052 1 0.67984110117
65754 4 0.679426372051
4048 1 0.679268598557
25772 1 0.678912103176
69181 1 0.678642272949
965 4 0.677818179131
18858 4 0.677593410015
49274 1 0.677565276623
44020 1 0.676913738251
58146 1 0.676217556
7699 1 0.67547917366
48719 4 0.674701333046
3706 1 0.674495518208
68052 4 0.674365341663
42763 4 0.674166977406
8162 1 0.674142837524
19330 1 0.673848330975
1244 4 0.673432171345
55134 1 0.673256039619
1374 2 0.672889053822
43894 1 0.672252953053
30336 4 0.672219872475
6572 4 0.671889722347
900 1 0.670811295509
67141 1 0.670567631721
20440 1 0.670328855515
41675 1 0.670326113701
68189 4 0.670149743557
2155 1 0.669452190399
31568 1 0.669211268425
87498 1 0.668689668179
29777 4 0.668667018414
89074 4 0.668524384499
73113 1 0.66846704483
84936 1 0.668236851692
32139 1 0.667816638947
55575 1 0.667588055134
22179 4 0.667255759239
63937 1 0.66691339016
18244 1 0.666473388672
49687 7 0.665606796741
46513 1 0.665038883686
42522 1 0.664878964424
4192 1 0.66430670023
83201 1 0.66304475069
13313 4 0.661706030369
10038 1 0.661004722118
45492 1 0.660554289818
82521 1 0.660137951374
54976 1 0.65981143713
17180 4 0.659016013145
21759 1 0.658949255943
63145 1 0.658155202866
25672 1 0.657770395279
34156 1 0.656735062599
91062 2 0.65658813715
33107 1 0.656559050083
28451 1 0.656022846699
1023 1 0.655421197414
6958 1 0.655288159847
52821 7 0.655213057995
3344 4 0.655196785927
32920 1 0.655143916607
40983 1 0.655015230179
69962 1 0.654821336269
45977 1 0.654315173626
9921 1 0.654272913933
41674 1 0.653632760048
52357 1 0.653290450573
90999 1 0.652866482735
30926 1 0.65193939209
27173 1 0.651865303516
34334 1 0.651553153992
5356 1 0.651479780674
76958 4 0.650323688984
26687 1 0.649445056915
48020 1 0.649423658848
4173 4 0.64922273159
53924 1 0.647791445255
60351 1 0.647740006447
29687 4 0.647727370262
39061 1 0.647185146809
54679 1 0.646604895592
9210 1 0.646457731724
18394 1 0.646367371082
22704 1 0.646144866943
4292 1 0.646016776562
3856 4 0.645727157593
13070 4 0.644761502743
34256 1 0.644659101963
42711 1 0.643995583057
55464 1 0.642735004425
629 1 0.6426679492
19730 1 0.642244637012
69911 4 0.642085969448
88738 4 0.641571342945
28455 1 0.641090393066
73338 1 0.640790998936
32859 1 0.640739798546
61917 1 0.640412032604
53240 4 0.640309989452
69952 1 0.639967679977
28109 1 0.638067305088
22367 1 0.638020455837
16634 1 0.637954771519
38094 1 0.63795286417
40156 1 0.637331545353
64146 1 0.637298643589
62554 1 0.636662781239
86982 1 0.63535541296
86230 1 0.634380340576
27250 4 0.633620500565
21386 1 0.633137106895
7933 1 0.632916808128
17284 4 0.631786465645
10940 1 0.631653368473
69802 4 0.631065487862
23869 4 0.630920112133
21233 1 0.629964649677
56651 1 0.629865586758
62379 4 0.629740178585
45121 1 0.629616379738
66591 1 0.629041135311
64005 1 0.628646910191
1304 1 0.627791583538
74567 1 0.62620639801
20511 1 0.625737369061
45625 1 0.62525331974
38742 1 0.624374628067
90510 1 0.623607337475
56310 4 0.623237550259
71975 4 0.623011231422
8692 1 0.622953593731
55578 1 0.622895717621
78630 1 0.622823476791
21416 1 0.621903836727
49688 1 0.621632993221
78741 1 0.62162065506
71006 1 0.621609210968
5059 1 0.621555268764
23001 4 0.620601415634
44286 1 0.619657814503
24146 1 0.619345068932
24513 1 0.618913769722
50117 1 0.618494510651
16049 1 0.617850482464
16093 1 0.617696642876
25168 4 0.616970479488
82402 1 0.616126596928
54941 1 0.615946829319
51218 1 0.615796089172
2258 1 0.615106701851
30230 4 0.614754498005
11698 4 0.614346444607
3852 1 0.614003956318
7861 4 0.613090455532
56913 2 0.612521827221
80144 1 0.611385464668
2364 1 0.610922455788
25774 1 0.610397040844
42082 4 0.610205888748
54278 2 0.610145926476
55698 1 0.609890758991
18170 1 0.609618067741
44713 4 0.608692348003
79329 1 0.608403682709
55970 1 0.608399510384
87366 1 0.607490479946
50 4 0.607038199902
47616 1 0.607038199902
6357 1 0.606964409351
88736 4 0.606359302998
4646 1 0.606075763702
12980 4 0.606073081493
14156 1 0.605692386627
42415 1 0.605374276638
7545 1 0.605310380459
89050 1 0.605228126049
83301 1 0.605082511902
30298 1 0.604914665222
34094 1 0.604653716087
73947 1 0.603862226009
70937 1 0.603769659996
1851 1 0.60369426012
16649 4 0.603576719761
63620 4 0.60265570879
15916 1 0.602092325687
65165 1 0.601438999176
21197 1 0.601100504398
37508 1 0.60080820322
4726 1 0.600437164307
55509 1 0.600005269051
37167 2 0.599792838097
73365 4 0.599693715572
81776 1 0.599660813808
74243 4 0.599238991737
37178 4 0.599056184292
40405 1 0.59825861454
38992 1 0.598232507706
62552 1 0.598104000092
21659 1 0.597675979137
20697 1 0.597476541996
34674 4 0.59729719162
27072 1 0.597054362297
49556 4 0.597046256065
22198 2 0.596690475941
28616 1 0.595042049885
45122 1 0.595034778118
11509 4 0.59460568428
12051 4 0.594371914864
3138 1 0.593603312969
18571 1 0.593446075916
5476 1 0.593394219875
7240 1 0.592791259289
5759 1 0.592718303204
21930 1 0.592407226562
13257 1 0.592335820198
34553 1 0.591720581055
70562 1 0.591467857361
70999 1 0.59104013443
72592 1 0.591011166573
1313 1 0.590265929699
74340 4 0.58969950676
27488 4 0.589693129063
78214 1 0.589389681816
65060 4 0.588750898838
90412 4 0.588672637939
50965 1 0.588379442692
342 4 0.588299274445
65964 4 0.588256180286
90134 1 0.587738156319
86146 1 0.586662173271
20732 1 0.586651444435
7268 1 0.586614966393
64116 1 0.586476683617
16945 2 0.58570599556
37928 1 0.585418581963
7341 1 0.585233867168
62786 1 0.58519500494
10432 1 0.585094928741
45178 4 0.584613800049
63133 1 0.584289193153
67627 1 0.584227442741
63153 1 0.584201574326
66030 1 0.584189891815
47859 1 0.583663403988
66775 1 0.583079397678
89605 4 0.582926154137
23399 1 0.582914233208
62213 1 0.58265799284
58419 7 0.581815719604
17148 1 0.581379115582
21152 1 0.58126437664
56569 1 0.581251621246
79985 4 0.580688714981
80969 1 0.580367445946
29437 1 0.58031898737
83903 4 0.580310702324
3754 4 0.579523205757
68425 1 0.579424738884
7935 1 0.578873097897
26490 1 0.577986180782
59442 2 0.577415466309
55001 1 0.577023565769
46745 1 0.577023088932
81521 1 0.576422333717
89121 4 0.576223790646
12457 1 0.576059341431
41718 1 0.575975060463
9371 4 0.575636148453
27833 1 0.575490891933
3171 1 0.575217485428
35929 1 0.575028777122
10431 1 0.574815690517
37498 1 0.574662566185
23701 1 0.573713302612
18748 1 0.573586881161
75246 1 0.572719097137
24380 4 0.572629630566
64789 1 0.572595000267
30923 1 0.572161912918
45151 4 0.571679651737
82559 1 0.571385741234
18427 1 0.571119189262
18237 1 0.570996046066
47318 1 0.570990741253
30880 1 0.570947110653
15832 4 0.570826351643
53841 4 0.570589065552
75789 1 0.570535898209
9000 1 0.57046353817
5558 1 0.570251166821
38229 1 0.569516897202
30873 4 0.569468080997
7750 1 0.569444358349
63334 1 0.568954765797
8680 1 0.568887233734
32108 1 0.568739116192
32164 1 0.568312466145
43464 4 0.568201005459
89731 1 0.568157970905
38208 1 0.567669987679
30077 1 0.567409813404
7409 1 0.56587678194
77417 1 0.565822660923
6709 2 0.565424442291
17221 1 0.565317094326
69027 1 0.565201759338
22638 1 0.564343929291
85754 1 0.563469350338
29481 2 0.56329113245
38509 1 0.563017904758
78834 1 0.562673270702
85306 1 0.562607944012
85459 1 0.562536597252
55165 1 0.562416017056
11152 2 0.562225759029
27539 1 0.562219500542
40478 4 0.561487853527
52899 1 0.561447262764
8105 1 0.561296582222
44165 1 0.561171650887
13026 1 0.561147034168
79296 1 0.560985326767
26386 1 0.560719609261
68642 1 0.560560584068
61728 1 0.560481548309
60937 4 0.560255885124
21549 1 0.560213387012
59697 1 0.559730827808
60154 1 0.559510529041
22693 1 0.558976471424
50469 1 0.558475315571
13922 1 0.558066308498
63928 1 0.557601749897
67029 1 0.557370364666
66010 1 0.557285070419
30470 1 0.557071387768
4358 1 0.556788265705
74592 1 0.556744813919
61053 1 0.556694149971
35904 1 0.556256234646
22239 1 0.556239783764
58485 1 0.555613994598
56241 1 0.55556666851
84800 1 0.555397748947
49546 4 0.55535697937
30085 1 0.555325269699
25426 1 0.555128574371
33782 1 0.554959595203
35668 1 0.554665625095
325 1 0.554480612278
70410 1 0.554386913776
66753 1 0.554127514362
39181 1 0.553969621658
50190 1 0.55368834734
76475 1 0.552487552166
16004 2 0.551917672157
1180 1 0.551300287247
1702 4 0.551011741161
17886 1 0.550504922867
78730 1 0.550286233425
82904 1 0.550130009651
11596 1 0.549795210361
59772 1 0.54963517189
77331 1 0.549474895
60135 1 0.549121975899
18975 1 0.549118995667
31051 1 0.548830866814
69803 4 0.548641860485
10165 1 0.54856055975
17091 2 0.548422455788
40654 1 0.548359870911
74755 1 0.548315048218
35121 4 0.548260629177
28744 1 0.548102855682
27428 1 0.54792958498
10244 2 0.547622263432
33097 4 0.547572672367
35795 1 0.547190248966
52852 4 0.546987593174
67504 3 0.546875417233
35407 1 0.54630112648
35410 1 0.546280264854
1030 1 0.54627507925
82915 4 0.545876502991
14179 1 0.545771360397
24177 1 0.545026898384
90474 1 0.54461812973
59066 1 0.544222354889
26235 1 0.543569624424
15614 1 0.543363690376
8175 1 0.542915403843
83564 1 0.542803823948
12564 1 0.542417049408
51690 1 0.542394459248
35411 4 0.542241215706
20823 1 0.542163550854
22237 1 0.541678786278
23278 1 0.541542589664
58487 1 0.541359841824
18262 1 0.541148364544
25345 2 0.540896713734
33619 1 0.540856897831
33781 1 0.540504276752
6837 1 0.540423810482
56209 4 0.540181815624
52218 1 0.54011118412
71477 1 0.539989054203
9304 1 0.539884746075
44993 2 0.539878427982
71465 1 0.539856135845
89444 1 0.53945428133
8367 1 0.539390623569
24176 1 0.539039313793
72579 4 0.538606584072
69208 1 0.53853482008
23196 1 0.538427591324
35703 1 0.537775099277
67636 4 0.537316381931
46282 1 0.537314295769
11462 1 0.537195146084
51668 1 0.536942601204
90383 1 0.536456048489
55750 4 0.535777270794
44930 1 0.53426015377
10162 1 0.533401250839
34373 2 0.533317148685
89678 1 0.53324085474
55447 1 0.532591879368
4113 1 0.532425165176
76572 1 0.532135009766
17634 4 0.531705260277
68911 4 0.531429290771
43077 1 0.531256079674
11832 4 0.53108304739
44905 1 0.53100758791
64562 1 0.530954480171
50277 1 0.530012607574
79629 1 0.529943466187
61749 1 0.529284060001
41009 1 0.529143095016
12582 1 0.528953492641
69816 1 0.528812348843
54821 4 0.5286642313
76743 1 0.528145551682
40155 1 0.527794182301
9217 1 0.526954352856
30830 1 0.525817453861
5231 1 0.52550894022
67265 1 0.52548712492
48162 1 0.525300323963
29149 7 0.525290250778
86949 1 0.524761676788
45334 1 0.524634242058
22253 1 0.524585962296
43116 1 0.524213314056
62824 1 0.52389729023
20746 1 0.523420095444
15302 1 0.523278355598
43202 1 0.523181974888
26264 1 0.52315223217
10164 1 0.522975564003
1419 4 0.522453188896
42675 1 0.522372484207
83806 4 0.522341132164
59516 4 0.522046864033
44661 1 0.521408319473
30471 1 0.520810782909
63949 1 0.52072930336
76196 4 0.520046412945
19247 1 0.519974410534
76714 1 0.519942224026
12451 1 0.519740402699
68560 1 0.519676089287
50687 4 0.519672572613
44164 1 0.519209444523
61241 4 0.519049525261
38804 4 0.518799304962
36940 1 0.518055379391
65353 2 0.517498075962
54255 1 0.517455220222
45931 4 0.517259538174
66282 1 0.51713013649
25147 4 0.516797065735
29440 4 0.516655445099
43136 1 0.516573369503
12463 1 0.51645386219
41632 1 0.515538692474
1175 1 0.515397191048
21546 1 0.515374422073
71281 1 0.514604449272
76967 4 0.514542102814
25669 2 0.514305651188
90607 1 0.514191269875
86133 1 0.514005303383
60778 1 0.513765394688
8665 1 0.513539016247
55587 1 0.513500869274
32042 1 0.513068974018
68907 4 0.512841522694
52532 1 0.512599349022
41270 1 0.512064099312
37766 1 0.511825144291
26265 1 0.511304438114
66779 1 0.511216878891
57081 4 0.511113882065
69943 1 0.510210812092
31273 1 0.510180354118
49525 1 0.509889066219
67255 4 0.509395778179
11045 1 0.509372234344
30542 1 0.509366631508
50349 1 0.509024083614
19532 1 0.50897705555
59841 1 0.508958399296
37936 1 0.508856594563
61213 2 0.508845925331
44463 4 0.508584856987
80122 4 0.508266568184
17774 1 0.508240103722
57851 4 0.507848381996
4493 1 0.507745027542
85804 1 0.50771945715
26649 1 0.507588326931
26145 1 0.507542252541
88737 4 0.507412731647
3090 1 0.507252931595
55588 1 0.507242262363
25411 1 0.507177710533
67880 2 0.507044553757
75919 1 0.506764113903
88046 1 0.506731033325
33332 1 0.506528317928
82586 1 0.506519854069
23374 4 0.506138980389
26513 1 0.505682885647
47567 1 0.50548684597
20822 1 0.50534927845
54712 4 0.5052703619
34091 3 0.505174279213
1799 1 0.50486177206
4391 2 0.504805147648
16660 1 0.504434585571
12217 1 0.504272580147
69200 1 0.504206240177
82031 1 0.504156470299
5398 4 0.50383746624
3029 4 0.503828823566
71643 4 0.503783583641
17501 1 0.503689289093
66359 4 0.503179013729
43706 1 0.503063499928
18914 1 0.502464175224
45490 2 0.502390921116
87367 1 0.502383291721
18509 1 0.502199828625
17329 1 0.502153933048
49161 1 0.501435339451
50173 1 0.50139683485
2305 2 0.501284301281
68658 1 0.50111246109
5916 1 0.500434756279
83582 4 0.500360310078
71279 1 0.500291109085
42531 1 0.500101923943
2163 4 0.499996840954
9221 1 0.499919652939
44676 1 0.499351799488
22219 1 0.499322861433
5783 1 0.499103009701
6533 1 0.499101102352
9295 1 0.499084591866
32412 1 0.498876601458
62056 1 0.498727470636
40025 1 0.498696208
80667 1 0.498670965433
73689 4 0.498619735241
2157 1 0.498589634895
85800 1 0.498305886984
4934 2 0.497514754534
55490 1 0.497102171183
26357 1 0.496861666441
69316 1 0.4966776371
65390 7 0.496414929628
20509 1 0.496375977993
4025 1 0.496084421873
16907 4 0.496057838202
36479 4 0.495919674635
8325 1 0.495254337788
6973 2 0.493534326553
4265 1 0.492928922176
62817 1 0.492755055428
36918 1 0.492282956839
88646 3 0.492114722729
43779 4 0.491706877947
23898 1 0.491592943668
36939 1 0.490822196007
69817 1 0.490715742111
4681 1 0.490619719028
71991 1 0.489515334368
45817 1 0.488653659821
41931 1 0.488307535648
12474 4 0.487494319677
21155 1 0.487432152033
37596 1 0.48710411787
64637 3 0.48638215661
47708 4 0.486205309629
85088 1 0.485969603062
22895 4 0.485741615295
22640 1 0.485642015934
65391 7 0.48505705595
80988 2 0.485004276037
59019 4 0.484605967999
69938 1 0.48393574357
50348 1 0.483427613974
60801 3 0.483018755913
2257 1 0.482376933098
69940 1 0.480747967958
33963 4 0.480551987886
19894 1 0.479703247547
55731 4 0.479336768389
82265 1 0.478923261166
62529 4 0.478217661381
728 2 0.477435141802
31204 1 0.477034956217
8770 3 0.47674253583
82176 4 0.476557433605
6578 4 0.476284861565
40422 2 0.475927740335
25354 1 0.474581509829
27656 1 0.47448477149
3548 3 0.47427752614
82271 1 0.472970038652
90934 4 0.471545994282
89055 4 0.470687419176
78482 3 0.470448374748
64488 2 0.47036036849
1176 1 0.470138758421
476 2 0.469936341047
42674 1 0.468930870295
90848 1 0.468673706055
53745 4 0.467698156834
55166 1 0.467475563288
2350 2 0.46715465188
45875 1 0.46614664793
71585 4 0.464298576117
6877 1 0.463350623846
41816 4 0.462960243225
17358 4 0.461258381605
35266 4 0.459607034922
42424 1 0.459190070629
7975 1 0.458730995655
28001 2 0.456976562738
49076 1 0.456339895725
50257 4 0.455328583717
34729 2 0.454860031605
32239 3 0.453521668911
1179 1 0.453205436468
30361 2 0.452982217073
57650 1 0.452067017555
20745 2 0.451350837946
40373 4 0.450894981623
73434 2 0.450015336275
18109 1 0.449733257294
5910 1 0.449017524719
69978 4 0.448547452688
63789 4 0.448205173016
38743 2 0.447643399239
68156 4 0.446354776621
67138 1 0.443661987782
82920 1 0.443183630705
12686 3 0.441419064999
24751 4 0.44128754735
70885 4 0.440488249063
22836 3 0.439783990383
78878 2 0.438595116138
87013 3 0.438457340002
52348 4 0.43835324049
1013 1 0.436401426792
8762 2 0.435018777847
56922 2 0.431306302547
10427 2 0.42990103364
1404 4 0.429810017347
91113 4 0.428502231836
80143 1 0.428071349859
89585 3 0.427260667086
72839 3 0.426894694567
40140 2 0.426696926355
39382 4 0.425822079182
41260 2 0.425714373589
44223 3 0.424986541271
87365 1 0.424865782261
1178 1 0.423944145441
66491 4 0.42247697711
62517 3 0.421698302031
6451 4 0.421328693628
38093 1 0.419608533382
55695 2 0.418983131647
69299 7 0.418622463942
2379 4 0.41731095314
9227 2 0.416429698467
66443 7 0.415148794651
74620 4 0.413896888494
62518 3 0.413862496614
63132 4 0.413076817989
10238 2 0.412351876497
79112 2 0.411969840527
50997 2 0.409319192171
71938 2 0.409309715033
73888 1 0.408965468407
14342 2 0.406826913357
45600 2 0.405304014683
57753 4 0.404919028282
11123 3 0.404441267252
55463 1 0.404219388962
8779 3 0.402731746435
21838 2 0.402079552412
40822 4 0.400147348642
39712 3 0.399864435196
57882 3 0.399170398712
90430 2 0.397706925869
91608 2 0.395726531744
9920 7 0.395488858223
57628 4 0.394128978252
10163 1 0.393133342266
30906 2 0.393001526594
87269 4 0.391830265522
51422 4 0.39182934165
55467 2 0.389281690121
26143 2 0.38867855072
91112 2 0.387120515108
20856 2 0.384939610958
34791 1 0.384917914867
49127 1 0.384833365679
74621 2 0.383129239082
38322 2 0.383039534092
73431 4 0.382059842348
74057 4 0.381081730127
83491 3 0.380982160568
4355 2 0.378852039576
67870 2 0.378723591566
49681 4 0.378088712692
68313 2 0.377826601267
38247 1 0.376442193985
43370 2 0.37631893158
31709 2 0.375902324915
74793 2 0.37468084693
50966 3 0.374555230141
12705 2 0.373802036047
69300 1 0.373129218817
23507 3 0.372660249472
80317 4 0.371581673622
51621 3 0.368239343166
45073 2 0.366595983505
65748 3 0.366099178791
83262 3 0.364926427603
60906 1 0.363228112459
78566 3 0.36320784688
21348 2 0.362472653389
26387 7 0.36138689518
88728 4 0.360866189003
14166 3 0.359681099653
57726 3 0.359415918589
84887 3 0.35525354743
19083 2 0.354497343302
31776 3 0.354328006506
47211 2 0.354241162539
72758 4 0.353831648827
2754 2 0.35281419754
82856 2 0.351917088032
36183 3 0.351340830326
83505 2 0.349839985371
58203 2 0.349140018225
57728 4 0.348156422377
65541 2 0.347634315491
20027 5 0.347609192133
33441 2 0.345771968365
72535 2 0.341740489006
33268 2 0.339895933867
47933 4 0.339518845081
82975 2 0.337556868792
69709 5 0.332950502634
3117 2 0.332890689373
30494 3 0.332038074732
12546 2 0.330265671015
40886 2 0.329806536436
78870 2 0.328493386507
68583 2 0.328117460012
83775 2 0.327672600746
44809 5 0.326867312193
52270 2 0.325193226337
73473 4 0.325142025948
79593 5 0.323814809322
84447 2 0.32357943058
50352 4 0.323468714952
39582 3 0.323325127363
45153 4 0.322902649641
37927 5 0.321924686432
79120 4 0.320276916027
34038 2 0.319040566683
4356 2 0.31806203723
52337 3 0.317204385996
61109 2 0.315845757723
59779 2 0.315203130245
85980 2 0.311180621386
20523 2 0.310935169458
71747 2 0.310790926218
40762 5 0.309285521507
90916 2 0.303371161222
60626 5 0.303009569645
64756 2 0.302850484848
85128 5 0.302776277065
59770 2 0.302505642176
57449 4 0.301852375269
91000 5 0.300309926271
9814 2 0.299517631531
87536 3 0.299072176218
29277 4 0.296761184931
83653 4 0.294974893332
4935 2 0.293162465096
13578 2 0.293071955442
32904 1 0.292938023806
25968 5 0.291096568108
87904 4 0.290432155132
86061 2 0.289480239153
91635 2 0.288836508989
196 2 0.288575530052
12547 4 0.287911385298
51404 5 0.28629308939
41956 2 0.284836828709
29832 5 0.28319054842
70212 2 0.28254956007
7873 2 0.282401144505
79594 5 0.280379503965
73938 4 0.278604090214
80955 5 0.278242975473
67918 3 0.277926594019
50738 2 0.277778148651
76765 4 0.274142891169
18428 2 0.273611694574
58299 2 0.273458063602
90380 3 0.273203611374
40616 5 0.271878927946
27125 5 0.271221578121
53089 5 0.265401750803
10181 2 0.253321290016
12733 5 0.248764544725
44076 2 0.244218051434
22774 5 0.238914787769
12476 4 0.235268831253
32651 5 0.23346555233
56223 5 0.229661464691
66695 2 0.22362010181
87705 2 0.221234872937
39378 6 0.209380552173
58874 4 0.207183137536
