1.0 0.0
1.0 0.000577367205543
0.5 0.000577367205543
0.666666666667 0.00115473441109
0.75 0.00173210161663
0.8 0.00230946882217
0.833333333333 0.00288683602771
0.857142857143 0.00346420323326
0.875 0.0040415704388
0.888888888889 0.00461893764434
0.9 0.00519630484988
0.818181818182 0.00519630484988
0.833333333333 0.00577367205543
0.846153846154 0.00635103926097
0.785714285714 0.00635103926097
0.733333333333 0.00635103926097
0.75 0.00692840646651
0.764705882353 0.00750577367206
0.777777777778 0.0080831408776
0.789473684211 0.00866050808314
0.8 0.00923787528868
0.809523809524 0.00981524249423
0.818181818182 0.0103926096998
0.826086956522 0.0109699769053
0.833333333333 0.0115473441109
0.84 0.0121247113164
0.807692307692 0.0121247113164
0.814814814815 0.0127020785219
0.821428571429 0.0132794457275
0.827586206897 0.013856812933
0.833333333333 0.0144341801386
0.838709677419 0.0150115473441
0.84375 0.0155889145497
0.848484848485 0.0161662817552
0.852941176471 0.0167436489607
0.828571428571 0.0167436489607
0.805555555556 0.0167436489607
0.783783783784 0.0167436489607
0.789473684211 0.0173210161663
0.769230769231 0.0173210161663
0.75 0.0173210161663
0.756097560976 0.0178983833718
0.738095238095 0.0178983833718
0.720930232558 0.0178983833718
0.727272727273 0.0184757505774
0.733333333333 0.0190531177829
0.739130434783 0.0196304849885
0.723404255319 0.0196304849885
0.708333333333 0.0196304849885
0.69387755102 0.0196304849885
0.68 0.0196304849885
0.686274509804 0.020207852194
0.673076923077 0.020207852194
0.679245283019 0.0207852193995
0.685185185185 0.0213625866051
0.690909090909 0.0219399538106
0.678571428571 0.0219399538106
0.684210526316 0.0225173210162
0.672413793103 0.0225173210162
0.677966101695 0.0230946882217
0.666666666667 0.0230946882217
0.655737704918 0.0230946882217
0.645161290323 0.0230946882217
0.650793650794 0.0236720554273
0.640625 0.0236720554273
0.630769230769 0.0236720554273
0.636363636364 0.0242494226328
0.641791044776 0.0248267898383
0.647058823529 0.0254041570439
0.63768115942 0.0254041570439
0.628571428571 0.0254041570439
0.633802816901 0.0259815242494
0.638888888889 0.026558891455
0.630136986301 0.026558891455
0.621621621622 0.026558891455
0.626666666667 0.0271362586605
0.618421052632 0.0271362586605
0.61038961039 0.0271362586605
0.615384615385 0.0277136258661
0.620253164557 0.0282909930716
0.625 0.0288683602771
0.62962962963 0.0294457274827
0.634146341463 0.0300230946882
0.626506024096 0.0300230946882
0.619047619048 0.0300230946882
0.611764705882 0.0300230946882
0.616279069767 0.0306004618938
0.620689655172 0.0311778290993
0.613636363636 0.0311778290993
0.606741573034 0.0311778290993
0.6 0.0311778290993
0.604395604396 0.0317551963048
0.608695652174 0.0323325635104
0.612903225806 0.0329099307159
0.606382978723 0.0329099307159
0.610526315789 0.0334872979215
0.604166666667 0.0334872979215
0.59793814433 0.0334872979215
0.591836734694 0.0334872979215
0.585858585859 0.0334872979215
0.59 0.034064665127
0.594059405941 0.0346420323326
0.588235294118 0.0346420323326
0.582524271845 0.0346420323326
0.586538461538 0.0352193995381
0.580952380952 0.0352193995381
0.575471698113 0.0352193995381
0.570093457944 0.0352193995381
0.564814814815 0.0352193995381
0.559633027523 0.0352193995381
0.554545454545 0.0352193995381
0.558558558559 0.0357967667436
0.553571428571 0.0357967667436
0.557522123894 0.0363741339492
0.552631578947 0.0363741339492
0.547826086957 0.0363741339492
0.543103448276 0.0363741339492
0.538461538462 0.0363741339492
0.533898305085 0.0363741339492
0.529411764706 0.0363741339492
0.533333333333 0.0369515011547
0.537190082645 0.0375288683603
0.532786885246 0.0375288683603
0.528455284553 0.0375288683603
0.524193548387 0.0375288683603
0.52 0.0375288683603
0.515873015873 0.0375288683603
0.51968503937 0.0381062355658
0.5234375 0.0386836027714
0.519379844961 0.0386836027714
0.515384615385 0.0386836027714
0.511450381679 0.0386836027714
0.507575757576 0.0386836027714
0.511278195489 0.0392609699769
0.514925373134 0.0398383371824
0.511111111111 0.0398383371824
0.507352941176 0.0398383371824
0.510948905109 0.040415704388
0.507246376812 0.040415704388
0.510791366906 0.0409930715935
0.507142857143 0.0409930715935
0.503546099291 0.0409930715935
0.5 0.0409930715935
0.503496503497 0.0415704387991
0.506944444444 0.0421478060046
0.510344827586 0.0427251732102
0.513698630137 0.0433025404157
0.510204081633 0.0433025404157
0.506756756757 0.0433025404157
0.510067114094 0.0438799076212
0.506666666667 0.0438799076212
0.503311258278 0.0438799076212
0.506578947368 0.0444572748268
0.503267973856 0.0444572748268
0.5 0.0444572748268
0.503225806452 0.0450346420323
0.5 0.0450346420323
0.496815286624 0.0450346420323
0.5 0.0456120092379
0.503144654088 0.0461893764434
0.5 0.0461893764434
0.496894409938 0.0461893764434
0.493827160494 0.0461893764434
0.490797546012 0.0461893764434
0.487804878049 0.0461893764434
0.484848484848 0.0461893764434
0.487951807229 0.046766743649
0.491017964072 0.0473441108545
0.488095238095 0.0473441108545
0.485207100592 0.0473441108545
0.482352941176 0.0473441108545
0.485380116959 0.04792147806
0.488372093023 0.0484988452656
0.491329479769 0.0490762124711
0.494252873563 0.0496535796767
0.491428571429 0.0496535796767
0.488636363636 0.0496535796767
0.485875706215 0.0496535796767
0.483146067416 0.0496535796767
0.480446927374 0.0496535796767
0.477777777778 0.0496535796767
0.475138121547 0.0496535796767
0.472527472527 0.0496535796767
0.475409836066 0.0502309468822
0.472826086957 0.0502309468822
0.47027027027 0.0502309468822
0.467741935484 0.0502309468822
0.470588235294 0.0508083140878
0.468085106383 0.0508083140878
0.470899470899 0.0513856812933
0.473684210526 0.0519630484988
0.476439790576 0.0525404157044
0.479166666667 0.0531177829099
0.481865284974 0.0536951501155
0.484536082474 0.054272517321
0.482051282051 0.054272517321
0.479591836735 0.054272517321
0.482233502538 0.0548498845266
0.479797979798 0.0548498845266
0.477386934673 0.0548498845266
0.475 0.0548498845266
0.47263681592 0.0548498845266
0.470297029703 0.0548498845266
0.472906403941 0.0554272517321
0.475490196078 0.0560046189376
0.473170731707 0.0560046189376
0.470873786408 0.0560046189376
0.468599033816 0.0560046189376
0.466346153846 0.0560046189376
0.464114832536 0.0560046189376
0.466666666667 0.0565819861432
0.464454976303 0.0565819861432
0.462264150943 0.0565819861432
0.464788732394 0.0571593533487
0.467289719626 0.0577367205543
0.46976744186 0.0583140877598
0.472222222222 0.0588914549654
0.470046082949 0.0588914549654
0.47247706422 0.0594688221709
0.470319634703 0.0594688221709
0.468181818182 0.0594688221709
0.466063348416 0.0594688221709
0.463963963964 0.0594688221709
0.461883408072 0.0594688221709
0.464285714286 0.0600461893764
0.466666666667 0.060623556582
0.464601769912 0.060623556582
0.462555066079 0.060623556582
0.464912280702 0.0612009237875
0.467248908297 0.0617782909931
0.465217391304 0.0617782909931
0.463203463203 0.0617782909931
0.465517241379 0.0623556581986
0.463519313305 0.0623556581986
0.461538461538 0.0623556581986
0.459574468085 0.0623556581986
0.457627118644 0.0623556581986
0.455696202532 0.0623556581986
0.457983193277 0.0629330254042
0.460251046025 0.0635103926097
0.4625 0.0640877598152
0.460580912863 0.0640877598152
0.462809917355 0.0646651270208
0.465020576132 0.0652424942263
0.463114754098 0.0652424942263
0.461224489796 0.0652424942263
0.459349593496 0.0652424942263
0.457489878543 0.0652424942263
0.459677419355 0.0658198614319
0.457831325301 0.0658198614319
0.456 0.0658198614319
0.454183266932 0.0658198614319
0.452380952381 0.0658198614319
0.454545454545 0.0663972286374
0.452755905512 0.0663972286374
0.454901960784 0.066974595843
0.453125 0.066974595843
0.451361867704 0.066974595843
0.449612403101 0.066974595843
0.447876447876 0.066974595843
0.45 0.0675519630485
0.452107279693 0.068129330254
0.454198473282 0.0687066974596
0.45247148289 0.0687066974596
0.454545454545 0.0692840646651
0.456603773585 0.0698614318707
0.454887218045 0.0698614318707
0.453183520599 0.0698614318707
0.451492537313 0.0698614318707
0.453531598513 0.0704387990762
0.451851851852 0.0704387990762
0.450184501845 0.0704387990762
0.448529411765 0.0704387990762
0.446886446886 0.0704387990762
0.445255474453 0.0704387990762
0.447272727273 0.0710161662818
0.445652173913 0.0710161662818
0.4440433213 0.0710161662818
0.442446043165 0.0710161662818
0.440860215054 0.0710161662818
0.439285714286 0.0710161662818
0.44128113879 0.0715935334873
0.443262411348 0.0721709006928
0.441696113074 0.0721709006928
0.44014084507 0.0721709006928
0.442105263158 0.0727482678984
0.440559440559 0.0727482678984
0.439024390244 0.0727482678984
0.4375 0.0727482678984
0.43598615917 0.0727482678984
0.434482758621 0.0727482678984
0.436426116838 0.0733256351039
0.434931506849 0.0733256351039
0.433447098976 0.0733256351039
0.431972789116 0.0733256351039
0.430508474576 0.0733256351039
0.429054054054 0.0733256351039
0.427609427609 0.0733256351039
0.429530201342 0.0739030023095
0.428093645485 0.0739030023095
0.426666666667 0.0739030023095
0.425249169435 0.0739030023095
0.423841059603 0.0739030023095
0.422442244224 0.0739030023095
0.421052631579 0.0739030023095
0.419672131148 0.0739030023095
0.421568627451 0.074480369515
0.42345276873 0.0750577367206
0.425324675325 0.0756351039261
0.423948220065 0.0756351039261
0.422580645161 0.0756351039261
0.421221864952 0.0756351039261
0.423076923077 0.0762124711316
0.421725239617 0.0762124711316
0.420382165605 0.0762124711316
0.419047619048 0.0762124711316
0.420886075949 0.0767898383372
0.419558359621 0.0767898383372
0.418238993711 0.0767898383372
0.416927899687 0.0767898383372
0.415625 0.0767898383372
0.414330218069 0.0767898383372
0.413043478261 0.0767898383372
0.411764705882 0.0767898383372
0.41049382716 0.0767898383372
0.409230769231 0.0767898383372
0.407975460123 0.0767898383372
0.409785932722 0.0773672055427
0.408536585366 0.0773672055427
0.407294832827 0.0773672055427
0.406060606061 0.0773672055427
0.404833836858 0.0773672055427
0.403614457831 0.0773672055427
0.405405405405 0.0779445727483
0.407185628743 0.0785219399538
0.408955223881 0.0790993071594
0.407738095238 0.0790993071594
0.406528189911 0.0790993071594
0.408284023669 0.0796766743649
0.407079646018 0.0796766743649
0.408823529412 0.0802540415704
0.407624633431 0.0802540415704
0.409356725146 0.080831408776
0.408163265306 0.080831408776
0.406976744186 0.080831408776
0.405797101449 0.080831408776
0.404624277457 0.080831408776
0.403458213256 0.080831408776
0.405172413793 0.0814087759815
0.406876790831 0.0819861431871
0.405714285714 0.0819861431871
0.407407407407 0.0825635103926
0.409090909091 0.0831408775982
0.410764872521 0.0837182448037
0.409604519774 0.0837182448037
0.408450704225 0.0837182448037
0.407303370787 0.0837182448037
0.408963585434 0.0842956120092
0.40782122905 0.0842956120092
0.409470752089 0.0848729792148
0.408333333333 0.0848729792148
0.407202216066 0.0848729792148
0.406077348066 0.0848729792148
0.404958677686 0.0848729792148
0.403846153846 0.0848729792148
0.405479452055 0.0854503464203
0.404371584699 0.0854503464203
0.403269754768 0.0854503464203
0.402173913043 0.0854503464203
0.40379403794 0.0860277136259
0.405405405405 0.0866050808314
0.404312668464 0.0866050808314
0.403225806452 0.0866050808314
0.404825737265 0.087182448037
0.406417112299 0.0877598152425
0.405333333333 0.0877598152425
0.406914893617 0.088337182448
0.405835543767 0.088337182448
0.407407407407 0.0889145496536
0.408970976253 0.0894919168591
0.407894736842 0.0894919168591
0.406824146982 0.0894919168591
0.408376963351 0.0900692840647
0.409921671018 0.0906466512702
0.408854166667 0.0906466512702
0.407792207792 0.0906466512702
0.40932642487 0.0912240184758
0.40826873385 0.0912240184758
0.407216494845 0.0912240184758
0.40616966581 0.0912240184758
0.407692307692 0.0918013856813
0.406649616368 0.0918013856813
0.405612244898 0.0918013856813
0.407124681934 0.0923787528868
0.406091370558 0.0923787528868
0.405063291139 0.0923787528868
0.406565656566 0.0929561200924
0.408060453401 0.0935334872979
0.407035175879 0.0935334872979
0.408521303258 0.0941108545035
0.41 0.094688221709
0.411471321696 0.0952655889145
0.412935323383 0.0958429561201
0.414392059553 0.0964203233256
0.413366336634 0.0964203233256
0.412345679012 0.0964203233256
0.411330049261 0.0964203233256
0.410319410319 0.0964203233256
0.411764705882 0.0969976905312
0.413202933985 0.0975750577367
0.412195121951 0.0975750577367
0.413625304136 0.0981524249423
0.415048543689 0.0987297921478
0.414043583535 0.0987297921478
0.413043478261 0.0987297921478
0.414457831325 0.0993071593533
0.413461538462 0.0993071593533
0.412470023981 0.0993071593533
0.411483253589 0.0993071593533
0.412887828162 0.0998845265589
0.411904761905 0.0998845265589
0.410926365796 0.0998845265589
0.412322274882 0.100461893764
0.41134751773 0.100461893764
0.410377358491 0.100461893764
0.409411764706 0.100461893764
0.408450704225 0.100461893764
0.409836065574 0.10103926097
0.408878504673 0.10103926097
0.407925407925 0.10103926097
0.406976744186 0.10103926097
0.406032482599 0.10103926097
0.407407407407 0.101616628176
0.406466512702 0.101616628176
0.405529953917 0.101616628176
0.404597701149 0.101616628176
0.403669724771 0.101616628176
0.402745995423 0.101616628176
0.404109589041 0.102193995381
0.403189066059 0.102193995381
0.404545454545 0.102771362587
0.403628117914 0.102771362587
0.404977375566 0.103348729792
0.406320541761 0.103926096998
0.405405405405 0.103926096998
0.406741573034 0.104503464203
0.405829596413 0.104503464203
0.404921700224 0.104503464203
0.404017857143 0.104503464203
0.403118040089 0.104503464203
0.402222222222 0.104503464203
0.40133037694 0.104503464203
0.400442477876 0.104503464203
0.399558498896 0.104503464203
0.398678414097 0.104503464203
0.4 0.105080831409
0.399122807018 0.105080831409
0.398249452954 0.105080831409
0.397379912664 0.105080831409
0.398692810458 0.105658198614
0.397826086957 0.105658198614
0.396963123644 0.105658198614
0.396103896104 0.105658198614
0.39524838013 0.105658198614
0.396551724138 0.10623556582
0.397849462366 0.106812933025
0.396995708155 0.106812933025
0.396145610278 0.106812933025
0.395299145299 0.106812933025
0.394456289979 0.106812933025
0.395744680851 0.107390300231
0.394904458599 0.107390300231
0.39406779661 0.107390300231
0.395348837209 0.107967667436
0.396624472574 0.108545034642
0.397894736842 0.109122401848
0.397058823529 0.109122401848
0.398322851153 0.109699769053
0.399581589958 0.110277136259
0.398747390397 0.110277136259
0.397916666667 0.110277136259
0.397089397089 0.110277136259
0.398340248963 0.110854503464
0.39751552795 0.110854503464
0.398760330579 0.11143187067
0.4 0.112009237875
0.399176954733 0.112009237875
0.398357289528 0.112009237875
0.397540983607 0.112009237875
0.398773006135 0.112586605081
0.4 0.113163972286
0.399185336049 0.113163972286
0.400406504065 0.113741339492
0.399594320487 0.113741339492
0.398785425101 0.113741339492
0.39797979798 0.113741339492
0.397177419355 0.113741339492
0.396378269618 0.113741339492
0.395582329317 0.113741339492
0.394789579158 0.113741339492
0.396 0.114318706697
0.395209580838 0.114318706697
0.394422310757 0.114318706697
0.393638170974 0.114318706697
0.392857142857 0.114318706697
0.394059405941 0.114896073903
0.393280632411 0.114896073903
0.394477317554 0.115473441109
0.395669291339 0.116050808314
0.39489194499 0.116050808314
0.394117647059 0.116050808314
0.39530332681 0.11662817552
0.39453125 0.11662817552
0.393762183236 0.11662817552
0.394941634241 0.117205542725
0.394174757282 0.117205542725
0.395348837209 0.117782909931
0.396518375242 0.118360277136
0.395752895753 0.118360277136
0.396917148362 0.118937644342
0.396153846154 0.118937644342
0.395393474088 0.118937644342
0.396551724138 0.119515011547
0.395793499044 0.119515011547
0.395038167939 0.119515011547
0.394285714286 0.119515011547
0.393536121673 0.119515011547
0.392789373814 0.119515011547
0.393939393939 0.120092378753
0.393194706994 0.120092378753
0.394339622642 0.120669745958
0.393596986817 0.120669745958
0.392857142857 0.120669745958
0.392120075047 0.120669745958
0.39138576779 0.120669745958
0.390654205607 0.120669745958
0.391791044776 0.121247113164
0.391061452514 0.121247113164
0.390334572491 0.121247113164
0.39146567718 0.12182448037
0.390740740741 0.12182448037
0.391866913124 0.122401847575
0.391143911439 0.122401847575
0.390423572744 0.122401847575
0.391544117647 0.122979214781
0.392660550459 0.123556581986
0.391941391941 0.123556581986
0.391224862888 0.123556581986
0.390510948905 0.123556581986
0.389799635701 0.123556581986
0.390909090909 0.124133949192
0.390199637024 0.124133949192
0.389492753623 0.124133949192
0.390596745027 0.124711316397
0.389891696751 0.124711316397
0.389189189189 0.124711316397
0.388489208633 0.124711316397
0.389587073609 0.125288683603
0.388888888889 0.125288683603
0.388193202147 0.125288683603
0.3875 0.125288683603
0.386809269162 0.125288683603
0.386120996441 0.125288683603
0.387211367673 0.125866050808
0.386524822695 0.125866050808
0.385840707965 0.125866050808
0.385159010601 0.125866050808
0.384479717813 0.125866050808
0.383802816901 0.125866050808
0.383128295255 0.125866050808
0.382456140351 0.125866050808
0.381786339755 0.125866050808
0.381118881119 0.125866050808
0.380453752182 0.125866050808
0.381533101045 0.126443418014
0.382608695652 0.127020785219
0.381944444444 0.127020785219
0.38301559792 0.127598152425
0.382352941176 0.127598152425
0.383419689119 0.12817551963
0.384482758621 0.128752886836
0.385542168675 0.129330254042
0.386597938144 0.129907621247
0.385934819897 0.129907621247
0.38698630137 0.130484988453
0.386324786325 0.130484988453
0.38566552901 0.130484988453
0.385008517888 0.130484988453
0.386054421769 0.131062355658
0.385398981324 0.131062355658
0.384745762712 0.131062355658
0.384094754653 0.131062355658
0.383445945946 0.131062355658
0.384485666105 0.131639722864
0.383838383838 0.131639722864
0.383193277311 0.131639722864
0.38255033557 0.131639722864
0.381909547739 0.131639722864
0.38127090301 0.131639722864
0.380634390651 0.131639722864
0.38 0.131639722864
0.379367720466 0.131639722864
0.378737541528 0.131639722864
0.378109452736 0.131639722864
0.377483443709 0.131639722864
0.376859504132 0.131639722864
0.376237623762 0.131639722864
0.375617792422 0.131639722864
0.376644736842 0.132217090069
0.376026272578 0.132217090069
0.375409836066 0.132217090069
0.374795417349 0.132217090069
0.374183006536 0.132217090069
0.375203915171 0.132794457275
0.376221498371 0.13337182448
0.377235772358 0.133949191686
0.376623376623 0.133949191686
0.377633711507 0.134526558891
0.377022653722 0.134526558891
0.376413570275 0.134526558891
0.375806451613 0.134526558891
0.375201288245 0.134526558891
0.37459807074 0.134526558891
0.373996789727 0.134526558891
0.375 0.135103926097
0.3744 0.135103926097
0.373801916933 0.135103926097
0.373205741627 0.135103926097
0.372611464968 0.135103926097
0.372019077901 0.135103926097
0.373015873016 0.135681293303
0.372424722662 0.135681293303
0.371835443038 0.135681293303
0.371248025276 0.135681293303
0.370662460568 0.135681293303
0.370078740157 0.135681293303
0.369496855346 0.135681293303
0.368916797488 0.135681293303
0.368338557994 0.135681293303
0.369327073552 0.136258660508
0.36875 0.136258660508
0.368174726989 0.136258660508
0.369158878505 0.136836027714
0.370139968896 0.137413394919
0.369565217391 0.137413394919
0.370542635659 0.137990762125
0.369969040248 0.137990762125
0.369397217929 0.137990762125
0.368827160494 0.137990762125
0.368258859784 0.137990762125
0.367692307692 0.137990762125
0.36712749616 0.137990762125
0.368098159509 0.13856812933
0.367534456355 0.13856812933
0.366972477064 0.13856812933
0.36641221374 0.13856812933
0.365853658537 0.13856812933
0.365296803653 0.13856812933
0.364741641337 0.13856812933
0.364188163885 0.13856812933
0.363636363636 0.13856812933
0.36308623298 0.13856812933
0.36253776435 0.13856812933
0.361990950226 0.13856812933
0.361445783133 0.13856812933
0.362406015038 0.139145496536
0.361861861862 0.139145496536
0.362818590705 0.139722863741
0.362275449102 0.139722863741
0.361733931241 0.139722863741
0.361194029851 0.139722863741
0.362146050671 0.140300230947
0.363095238095 0.140877598152
0.362555720654 0.140877598152
0.36350148368 0.141454965358
0.362962962963 0.141454965358
0.363905325444 0.142032332564
0.363367799114 0.142032332564
0.362831858407 0.142032332564
0.362297496318 0.142032332564
0.363235294118 0.142609699769
0.362701908957 0.142609699769
0.362170087977 0.142609699769
0.361639824305 0.142609699769
0.361111111111 0.142609699769
0.360583941606 0.142609699769
0.361516034985 0.143187066975
0.360989810771 0.143187066975
0.361918604651 0.14376443418
0.361393323657 0.14376443418
0.360869565217 0.14376443418
0.360347322721 0.14376443418
0.359826589595 0.14376443418
0.359307359307 0.14376443418
0.35878962536 0.14376443418
0.359712230216 0.144341801386
0.359195402299 0.144341801386
0.360114777618 0.144919168591
0.359598853868 0.144919168591
0.359084406295 0.144919168591
0.358571428571 0.144919168591
0.358059914408 0.144919168591
0.35754985755 0.144919168591
0.357041251778 0.144919168591
0.356534090909 0.144919168591
0.356028368794 0.144919168591
0.35552407932 0.144919168591
0.355021216407 0.144919168591
0.354519774011 0.144919168591
0.354019746121 0.144919168591
0.353521126761 0.144919168591
0.354430379747 0.145496535797
0.35393258427 0.145496535797
0.353436185133 0.145496535797
0.354341736695 0.146073903002
0.353846153846 0.146073903002
0.354748603352 0.146651270208
0.354253835425 0.146651270208
0.353760445682 0.146651270208
0.353268428373 0.146651270208
0.352777777778 0.146651270208
0.352288488211 0.146651270208
0.351800554017 0.146651270208
0.351313969571 0.146651270208
0.352209944751 0.147228637413
0.353103448276 0.147806004619
0.35261707989 0.147806004619
0.352132049519 0.147806004619
0.351648351648 0.147806004619
0.351165980796 0.147806004619
0.350684931507 0.147806004619
0.351573187415 0.148383371824
0.352459016393 0.14896073903
0.351978171896 0.14896073903
0.351498637602 0.14896073903
0.352380952381 0.149538106236
0.351902173913 0.149538106236
0.351424694708 0.149538106236
0.352303523035 0.150115473441
0.353179972936 0.150692840647
0.354054054054 0.151270207852
0.353576248313 0.151270207852
0.353099730458 0.151270207852
0.352624495289 0.151270207852
0.352150537634 0.151270207852
0.351677852349 0.151270207852
0.35254691689 0.151847575058
0.352074966533 0.151847575058
0.351604278075 0.151847575058
0.352469959947 0.152424942263
0.352 0.152424942263
0.351531291611 0.152424942263
0.351063829787 0.152424942263
0.35192563081 0.153002309469
0.351458885942 0.153002309469
0.350993377483 0.153002309469
0.350529100529 0.153002309469
0.350066050198 0.153002309469
0.349604221636 0.153002309469
0.349143610013 0.153002309469
0.348684210526 0.153002309469
0.349540078844 0.153579676674
0.349081364829 0.153579676674
0.348623853211 0.153579676674
0.348167539267 0.153579676674
0.347712418301 0.153579676674
0.34725848564 0.153579676674
0.346805736636 0.153579676674
0.34765625 0.15415704388
0.347204161248 0.15415704388
0.346753246753 0.15415704388
0.346303501946 0.15415704388
0.34585492228 0.15415704388
0.346701164295 0.154734411085
0.347545219638 0.155311778291
0.347096774194 0.155311778291
0.34793814433 0.155889145497
0.348777348777 0.156466512702
0.348329048843 0.156466512702
0.347881899872 0.156466512702
0.347435897436 0.156466512702
0.346991037132 0.156466512702
0.346547314578 0.156466512702
0.347381864623 0.157043879908
0.348214285714 0.157621247113
0.347770700637 0.157621247113
0.347328244275 0.157621247113
0.346886912325 0.157621247113
0.346446700508 0.157621247113
0.347275031686 0.158198614319
0.348101265823 0.158775981524
0.348925410872 0.15935334873
0.349747474747 0.159930715935
0.349306431274 0.159930715935
0.350125944584 0.160508083141
0.350943396226 0.161085450346
0.350502512563 0.161085450346
0.350062735257 0.161085450346
0.34962406015 0.161085450346
0.350438047559 0.161662817552
0.35 0.161662817552
0.349563046192 0.161662817552
0.349127182045 0.161662817552
0.349937733499 0.162240184758
0.349502487562 0.162240184758
0.349068322981 0.162240184758
0.349875930521 0.162817551963
0.349442379182 0.162817551963
0.350247524752 0.163394919169
0.349814585909 0.163394919169
0.349382716049 0.163394919169
0.350184956843 0.163972286374
0.350985221675 0.16454965358
0.350553505535 0.16454965358
0.350122850123 0.16454965358
0.349693251534 0.16454965358
0.349264705882 0.16454965358
0.348837209302 0.16454965358
0.349633251834 0.165127020785
0.349206349206 0.165127020785
0.348780487805 0.165127020785
0.348355663825 0.165127020785
0.347931873479 0.165127020785
0.347509113001 0.165127020785
0.347087378641 0.165127020785
0.346666666667 0.165127020785
0.346246973366 0.165127020785
0.345828295042 0.165127020785
0.346618357488 0.165704387991
0.347406513872 0.166281755196
0.346987951807 0.166281755196
0.347773766546 0.166859122402
0.347355769231 0.166859122402
0.34693877551 0.166859122402
0.346522781775 0.166859122402
0.347305389222 0.167436489607
0.348086124402 0.168013856813
0.347670250896 0.168013856813
0.347255369928 0.168013856813
0.34684147795 0.168013856813
0.346428571429 0.168013856813
0.346016646849 0.168013856813
0.346793349169 0.168591224018
0.346381969158 0.168591224018
0.345971563981 0.168591224018
0.345562130178 0.168591224018
0.345153664303 0.168591224018
0.344746162928 0.168591224018
0.344339622642 0.168591224018
0.345111896349 0.169168591224
0.344705882353 0.169168591224
0.344300822562 0.169168591224
0.343896713615 0.169168591224
0.343493552169 0.169168591224
0.344262295082 0.16974595843
0.343859649123 0.16974595843
0.343457943925 0.16974595843
0.343057176196 0.16974595843
0.342657342657 0.16974595843
0.342258440047 0.16974595843
0.341860465116 0.16974595843
0.34262485482 0.170323325635
0.343387470998 0.170900692841
0.342989571263 0.170900692841
0.342592592593 0.170900692841
0.342196531792 0.170900692841
0.342956120092 0.171478060046
0.342560553633 0.171478060046
0.342165898618 0.171478060046
0.341772151899 0.171478060046
0.341379310345 0.171478060046
0.342135476464 0.172055427252
0.341743119266 0.172055427252
0.341351660939 0.172055427252
0.342105263158 0.172632794457
0.341714285714 0.172632794457
0.341324200913 0.172632794457
0.340935005701 0.172632794457
0.341685649203 0.173210161663
0.341296928328 0.173210161663
0.340909090909 0.173210161663
0.340522133939 0.173210161663
0.340136054422 0.173210161663
0.339750849377 0.173210161663
0.339366515837 0.173210161663
0.338983050847 0.173210161663
0.338600451467 0.173210161663
0.338218714769 0.173210161663
0.337837837838 0.173210161663
0.337457817773 0.173210161663
0.337078651685 0.173210161663
0.337822671156 0.173787528868
0.337443946188 0.173787528868
0.338185890258 0.174364896074
0.337807606264 0.174364896074
0.337430167598 0.174364896074
0.337053571429 0.174364896074
0.336677814939 0.174364896074
0.336302895323 0.174364896074
0.335928809789 0.174364896074
0.336666666667 0.174942263279
0.336293007769 0.174942263279
0.335920177384 0.174942263279
0.335548172757 0.174942263279
0.33517699115 0.174942263279
0.334806629834 0.174942263279
0.334437086093 0.174942263279
0.334068357222 0.174942263279
0.333700440529 0.174942263279
0.333333333333 0.174942263279
0.332967032967 0.174942263279
0.332601536773 0.174942263279
0.332236842105 0.174942263279
0.331872946331 0.174942263279
0.332603938731 0.175519630485
0.332240437158 0.175519630485
0.331877729258 0.175519630485
0.331515812432 0.175519630485
0.331154684096 0.175519630485
0.330794341676 0.175519630485
0.33152173913 0.176096997691
0.331161780673 0.176096997691
0.331887201735 0.176674364896
0.331527627302 0.176674364896
0.331168831169 0.176674364896
0.330810810811 0.176674364896
0.330453563715 0.176674364896
0.33117583603 0.177251732102
0.330818965517 0.177251732102
0.330462863294 0.177251732102
0.330107526882 0.177251732102
0.329752953813 0.177251732102
0.329399141631 0.177251732102
0.33011789925 0.177829099307
0.330835117773 0.178406466513
0.330481283422 0.178406466513
0.330128205128 0.178406466513
0.32977588047 0.178406466513
0.329424307036 0.178406466513
0.329073482428 0.178406466513
0.328723404255 0.178406466513
0.329436769394 0.178983833718
0.329087048832 0.178983833718
0.328738069989 0.178983833718
0.328389830508 0.178983833718
0.329100529101 0.179561200924
0.328752642706 0.179561200924
0.329461457233 0.180138568129
0.329113924051 0.180138568129
0.328767123288 0.180138568129
0.329473684211 0.180715935335
0.330178759201 0.18129330254
0.329831932773 0.18129330254
0.329485834208 0.18129330254
0.329140461216 0.18129330254
0.328795811518 0.18129330254
0.328451882845 0.18129330254
0.328108672936 0.18129330254
0.327766179541 0.18129330254
0.327424400417 0.18129330254
0.327083333333 0.18129330254
0.326742976067 0.18129330254
0.327442827443 0.181870669746
0.327102803738 0.181870669746
0.326763485477 0.181870669746
0.326424870466 0.181870669746
0.326086956522 0.181870669746
0.325749741468 0.181870669746
0.326446280992 0.182448036952
0.326109391125 0.182448036952
0.325773195876 0.182448036952
0.3254376931 0.182448036952
0.325102880658 0.182448036952
0.324768756423 0.182448036952
0.324435318275 0.182448036952
0.324102564103 0.182448036952
0.324795081967 0.183025404157
0.324462640737 0.183025404157
0.324130879346 0.183025404157
0.32379979571 0.183025404157
0.323469387755 0.183025404157
0.324159021407 0.183602771363
0.32382892057 0.183602771363
0.323499491353 0.183602771363
0.323170731707 0.183602771363
0.32385786802 0.184180138568
0.323529411765 0.184180138568
0.323201621074 0.184180138568
0.322874493927 0.184180138568
0.322548028311 0.184180138568
0.322222222222 0.184180138568
0.321897073663 0.184180138568
0.322580645161 0.184757505774
0.322255790534 0.184757505774
0.321931589537 0.184757505774
0.321608040201 0.184757505774
0.322289156627 0.185334872979
0.321965897693 0.185334872979
0.322645290581 0.185912240185
0.322322322322 0.185912240185
0.322 0.185912240185
0.322677322677 0.18648960739
0.322355289421 0.18648960739
0.322033898305 0.18648960739
0.32171314741 0.18648960739
0.321393034826 0.18648960739
0.321073558648 0.18648960739
0.320754716981 0.18648960739
0.320436507937 0.18648960739
0.321110009911 0.187066974596
0.320792079208 0.187066974596
0.320474777448 0.187066974596
0.321146245059 0.187644341801
0.320829220138 0.187644341801
0.320512820513 0.187644341801
0.320197044335 0.187644341801
0.320866141732 0.188221709007
0.320550639135 0.188221709007
0.320235756385 0.188221709007
0.319921491658 0.188221709007
0.319607843137 0.188221709007
0.319294809011 0.188221709007
0.318982387476 0.188221709007
0.318670576735 0.188221709007
0.318359375 0.188221709007
0.318048780488 0.188221709007
0.317738791423 0.188221709007
0.317429406037 0.188221709007
0.317120622568 0.188221709007
0.316812439261 0.188221709007
0.317475728155 0.188799076212
0.317167798254 0.188799076212
0.316860465116 0.188799076212
0.316553727009 0.188799076212
0.316247582205 0.188799076212
0.315942028986 0.188799076212
0.316602316602 0.189376443418
0.316297010608 0.189376443418
0.315992292871 0.189376443418
0.315688161694 0.189376443418
0.315384615385 0.189376443418
0.315081652257 0.189376443418
0.315738963532 0.189953810624
0.315436241611 0.189953810624
0.315134099617 0.189953810624
0.314832535885 0.189953810624
0.315487571702 0.190531177829
0.315186246418 0.190531177829
0.314885496183 0.190531177829
0.315538608198 0.191108545035
0.315238095238 0.191108545035
0.315889628925 0.19168591224
0.315589353612 0.19168591224
0.316239316239 0.192263279446
0.316888045541 0.192840646651
0.317535545024 0.193418013857
0.317234848485 0.193418013857
0.317880794702 0.193995381062
0.317580340265 0.193995381062
0.317280453258 0.193995381062
0.317924528302 0.194572748268
0.317624882187 0.194572748268
0.317325800377 0.194572748268
0.317027281279 0.194572748268
0.316729323308 0.194572748268
0.316431924883 0.194572748268
0.316135084428 0.194572748268
0.315838800375 0.194572748268
0.315543071161 0.194572748268
0.315247895229 0.194572748268
0.314953271028 0.194572748268
0.314659197012 0.194572748268
0.314365671642 0.194572748268
0.314072693383 0.194572748268
0.313780260708 0.194572748268
0.313488372093 0.194572748268
0.313197026022 0.194572748268
0.312906220984 0.194572748268
0.312615955473 0.194572748268
0.312326227989 0.194572748268
0.312037037037 0.194572748268
0.311748381129 0.194572748268
0.31146025878 0.194572748268
0.312096029548 0.195150115473
0.311808118081 0.195150115473
0.311520737327 0.195150115473
0.31123388582 0.195150115473
0.310947562098 0.195150115473
0.310661764706 0.195150115473
0.310376492195 0.195150115473
0.310091743119 0.195150115473
0.310724106324 0.195727482679
0.31043956044 0.195727482679
0.310155535224 0.195727482679
0.30987202925 0.195727482679
0.309589041096 0.195727482679
0.310218978102 0.196304849885
0.309936189608 0.196304849885
0.309653916211 0.196304849885
0.310282074613 0.19688221709
0.31 0.19688221709
0.309718437784 0.19688221709
0.30943738657 0.19688221709
0.309156844968 0.19688221709
0.309782608696 0.197459584296
0.309502262443 0.197459584296
0.309222423146 0.197459584296
0.308943089431 0.197459584296
0.308664259928 0.197459584296
0.308385933273 0.197459584296
0.308108108108 0.197459584296
0.307830783078 0.197459584296
0.307553956835 0.197459584296
0.307277628032 0.197459584296
0.307001795332 0.197459584296
0.306726457399 0.197459584296
0.306451612903 0.197459584296
0.306177260519 0.197459584296
0.305903398927 0.197459584296
0.30563002681 0.197459584296
0.305357142857 0.197459584296
0.305976806423 0.198036951501
0.306595365419 0.198614318707
0.306322350846 0.198614318707
0.306049822064 0.198614318707
0.305777777778 0.198614318707
0.305506216696 0.198614318707
0.305235137533 0.198614318707
0.30585106383 0.199191685912
0.305580159433 0.199191685912
0.305309734513 0.199191685912
0.305039787798 0.199191685912
0.304770318021 0.199191685912
0.304501323919 0.199191685912
0.304232804233 0.199191685912
0.303964757709 0.199191685912
0.303697183099 0.199191685912
0.304309586631 0.199769053118
0.304920913884 0.200346420323
0.304653204565 0.200346420323
0.305263157895 0.200923787529
0.304995617879 0.200923787529
0.30472854641 0.200923787529
0.304461942257 0.200923787529
0.304195804196 0.200923787529
0.303930131004 0.200923787529
0.303664921466 0.200923787529
0.304272013949 0.201501154734
0.304006968641 0.201501154734
0.303742384682 0.201501154734
0.30347826087 0.201501154734
0.303214596003 0.201501154734
0.303819444444 0.20207852194
0.303555941023 0.20207852194
0.303292894281 0.20207852194
0.30303030303 0.20207852194
0.303633217993 0.202655889145
0.303370786517 0.202655889145
0.303972366149 0.203233256351
0.303710094909 0.203233256351
0.304310344828 0.203810623557
0.304048234281 0.203810623557
0.304647160069 0.204387990762
0.30524505589 0.204965357968
0.304982817869 0.204965357968
0.305579399142 0.205542725173
0.305317324185 0.205542725173
0.305912596401 0.206120092379
0.305650684932 0.206120092379
0.305389221557 0.206120092379
0.305128205128 0.206120092379
0.3048676345 0.206120092379
0.304607508532 0.206120092379
0.304347826087 0.206120092379
0.304088586031 0.206120092379
0.303829787234 0.206120092379
0.303571428571 0.206120092379
0.303313508921 0.206120092379
0.303056027165 0.206120092379
0.302798982188 0.206120092379
0.302542372881 0.206120092379
0.303132938188 0.206697459584
0.30372250423 0.20727482679
0.304311073542 0.207852193995
0.304054054054 0.207852193995
0.304641350211 0.208429561201
0.304384485666 0.208429561201
0.304128053917 0.208429561201
0.303872053872 0.208429561201
0.303616484441 0.208429561201
0.303361344538 0.208429561201
0.303106633081 0.208429561201
0.303691275168 0.209006928406
0.303436714166 0.209006928406
0.303182579564 0.209006928406
0.302928870293 0.209006928406
0.302675585284 0.209006928406
0.302422723475 0.209006928406
0.302170283806 0.209006928406
0.301918265221 0.209006928406
0.3025 0.209584295612
0.302248126561 0.209584295612
0.302828618968 0.210161662818
0.302576891106 0.210161662818
0.302325581395 0.210161662818
0.302904564315 0.210739030023
0.302653399668 0.210739030023
0.302402651201 0.210739030023
0.302152317881 0.210739030023
0.301902398677 0.210739030023
0.302479338843 0.211316397229
0.303055326177 0.211893764434
0.303630363036 0.21247113164
0.303380049464 0.21247113164
0.30313014827 0.21247113164
0.302880658436 0.21247113164
0.302631578947 0.21247113164
0.302382908792 0.21247113164
0.302955665025 0.213048498845
0.302707136998 0.213048498845
0.302459016393 0.213048498845
0.30303030303 0.213625866051
0.302782324059 0.213625866051
0.302534750613 0.213625866051
0.303104575163 0.214203233256
0.302857142857 0.214203233256
0.302610114192 0.214203233256
0.303178484108 0.214780600462
0.302931596091 0.214780600462
0.302685109845 0.214780600462
0.30325203252 0.215357967667
0.303005686434 0.215357967667
0.30275974026 0.215357967667
0.303325223033 0.215935334873
0.303079416532 0.215935334873
0.302834008097 0.215935334873
0.303398058252 0.216512702079
0.303961196443 0.217090069284
0.303715670436 0.217090069284
0.304277643261 0.21766743649
0.304032258065 0.21766743649
0.303787268332 0.21766743649
0.304347826087 0.218244803695
0.304102976669 0.218244803695
0.3038585209 0.218244803695
0.303614457831 0.218244803695
0.303370786517 0.218244803695
0.303127506014 0.218244803695
0.303685897436 0.218822170901
0.303442754203 0.218822170901
0.3032 0.218822170901
0.302957633893 0.218822170901
0.302715654952 0.218822170901
0.302474062251 0.218822170901
0.302232854864 0.218822170901
0.301992031873 0.218822170901
0.301751592357 0.218822170901
0.301511535402 0.218822170901
0.301271860095 0.218822170901
0.301032565528 0.218822170901
0.300793650794 0.218822170901
0.3013481364 0.219399538106
0.301109350238 0.219399538106
0.300870942201 0.219399538106
0.300632911392 0.219399538106
0.300395256917 0.219399538106
0.300157977883 0.219399538106
0.299921073402 0.219399538106
0.299684542587 0.219399538106
0.299448384555 0.219399538106
0.299212598425 0.219399538106
0.29897718332 0.219399538106
0.298742138365 0.219399538106
0.298507462687 0.219399538106
0.299058084772 0.219976905312
0.298823529412 0.219976905312
0.298589341693 0.219976905312
0.298355520752 0.219976905312
0.298904538341 0.220554272517
0.298670836591 0.220554272517
0.2984375 0.220554272517
0.298204527713 0.220554272517
0.297971918877 0.220554272517
0.297739672642 0.220554272517
0.297507788162 0.220554272517
0.297276264591 0.220554272517
0.297822706065 0.221131639723
0.297591297591 0.221131639723
0.298136645963 0.221709006928
0.297905352987 0.221709006928
0.297674418605 0.221709006928
0.297443841983 0.221709006928
0.297213622291 0.221709006928
0.296983758701 0.221709006928
0.296754250386 0.221709006928
0.296525096525 0.221709006928
0.297067901235 0.222286374134
0.297609868928 0.222863741339
0.297380585516 0.222863741339
0.297151655119 0.222863741339
0.296923076923 0.222863741339
0.296694850115 0.222863741339
0.296466973886 0.222863741339
0.296239447429 0.222863741339
0.296012269939 0.222863741339
0.296551724138 0.223441108545
0.297090352221 0.224018475751
0.296863045142 0.224018475751
0.296636085627 0.224018475751
0.29640947288 0.224018475751
0.296183206107 0.224018475751
0.296720061022 0.224595842956
0.296493902439 0.224595842956
0.296268088347 0.224595842956
0.296803652968 0.225173210162
0.296577946768 0.225173210162
0.297112462006 0.225750577367
0.296886864085 0.225750577367
0.296661608498 0.225750577367
0.296436694466 0.225750577367
0.29696969697 0.226327944573
0.296744890235 0.226327944573
0.296520423601 0.226327944573
0.296296296296 0.226327944573
0.296072507553 0.226327944573
0.295849056604 0.226327944573
0.295625942685 0.226327944573
0.296156744537 0.226905311778
0.29593373494 0.226905311778
0.295711060948 0.226905311778
0.295488721805 0.226905311778
0.295266716754 0.226905311778
0.295045045045 0.226905311778
0.294823705926 0.226905311778
0.294602698651 0.226905311778
0.294382022472 0.226905311778
0.294161676647 0.226905311778
0.293941660434 0.226905311778
0.293721973094 0.226905311778
0.293502613891 0.226905311778
0.294029850746 0.227482678984
0.294556301268 0.228060046189
0.29433681073 0.228060046189
0.294117647059 0.228060046189
0.293898809524 0.228060046189
0.293680297398 0.228060046189
0.294205052006 0.228637413395
0.293986636971 0.228637413395
0.294510385757 0.2292147806
0.294292068199 0.2292147806
0.294074074074 0.2292147806
0.293856402665 0.2292147806
0.293639053254 0.2292147806
0.293422025129 0.2292147806
0.293205317578 0.2292147806
0.292988929889 0.2292147806
0.292772861357 0.2292147806
0.292557111275 0.2292147806
0.293078055965 0.229792147806
0.292862398823 0.229792147806
0.293382352941 0.230369515012
0.293166789126 0.230369515012
0.29295154185 0.230369515012
0.293470286134 0.230946882217
0.293255131965 0.230946882217
0.29304029304 0.230946882217
0.292825768668 0.230946882217
0.292611558157 0.230946882217
0.292397660819 0.230946882217
0.292184075968 0.230946882217
0.29197080292 0.230946882217
0.291757840992 0.230946882217
0.291545189504 0.230946882217
0.291332847779 0.230946882217
0.291120815138 0.230946882217
0.290909090909 0.230946882217
0.290697674419 0.230946882217
0.290486564996 0.230946882217
0.290275761974 0.230946882217
0.290790427846 0.231524249423
0.290579710145 0.231524249423
0.29036929761 0.231524249423
0.29015918958 0.231524249423
0.290672451193 0.232101616628
0.290462427746 0.232101616628
0.290974729242 0.232678983834
0.290764790765 0.232678983834
0.290555155011 0.232678983834
0.291066282421 0.233256351039
0.290856731461 0.233256351039
0.290647482014 0.233256351039
0.290438533429 0.233256351039
0.290229885057 0.233256351039
0.290021536253 0.233256351039
0.290530846485 0.233833718245
0.290322580645 0.233833718245
0.290114613181 0.233833718245
0.28990694345 0.233833718245
0.289699570815 0.233833718245
0.290207290922 0.23441108545
0.290714285714 0.234988452656
0.290506780871 0.234988452656
0.29029957204 0.234988452656
0.290092658589 0.234988452656
0.289886039886 0.234988452656
0.289679715302 0.234988452656
0.289473684211 0.234988452656
0.289267945984 0.234988452656
0.289772727273 0.235565819861
0.289567068843 0.235565819861
0.289361702128 0.235565819861
0.289865343728 0.236143187067
0.289660056657 0.236143187067
0.289455060156 0.236143187067
0.289250353607 0.236143187067
0.289045936396 0.236143187067
0.289548022599 0.236720554273
0.290049400141 0.237297921478
0.289844851904 0.237297921478
0.289640591966 0.237297921478
0.289436619718 0.237297921478
0.289936664321 0.237875288684
0.289732770745 0.237875288684
0.290231904427 0.238452655889
0.290028089888 0.238452655889
0.289824561404 0.238452655889
0.289621318373 0.238452655889
0.289418360196 0.238452655889
0.289215686275 0.238452655889
0.289713086074 0.239030023095
0.28951048951 0.239030023095
0.289308176101 0.239030023095
0.289106145251 0.239030023095
0.288904396371 0.239030023095
0.28870292887 0.239030023095
0.289198606272 0.2396073903
0.288997214485 0.2396073903
0.288796102992 0.2396073903
0.28859527121 0.2396073903
0.288394718555 0.2396073903
0.288194444444 0.2396073903
0.288688410826 0.240184757506
0.288488210818 0.240184757506
0.288288288288 0.240184757506
0.288088642659 0.240184757506
0.287889273356 0.240184757506
0.287690179806 0.240184757506
0.287491361437 0.240184757506
0.28729281768 0.240184757506
0.287094547964 0.240184757506
0.287586206897 0.240762124711
0.28738800827 0.240762124711
0.287190082645 0.240762124711
0.286992429456 0.240762124711
0.287482806052 0.241339491917
0.287285223368 0.241339491917
0.287087912088 0.241339491917
0.286890871654 0.241339491917
0.287379972565 0.241916859122
0.287183002056 0.241916859122
0.28698630137 0.241916859122
0.286789869952 0.241916859122
0.287277701778 0.242494226328
0.287081339713 0.242494226328
0.286885245902 0.242494226328
0.286689419795 0.242494226328
0.286493860846 0.242494226328
0.286980231766 0.243071593533
0.286784741144 0.243071593533
0.287270251872 0.243648960739
0.287074829932 0.243648960739
0.286879673691 0.243648960739
0.287364130435 0.244226327945
0.28716904277 0.244226327945
0.28697421981 0.244226327945
0.286779661017 0.244226327945
0.286585365854 0.244226327945
0.286391333785 0.244226327945
0.286197564276 0.244226327945
0.286004056795 0.244226327945
0.285810810811 0.244226327945
0.28629304524 0.24480369515
0.286099865047 0.24480369515
0.286581254214 0.245381062356
0.286388140162 0.245381062356
0.286195286195 0.245381062356
0.28600269179 0.245381062356
0.286482851379 0.245958429561
0.286962365591 0.246535796767
0.286769644056 0.246535796767
0.286577181208 0.246535796767
0.287055667337 0.247113163972
0.286863270777 0.247113163972
0.286671131949 0.247113163972
0.286479250335 0.247113163972
0.286287625418 0.247113163972
0.286096256684 0.247113163972
0.285905143621 0.247113163972
0.285714285714 0.247113163972
0.285523682455 0.247113163972
0.286 0.247690531178
0.286475682878 0.248267898383
0.286950732357 0.248845265589
0.286759813706 0.248845265589
0.287234042553 0.249422632794
0.287043189369 0.249422632794
0.286852589641 0.249422632794
0.286662242867 0.249422632794
0.286472148541 0.249422632794
0.286282306163 0.249422632794
0.286092715232 0.249422632794
0.285903375248 0.249422632794
0.285714285714 0.249422632794
0.285525446134 0.249422632794
0.285336856011 0.249422632794
0.285148514851 0.249422632794
0.284960422164 0.249422632794
0.284772577456 0.249422632794
0.284584980237 0.249422632794
0.28439763002 0.249422632794
0.284210526316 0.249422632794
0.284023668639 0.249422632794
0.284494086728 0.25
0.284307288247 0.25
0.284776902887 0.250577367206
0.284590163934 0.250577367206
0.284403669725 0.250577367206
0.284872298625 0.251154734411
0.284685863874 0.251154734411
0.284499672989 0.251154734411
0.28431372549 0.251154734411
0.284781188766 0.251732101617
0.284595300261 0.251732101617
0.284409654273 0.251732101617
0.284876140808 0.252309468822
0.284690553746 0.252309468822
0.284505208333 0.252309468822
0.284320104099 0.252309468822
0.284785435631 0.252886836028
0.284600389864 0.252886836028
0.284415584416 0.252886836028
0.284231018819 0.252886836028
0.284046692607 0.252886836028
0.284510693454 0.253464203233
0.28432642487 0.253464203233
0.284142394822 0.253464203233
0.283958602846 0.253464203233
0.283775048481 0.253464203233
0.283591731266 0.253464203233
0.283408650742 0.253464203233
0.283225806452 0.253464203233
0.283687943262 0.254041570439
0.283505154639 0.254041570439
0.283322601417 0.254041570439
0.28314028314 0.254041570439
0.282958199357 0.254041570439
0.282776349614 0.254041570439
0.282594733462 0.254041570439
0.282413350449 0.254041570439
0.282232200128 0.254041570439
0.282051282051 0.254041570439
0.282511210762 0.254618937644
0.282330345711 0.254618937644
0.282149712092 0.254618937644
0.281969309463 0.254618937644
0.28178913738 0.254618937644
0.282247765006 0.25519630485
0.282705807275 0.255773672055
0.282525510204 0.255773672055
0.282345442957 0.255773672055
0.282165605096 0.255773672055
0.281985996181 0.255773672055
0.282442748092 0.256351039261
0.282263191354 0.256351039261
0.28208386277 0.256351039261
0.28253968254 0.256928406467
0.282360406091 0.256928406467
0.282181357007 0.256928406467
0.282002534854 0.256928406467
0.281823939202 0.256928406467
0.282278481013 0.257505773672
0.282732447818 0.258083140878
0.282553729456 0.258083140878
0.282375236892 0.258083140878
0.282196969697 0.258083140878
0.282018927445 0.258083140878
0.28184110971 0.258083140878
0.281663516068 0.258083140878
0.281486146096 0.258083140878
0.281938325991 0.258660508083
0.282389937107 0.259237875289
0.282212445003 0.259237875289
0.282035175879 0.259237875289
0.281858129316 0.259237875289
0.281681304893 0.259237875289
0.282131661442 0.259815242494
0.281954887218 0.259815242494
0.281778334377 0.259815242494
0.281602002503 0.259815242494
0.281425891182 0.259815242494
0.28125 0.259815242494
0.281074328545 0.259815242494
0.280898876404 0.259815242494
0.280723643169 0.259815242494
0.281172069825 0.2603926097
0.280996884735 0.2603926097
0.280821917808 0.2603926097
0.280647168637 0.2603926097
0.280472636816 0.2603926097
0.280919825979 0.260969976905
0.280745341615 0.260969976905
0.280571073867 0.260969976905
0.280397022333 0.260969976905
0.280223186609 0.260969976905
0.280049566295 0.260969976905
0.279876160991 0.260969976905
0.279702970297 0.260969976905
0.279529993816 0.260969976905
0.27935723115 0.260969976905
0.279184681902 0.260969976905
0.279012345679 0.260969976905
0.278840222085 0.260969976905
0.279284833539 0.261547344111
0.279728897104 0.262124711316
0.279556650246 0.262124711316
0.279384615385 0.262124711316
0.279827798278 0.262702078522
0.279655808236 0.262702078522
0.279484029484 0.262702078522
0.279312461633 0.262702078522
0.279141104294 0.262702078522
0.279583077866 0.263279445727
0.279411764706 0.263279445727
0.279240661359 0.263279445727
0.279681762546 0.263856812933
0.279510703364 0.263856812933
0.279339853301 0.263856812933
0.279169211973 0.263856812933
0.278998778999 0.263856812933
0.278828553996 0.263856812933
0.278658536585 0.263856812933
0.279098110908 0.264434180139
0.278928136419 0.264434180139
0.278758368837 0.264434180139
0.278588807786 0.264434180139
0.278419452888 0.264434180139
0.278250303767 0.264434180139
0.278081360049 0.264434180139
0.278519417476 0.265011547344
0.278350515464 0.265011547344
0.278181818182 0.265011547344
0.278013325257 0.265011547344
0.27784503632 0.265011547344
0.277676950998 0.265011547344
0.277509068924 0.265011547344
0.277945619335 0.26558891455
0.277777777778 0.26558891455
0.277610138805 0.26558891455
0.277442702051 0.26558891455
0.277275467149 0.26558891455
0.277108433735 0.26558891455
0.276941601445 0.26558891455
0.276774969916 0.26558891455
0.276608538785 0.26558891455
0.276442307692 0.26558891455
0.276276276276 0.26558891455
0.276710684274 0.266166281755
0.277144571086 0.266743648961
0.276978417266 0.266743648961
0.276812462552 0.266743648961
0.276646706587 0.266743648961
0.276481149013 0.266743648961
0.276913875598 0.267321016166
0.276748356246 0.267321016166
0.276583034648 0.267321016166
0.276417910448 0.267321016166
0.276252983294 0.267321016166
0.276088252832 0.267321016166
0.276519666269 0.267898383372
0.276354973198 0.267898383372
0.27619047619 0.267898383372
0.276026174896 0.267898383372
0.276456599287 0.268475750577
