1.0 0.0
1.0 0.000577367205543
1.0 0.00115473441109
0.666666666667 0.00115473441109
0.75 0.00173210161663
0.6 0.00173210161663
0.666666666667 0.00230946882217
0.714285714286 0.00288683602771
0.75 0.00346420323326
0.777777777778 0.0040415704388
0.7 0.0040415704388
0.727272727273 0.00461893764434
0.666666666667 0.00461893764434
0.615384615385 0.00461893764434
0.642857142857 0.00519630484988
0.6 0.00519630484988
0.625 0.00577367205543
0.647058823529 0.00635103926097
0.666666666667 0.00692840646651
0.684210526316 0.00750577367206
0.7 0.0080831408776
0.666666666667 0.0080831408776
0.681818181818 0.00866050808314
0.652173913043 0.00866050808314
0.625 0.00866050808314
0.6 0.00866050808314
0.576923076923 0.00866050808314
0.555555555556 0.00866050808314
0.571428571429 0.00923787528868
0.586206896552 0.00981524249423
0.6 0.0103926096998
0.58064516129 0.0103926096998
0.59375 0.0109699769053
0.575757575758 0.0109699769053
0.588235294118 0.0115473441109
0.6 0.0121247113164
0.583333333333 0.0121247113164
0.567567567568 0.0121247113164
0.578947368421 0.0127020785219
0.564102564103 0.0127020785219
0.575 0.0132794457275
0.585365853659 0.013856812933
0.595238095238 0.0144341801386
0.581395348837 0.0144341801386
0.590909090909 0.0150115473441
0.577777777778 0.0150115473441
0.586956521739 0.0155889145497
0.595744680851 0.0161662817552
0.604166666667 0.0167436489607
0.612244897959 0.0173210161663
0.62 0.0178983833718
0.607843137255 0.0178983833718
0.615384615385 0.0184757505774
0.622641509434 0.0190531177829
0.611111111111 0.0190531177829
0.618181818182 0.0196304849885
0.625 0.020207852194
0.614035087719 0.020207852194
0.620689655172 0.0207852193995
0.627118644068 0.0213625866051
0.616666666667 0.0213625866051
0.622950819672 0.0219399538106
0.612903225806 0.0219399538106
0.603174603175 0.0219399538106
0.609375 0.0225173210162
0.615384615385 0.0230946882217
0.606060606061 0.0230946882217
0.597014925373 0.0230946882217
0.588235294118 0.0230946882217
0.579710144928 0.0230946882217
0.585714285714 0.0236720554273
0.591549295775 0.0242494226328
0.583333333333 0.0242494226328
0.575342465753 0.0242494226328
0.567567567568 0.0242494226328
0.56 0.0242494226328
0.552631578947 0.0242494226328
0.545454545455 0.0242494226328
0.538461538462 0.0242494226328
0.544303797468 0.0248267898383
0.55 0.0254041570439
0.543209876543 0.0254041570439
0.536585365854 0.0254041570439
0.542168674699 0.0259815242494
0.547619047619 0.026558891455
0.541176470588 0.026558891455
0.546511627907 0.0271362586605
0.540229885057 0.0271362586605
0.545454545455 0.0277136258661
0.539325842697 0.0277136258661
0.544444444444 0.0282909930716
0.549450549451 0.0288683602771
0.554347826087 0.0294457274827
0.548387096774 0.0294457274827
0.553191489362 0.0300230946882
0.557894736842 0.0306004618938
0.552083333333 0.0306004618938
0.556701030928 0.0311778290993
0.561224489796 0.0317551963048
0.565656565657 0.0323325635104
0.57 0.0329099307159
0.564356435644 0.0329099307159
0.56862745098 0.0334872979215
0.572815533981 0.034064665127
0.576923076923 0.0346420323326
0.571428571429 0.0346420323326
0.575471698113 0.0352193995381
0.570093457944 0.0352193995381
0.564814814815 0.0352193995381
0.56880733945 0.0357967667436
0.572727272727 0.0363741339492
0.567567567568 0.0363741339492
0.5625 0.0363741339492
0.566371681416 0.0369515011547
0.561403508772 0.0369515011547
0.55652173913 0.0369515011547
0.560344827586 0.0375288683603
0.564102564103 0.0381062355658
0.567796610169 0.0386836027714
0.563025210084 0.0386836027714
0.558333333333 0.0386836027714
0.561983471074 0.0392609699769
0.55737704918 0.0392609699769
0.560975609756 0.0398383371824
0.564516129032 0.040415704388
0.56 0.040415704388
0.555555555556 0.040415704388
0.551181102362 0.040415704388
0.5546875 0.0409930715935
0.550387596899 0.0409930715935
0.546153846154 0.0409930715935
0.541984732824 0.0409930715935
0.545454545455 0.0415704387991
0.541353383459 0.0415704387991
0.537313432836 0.0415704387991
0.533333333333 0.0415704387991
0.536764705882 0.0421478060046
0.532846715328 0.0421478060046
0.536231884058 0.0427251732102
0.539568345324 0.0433025404157
0.535714285714 0.0433025404157
0.531914893617 0.0433025404157
0.528169014085 0.0433025404157
0.524475524476 0.0433025404157
0.520833333333 0.0433025404157
0.51724137931 0.0433025404157
0.520547945205 0.0438799076212
0.52380952381 0.0444572748268
0.527027027027 0.0450346420323
0.530201342282 0.0456120092379
0.533333333333 0.0461893764434
0.53642384106 0.046766743649
0.532894736842 0.046766743649
0.535947712418 0.0473441108545
0.532467532468 0.0473441108545
0.529032258065 0.0473441108545
0.525641025641 0.0473441108545
0.528662420382 0.04792147806
0.525316455696 0.04792147806
0.522012578616 0.04792147806
0.51875 0.04792147806
0.521739130435 0.0484988452656
0.518518518519 0.0484988452656
0.515337423313 0.0484988452656
0.512195121951 0.0484988452656
0.515151515152 0.0490762124711
0.512048192771 0.0490762124711
0.51497005988 0.0496535796767
0.511904761905 0.0496535796767
0.514792899408 0.0502309468822
0.517647058824 0.0508083140878
0.520467836257 0.0513856812933
0.523255813953 0.0519630484988
0.520231213873 0.0519630484988
0.51724137931 0.0519630484988
0.52 0.0525404157044
0.517045454545 0.0525404157044
0.514124293785 0.0525404157044
0.511235955056 0.0525404157044
0.508379888268 0.0525404157044
0.511111111111 0.0531177829099
0.513812154696 0.0536951501155
0.510989010989 0.0536951501155
0.513661202186 0.054272517321
0.516304347826 0.0548498845266
0.518918918919 0.0554272517321
0.516129032258 0.0554272517321
0.51871657754 0.0560046189376
0.515957446809 0.0560046189376
0.513227513228 0.0560046189376
0.510526315789 0.0560046189376
0.507853403141 0.0560046189376
0.510416666667 0.0565819861432
0.507772020725 0.0565819861432
0.505154639175 0.0565819861432
0.502564102564 0.0565819861432
0.5 0.0565819861432
0.497461928934 0.0565819861432
0.5 0.0571593533487
0.497487437186 0.0571593533487
0.5 0.0577367205543
0.497512437811 0.0577367205543
0.49504950495 0.0577367205543
0.492610837438 0.0577367205543
0.490196078431 0.0577367205543
0.492682926829 0.0583140877598
0.495145631068 0.0588914549654
0.497584541063 0.0594688221709
0.495192307692 0.0594688221709
0.492822966507 0.0594688221709
0.490476190476 0.0594688221709
0.492890995261 0.0600461893764
0.495283018868 0.060623556582
0.492957746479 0.060623556582
0.495327102804 0.0612009237875
0.497674418605 0.0617782909931
0.5 0.0623556581986
0.502304147465 0.0629330254042
0.504587155963 0.0635103926097
0.502283105023 0.0635103926097
0.5 0.0635103926097
0.502262443439 0.0640877598152
0.5 0.0640877598152
0.502242152466 0.0646651270208
0.504464285714 0.0652424942263
0.502222222222 0.0652424942263
0.504424778761 0.0658198614319
0.502202643172 0.0658198614319
0.5 0.0658198614319
0.497816593886 0.0658198614319
0.5 0.0663972286374
0.497835497835 0.0663972286374
0.495689655172 0.0663972286374
0.497854077253 0.066974595843
0.495726495726 0.066974595843
0.497872340426 0.0675519630485
0.495762711864 0.0675519630485
0.497890295359 0.068129330254
0.5 0.0687066974596
0.502092050209 0.0692840646651
0.5 0.0692840646651
0.502074688797 0.0698614318707
0.5 0.0698614318707
0.502057613169 0.0704387990762
0.504098360656 0.0710161662818
0.50612244898 0.0715935334873
0.508130081301 0.0721709006928
0.51012145749 0.0727482678984
0.508064516129 0.0727482678984
0.506024096386 0.0727482678984
0.504 0.0727482678984
0.501992031873 0.0727482678984
0.503968253968 0.0733256351039
0.501976284585 0.0733256351039
0.503937007874 0.0739030023095
0.505882352941 0.074480369515
0.50390625 0.074480369515
0.505836575875 0.0750577367206
0.507751937984 0.0756351039261
0.505791505792 0.0756351039261
0.503846153846 0.0756351039261
0.501915708812 0.0756351039261
0.5 0.0756351039261
0.498098859316 0.0756351039261
0.496212121212 0.0756351039261
0.498113207547 0.0762124711316
0.496240601504 0.0762124711316
0.494382022472 0.0762124711316
0.492537313433 0.0762124711316
0.494423791822 0.0767898383372
0.492592592593 0.0767898383372
0.494464944649 0.0773672055427
0.496323529412 0.0779445727483
0.494505494505 0.0779445727483
0.492700729927 0.0779445727483
0.490909090909 0.0779445727483
0.492753623188 0.0785219399538
0.490974729242 0.0785219399538
0.492805755396 0.0790993071594
0.494623655914 0.0796766743649
0.496428571429 0.0802540415704
0.498220640569 0.080831408776
0.5 0.0814087759815
0.498233215548 0.0814087759815
0.5 0.0819861431871
0.498245614035 0.0819861431871
0.496503496503 0.0819861431871
0.494773519164 0.0819861431871
0.496527777778 0.0825635103926
0.498269896194 0.0831408775982
0.5 0.0837182448037
0.501718213058 0.0842956120092
0.5 0.0842956120092
0.501706484642 0.0848729792148
0.5 0.0848729792148
0.498305084746 0.0848729792148
0.496621621622 0.0848729792148
0.494949494949 0.0848729792148
0.493288590604 0.0848729792148
0.494983277592 0.0854503464203
0.496666666667 0.0860277136259
0.498338870432 0.0866050808314
0.496688741722 0.0866050808314
0.49504950495 0.0866050808314
0.493421052632 0.0866050808314
0.491803278689 0.0866050808314
0.490196078431 0.0866050808314
0.488599348534 0.0866050808314
0.487012987013 0.0866050808314
0.485436893204 0.0866050808314
0.483870967742 0.0866050808314
0.485530546624 0.087182448037
0.483974358974 0.087182448037
0.482428115016 0.087182448037
0.480891719745 0.087182448037
0.479365079365 0.087182448037
0.477848101266 0.087182448037
0.476340694006 0.087182448037
0.477987421384 0.0877598152425
0.479623824451 0.088337182448
0.478125 0.088337182448
0.476635514019 0.088337182448
0.475155279503 0.088337182448
0.473684210526 0.088337182448
0.472222222222 0.088337182448
0.470769230769 0.088337182448
0.472392638037 0.0889145496536
0.470948012232 0.0889145496536
0.469512195122 0.0889145496536
0.471124620061 0.0894919168591
0.469696969697 0.0894919168591
0.468277945619 0.0894919168591
0.46686746988 0.0894919168591
0.468468468468 0.0900692840647
0.47005988024 0.0906466512702
0.468656716418 0.0906466512702
0.467261904762 0.0906466512702
0.46587537092 0.0906466512702
0.467455621302 0.0912240184758
0.469026548673 0.0918013856813
0.467647058824 0.0918013856813
0.469208211144 0.0923787528868
0.46783625731 0.0923787528868
0.466472303207 0.0923787528868
0.468023255814 0.0929561200924
0.466666666667 0.0929561200924
0.468208092486 0.0935334872979
0.469740634006 0.0941108545035
0.471264367816 0.094688221709
0.469914040115 0.094688221709
0.468571428571 0.094688221709
0.467236467236 0.094688221709
0.465909090909 0.094688221709
0.467422096317 0.0952655889145
0.466101694915 0.0952655889145
0.467605633803 0.0958429561201
0.469101123596 0.0964203233256
0.467787114846 0.0964203233256
0.466480446927 0.0964203233256
0.465181058496 0.0964203233256
0.463888888889 0.0964203233256
0.462603878116 0.0964203233256
0.461325966851 0.0964203233256
0.462809917355 0.0969976905312
0.464285714286 0.0975750577367
0.465753424658 0.0981524249423
0.467213114754 0.0987297921478
0.468664850136 0.0993071593533
0.470108695652 0.0998845265589
0.471544715447 0.100461893764
0.472972972973 0.10103926097
0.471698113208 0.10103926097
0.470430107527 0.10103926097
0.469168900804 0.10103926097
0.467914438503 0.10103926097
0.466666666667 0.10103926097
0.468085106383 0.101616628176
0.466843501326 0.101616628176
0.465608465608 0.101616628176
0.467018469657 0.102193995381
0.468421052632 0.102771362587
0.469816272966 0.103348729792
0.471204188482 0.103926096998
0.469973890339 0.103926096998
0.46875 0.103926096998
0.467532467532 0.103926096998
0.466321243523 0.103926096998
0.467700258398 0.104503464203
0.466494845361 0.104503464203
0.467866323907 0.105080831409
0.469230769231 0.105658198614
0.470588235294 0.10623556582
0.469387755102 0.10623556582
0.468193384224 0.10623556582
0.467005076142 0.10623556582
0.46835443038 0.106812933025
0.467171717172 0.106812933025
0.465994962217 0.106812933025
0.464824120603 0.106812933025
0.466165413534 0.107390300231
0.4675 0.107967667436
0.468827930175 0.108545034642
0.467661691542 0.108545034642
0.466501240695 0.108545034642
0.465346534653 0.108545034642
0.466666666667 0.109122401848
0.465517241379 0.109122401848
0.46683046683 0.109699769053
0.46568627451 0.109699769053
0.464547677262 0.109699769053
0.463414634146 0.109699769053
0.462287104623 0.109699769053
0.46359223301 0.110277136259
0.462469733656 0.110277136259
0.463768115942 0.110854503464
0.465060240964 0.11143187067
0.463942307692 0.11143187067
0.465227817746 0.112009237875
0.464114832536 0.112009237875
0.465393794749 0.112586605081
0.466666666667 0.113163972286
0.465558194774 0.113163972286
0.464454976303 0.113163972286
0.465721040189 0.113741339492
0.464622641509 0.113741339492
0.463529411765 0.113741339492
0.464788732394 0.114318706697
0.466042154567 0.114896073903
0.464953271028 0.114896073903
0.4662004662 0.115473441109
0.467441860465 0.116050808314
0.466357308585 0.116050808314
0.467592592593 0.11662817552
0.466512702079 0.11662817552
0.465437788018 0.11662817552
0.466666666667 0.117205542725
0.467889908257 0.117782909931
0.466819221968 0.117782909931
0.46803652968 0.118360277136
0.466970387244 0.118360277136
0.468181818182 0.118937644342
0.467120181406 0.118937644342
0.466063348416 0.118937644342
0.467268623025 0.119515011547
0.466216216216 0.119515011547
0.465168539326 0.119515011547
0.464125560538 0.119515011547
0.463087248322 0.119515011547
0.464285714286 0.120092378753
0.465478841871 0.120669745958
0.464444444444 0.120669745958
0.463414634146 0.120669745958
0.462389380531 0.120669745958
0.461368653422 0.120669745958
0.460352422907 0.120669745958
0.461538461538 0.121247113164
0.460526315789 0.121247113164
0.459518599562 0.121247113164
0.458515283843 0.121247113164
0.457516339869 0.121247113164
0.458695652174 0.12182448037
0.459869848156 0.122401847575
0.458874458874 0.122401847575
0.460043196544 0.122979214781
0.461206896552 0.123556581986
0.462365591398 0.124133949192
0.461373390558 0.124133949192
0.460385438972 0.124133949192
0.459401709402 0.124133949192
0.45842217484 0.124133949192
0.459574468085 0.124711316397
0.458598726115 0.124711316397
0.459745762712 0.125288683603
0.46088794926 0.125866050808
0.459915611814 0.125866050808
0.461052631579 0.126443418014
0.46218487395 0.127020785219
0.461215932914 0.127020785219
0.460251046025 0.127020785219
0.459290187891 0.127020785219
0.460416666667 0.127598152425
0.461538461538 0.12817551963
0.460580912863 0.12817551963
0.461697722567 0.128752886836
0.460743801653 0.128752886836
0.459793814433 0.128752886836
0.458847736626 0.128752886836
0.457905544148 0.128752886836
0.456967213115 0.128752886836
0.456032719836 0.128752886836
0.457142857143 0.129330254042
0.458248472505 0.129907621247
0.459349593496 0.130484988453
0.458417849899 0.130484988453
0.457489878543 0.130484988453
0.456565656566 0.130484988453
0.45564516129 0.130484988453
0.456740442656 0.131062355658
0.457831325301 0.131639722864
0.456913827655 0.131639722864
0.458 0.132217090069
0.459081836327 0.132794457275
0.458167330677 0.132794457275
0.457256461233 0.132794457275
0.456349206349 0.132794457275
0.455445544554 0.132794457275
0.454545454545 0.132794457275
0.453648915187 0.132794457275
0.454724409449 0.13337182448
0.453831041257 0.13337182448
0.452941176471 0.13337182448
0.452054794521 0.13337182448
0.453125 0.133949191686
0.454191033138 0.134526558891
0.453307392996 0.134526558891
0.454368932039 0.135103926097
0.453488372093 0.135103926097
0.452611218569 0.135103926097
0.453667953668 0.135681293303
0.452793834297 0.135681293303
0.451923076923 0.135681293303
0.451055662188 0.135681293303
0.452107279693 0.136258660508
0.453154875717 0.136836027714
0.452290076336 0.136836027714
0.453333333333 0.137413394919
0.45247148289 0.137413394919
0.451612903226 0.137413394919
0.450757575758 0.137413394919
0.45179584121 0.137990762125
0.450943396226 0.137990762125
0.45197740113 0.13856812933
0.451127819549 0.13856812933
0.452157598499 0.139145496536
0.451310861423 0.139145496536
0.45046728972 0.139145496536
0.449626865672 0.139145496536
0.450651769088 0.139722863741
0.449814126394 0.139722863741
0.450834879406 0.140300230947
0.451851851852 0.140877598152
0.45101663586 0.140877598152
0.452029520295 0.141454965358
0.453038674033 0.142032332564
0.452205882353 0.142032332564
0.451376146789 0.142032332564
0.452380952381 0.142609699769
0.453382084095 0.143187066975
0.452554744526 0.143187066975
0.451730418944 0.143187066975
0.450909090909 0.143187066975
0.451905626134 0.14376443418
0.451086956522 0.14376443418
0.45027124774 0.14376443418
0.449458483755 0.14376443418
0.448648648649 0.14376443418
0.447841726619 0.14376443418
0.447037701975 0.14376443418
0.44623655914 0.14376443418
0.447227191413 0.144341801386
0.448214285714 0.144919168591
0.449197860963 0.145496535797
0.450177935943 0.146073903002
0.451154529307 0.146651270208
0.452127659574 0.147228637413
0.451327433628 0.147228637413
0.450530035336 0.147228637413
0.451499118166 0.147806004619
0.450704225352 0.147806004619
0.449912126538 0.147806004619
0.449122807018 0.147806004619
0.450087565674 0.148383371824
0.449300699301 0.148383371824
0.448516579407 0.148383371824
0.449477351916 0.14896073903
0.450434782609 0.149538106236
0.451388888889 0.150115473441
0.450606585789 0.150115473441
0.449826989619 0.150115473441
0.449050086356 0.150115473441
0.448275862069 0.150115473441
0.447504302926 0.150115473441
0.446735395189 0.150115473441
0.445969125214 0.150115473441
0.445205479452 0.150115473441
0.444444444444 0.150115473441
0.443686006826 0.150115473441
0.442930153322 0.150115473441
0.442176870748 0.150115473441
0.44142614601 0.150115473441
0.440677966102 0.150115473441
0.441624365482 0.150692840647
0.442567567568 0.151270207852
0.443507588533 0.151847575058
0.442760942761 0.151847575058
0.442016806723 0.151847575058
0.441275167785 0.151847575058
0.4405360134 0.151847575058
0.439799331104 0.151847575058
0.440734557596 0.152424942263
0.441666666667 0.153002309469
0.440931780366 0.153002309469
0.441860465116 0.153579676674
0.441127694859 0.153579676674
0.442052980132 0.15415704388
0.44132231405 0.15415704388
0.440594059406 0.15415704388
0.441515650741 0.154734411085
0.440789473684 0.154734411085
0.44170771757 0.155311778291
0.440983606557 0.155311778291
0.440261865794 0.155311778291
0.441176470588 0.155889145497
0.440456769984 0.155889145497
0.439739413681 0.155889145497
0.439024390244 0.155889145497
0.438311688312 0.155889145497
0.437601296596 0.155889145497
0.436893203883 0.155889145497
0.436187399031 0.155889145497
0.437096774194 0.156466512702
0.436392914654 0.156466512702
0.435691318328 0.156466512702
0.434991974318 0.156466512702
0.435897435897 0.157043879908
0.4352 0.157043879908
0.434504792332 0.157043879908
0.435406698565 0.157621247113
0.434713375796 0.157621247113
0.434022257552 0.157621247113
0.434920634921 0.158198614319
0.434231378764 0.158198614319
0.435126582278 0.158775981524
0.436018957346 0.15935334873
0.43690851735 0.159930715935
0.436220472441 0.159930715935
0.435534591195 0.159930715935
0.436420722135 0.160508083141
0.437304075235 0.161085450346
0.43661971831 0.161085450346
0.4359375 0.161085450346
0.435257410296 0.161085450346
0.436137071651 0.161662817552
0.435458786936 0.161662817552
0.434782608696 0.161662817552
0.434108527132 0.161662817552
0.433436532508 0.161662817552
0.432766615147 0.161662817552
0.432098765432 0.161662817552
0.431432973806 0.161662817552
0.432307692308 0.162240184758
0.431643625192 0.162240184758
0.430981595092 0.162240184758
0.430321592649 0.162240184758
0.43119266055 0.162817551963
0.430534351145 0.162817551963
0.42987804878 0.162817551963
0.429223744292 0.162817551963
0.428571428571 0.162817551963
0.427921092564 0.162817551963
0.427272727273 0.162817551963
0.426626323752 0.162817551963
0.425981873112 0.162817551963
0.425339366516 0.162817551963
0.424698795181 0.162817551963
0.424060150376 0.162817551963
0.423423423423 0.162817551963
0.422788605697 0.162817551963
0.422155688623 0.162817551963
0.421524663677 0.162817551963
0.422388059701 0.163394919169
0.4217585693 0.163394919169
0.421130952381 0.163394919169
0.420505200594 0.163394919169
0.419881305638 0.163394919169
0.419259259259 0.163394919169
0.418639053254 0.163394919169
0.418020679468 0.163394919169
0.417404129794 0.163394919169
0.416789396171 0.163394919169
0.417647058824 0.163972286374
0.418502202643 0.16454965358
0.41788856305 0.16454965358
0.418740849195 0.165127020785
0.418128654971 0.165127020785
0.41897810219 0.165704387991
0.419825072886 0.166281755196
0.419213973799 0.166281755196
0.420058139535 0.166859122402
0.419448476052 0.166859122402
0.420289855072 0.167436489607
0.421128798842 0.168013856813
0.421965317919 0.168591224018
0.421356421356 0.168591224018
0.420749279539 0.168591224018
0.421582733813 0.169168591224
0.420977011494 0.169168591224
0.42037302726 0.169168591224
0.419770773639 0.169168591224
0.419170243205 0.169168591224
0.418571428571 0.169168591224
0.41940085592 0.16974595843
0.420227920228 0.170323325635
0.419630156472 0.170323325635
0.420454545455 0.170900692841
0.419858156028 0.170900692841
0.419263456091 0.170900692841
0.418670438472 0.170900692841
0.418079096045 0.170900692841
0.418899858956 0.171478060046
0.419718309859 0.172055427252
0.419127988748 0.172055427252
0.418539325843 0.172055427252
0.417952314165 0.172055427252
0.417366946779 0.172055427252
0.418181818182 0.172632794457
0.417597765363 0.172632794457
0.418410041841 0.173210161663
0.41782729805 0.173210161663
0.417246175243 0.173210161663
0.416666666667 0.173210161663
0.416088765603 0.173210161663
0.415512465374 0.173210161663
0.416320885201 0.173787528868
0.415745856354 0.173787528868
0.415172413793 0.173787528868
0.415977961433 0.174364896074
0.415405777166 0.174364896074
0.414835164835 0.174364896074
0.415637860082 0.174942263279
0.415068493151 0.174942263279
0.414500683995 0.174942263279
0.41393442623 0.174942263279
0.413369713506 0.174942263279
0.41416893733 0.175519630485
0.413605442177 0.175519630485
0.414402173913 0.176096997691
0.415196743555 0.176674364896
0.414634146341 0.176674364896
0.414073071719 0.176674364896
0.414864864865 0.177251732102
0.414304993252 0.177251732102
0.413746630728 0.177251732102
0.413189771198 0.177251732102
0.413978494624 0.177829099307
0.413422818792 0.177829099307
0.414209115282 0.178406466513
0.41499330656 0.178983833718
0.414438502674 0.178983833718
0.41388518024 0.178983833718
0.413333333333 0.178983833718
0.412782956059 0.178983833718
0.412234042553 0.178983833718
0.413014608234 0.179561200924
0.412466843501 0.179561200924
0.411920529801 0.179561200924
0.412698412698 0.180138568129
0.41215323646 0.180138568129
0.411609498681 0.180138568129
0.412384716733 0.180715935335
0.411842105263 0.180715935335
0.411300919842 0.180715935335
0.412073490814 0.18129330254
0.411533420708 0.18129330254
0.410994764398 0.18129330254
0.41045751634 0.18129330254
0.409921671018 0.18129330254
0.409387222947 0.18129330254
0.408854166667 0.18129330254
0.408322496749 0.18129330254
0.407792207792 0.18129330254
0.407263294423 0.18129330254
0.406735751295 0.18129330254
0.407503234153 0.181870669746
0.40826873385 0.182448036952
0.407741935484 0.182448036952
0.407216494845 0.182448036952
0.406692406692 0.182448036952
0.40616966581 0.182448036952
0.405648267009 0.182448036952
0.405128205128 0.182448036952
0.404609475032 0.182448036952
0.404092071611 0.182448036952
0.403575989783 0.182448036952
0.40306122449 0.182448036952
0.403821656051 0.183025404157
0.404580152672 0.183602771363
0.405336721728 0.184180138568
0.404822335025 0.184180138568
0.405576679341 0.184757505774
0.405063291139 0.184757505774
0.404551201011 0.184757505774
0.40404040404 0.184757505774
0.403530895334 0.184757505774
0.403022670025 0.184757505774
0.40251572327 0.184757505774
0.403266331658 0.185334872979
0.402760351317 0.185334872979
0.40350877193 0.185912240185
0.403003754693 0.185912240185
0.40375 0.18648960739
0.403245942572 0.18648960739
0.402743142145 0.18648960739
0.403486924035 0.187066974596
0.402985074627 0.187066974596
0.40248447205 0.187066974596
0.401985111663 0.187066974596
0.401486988848 0.187066974596
0.40099009901 0.187066974596
0.400494437577 0.187066974596
0.401234567901 0.187644341801
0.400739827374 0.187644341801
0.400246305419 0.187644341801
0.39975399754 0.187644341801
0.399262899263 0.187644341801
0.4 0.188221709007
0.399509803922 0.188221709007
0.400244798042 0.188799076212
0.40097799511 0.189376443418
0.400488400488 0.189376443418
0.4 0.189376443418
0.399512789281 0.189376443418
0.39902676399 0.189376443418
0.399756986634 0.189953810624
0.39927184466 0.189953810624
0.398787878788 0.189953810624
0.398305084746 0.189953810624
0.397823458283 0.189953810624
0.397342995169 0.189953810624
0.398069963812 0.190531177829
0.397590361446 0.190531177829
0.398315282792 0.191108545035
0.397836538462 0.191108545035
0.397358943577 0.191108545035
0.398081534772 0.19168591224
0.397604790419 0.19168591224
0.398325358852 0.192263279446
0.397849462366 0.192263279446
0.397374701671 0.192263279446
0.396901072706 0.192263279446
0.396428571429 0.192263279446
0.395957193817 0.192263279446
0.395486935867 0.192263279446
0.396204033215 0.192840646651
0.395734597156 0.192840646651
0.395266272189 0.192840646651
0.394799054374 0.192840646651
0.394332939787 0.192840646651
0.393867924528 0.192840646651
0.394581861013 0.193418013857
0.394117647059 0.193418013857
0.393654524089 0.193418013857
0.393192488263 0.193418013857
0.393903868699 0.193995381062
0.393442622951 0.193995381062
0.394152046784 0.194572748268
0.393691588785 0.194572748268
0.393232205368 0.194572748268
0.392773892774 0.194572748268
0.393480791618 0.195150115473
0.393023255814 0.195150115473
0.392566782811 0.195150115473
0.393271461717 0.195727482679
0.39281575898 0.195727482679
0.393518518519 0.196304849885
0.393063583815 0.196304849885
0.39376443418 0.19688221709
0.39446366782 0.197459584296
0.39400921659 0.197459584296
0.393555811277 0.197459584296
0.393103448276 0.197459584296
0.392652123995 0.197459584296
0.392201834862 0.197459584296
0.39175257732 0.197459584296
0.391304347826 0.197459584296
0.390857142857 0.197459584296
0.390410958904 0.197459584296
0.389965792474 0.197459584296
0.390660592255 0.198036951501
0.390216154721 0.198036951501
0.389772727273 0.198036951501
0.39046538025 0.198614318707
0.390022675737 0.198614318707
0.389580973952 0.198614318707
0.389140271493 0.198614318707
0.388700564972 0.198614318707
0.388261851016 0.198614318707
0.388951521984 0.199191685912
0.38963963964 0.199769053118
0.389201349831 0.199769053118
0.388764044944 0.199769053118
0.388327721661 0.199769053118
0.387892376682 0.199769053118
0.387458006719 0.199769053118
0.387024608501 0.199769053118
0.386592178771 0.199769053118
0.386160714286 0.199769053118
0.385730211817 0.199769053118
0.385300668151 0.199769053118
0.384872080089 0.199769053118
0.384444444444 0.199769053118
0.38512763596 0.200346420323
0.385809312639 0.200923787529
0.386489479513 0.201501154734
0.386061946903 0.201501154734
0.386740331492 0.20207852194
0.386313465784 0.20207852194
0.386990077178 0.202655889145
0.386563876652 0.202655889145
0.386138613861 0.202655889145
0.385714285714 0.202655889145
0.385290889133 0.202655889145
0.384868421053 0.202655889145
0.384446878423 0.202655889145
0.384026258206 0.202655889145
0.383606557377 0.202655889145
0.383187772926 0.202655889145
0.382769901854 0.202655889145
0.382352941176 0.202655889145
0.381936887922 0.202655889145
0.38152173913 0.202655889145
0.381107491857 0.202655889145
0.381778741866 0.203233256351
0.382448537378 0.203810623557
0.382034632035 0.203810623557
0.381621621622 0.203810623557
0.38120950324 0.203810623557
0.380798274002 0.203810623557
0.380387931034 0.203810623557
0.379978471475 0.203810623557
0.379569892473 0.203810623557
0.379162191192 0.203810623557
0.378755364807 0.203810623557
0.378349410504 0.203810623557
0.377944325482 0.203810623557
0.377540106952 0.203810623557
0.377136752137 0.203810623557
0.376734258271 0.203810623557
0.376332622601 0.203810623557
0.375931842386 0.203810623557
0.375531914894 0.203810623557
0.375132837407 0.203810623557
0.374734607219 0.203810623557
0.374337221633 0.203810623557
0.375 0.204387990762
0.374603174603 0.204387990762
0.374207188161 0.204387990762
0.373812038015 0.204387990762
0.373417721519 0.204387990762
0.373024236038 0.204387990762
0.372631578947 0.204387990762
0.372239747634 0.204387990762
0.372899159664 0.204965357968
0.372507869885 0.204965357968
0.372117400419 0.204965357968
0.371727748691 0.204965357968
0.372384937238 0.205542725173
0.373040752351 0.206120092379
0.372651356994 0.206120092379
0.372262773723 0.206120092379
0.371875 0.206120092379
0.371488033299 0.206120092379
0.371101871102 0.206120092379
0.370716510903 0.206120092379
0.370331950207 0.206120092379
0.369948186528 0.206120092379
0.370600414079 0.206697459584
0.370217166494 0.206697459584
0.369834710744 0.206697459584
0.369453044376 0.206697459584
0.369072164948 0.206697459584
0.368692070031 0.206697459584
0.368312757202 0.206697459584
0.367934224049 0.206697459584
0.367556468172 0.206697459584
0.368205128205 0.20727482679
0.368852459016 0.207852193995
0.368474923234 0.207852193995
0.368098159509 0.207852193995
0.367722165475 0.207852193995
0.367346938776 0.207852193995
0.366972477064 0.207852193995
0.366598778004 0.207852193995
0.366225839268 0.207852193995
0.366869918699 0.208429561201
0.366497461929 0.208429561201
0.366125760649 0.208429561201
0.365754812563 0.208429561201
0.366396761134 0.209006928406
0.366026289181 0.209006928406
0.365656565657 0.209006928406
0.365287588295 0.209006928406
0.365927419355 0.209584295612
0.365558912387 0.209584295612
0.365191146881 0.209584295612
0.364824120603 0.209584295612
0.36546184739 0.210161662818
0.365095285858 0.210161662818
0.365731462926 0.210739030023
0.365365365365 0.210739030023
0.365 0.210739030023
0.365634365634 0.211316397229
0.365269461078 0.211316397229
0.364905284148 0.211316397229
0.364541832669 0.211316397229
0.364179104478 0.211316397229
0.364811133201 0.211893764434
0.364448857994 0.211893764434
0.364087301587 0.211893764434
0.364717542121 0.21247113164
0.364356435644 0.21247113164
0.363996043521 0.21247113164
0.363636363636 0.21247113164
0.36327739388 0.21247113164
0.36291913215 0.21247113164
0.362561576355 0.21247113164
0.362204724409 0.21247113164
0.361848574238 0.21247113164
0.361493123772 0.21247113164
0.361138370952 0.21247113164
0.361764705882 0.213048498845
0.362389813908 0.213625866051
0.36301369863 0.214203233256
0.36265884653 0.214203233256
0.3623046875 0.214203233256
0.361951219512 0.214203233256
0.361598440546 0.214203233256
0.361246348588 0.214203233256
0.360894941634 0.214203233256
0.361516034985 0.214780600462
0.361165048544 0.214780600462
0.360814742968 0.214780600462
0.361434108527 0.215357967667
0.361084220716 0.215357967667
0.360735009671 0.215357967667
0.361352657005 0.215935334873
0.361969111969 0.216512702079
0.361620057859 0.216512702079
0.361271676301 0.216512702079
0.360923965351 0.216512702079
0.360576923077 0.216512702079
0.36023054755 0.216512702079
0.36084452975 0.217090069284
0.360498561841 0.217090069284
0.360153256705 0.217090069284
0.35980861244 0.217090069284
0.359464627151 0.217090069284
0.359121298949 0.217090069284
0.358778625954 0.217090069284
0.358436606292 0.217090069284
0.358095238095 0.217090069284
0.358705994291 0.21766743649
0.359315589354 0.218244803695
0.358974358974 0.218244803695
0.358633776091 0.218244803695
0.359241706161 0.218822170901
0.358901515152 0.218822170901
0.358561967833 0.218822170901
0.358223062382 0.218822170901
0.357884796978 0.218822170901
0.357547169811 0.218822170901
0.358152686145 0.219399538106
0.357815442561 0.219399538106
0.35747883349 0.219399538106
0.358082706767 0.219976905312
0.357746478873 0.219976905312
0.357410881801 0.219976905312
0.357075913777 0.219976905312
0.357677902622 0.220554272517
0.357343311506 0.220554272517
0.357009345794 0.220554272517
0.356676003735 0.220554272517
0.356343283582 0.220554272517
0.356943150047 0.221131639723
0.356610800745 0.221131639723
0.356279069767 0.221131639723
0.35594795539 0.221131639723
0.355617455896 0.221131639723
0.355287569573 0.221131639723
0.354958294717 0.221131639723
0.35462962963 0.221131639723
0.355226641998 0.221709006928
0.354898336414 0.221709006928
0.354570637119 0.221709006928
0.354243542435 0.221709006928
0.353917050691 0.221709006928
0.353591160221 0.221709006928
0.353265869365 0.221709006928
0.352941176471 0.221709006928
0.35261707989 0.221709006928
0.353211009174 0.222286374134
0.352887259395 0.222286374134
0.35347985348 0.222863741339
0.353156450137 0.222863741339
0.353747714808 0.223441108545
0.354337899543 0.224018475751
0.35401459854 0.224018475751
0.353691886964 0.224018475751
0.353369763206 0.224018475751
0.35304822566 0.224018475751
0.353636363636 0.224595842956
0.353315168029 0.224595842956
0.352994555354 0.224595842956
0.352674524025 0.224595842956
0.352355072464 0.224595842956
0.352941176471 0.225173210162
0.353526220615 0.225750577367
0.353206865402 0.225750577367
0.352888086643 0.225750577367
0.352569882777 0.225750577367
0.352252252252 0.225750577367
0.351935193519 0.225750577367
0.351618705036 0.225750577367
0.351302785265 0.225750577367
0.350987432675 0.225750577367
0.35067264574 0.225750577367
0.350358422939 0.225750577367
0.350044762757 0.225750577367
0.349731663685 0.225750577367
0.350312779267 0.226327944573
0.350892857143 0.226905311778
0.350579839429 0.226905311778
0.350267379679 0.226905311778
0.349955476402 0.226905311778
0.349644128114 0.226905311778
0.349333333333 0.226905311778
0.349023090586 0.226905311778
0.348713398403 0.226905311778
0.348404255319 0.226905311778
0.348095659876 0.226905311778
0.347787610619 0.226905311778
0.347480106101 0.226905311778
0.348056537102 0.227482678984
0.347749338041 0.227482678984
0.347442680776 0.227482678984
0.347136563877 0.227482678984
0.346830985915 0.227482678984
0.346525945471 0.227482678984
0.346221441125 0.227482678984
0.345917471466 0.227482678984
0.345614035088 0.227482678984
0.346187554777 0.228060046189
0.34588441331 0.228060046189
0.346456692913 0.228637413395
0.347027972028 0.2292147806
0.34672489083 0.2292147806
0.346422338569 0.2292147806
0.346120313862 0.2292147806
0.345818815331 0.2292147806
0.345517841601 0.2292147806
0.345217391304 0.2292147806
0.344917463076 0.2292147806
0.344618055556 0.2292147806
0.344319167389 0.2292147806
0.344020797227 0.2292147806
0.344588744589 0.229792147806
0.344290657439 0.229792147806
0.343993085566 0.229792147806
0.344559585492 0.230369515012
0.344262295082 0.230369515012
0.343965517241 0.230369515012
0.343669250646 0.230369515012
0.343373493976 0.230369515012
0.343078245916 0.230369515012
0.342783505155 0.230369515012
0.342489270386 0.230369515012
0.342195540309 0.230369515012
0.342759211654 0.230946882217
0.343321917808 0.231524249423
0.343028229256 0.231524249423
0.342735042735 0.231524249423
0.34244235696 0.231524249423
0.342150170648 0.231524249423
0.341858482523 0.231524249423
0.341567291312 0.231524249423
0.342127659574 0.232101616628
0.341836734694 0.232101616628
0.342395921835 0.232678983834
0.342105263158 0.232678983834
0.34181509754 0.232678983834
0.341525423729 0.232678983834
0.341236240474 0.232678983834
0.340947546531 0.232678983834
0.340659340659 0.232678983834
0.340371621622 0.232678983834
0.340084388186 0.232678983834
0.339797639123 0.232678983834
0.33951137321 0.232678983834
0.339225589226 0.232678983834
0.338940285955 0.232678983834
0.338655462185 0.232678983834
0.338371116709 0.232678983834
0.338926174497 0.233256351039
0.338642078793 0.233256351039
0.338358458961 0.233256351039
0.338075313808 0.233256351039
0.33779264214 0.233256351039
0.337510442774 0.233256351039
0.337228714524 0.233256351039
0.336947456214 0.233256351039
0.336666666667 0.233256351039
0.33721898418 0.233833718245
0.33693843594 0.233833718245
0.336658354115 0.233833718245
0.336378737542 0.233833718245
0.336099585062 0.233833718245
0.335820895522 0.233833718245
0.335542667771 0.233833718245
0.335264900662 0.233833718245
0.334987593052 0.233833718245
0.334710743802 0.233833718245
0.334434351775 0.233833718245
0.334158415842 0.233833718245
0.333882934872 0.233833718245
0.333607907743 0.233833718245
0.334156378601 0.23441108545
0.333881578947 0.23441108545
0.334428923583 0.234988452656
0.334154351396 0.234988452656
0.333880229696 0.234988452656
0.333606557377 0.234988452656
0.334152334152 0.235565819861
0.33387888707 0.235565819861
0.333605887163 0.235565819861
0.333333333333 0.235565819861
0.33306122449 0.235565819861
0.332789559543 0.235565819861
0.332518337408 0.235565819861
0.332247557003 0.235565819861
0.3327908869 0.236143187067
0.332520325203 0.236143187067
0.333062550772 0.236720554273
0.332792207792 0.236720554273
0.332522303325 0.236720554273
0.332252836305 0.236720554273
0.331983805668 0.236720554273
0.331715210356 0.236720554273
0.33225545675 0.237297921478
0.332794830372 0.237875288684
0.332526230831 0.237875288684
0.332258064516 0.237875288684
0.331990330379 0.237875288684
0.331723027375 0.237875288684
0.332260659694 0.238452655889
0.331993569132 0.238452655889
0.331726907631 0.238452655889
0.331460674157 0.238452655889
0.331194867682 0.238452655889
0.330929487179 0.238452655889
0.330664531625 0.238452655889
0.3304 0.238452655889
0.330935251799 0.239030023095
0.330670926518 0.239030023095
0.330407023144 0.239030023095
0.330940988836 0.2396073903
0.330677290837 0.2396073903
0.330414012739 0.2396073903
0.33015115354 0.2396073903
0.330683624801 0.240184757506
0.331215250199 0.240762124711
0.330952380952 0.240762124711
0.330689928628 0.240762124711
0.330427892235 0.240762124711
0.330166270784 0.240762124711
0.329905063291 0.240762124711
0.329644268775 0.240762124711
0.329383886256 0.240762124711
0.329123914759 0.240762124711
0.328864353312 0.240762124711
0.32939322301 0.241339491917
0.329133858268 0.241339491917
0.328874901652 0.241339491917
0.328616352201 0.241339491917
0.328358208955 0.241339491917
0.328100470958 0.241339491917
0.327843137255 0.241339491917
0.327586206897 0.241339491917
0.327329678935 0.241339491917
0.327073552426 0.241339491917
0.327599687256 0.241916859122
0.32734375 0.241916859122
0.327868852459 0.242494226328
0.327613104524 0.242494226328
0.327357755261 0.242494226328
0.327102803738 0.242494226328
0.327626459144 0.243071593533
0.327371695179 0.243071593533
0.327117327117 0.243071593533
0.326863354037 0.243071593533
0.326609775019 0.243071593533
0.326356589147 0.243071593533
0.326103795507 0.243071593533
0.325851393189 0.243071593533
0.325599381284 0.243071593533
0.325347758887 0.243071593533
0.325096525097 0.243071593533
0.324845679012 0.243071593533
0.324595219738 0.243071593533
0.324345146379 0.243071593533
0.324095458045 0.243071593533
0.323846153846 0.243071593533
0.324365872406 0.243648960739
0.324116743472 0.243648960739
0.32386799693 0.243648960739
0.323619631902 0.243648960739
0.32337164751 0.243648960739
0.323124042879 0.243648960739
0.322876817138 0.243648960739
0.322629969419 0.243648960739
0.322383498854 0.243648960739
0.322900763359 0.244226327945
0.322654462243 0.244226327945
0.322408536585 0.244226327945
0.322162985529 0.244226327945
0.321917808219 0.244226327945
0.321673003802 0.244226327945
0.321428571429 0.244226327945
0.321184510251 0.244226327945
0.320940819423 0.244226327945
0.320697498105 0.244226327945
0.320454545455 0.244226327945
0.320211960636 0.244226327945
0.320726172466 0.24480369515
0.321239606954 0.245381062356
0.320996978852 0.245381062356
0.320754716981 0.245381062356
0.320512820513 0.245381062356
0.320271288621 0.245381062356
0.320030120482 0.245381062356
0.320541760722 0.245958429561
0.32030075188 0.245958429561
0.320060105184 0.245958429561
0.31981981982 0.245958429561
0.319579894974 0.245958429561
0.319340329835 0.245958429561
0.319101123596 0.245958429561
0.318862275449 0.245958429561
0.319371727749 0.246535796767
0.31913303438 0.246535796767
0.318894697535 0.246535796767
0.318656716418 0.246535796767
0.318419090231 0.246535796767
0.318181818182 0.246535796767
0.317944899479 0.246535796767
0.317708333333 0.246535796767
0.317472118959 0.246535796767
0.317236255572 0.246535796767
0.317743132888 0.247113163972
0.317507418398 0.247113163972
0.317272053373 0.247113163972
0.317037037037 0.247113163972
0.317542561066 0.247690531178
0.317307692308 0.247690531178
0.317812269032 0.248267898383
0.317577548006 0.248267898383
0.317343173432 0.248267898383
0.317109144543 0.248267898383
0.316875460575 0.248267898383
0.316642120766 0.248267898383
0.317144959529 0.248845265589
0.316911764706 0.248845265589
0.316678912564 0.248845265589
0.31718061674 0.249422632794
0.316947909024 0.249422632794
0.316715542522 0.249422632794
0.316483516484 0.249422632794
0.316251830161 0.249422632794
0.316020482809 0.249422632794
0.316520467836 0.25
0.317019722425 0.250577367206
0.316788321168 0.250577367206
0.316557257476 0.250577367206
0.316326530612 0.250577367206
0.31609613984 0.250577367206
0.315866084425 0.250577367206
0.316363636364 0.251154734411
0.316860465116 0.251732101617
0.316630355846 0.251732101617
0.316400580552 0.251732101617
0.316171138506 0.251732101617
0.315942028986 0.251732101617
0.315713251267 0.251732101617
0.315484804631 0.251732101617
0.315256688359 0.251732101617
0.315028901734 0.251732101617
0.314801444043 0.251732101617
0.314574314574 0.251732101617
0.314347512617 0.251732101617
0.314121037464 0.251732101617
0.313894888409 0.251732101617
0.314388489209 0.252309468822
0.314162473041 0.252309468822
0.313936781609 0.252309468822
0.313711414214 0.252309468822
0.313486370158 0.252309468822
0.313978494624 0.252886836028
0.313753581662 0.252886836028
0.314244810308 0.253464203233
0.314020028612 0.253464203233
0.313795568263 0.253464203233
0.313571428571 0.253464203233
0.314061384725 0.254041570439
0.313837375178 0.254041570439
0.313613684961 0.254041570439
0.31339031339 0.254041570439
0.313167259786 0.254041570439
0.312944523471 0.254041570439
0.312722103767 0.254041570439
0.3125 0.254041570439
0.312278211498 0.254041570439
0.312056737589 0.254041570439
0.311835577605 0.254041570439
0.311614730878 0.254041570439
0.311394196745 0.254041570439
0.31117397454 0.254041570439
0.311660777385 0.254618937644
0.311440677966 0.254618937644
0.311220889203 0.254618937644
0.311001410437 0.254618937644
0.310782241015 0.254618937644
0.310563380282 0.254618937644
0.310344827586 0.254618937644
