1.0 0.0
1.0 0.000577367205543
1.0 0.00115473441109
0.666666666667 0.00115473441109
0.5 0.00115473441109
0.6 0.00173210161663
0.5 0.00173210161663
0.428571428571 0.00173210161663
0.5 0.00230946882217
0.555555555556 0.00288683602771
0.6 0.00346420323326
0.636363636364 0.0040415704388
0.666666666667 0.00461893764434
0.692307692308 0.00519630484988
0.642857142857 0.00519630484988
0.6 0.00519630484988
0.625 0.00577367205543
0.588235294118 0.00577367205543
0.611111111111 0.00635103926097
0.631578947368 0.00692840646651
0.65 0.00750577367206
0.619047619048 0.00750577367206
0.590909090909 0.00750577367206
0.608695652174 0.0080831408776
0.583333333333 0.0080831408776
0.6 0.00866050808314
0.576923076923 0.00866050808314
0.592592592593 0.00923787528868
0.571428571429 0.00923787528868
0.586206896552 0.00981524249423
0.566666666667 0.00981524249423
0.548387096774 0.00981524249423
0.5625 0.0103926096998
0.545454545455 0.0103926096998
0.558823529412 0.0109699769053
0.571428571429 0.0115473441109
0.583333333333 0.0121247113164
0.594594594595 0.0127020785219
0.605263157895 0.0132794457275
0.615384615385 0.013856812933
0.6 0.013856812933
0.609756097561 0.0144341801386
0.595238095238 0.0144341801386
0.581395348837 0.0144341801386
0.590909090909 0.0150115473441
0.577777777778 0.0150115473441
0.586956521739 0.0155889145497
0.595744680851 0.0161662817552
0.583333333333 0.0161662817552
0.571428571429 0.0161662817552
0.58 0.0167436489607
0.56862745098 0.0167436489607
0.576923076923 0.0173210161663
0.584905660377 0.0178983833718
0.574074074074 0.0178983833718
0.581818181818 0.0184757505774
0.589285714286 0.0190531177829
0.59649122807 0.0196304849885
0.586206896552 0.0196304849885
0.593220338983 0.020207852194
0.6 0.0207852193995
0.606557377049 0.0213625866051
0.612903225806 0.0219399538106
0.603174603175 0.0219399538106
0.609375 0.0225173210162
0.615384615385 0.0230946882217
0.621212121212 0.0236720554273
0.611940298507 0.0236720554273
0.617647058824 0.0242494226328
0.608695652174 0.0242494226328
0.614285714286 0.0248267898383
0.619718309859 0.0254041570439
0.611111111111 0.0254041570439
0.602739726027 0.0254041570439
0.608108108108 0.0259815242494
0.6 0.0259815242494
0.592105263158 0.0259815242494
0.584415584416 0.0259815242494
0.576923076923 0.0259815242494
0.582278481013 0.026558891455
0.575 0.026558891455
0.567901234568 0.026558891455
0.573170731707 0.0271362586605
0.578313253012 0.0277136258661
0.583333333333 0.0282909930716
0.576470588235 0.0282909930716
0.581395348837 0.0288683602771
0.586206896552 0.0294457274827
0.579545454545 0.0294457274827
0.584269662921 0.0300230946882
0.588888888889 0.0306004618938
0.582417582418 0.0306004618938
0.586956521739 0.0311778290993
0.58064516129 0.0311778290993
0.585106382979 0.0317551963048
0.589473684211 0.0323325635104
0.583333333333 0.0323325635104
0.587628865979 0.0329099307159
0.591836734694 0.0334872979215
0.585858585859 0.0334872979215
0.58 0.0334872979215
0.574257425743 0.0334872979215
0.578431372549 0.034064665127
0.582524271845 0.0346420323326
0.586538461538 0.0352193995381
0.590476190476 0.0357967667436
0.594339622642 0.0363741339492
0.598130841121 0.0369515011547
0.601851851852 0.0375288683603
0.605504587156 0.0381062355658
0.609090909091 0.0386836027714
0.612612612613 0.0392609699769
0.607142857143 0.0392609699769
0.610619469027 0.0398383371824
0.605263157895 0.0398383371824
0.608695652174 0.040415704388
0.612068965517 0.0409930715935
0.606837606838 0.0409930715935
0.610169491525 0.0415704387991
0.613445378151 0.0421478060046
0.608333333333 0.0421478060046
0.611570247934 0.0427251732102
0.606557377049 0.0427251732102
0.60162601626 0.0427251732102
0.596774193548 0.0427251732102
0.592 0.0427251732102
0.595238095238 0.0433025404157
0.590551181102 0.0433025404157
0.59375 0.0438799076212
0.596899224806 0.0444572748268
0.592307692308 0.0444572748268
0.595419847328 0.0450346420323
0.590909090909 0.0450346420323
0.593984962406 0.0456120092379
0.597014925373 0.0461893764434
0.592592592593 0.0461893764434
0.595588235294 0.046766743649
0.591240875912 0.046766743649
0.586956521739 0.046766743649
0.58273381295 0.046766743649
0.585714285714 0.0473441108545
0.58865248227 0.04792147806
0.591549295775 0.0484988452656
0.587412587413 0.0484988452656
0.590277777778 0.0490762124711
0.586206896552 0.0490762124711
0.58904109589 0.0496535796767
0.585034013605 0.0496535796767
0.587837837838 0.0502309468822
0.58389261745 0.0502309468822
0.586666666667 0.0508083140878
0.58940397351 0.0513856812933
0.585526315789 0.0513856812933
0.581699346405 0.0513856812933
0.577922077922 0.0513856812933
0.58064516129 0.0519630484988
0.583333333333 0.0525404157044
0.579617834395 0.0525404157044
0.582278481013 0.0531177829099
0.578616352201 0.0531177829099
0.575 0.0531177829099
0.571428571429 0.0531177829099
0.574074074074 0.0536951501155
0.570552147239 0.0536951501155
0.567073170732 0.0536951501155
0.563636363636 0.0536951501155
0.560240963855 0.0536951501155
0.556886227545 0.0536951501155
0.553571428571 0.0536951501155
0.556213017751 0.054272517321
0.552941176471 0.054272517321
0.555555555556 0.0548498845266
0.558139534884 0.0554272517321
0.554913294798 0.0554272517321
0.557471264368 0.0560046189376
0.56 0.0565819861432
0.556818181818 0.0565819861432
0.553672316384 0.0565819861432
0.550561797753 0.0565819861432
0.553072625698 0.0571593533487
0.555555555556 0.0577367205543
0.552486187845 0.0577367205543
0.549450549451 0.0577367205543
0.546448087432 0.0577367205543
0.548913043478 0.0583140877598
0.551351351351 0.0588914549654
0.548387096774 0.0588914549654
0.550802139037 0.0594688221709
0.547872340426 0.0594688221709
0.550264550265 0.0600461893764
0.547368421053 0.0600461893764
0.544502617801 0.0600461893764
0.546875 0.060623556582
0.544041450777 0.060623556582
0.541237113402 0.060623556582
0.54358974359 0.0612009237875
0.540816326531 0.0612009237875
0.543147208122 0.0617782909931
0.545454545455 0.0623556581986
0.542713567839 0.0623556581986
0.545 0.0629330254042
0.542288557214 0.0629330254042
0.539603960396 0.0629330254042
0.541871921182 0.0635103926097
0.544117647059 0.0640877598152
0.541463414634 0.0640877598152
0.543689320388 0.0646651270208
0.541062801932 0.0646651270208
0.543269230769 0.0652424942263
0.545454545455 0.0658198614319
0.542857142857 0.0658198614319
0.545023696682 0.0663972286374
0.542452830189 0.0663972286374
0.539906103286 0.0663972286374
0.53738317757 0.0663972286374
0.539534883721 0.066974595843
0.541666666667 0.0675519630485
0.543778801843 0.068129330254
0.545871559633 0.0687066974596
0.543378995434 0.0687066974596
0.540909090909 0.0687066974596
0.538461538462 0.0687066974596
0.540540540541 0.0692840646651
0.538116591928 0.0692840646651
0.540178571429 0.0698614318707
0.537777777778 0.0698614318707
0.535398230088 0.0698614318707
0.537444933921 0.0704387990762
0.535087719298 0.0704387990762
0.532751091703 0.0704387990762
0.534782608696 0.0710161662818
0.536796536797 0.0715935334873
0.538793103448 0.0721709006928
0.536480686695 0.0721709006928
0.538461538462 0.0727482678984
0.536170212766 0.0727482678984
0.533898305085 0.0727482678984
0.535864978903 0.0733256351039
0.533613445378 0.0733256351039
0.531380753138 0.0733256351039
0.533333333333 0.0739030023095
0.53112033195 0.0739030023095
0.53305785124 0.074480369515
0.530864197531 0.074480369515
0.52868852459 0.074480369515
0.530612244898 0.0750577367206
0.532520325203 0.0756351039261
0.534412955466 0.0762124711316
0.536290322581 0.0767898383372
0.534136546185 0.0767898383372
0.532 0.0767898383372
0.529880478088 0.0767898383372
0.527777777778 0.0767898383372
0.529644268775 0.0773672055427
0.527559055118 0.0773672055427
0.525490196078 0.0773672055427
0.52734375 0.0779445727483
0.529182879377 0.0785219399538
0.527131782946 0.0785219399538
0.528957528958 0.0790993071594
0.530769230769 0.0796766743649
0.528735632184 0.0796766743649
0.530534351145 0.0802540415704
0.528517110266 0.0802540415704
0.526515151515 0.0802540415704
0.528301886792 0.080831408776
0.526315789474 0.080831408776
0.52808988764 0.0814087759815
0.526119402985 0.0814087759815
0.527881040892 0.0819861431871
0.52962962963 0.0825635103926
0.531365313653 0.0831408775982
0.529411764706 0.0831408775982
0.531135531136 0.0837182448037
0.529197080292 0.0837182448037
0.530909090909 0.0842956120092
0.532608695652 0.0848729792148
0.534296028881 0.0854503464203
0.532374100719 0.0854503464203
0.534050179211 0.0860277136259
0.535714285714 0.0866050808314
0.533807829181 0.0866050808314
0.531914893617 0.0866050808314
0.530035335689 0.0866050808314
0.528169014085 0.0866050808314
0.526315789474 0.0866050808314
0.527972027972 0.087182448037
0.526132404181 0.087182448037
0.527777777778 0.0877598152425
0.525951557093 0.0877598152425
0.524137931034 0.0877598152425
0.525773195876 0.088337182448
0.527397260274 0.0889145496536
0.525597269625 0.0889145496536
0.52380952381 0.0889145496536
0.525423728814 0.0894919168591
0.523648648649 0.0894919168591
0.525252525253 0.0900692840647
0.523489932886 0.0900692840647
0.52508361204 0.0906466512702
0.523333333333 0.0906466512702
0.524916943522 0.0912240184758
0.526490066225 0.0918013856813
0.524752475248 0.0918013856813
0.523026315789 0.0918013856813
0.52131147541 0.0918013856813
0.519607843137 0.0918013856813
0.517915309446 0.0918013856813
0.519480519481 0.0923787528868
0.517799352751 0.0923787528868
0.516129032258 0.0923787528868
0.514469453376 0.0923787528868
0.516025641026 0.0929561200924
0.514376996805 0.0929561200924
0.515923566879 0.0935334872979
0.51746031746 0.0941108545035
0.518987341772 0.094688221709
0.517350157729 0.094688221709
0.518867924528 0.0952655889145
0.51724137931 0.0952655889145
0.51875 0.0958429561201
0.517133956386 0.0958429561201
0.518633540373 0.0964203233256
0.517027863777 0.0964203233256
0.515432098765 0.0964203233256
0.513846153846 0.0964203233256
0.51226993865 0.0964203233256
0.51376146789 0.0969976905312
0.512195121951 0.0969976905312
0.510638297872 0.0969976905312
0.512121212121 0.0975750577367
0.510574018127 0.0975750577367
0.509036144578 0.0975750577367
0.510510510511 0.0981524249423
0.511976047904 0.0987297921478
0.513432835821 0.0993071593533
0.511904761905 0.0993071593533
0.510385756677 0.0993071593533
0.511834319527 0.0998845265589
0.513274336283 0.100461893764
0.514705882353 0.10103926097
0.516129032258 0.101616628176
0.517543859649 0.102193995381
0.518950437318 0.102771362587
0.517441860465 0.102771362587
0.51884057971 0.103348729792
0.517341040462 0.103348729792
0.518731988473 0.103926096998
0.520114942529 0.104503464203
0.521489971347 0.105080831409
0.522857142857 0.105658198614
0.521367521368 0.105658198614
0.519886363636 0.105658198614
0.518413597734 0.105658198614
0.516949152542 0.105658198614
0.518309859155 0.10623556582
0.516853932584 0.10623556582
0.515406162465 0.10623556582
0.516759776536 0.106812933025
0.518105849582 0.107390300231
0.519444444444 0.107967667436
0.518005540166 0.107967667436
0.519337016575 0.108545034642
0.520661157025 0.109122401848
0.521978021978 0.109699769053
0.520547945205 0.109699769053
0.51912568306 0.109699769053
0.520435967302 0.110277136259
0.51902173913 0.110277136259
0.517615176152 0.110277136259
0.516216216216 0.110277136259
0.517520215633 0.110854503464
0.518817204301 0.11143187067
0.517426273458 0.11143187067
0.516042780749 0.11143187067
0.517333333333 0.112009237875
0.518617021277 0.112586605081
0.51724137931 0.112586605081
0.515873015873 0.112586605081
0.517150395778 0.113163972286
0.515789473684 0.113163972286
0.514435695538 0.113163972286
0.515706806283 0.113741339492
0.514360313316 0.113741339492
0.513020833333 0.113741339492
0.511688311688 0.113741339492
0.512953367876 0.114318706697
0.511627906977 0.114318706697
0.512886597938 0.114896073903
0.511568123393 0.114896073903
0.512820512821 0.115473441109
0.514066496164 0.116050808314
0.515306122449 0.11662817552
0.516539440204 0.117205542725
0.515228426396 0.117205542725
0.516455696203 0.117782909931
0.517676767677 0.118360277136
0.51637279597 0.118360277136
0.517587939698 0.118937644342
0.516290726817 0.118937644342
0.5175 0.119515011547
0.518703241895 0.120092378753
0.517412935323 0.120092378753
0.518610421836 0.120669745958
0.517326732673 0.120669745958
0.516049382716 0.120669745958
0.514778325123 0.120669745958
0.515970515971 0.121247113164
0.514705882353 0.121247113164
0.513447432763 0.121247113164
0.514634146341 0.12182448037
0.513381995134 0.12182448037
0.51213592233 0.12182448037
0.510895883777 0.12182448037
0.509661835749 0.12182448037
0.50843373494 0.12182448037
0.507211538462 0.12182448037
0.508393285372 0.122401847575
0.507177033493 0.122401847575
0.505966587112 0.122401847575
0.504761904762 0.122401847575
0.50593824228 0.122979214781
0.504739336493 0.122979214781
0.505910165485 0.123556581986
0.504716981132 0.123556581986
0.503529411765 0.123556581986
0.504694835681 0.124133949192
0.503512880562 0.124133949192
0.504672897196 0.124711316397
0.503496503497 0.124711316397
0.502325581395 0.124711316397
0.501160092807 0.124711316397
0.5 0.124711316397
0.501154734411 0.125288683603
0.502304147465 0.125866050808
0.501149425287 0.125866050808
0.502293577982 0.126443418014
0.50114416476 0.126443418014
0.5 0.126443418014
0.498861047836 0.126443418014
0.497727272727 0.126443418014
0.496598639456 0.126443418014
0.497737556561 0.127020785219
0.496613995485 0.127020785219
0.495495495495 0.127020785219
0.494382022472 0.127020785219
0.495515695067 0.127598152425
0.494407158837 0.127598152425
0.493303571429 0.127598152425
0.494432071269 0.12817551963
0.493333333333 0.12817551963
0.492239467849 0.12817551963
0.491150442478 0.12817551963
0.492273730684 0.128752886836
0.493392070485 0.129330254042
0.492307692308 0.129330254042
0.493421052632 0.129907621247
0.492341356674 0.129907621247
0.491266375546 0.129907621247
0.492374727669 0.130484988453
0.49347826087 0.131062355658
0.492407809111 0.131062355658
0.491341991342 0.131062355658
0.490280777538 0.131062355658
0.489224137931 0.131062355658
0.488172043011 0.131062355658
0.487124463519 0.131062355658
0.48608137045 0.131062355658
0.485042735043 0.131062355658
0.484008528785 0.131062355658
0.485106382979 0.131639722864
0.486199575372 0.132217090069
0.487288135593 0.132794457275
0.486257928118 0.132794457275
0.485232067511 0.132794457275
0.484210526316 0.132794457275
0.483193277311 0.132794457275
0.482180293501 0.132794457275
0.481171548117 0.132794457275
0.480167014614 0.132794457275
0.479166666667 0.132794457275
0.480249480249 0.13337182448
0.479253112033 0.13337182448
0.48033126294 0.133949191686
0.481404958678 0.134526558891
0.480412371134 0.134526558891
0.479423868313 0.134526558891
0.480492813142 0.135103926097
0.481557377049 0.135681293303
0.482617586912 0.136258660508
0.483673469388 0.136836027714
0.482688391039 0.136836027714
0.481707317073 0.136836027714
0.480730223124 0.136836027714
0.47975708502 0.136836027714
0.478787878788 0.136836027714
0.477822580645 0.136836027714
0.476861167002 0.136836027714
0.477911646586 0.137413394919
0.476953907816 0.137413394919
0.476 0.137413394919
0.4750499002 0.137413394919
0.474103585657 0.137413394919
0.473161033797 0.137413394919
0.472222222222 0.137413394919
0.471287128713 0.137413394919
0.47233201581 0.137990762125
0.471400394477 0.137990762125
0.472440944882 0.13856812933
0.47347740668 0.139145496536
0.472549019608 0.139145496536
0.471624266145 0.139145496536
0.470703125 0.139145496536
0.469785575049 0.139145496536
0.470817120623 0.139722863741
0.471844660194 0.140300230947
0.470930232558 0.140300230947
0.47001934236 0.140300230947
0.469111969112 0.140300230947
0.470134874759 0.140877598152
0.469230769231 0.140877598152
0.470249520154 0.141454965358
0.469348659004 0.141454965358
0.470363288719 0.142032332564
0.469465648855 0.142032332564
0.468571428571 0.142032332564
0.467680608365 0.142032332564
0.468690702087 0.142609699769
0.469696969697 0.143187066975
0.468809073724 0.143187066975
0.469811320755 0.14376443418
0.470809792844 0.144341801386
0.471804511278 0.144919168591
0.470919324578 0.144919168591
0.470037453184 0.144919168591
0.471028037383 0.145496535797
0.472014925373 0.146073903002
0.47113594041 0.146073903002
0.472118959108 0.146651270208
0.471243042672 0.146651270208
0.47037037037 0.146651270208
0.469500924214 0.146651270208
0.468634686347 0.146651270208
0.467771639042 0.146651270208
0.466911764706 0.146651270208
0.466055045872 0.146651270208
0.465201465201 0.146651270208
0.464351005484 0.146651270208
0.465328467153 0.147228637413
0.464480874317 0.147228637413
0.463636363636 0.147228637413
0.46279491833 0.147228637413
0.461956521739 0.147228637413
0.461121157324 0.147228637413
0.460288808664 0.147228637413
0.461261261261 0.147806004619
0.462230215827 0.148383371824
0.461400359066 0.148383371824
0.462365591398 0.14896073903
0.463327370304 0.149538106236
0.464285714286 0.150115473441
0.463458110517 0.150115473441
0.464412811388 0.150692840647
0.465364120782 0.151270207852
0.464539007092 0.151270207852
0.463716814159 0.151270207852
0.464664310954 0.151847575058
0.465608465608 0.152424942263
0.464788732394 0.152424942263
0.463971880492 0.152424942263
0.463157894737 0.152424942263
0.464098073555 0.153002309469
0.463286713287 0.153002309469
0.462478184991 0.153002309469
0.463414634146 0.153579676674
0.462608695652 0.153579676674
0.463541666667 0.15415704388
0.46273830156 0.15415704388
0.461937716263 0.15415704388
0.461139896373 0.15415704388
0.460344827586 0.15415704388
0.461273666093 0.154734411085
0.460481099656 0.154734411085
0.459691252144 0.154734411085
0.458904109589 0.154734411085
0.45811965812 0.154734411085
0.459044368601 0.155311778291
0.45996592845 0.155889145497
0.459183673469 0.155889145497
0.458404074703 0.155889145497
0.459322033898 0.156466512702
0.458544839255 0.156466512702
0.45777027027 0.156466512702
0.4586846543 0.157043879908
0.459595959596 0.157621247113
0.458823529412 0.157621247113
0.459731543624 0.158198614319
0.458961474037 0.158198614319
0.458193979933 0.158198614319
0.457429048414 0.158198614319
0.456666666667 0.158198614319
0.455906821963 0.158198614319
0.455149501661 0.158198614319
0.454394693201 0.158198614319
0.455298013245 0.158775981524
0.454545454545 0.158775981524
0.453795379538 0.158775981524
0.454695222405 0.15935334873
0.455592105263 0.159930715935
0.454844006568 0.159930715935
0.454098360656 0.159930715935
0.453355155483 0.159930715935
0.454248366013 0.160508083141
0.453507340946 0.160508083141
0.452768729642 0.160508083141
0.452032520325 0.160508083141
0.451298701299 0.160508083141
0.452188006483 0.161085450346
0.45145631068 0.161085450346
0.452342487884 0.161662817552
0.451612903226 0.161662817552
0.450885668277 0.161662817552
0.450160771704 0.161662817552
0.451043338684 0.162240184758
0.450320512821 0.162240184758
0.4496 0.162240184758
0.448881789137 0.162240184758
0.448165869219 0.162240184758
0.447452229299 0.162240184758
0.448330683625 0.162817551963
0.447619047619 0.162817551963
0.446909667195 0.162817551963
0.447784810127 0.163394919169
0.447077409163 0.163394919169
0.446372239748 0.163394919169
0.447244094488 0.163972286374
0.446540880503 0.163972286374
0.445839874411 0.163972286374
0.44670846395 0.16454965358
0.446009389671 0.16454965358
0.446875 0.165127020785
0.447737909516 0.165704387991
0.447040498442 0.165704387991
0.44634525661 0.165704387991
0.445652173913 0.165704387991
0.44496124031 0.165704387991
0.44427244582 0.165704387991
0.443585780526 0.165704387991
0.444444444444 0.166281755196
0.4437596302 0.166281755196
0.443076923077 0.166281755196
0.442396313364 0.166281755196
0.443251533742 0.166859122402
0.442572741194 0.166859122402
0.441896024465 0.166859122402
0.441221374046 0.166859122402
0.442073170732 0.167436489607
0.441400304414 0.167436489607
0.440729483283 0.167436489607
0.440060698027 0.167436489607
0.439393939394 0.167436489607
0.440242057489 0.168013856813
0.441087613293 0.168591224018
0.440422322775 0.168591224018
0.439759036145 0.168591224018
0.439097744361 0.168591224018
0.43993993994 0.169168591224
0.43928035982 0.169168591224
0.438622754491 0.169168591224
0.437967115097 0.169168591224
0.438805970149 0.16974595843
0.438152011923 0.16974595843
0.4375 0.16974595843
0.436849925706 0.16974595843
0.436201780415 0.16974595843
0.437037037037 0.170323325635
0.436390532544 0.170323325635
0.435745937962 0.170323325635
0.435103244838 0.170323325635
0.435935198822 0.170900692841
0.435294117647 0.170900692841
0.436123348018 0.171478060046
0.435483870968 0.171478060046
0.436310395315 0.172055427252
0.43567251462 0.172055427252
0.43503649635 0.172055427252
0.434402332362 0.172055427252
0.433770014556 0.172055427252
0.434593023256 0.172632794457
0.435413642961 0.173210161663
0.436231884058 0.173787528868
0.437047756874 0.174364896074
0.436416184971 0.174364896074
0.435786435786 0.174364896074
0.435158501441 0.174364896074
0.435971223022 0.174942263279
0.435344827586 0.174942263279
0.434720229555 0.174942263279
0.43553008596 0.175519630485
0.434907010014 0.175519630485
0.434285714286 0.175519630485
0.433666191155 0.175519630485
0.433048433048 0.175519630485
0.432432432432 0.175519630485
0.431818181818 0.175519630485
0.431205673759 0.175519630485
0.43059490085 0.175519630485
0.429985855728 0.175519630485
0.430790960452 0.176096997691
0.430183356841 0.176096997691
0.430985915493 0.176674364896
0.430379746835 0.176674364896
0.431179775281 0.177251732102
0.430575035063 0.177251732102
0.429971988796 0.177251732102
0.430769230769 0.177829099307
0.430167597765 0.177829099307
0.429567642957 0.177829099307
0.430362116992 0.178406466513
0.429763560501 0.178406466513
0.430555555556 0.178983833718
0.429958391123 0.178983833718
0.429362880886 0.178983833718
0.430152143845 0.179561200924
0.42955801105 0.179561200924
0.428965517241 0.179561200924
0.428374655647 0.179561200924
0.427785419532 0.179561200924
0.427197802198 0.179561200924
0.427983539095 0.180138568129
0.427397260274 0.180138568129
0.428180574555 0.180715935335
0.428961748634 0.18129330254
0.429740791269 0.181870669746
0.430517711172 0.182448036952
0.431292517007 0.183025404157
0.432065217391 0.183602771363
0.432835820896 0.184180138568
0.432249322493 0.184180138568
0.431664411367 0.184180138568
0.431081081081 0.184180138568
0.431848852901 0.184757505774
0.431266846361 0.184757505774
0.43203230148 0.185334872979
0.431451612903 0.185334872979
0.430872483221 0.185334872979
0.43163538874 0.185912240185
0.431057563588 0.185912240185
0.430481283422 0.185912240185
0.429906542056 0.185912240185
0.429333333333 0.185912240185
0.428761651132 0.185912240185
0.429521276596 0.18648960739
0.428950863214 0.18648960739
0.428381962865 0.18648960739
0.429139072848 0.187066974596
0.428571428571 0.187066974596
0.428005284016 0.187066974596
0.428759894459 0.187644341801
0.429512516469 0.188221709007
0.430263157895 0.188799076212
0.431011826544 0.189376443418
0.430446194226 0.189376443418
0.429882044561 0.189376443418
0.429319371728 0.189376443418
0.430065359477 0.189953810624
0.429503916449 0.189953810624
0.428943937419 0.189953810624
0.428385416667 0.189953810624
0.427828348505 0.189953810624
0.427272727273 0.189953810624
0.428015564202 0.190531177829
0.428756476684 0.191108545035
0.428201811125 0.191108545035
0.427648578811 0.191108545035
0.427096774194 0.191108545035
0.426546391753 0.191108545035
0.427284427284 0.19168591224
0.428020565553 0.192263279446
0.427471116816 0.192263279446
0.426923076923 0.192263279446
0.427656850192 0.192840646651
0.427109974425 0.192840646651
0.427841634738 0.193418013857
0.427295918367 0.193418013857
0.428025477707 0.193995381062
0.427480916031 0.193995381062
0.426937738247 0.193995381062
0.427664974619 0.194572748268
0.427122940431 0.194572748268
0.426582278481 0.194572748268
0.427307206068 0.195150115473
0.426767676768 0.195150115473
0.426229508197 0.195150115473
0.425692695214 0.195150115473
0.42641509434 0.195727482679
0.425879396985 0.195727482679
0.425345043915 0.195727482679
0.424812030075 0.195727482679
0.424280350438 0.195727482679
0.42375 0.195727482679
0.423220973783 0.195727482679
0.422693266833 0.195727482679
0.422166874222 0.195727482679
0.421641791045 0.195727482679
0.422360248447 0.196304849885
0.421836228288 0.196304849885
0.421313506815 0.196304849885
0.42202970297 0.19688221709
0.421508034611 0.19688221709
0.420987654321 0.19688221709
0.421701602959 0.197459584296
0.422413793103 0.198036951501
0.421894218942 0.198036951501
0.421375921376 0.198036951501
0.420858895706 0.198036951501
0.421568627451 0.198614318707
0.422276621787 0.199191685912
0.422982885086 0.199769053118
0.423687423687 0.200346420323
0.424390243902 0.200923787529
0.42509135201 0.201501154734
0.424574209246 0.201501154734
0.425273390036 0.20207852194
0.425970873786 0.202655889145
0.425454545455 0.202655889145
0.424939467312 0.202655889145
0.424425634825 0.202655889145
0.423913043478 0.202655889145
0.423401688782 0.202655889145
0.422891566265 0.202655889145
0.42238267148 0.202655889145
0.421875 0.202655889145
0.422569027611 0.203233256351
0.42206235012 0.203233256351
0.421556886228 0.203233256351
0.421052631579 0.203233256351
0.42054958184 0.203233256351
0.420047732697 0.203233256351
0.419547079857 0.203233256351
0.420238095238 0.203810623557
0.420927467301 0.204387990762
0.420427553444 0.204387990762
0.421115065243 0.204965357968
0.420616113744 0.204965357968
0.421301775148 0.205542725173
0.420803782506 0.205542725173
0.420306965762 0.205542725173
0.419811320755 0.205542725173
0.420494699647 0.206120092379
0.42 0.206120092379
0.419506462985 0.206120092379
0.419014084507 0.206120092379
0.418522860492 0.206120092379
0.418032786885 0.206120092379
0.417543859649 0.206120092379
0.417056074766 0.206120092379
0.417736289382 0.206697459584
0.417249417249 0.206697459584
0.416763678696 0.206697459584
0.416279069767 0.206697459584
0.415795586527 0.206697459584
0.415313225058 0.206697459584
0.41483198146 0.206697459584
0.414351851852 0.206697459584
0.415028901734 0.20727482679
0.41454965358 0.20727482679
0.415224913495 0.207852193995
0.414746543779 0.207852193995
0.414269275029 0.207852193995
0.414942528736 0.208429561201
0.414466130884 0.208429561201
0.413990825688 0.208429561201
0.413516609393 0.208429561201
0.413043478261 0.208429561201
0.412571428571 0.208429561201
0.412100456621 0.208429561201
0.412770809578 0.209006928406
0.412300683371 0.209006928406
0.411831626849 0.209006928406
0.411363636364 0.209006928406
0.412031782066 0.209584295612
0.412698412698 0.210161662818
0.412231030578 0.210161662818
0.411764705882 0.210161662818
0.411299435028 0.210161662818
0.411963882619 0.210739030023
0.411499436302 0.210739030023
0.412162162162 0.211316397229
0.411698537683 0.211316397229
0.411235955056 0.211316397229
0.410774410774 0.211316397229
0.410313901345 0.211316397229
0.409854423292 0.211316397229
0.409395973154 0.211316397229
0.408938547486 0.211316397229
0.408482142857 0.211316397229
0.409141583055 0.211893764434
0.40868596882 0.211893764434
0.409343715239 0.21247113164
0.408888888889 0.21247113164
0.408435072142 0.21247113164
0.409090909091 0.213048498845
0.409745293466 0.213625866051
0.409292035398 0.213625866051
0.408839779006 0.213625866051
0.408388520971 0.213625866051
0.407938257993 0.213625866051
0.407488986784 0.213625866051
0.40704070407 0.213625866051
0.406593406593 0.213625866051
0.406147091109 0.213625866051
0.406798245614 0.214203233256
0.407447973713 0.214780600462
0.408096280088 0.215357967667
0.407650273224 0.215357967667
0.408296943231 0.215935334873
0.407851690294 0.215935334873
0.408496732026 0.216512702079
0.408052230686 0.216512702079
0.408695652174 0.217090069284
0.408251900109 0.217090069284
0.408893709328 0.21766743649
0.409534127844 0.218244803695
0.409090909091 0.218244803695
0.408648648649 0.218244803695
0.408207343413 0.218244803695
0.408845738943 0.218822170901
0.409482758621 0.219399538106
0.409041980624 0.219399538106
0.408602150538 0.219399538106
0.409237379162 0.219976905312
0.408798283262 0.219976905312
0.409431939979 0.220554272517
0.410064239829 0.221131639723
0.409625668449 0.221131639723
0.409188034188 0.221131639723
0.408751334045 0.221131639723
0.408315565032 0.221131639723
0.407880724175 0.221131639723
0.408510638298 0.221709006928
0.408076514346 0.221709006928
0.407643312102 0.221709006928
0.407211028632 0.221709006928
0.406779661017 0.221709006928
0.406349206349 0.221709006928
0.405919661734 0.221709006928
0.405491024287 0.221709006928
0.405063291139 0.221709006928
0.404636459431 0.221709006928
0.404210526316 0.221709006928
0.403785488959 0.221709006928
0.403361344538 0.221709006928
0.402938090241 0.221709006928
0.40251572327 0.221709006928
0.403141361257 0.222286374134
0.403765690377 0.222863741339
0.403343782654 0.222863741339
0.402922755741 0.222863741339
0.402502606882 0.222863741339
0.402083333333 0.222863741339
0.401664932362 0.222863741339
0.401247401247 0.222863741339
0.400830737279 0.222863741339
0.400414937759 0.222863741339
0.4 0.222863741339
0.399585921325 0.222863741339
0.399172699069 0.222863741339
0.39979338843 0.223441108545
0.399380804954 0.223441108545
0.398969072165 0.223441108545
0.398558187436 0.223441108545
0.398148148148 0.223441108545
0.397738951696 0.223441108545
0.397330595483 0.223441108545
0.397948717949 0.224018475751
0.397540983607 0.224018475751
0.398157625384 0.224595842956
0.397750511247 0.224595842956
0.397344228805 0.224595842956
0.397959183673 0.225173210162
0.39755351682 0.225173210162
0.397148676171 0.225173210162
0.396744659207 0.225173210162
0.396341463415 0.225173210162
0.395939086294 0.225173210162
0.396551724138 0.225750577367
0.397163120567 0.226327944573
0.397773279352 0.226905311778
0.397371081901 0.226905311778
0.39696969697 0.226905311778
0.396569122099 0.226905311778
0.396169354839 0.226905311778
0.395770392749 0.226905311778
0.3953722334 0.226905311778
0.394974874372 0.226905311778
0.394578313253 0.226905311778
0.394182547643 0.226905311778
0.39378757515 0.226905311778
0.393393393393 0.226905311778
0.393 0.226905311778
0.392607392607 0.226905311778
0.392215568862 0.226905311778
0.391824526421 0.226905311778
0.391434262948 0.226905311778
0.391044776119 0.226905311778
0.390656063618 0.226905311778
0.390268123138 0.226905311778
0.390873015873 0.227482678984
0.391476709613 0.228060046189
0.391089108911 0.228060046189
0.390702274975 0.228060046189
0.390316205534 0.228060046189
0.389930898322 0.228060046189
0.390532544379 0.228637413395
0.390147783251 0.228637413395
0.390748031496 0.2292147806
0.390363815143 0.2292147806
0.389980353635 0.2292147806
0.38959764475 0.2292147806
0.389215686275 0.2292147806
0.388834476004 0.2292147806
0.388454011742 0.2292147806
0.389051808407 0.229792147806
0.388671875 0.229792147806
0.389268292683 0.230369515012
0.388888888889 0.230369515012
0.388510223953 0.230369515012
0.38813229572 0.230369515012
0.387755102041 0.230369515012
0.388349514563 0.230946882217
0.387972841901 0.230946882217
0.387596899225 0.230946882217
0.387221684414 0.230946882217
0.386847195358 0.230946882217
0.387439613527 0.231524249423
0.387065637066 0.231524249423
0.386692381871 0.231524249423
0.387283236994 0.232101616628
0.386910490857 0.232101616628
0.3875 0.232678983834
0.387127761768 0.232678983834
0.386756238004 0.232678983834
0.387344199425 0.233256351039
0.386973180077 0.233256351039
0.386602870813 0.233256351039
0.387189292543 0.233833718245
0.386819484241 0.233833718245
0.386450381679 0.233833718245
0.387035271687 0.23441108545
0.386666666667 0.23441108545
0.386298763083 0.23441108545
0.385931558935 0.23441108545
0.385565052232 0.23441108545
0.38614800759 0.234988452656
0.385781990521 0.234988452656
0.385416666667 0.234988452656
0.385052034059 0.234988452656
0.385633270321 0.235565819861
0.385269121813 0.235565819861
0.384905660377 0.235565819861
0.38548539114 0.236143187067
0.385122410546 0.236143187067
0.384760112888 0.236143187067
0.384398496241 0.236143187067
0.384037558685 0.236143187067
0.384615384615 0.236720554273
0.384254920337 0.236720554273
0.383895131086 0.236720554273
0.383536014967 0.236720554273
0.383177570093 0.236720554273
0.383753501401 0.237297921478
0.384328358209 0.237875288684
0.383970177074 0.237875288684
0.383612662942 0.237875288684
0.383255813953 0.237875288684
0.382899628253 0.237875288684
0.382544103993 0.237875288684
0.382189239332 0.237875288684
0.381835032437 0.237875288684
0.381481481481 0.237875288684
0.382053654024 0.238452655889
0.381700554529 0.238452655889
0.38134810711 0.238452655889
0.380996309963 0.238452655889
0.38064516129 0.238452655889
0.3802946593 0.238452655889
0.379944802208 0.238452655889
0.380514705882 0.239030023095
0.381083562902 0.2396073903
0.381651376147 0.240184757506
0.381301558203 0.240184757506
0.380952380952 0.240184757506
0.380603842635 0.240184757506
0.381170018282 0.240762124711
0.380821917808 0.240762124711
0.380474452555 0.240762124711
0.381039197812 0.241339491917
0.380692167577 0.241339491917
0.380345768881 0.241339491917
0.38 0.241339491917
0.379654859219 0.241339491917
0.379310344828 0.241339491917
0.378966455122 0.241339491917
0.378623188406 0.241339491917
0.378280542986 0.241339491917
0.377938517179 0.241339491917
0.377597109304 0.241339491917
0.378158844765 0.241916859122
0.377817853922 0.241916859122
0.378378378378 0.242494226328
0.37803780378 0.242494226328
0.377697841727 0.242494226328
0.377358490566 0.242494226328
0.377019748654 0.242494226328
0.37668161435 0.242494226328
0.376344086022 0.242494226328
0.376902417189 0.243071593533
0.377459749553 0.243648960739
0.378016085791 0.244226327945
0.377678571429 0.244226327945
0.378233719893 0.24480369515
0.378787878788 0.245381062356
0.378450578807 0.245381062356
0.378113879004 0.245381062356
0.377777777778 0.245381062356
0.378330373002 0.245958429561
0.377994676131 0.245958429561
0.377659574468 0.245958429561
0.37732506643 0.245958429561
0.376991150442 0.245958429561
0.376657824934 0.245958429561
0.376325088339 0.245958429561
0.376875551633 0.246535796767
0.376543209877 0.246535796767
0.377092511013 0.247113163972
0.37676056338 0.247113163972
0.376429199648 0.247113163972
0.376098418278 0.247113163972
0.375768217735 0.247113163972
0.375438596491 0.247113163972
0.375985977213 0.247690531178
0.375656742557 0.247690531178
0.376202974628 0.248267898383
0.375874125874 0.248267898383
0.375545851528 0.248267898383
0.375218150087 0.248267898383
0.374891020052 0.248267898383
0.37543554007 0.248845265589
0.375979112272 0.249422632794
0.37652173913 0.25
0.37619461338 0.25
0.375868055556 0.25
0.37554206418 0.25
0.375216637782 0.25
0.374891774892 0.25
0.374567474048 0.25
0.374243733794 0.25
0.373920552677 0.25
0.373597929249 0.25
0.374137931034 0.250577367206
0.374677002584 0.251154734411
0.374354561102 0.251154734411
0.374032674119 0.251154734411
0.373711340206 0.251154734411
0.37339055794 0.251154734411
0.373070325901 0.251154734411
0.373607540703 0.251732101617
0.374143835616 0.252309468822
0.373823781009 0.252309468822
0.374358974359 0.252886836028
0.374039282664 0.252886836028
0.373720136519 0.252886836028
0.373401534527 0.252886836028
0.373935264055 0.253464203233
0.374468085106 0.254041570439
0.375 0.254618937644
0.374681393373 0.254618937644
0.374363327674 0.254618937644
0.374045801527 0.254618937644
0.373728813559 0.254618937644
0.373412362405 0.254618937644
0.373942470389 0.25519630485
0.373626373626 0.25519630485
0.374155405405 0.255773672055
0.373839662447 0.255773672055
0.373524451939 0.255773672055
0.373209772536 0.255773672055
0.372895622896 0.255773672055
0.372582001682 0.255773672055
0.372268907563 0.255773672055
0.371956339211 0.255773672055
0.371644295302 0.255773672055
0.371332774518 0.255773672055
0.371021775544 0.255773672055
0.370711297071 0.255773672055
0.370401337793 0.255773672055
0.370091896408 0.255773672055
0.369782971619 0.255773672055
0.369474562135 0.255773672055
0.37 0.256351039261
0.369691923397 0.256351039261
0.370216306156 0.256928406467
0.369908561929 0.256928406467
0.370431893688 0.257505773672
0.370124481328 0.257505773672
0.370646766169 0.258083140878
0.371168185584 0.258660508083
0.370860927152 0.258660508083
0.370554177006 0.258660508083
0.370247933884 0.258660508083
0.369942196532 0.258660508083
0.369636963696 0.258660508083
0.36933223413 0.258660508083
0.36902800659 0.258660508083
0.368724279835 0.258660508083
0.368421052632 0.258660508083
0.368940016434 0.259237875289
0.368637110016 0.259237875289
0.368334700574 0.259237875289
0.368852459016 0.259815242494
0.36855036855 0.259815242494
0.368248772504 0.259815242494
0.367947669665 0.259815242494
0.367647058824 0.259815242494
0.367346938776 0.259815242494
0.36704730832 0.259815242494
0.366748166259 0.259815242494
0.367263843648 0.2603926097
0.366965012205 0.2603926097
0.366666666667 0.2603926097
0.366368805849 0.2603926097
0.366071428571 0.2603926097
0.365774533658 0.2603926097
0.365478119935 0.2603926097
0.365991902834 0.260969976905
0.36569579288 0.260969976905
0.365400161681 0.260969976905
0.36591276252 0.261547344111
0.365617433414 0.261547344111
0.366129032258 0.262124711316
0.365834004835 0.262124711316
0.366344605475 0.262702078522
0.366049879324 0.262702078522
0.36575562701 0.262702078522
0.36546184739 0.262702078522
0.365168539326 0.262702078522
0.364875701684 0.262702078522
0.364583333333 0.262702078522
0.365092073659 0.263279445727
0.3648 0.263279445727
0.364508393285 0.263279445727
0.364217252396 0.263279445727
0.363926576217 0.263279445727
0.363636363636 0.263279445727
0.363346613546 0.263279445727
0.363057324841 0.263279445727
0.36276849642 0.263279445727
0.362480127186 0.263279445727
0.362192216044 0.263279445727
0.361904761905 0.263279445727
0.36161776368 0.263279445727
0.361331220285 0.263279445727
0.361836896279 0.263856812933
0.361550632911 0.263856812933
0.361264822134 0.263856812933
0.360979462875 0.263856812933
0.360694554065 0.263856812933
0.36119873817 0.264434180139
0.360914105595 0.264434180139
0.361417322835 0.265011547344
0.361132966168 0.265011547344
0.360849056604 0.265011547344
0.360565593087 0.265011547344
0.360282574568 0.265011547344
0.36 0.265011547344
0.359717868339 0.265011547344
0.359436178543 0.265011547344
0.359154929577 0.265011547344
0.358874120407 0.265011547344
0.35859375 0.265011547344
0.359094457455 0.26558891455
0.358814352574 0.26558891455
0.358534684334 0.26558891455
0.358255451713 0.26558891455
0.357976653696 0.26558891455
0.357698289269 0.26558891455
0.35742035742 0.26558891455
0.357142857143 0.26558891455
0.356865787432 0.26558891455
0.356589147287 0.26558891455
0.357087529047 0.266166281755
0.356811145511 0.266166281755
0.356535189482 0.266166281755
0.356259659969 0.266166281755
0.355984555985 0.266166281755
0.355709876543 0.266166281755
0.355435620663 0.266166281755
0.355161787365 0.266166281755
0.354888375674 0.266166281755
0.354615384615 0.266166281755
0.354342813221 0.266166281755
0.354838709677 0.266743648961
0.354566385265 0.266743648961
0.354294478528 0.266743648961
0.354022988506 0.266743648961
0.353751914242 0.266743648961
0.354246365723 0.267321016166
0.353975535168 0.267321016166
0.353705118411 0.267321016166
0.354198473282 0.267898383372
0.353928299008 0.267898383372
0.353658536585 0.267898383372
0.354150799695 0.268475750577
0.353881278539 0.268475750577
0.3536121673 0.268475750577
0.353343465046 0.268475750577
0.353075170843 0.268475750577
0.352807283763 0.268475750577
0.352539802881 0.268475750577
0.35303030303 0.269053117783
0.35352006056 0.269630484988
0.354009077156 0.270207852194
0.353741496599 0.270207852194
0.353474320242 0.270207852194
0.353962264151 0.2707852194
0.354449472097 0.271362586605
0.35418236624 0.271362586605
0.353915662651 0.271362586605
0.353649360421 0.271362586605
0.353383458647 0.271362586605
0.353117956424 0.271362586605
0.352852852853 0.271362586605
0.352588147037 0.271362586605
0.352323838081 0.271362586605
0.352059925094 0.271362586605
0.351796407186 0.271362586605
0.352281226627 0.271939953811
0.352765321375 0.272517321016
0.353248693055 0.273094688222
0.353731343284 0.273672055427
0.353467561521 0.273672055427
0.353949329359 0.274249422633
0.353685778109 0.274249422633
0.353422619048 0.274249422633
0.353159851301 0.274249422633
0.352897473997 0.274249422633
0.352635486266 0.274249422633
0.353115727003 0.274826789838
0.352853965901 0.274826789838
0.353333333333 0.275404157044
0.353071798668 0.275404157044
0.352810650888 0.275404157044
0.352549889135 0.275404157044
0.352289512555 0.275404157044
0.352029520295 0.275404157044
0.351769911504 0.275404157044
0.351510685335 0.275404157044
0.351251840943 0.275404157044
0.350993377483 0.275404157044
0.351470588235 0.275981524249
0.351212343865 0.275981524249
0.350954478708 0.275981524249
0.35069699193 0.275981524249
0.351173020528 0.276558891455
0.350915750916 0.276558891455
0.351390922401 0.277136258661
0.351133869788 0.277136258661
0.351608187135 0.277713625866
0.351351351351 0.277713625866
0.351094890511 0.277713625866
0.351568198395 0.278290993072
0.351311953353 0.278290993072
0.351784413693 0.278868360277
0.351528384279 0.278868360277
0.351272727273 0.278868360277
0.35101744186 0.278868360277
0.350762527233 0.278868360277
0.350507982583 0.278868360277
0.350253807107 0.278868360277
0.35 0.278868360277
0.349746560463 0.278868360277
0.3502170767 0.279445727483
0.34996384671 0.279445727483
0.349710982659 0.279445727483
0.349458483755 0.279445727483
0.349206349206 0.279445727483
0.348954578226 0.279445727483
0.349423631124 0.280023094688
0.349172066235 0.280023094688
0.348920863309 0.280023094688
0.348670021567 0.280023094688
0.34841954023 0.280023094688
0.348169418521 0.280023094688
0.347919655667 0.280023094688
0.347670250896 0.280023094688
0.348137535817 0.280600461894
0.348604151754 0.281177829099
0.348354792561 0.281177829099
0.34810578985 0.281177829099
0.347857142857 0.281177829099
0.347608850821 0.281177829099
0.347360912981 0.281177829099
0.347826086957 0.281755196305
0.348290598291 0.28233256351
0.348042704626 0.28233256351
0.347795163585 0.28233256351
0.347547974414 0.28233256351
0.348011363636 0.282909930716
0.347764371895 0.282909930716
0.347517730496 0.282909930716
0.347271438696 0.282909930716
0.347025495751 0.282909930716
0.34677990092 0.282909930716
0.346534653465 0.282909930716
0.34628975265 0.282909930716
0.34604519774 0.282909930716
0.345800988003 0.282909930716
0.346262341326 0.283487297921
0.346018322763 0.283487297921
0.345774647887 0.283487297921
0.346235045742 0.284064665127
0.345991561181 0.284064665127
0.346451159522 0.284642032333
0.346207865169 0.284642032333
0.346666666667 0.285219399538
0.346423562412 0.285219399538
0.346180798879 0.285219399538
0.34593837535 0.285219399538
0.345696291113 0.285219399538
0.345454545455 0.285219399538
0.345213137666 0.285219399538
0.344972067039 0.285219399538
0.344731332868 0.285219399538
0.344490934449 0.285219399538
0.34425087108 0.285219399538
0.344011142061 0.285219399538
0.343771746695 0.285219399538
0.343532684284 0.285219399538
0.343988881167 0.285796766744
0.34375 0.285796766744
0.343511450382 0.285796766744
0.343273231623 0.285796766744
0.343035343035 0.285796766744
0.342797783934 0.285796766744
0.342560553633 0.285796766744
0.342323651452 0.285796766744
0.34208707671 0.285796766744
0.342541436464 0.286374133949
0.342305037957 0.286374133949
0.342068965517 0.286374133949
0.34183321847 0.286374133949
0.341597796143 0.286374133949
0.341362697866 0.286374133949
0.341127922971 0.286374133949
0.341580756014 0.286951501155
0.341346153846 0.286951501155
0.341111873713 0.286951501155
0.340877914952 0.286951501155
0.340644276902 0.286951501155
0.340410958904 0.286951501155
0.340177960301 0.286951501155
0.339945280438 0.286951501155
0.33971291866 0.286951501155
0.340163934426 0.28752886836
0.339931740614 0.28752886836
0.339699863574 0.28752886836
0.339468302658 0.28752886836
0.339237057221 0.28752886836
0.339006126617 0.28752886836
0.339455782313 0.288106235566
0.339904826649 0.288683602771
0.339673913043 0.288683602771
0.340122199593 0.289260969977
0.340569877883 0.289838337182
0.340338983051 0.289838337182
0.340108401084 0.289838337182
0.339878131347 0.289838337182
0.339648173207 0.289838337182
0.339418526031 0.289838337182
0.339189189189 0.289838337182
0.338960162053 0.289838337182
0.338731443995 0.289838337182
0.33850303439 0.289838337182
0.338274932615 0.289838337182
0.338720538721 0.290415704388
0.338492597577 0.290415704388
0.338264963013 0.290415704388
0.338037634409 0.290415704388
0.337810611148 0.290415704388
0.337583892617 0.290415704388
0.337357478203 0.290415704388
0.337131367292 0.290415704388
0.336905559277 0.290415704388
0.336680053548 0.290415704388
0.337123745819 0.290993071594
0.336898395722 0.290993071594
0.336673346693 0.290993071594
0.336448598131 0.290993071594
0.336224149433 0.290993071594
0.336 0.290993071594
0.335776149234 0.290993071594
0.335552596538 0.290993071594
0.335329341317 0.290993071594
0.335106382979 0.290993071594
0.33488372093 0.290993071594
