22247 1 0.996067345142
59721 1 0.995861709118
26790 1 0.995378732681
7243 1 0.995316505432
91210 1 0.995069861412
634 1 0.995068430901
25772 1 0.994917869568
5661 1 0.993296921253
49832 1 0.993130385876
3160 1 0.9927277565
57243 1 0.9927110672
20917 1 0.991362273693
40156 1 0.990331053734
73947 1 0.988452732563
69181 1 0.988408625126
3527 1 0.987559616566
89667 1 0.987232685089
10162 1 0.987183213234
21197 1 0.986080467701
35410 1 0.985132277012
38955 1 0.984721601009
84960 4 0.983923017979
26715 1 0.983467638493
46201 1 0.983383595943
25872 1 0.982810735703
38938 1 0.98242431879
44676 1 0.982180953026
84730 1 0.98169451952
61802 1 0.981076359749
8692 1 0.981057286263
59280 1 0.980926036835
18571 1 0.978913009167
49084 1 0.978200674057
88783 1 0.977893173695
86818 1 0.977340340614
36888 1 0.977275669575
58784 1 0.977248370647
76497 1 0.977114915848
27028 1 0.976271927357
4930 1 0.975996732712
36939 1 0.975805103779
15614 1 0.975738704205
44109 1 0.974461376667
11801 4 0.972904443741
60218 1 0.972198367119
56888 1 0.971813559532
40540 1 0.971665501595
15302 1 0.969782292843
36731 1 0.969296395779
12557 1 0.968776881695
20697 1 0.968103826046
63615 1 0.966834187508
11462 1 0.965477585793
642 1 0.964291930199
15916 1 0.964287638664
20713 1 0.962375879288
42594 1 0.962013781071
47024 1 0.961450755596
35668 1 0.96138805151
22177 4 0.961211264133
66779 1 0.961161136627
50266 1 0.960976600647
17774 1 0.96018576622
52353 1 0.959219098091
28520 1 0.959103822708
33904 1 0.957750022411
10233 1 0.957188129425
41233 1 0.955963134766
48162 1 0.955799400806
19227 1 0.955573797226
76245 1 0.955483496189
61250 1 0.95517963171
22257 1 0.955177843571
31081 1 0.954621195793
64040 1 0.954541623592
38120 1 0.954199373722
7750 1 0.954057633877
89177 1 0.952823460102
78322 1 0.952235817909
55446 1 0.951946079731
50492 1 0.951328992844
52350 1 0.950800657272
52211 1 0.950271070004
12810 1 0.950033426285
54468 1 0.949331581593
87308 1 0.948215961456
1478 1 0.947729945183
11143 1 0.946851789951
50965 1 0.94547533989
76196 4 0.945415139198
51218 1 0.94496935606
12543 1 0.944889485836
47567 1 0.944312334061
33385 1 0.943663477898
36052 1 0.943132281303
50546 4 0.941566586494
60763 4 0.939912676811
8105 1 0.939888238907
33696 1 0.939310133457
22239 1 0.937966763973
7935 1 0.937129199505
14082 4 0.936805725098
86815 1 0.936007022858
43610 1 0.935525357723
5275 1 0.934638440609
68642 1 0.934570133686
45577 1 0.934193253517
73632 1 0.933644890785
34090 1 0.933015108109
60088 1 0.93294274807
325 1 0.932793676853
28799 1 0.93236041069
43256 1 0.93188470602
30194 1 0.931722104549
90607 1 0.931328594685
18860 1 0.929480373859
84875 1 0.928229749203
71962 1 0.927472114563
55877 1 0.927275300026
5384 1 0.926966667175
62824 1 0.926905930042
7977 1 0.926496326923
62578 1 0.926365554333
84797 1 0.926161825657
56049 1 0.926044046879
10038 1 0.924874901772
32660 1 0.924695789814
76490 1 0.924244165421
62216 4 0.923927545547
28451 1 0.922437310219
43077 1 0.92045712471
82535 1 0.920165300369
54 1 0.919613957405
10153 1 0.91939753294
83806 4 0.919206023216
11882 1 0.918004453182
53230 1 0.917935550213
21924 1 0.917372345924
16153 1 0.916130959988
89443 1 0.915600895882
5687 1 0.914661228657
63167 1 0.914636909962
23701 1 0.914251625538
46526 1 0.914237082005
41055 1 0.913038611412
22250 1 0.912931025028
57739 1 0.912675917149
82408 4 0.911797404289
85006 4 0.910994708538
76717 1 0.910681903362
4095 1 0.909207284451
44361 1 0.908987343311
90061 1 0.908653497696
37761 1 0.908465027809
74254 4 0.907536029816
9462 1 0.906080842018
42424 1 0.905853748322
82299 1 0.905670166016
62181 4 0.905520677567
49076 1 0.90497148037
62098 4 0.90455108881
50478 1 0.903609395027
63338 1 0.903313696384
52583 1 0.903222858906
18891 1 0.902597367764
2155 1 0.902194797993
54560 1 0.902115702629
16174 1 0.901653289795
13611 1 0.901053309441
35126 1 0.900996387005
37650 1 0.897271931171
2356 1 0.89720004797
55218 1 0.895769000053
64289 1 0.894245922565
43464 4 0.894139945507
65238 1 0.892465114594
53396 1 0.892439186573
39382 4 0.891926288605
65433 4 0.890980780125
269 1 0.889379143715
37347 1 0.88869291544
62894 1 0.888369619846
68520 1 0.887744188309
4331 1 0.886618494987
3706 1 0.885953366756
87462 1 0.885824263096
82160 4 0.884860515594
49556 4 0.88414734602
72198 1 0.883439719677
8715 4 0.883141696453
91609 1 0.883005678654
49274 1 0.882083714008
5356 1 0.881634891033
35197 1 0.880915880203
88926 1 0.880773544312
89621 1 0.880538463593
10397 4 0.880404531956
87612 1 0.879276096821
27041 1 0.878999054432
67394 1 0.878644883633
56047 1 0.878343105316
40502 1 0.87819480896
3090 1 0.877696692944
12766 1 0.877235770226
5011 1 0.877126932144
74755 1 0.875396549702
52262 4 0.875380277634
22367 1 0.874996423721
64562 1 0.874873220921
80608 1 0.874667108059
55623 4 0.874493956566
56663 1 0.873433053493
85928 1 0.873355805874
26497 1 0.873033702374
33605 4 0.871768474579
49616 1 0.870692014694
77992 1 0.870500981808
65431 4 0.870269596577
18219 1 0.869620680809
59841 1 0.868725419044
6837 1 0.867569565773
88938 1 0.866586625576
33097 4 0.866300940514
70388 4 0.865770697594
13538 1 0.865006506443
79503 4 0.864783465862
60937 4 0.864714741707
43067 1 0.864032864571
50190 1 0.862581968307
19747 1 0.862370669842
37928 1 0.862339019775
19330 1 0.862156629562
63110 1 0.86208575964
47268 1 0.861933648586
8518 4 0.860932767391
43887 1 0.859903395176
50967 1 0.858295083046
5523 1 0.857255101204
33331 1 0.857164800167
29194 1 0.855457603931
66282 1 0.855136632919
59773 1 0.854504287243
69911 4 0.854168713093
34256 1 0.852795124054
50485 1 0.852535903454
10306 4 0.852238118649
83344 1 0.851738750935
56890 1 0.851316571236
80093 1 0.850703120232
76861 1 0.850372135639
44268 1 0.847680389881
51074 4 0.847632110119
55134 1 0.847232103348
62575 1 0.845275402069
25101 1 0.844808697701
60803 1 0.844698369503
17221 1 0.844660401344
8162 1 0.844055771828
5697 1 0.842913687229
29398 4 0.841448366642
58062 1 0.840667486191
35032 4 0.839729070663
27833 1 0.839305043221
10509 4 0.839303970337
41789 1 0.838424801826
3507 1 0.837830603123
49876 1 0.837601542473
45334 1 0.835720598698
32044 1 0.835175931454
62056 1 0.834952056408
41755 1 0.83426207304
68660 1 0.83380818367
62572 1 0.833234608173
12058 1 0.832584857941
67140 1 0.831267654896
43355 1 0.830503880978
35938 1 0.830057024956
17440 1 0.829463481903
15533 1 0.82766699791
38400 1 0.827138602734
78824 1 0.824642956257
63155 1 0.823895454407
20074 1 0.823479056358
44020 1 0.823039114475
17333 1 0.821045994759
23861 4 0.820726215839
90510 1 0.820101976395
32316 1 0.819635808468
58011 1 0.818640470505
74068 1 0.818518102169
6243 1 0.817028820515
65992 1 0.816830575466
46551 1 0.816158771515
65467 4 0.814086258411
76887 1 0.813652873039
53981 1 0.812953829765
15918 1 0.812775969505
81153 1 0.811853349209
13604 1 0.811773538589
27496 1 0.811429619789
54051 1 0.811079323292
62249 1 0.810995817184
55884 1 0.809909522533
83284 1 0.809613585472
49997 1 0.809603333473
83903 4 0.808782577515
1958 1 0.808538496494
2467 1 0.807426691055
820 1 0.805418074131
11160 1 0.80267739296
2089 1 0.802210450172
42425 1 0.801933526993
8586 1 0.801009237766
23999 1 0.800372540951
17886 1 0.799990832806
71313 1 0.798900723457
50947 1 0.798754751682
31624 1 0.798743903637
29407 1 0.79614931345
4526 4 0.795533359051
29853 1 0.792738854885
59040 1 0.792464256287
28388 1 0.791062295437
66918 1 0.79096108675
76109 1 0.790585815907
66010 1 0.790266513824
21416 1 0.789464831352
91230 1 0.789356827736
18460 1 0.788525462151
42415 1 0.788335740566
20045 4 0.787137687206
4265 1 0.786294341087
37509 1 0.786171019077
51784 1 0.786153316498
19655 1 0.78581905365
21139 1 0.785771727562
87910 4 0.784800946712
7699 1 0.784705162048
71281 1 0.784660875797
12463 1 0.784195125103
48719 4 0.784172296524
16049 1 0.783254384995
17501 1 0.782788693905
80157 1 0.782603561878
22255 1 0.782297849655
85831 1 0.781915009022
70760 1 0.781363666058
1003 4 0.780545771122
80113 1 0.780447006226
3856 4 0.77959549427
432 1 0.77855437994
22237 1 0.777809143066
88290 1 0.777241289616
30471 1 0.77713650465
50257 4 0.776458323002
10274 1 0.775814414024
40170 1 0.775711834431
48575 1 0.775611102581
90018 1 0.774877905846
87366 1 0.773993253708
28049 4 0.773912966251
79467 1 0.773050427437
20156 1 0.772437155247
38509 1 0.772017002106
16910 4 0.770936369896
51875 1 0.769385755062
39181 1 0.769029259682
10166 1 0.768107652664
9763 1 0.767183244228
38688 1 0.766222298145
4841 1 0.765739440918
34260 1 0.765510737896
73689 4 0.764112234116
48791 4 0.763731002808
64602 1 0.763691365719
88658 1 0.763559937477
79427 1 0.762574255466
47020 1 0.762373685837
3042 4 0.762183010578
41049 1 0.760644078255
56891 1 0.760387837887
84936 1 0.759153962135
36995 1 0.759077966213
12444 1 0.757879674435
40819 1 0.756870806217
62554 1 0.756346642971
58548 1 0.756118953228
64013 1 0.755816996098
54770 1 0.755808353424
89689 1 0.755068302155
87067 1 0.75481903553
41371 1 0.754598557949
75798 1 0.754409968853
8680 1 0.751859843731
53930 1 0.751322686672
20459 1 0.749774217606
1913 4 0.749310016632
3108 1 0.748676657677
32840 1 0.748582184315
31296 1 0.748409926891
57654 1 0.74786311388
32169 1 0.747637689114
44997 1 0.747635066509
1294 1 0.747016727924
69905 1 0.746937036514
28634 1 0.744808793068
50349 1 0.743989646435
841 1 0.743142008781
57306 1 0.741811215878
4297 1 0.739887237549
23589 1 0.739208042622
39921 1 0.737358212471
84568 1 0.735884428024
66713 1 0.735377311707
3226 1 0.732882082462
11522 1 0.732398748398
73325 1 0.732100427151
420 1 0.731211423874
7628 4 0.728273928165
61195 1 0.727706730366
2204 1 0.725726902485
42812 4 0.725518763065
60907 1 0.723969876766
54233 1 0.72324770689
34665 4 0.722428262234
2256 1 0.722290992737
73338 1 0.721512794495
47860 1 0.721107602119
62370 1 0.720575034618
18914 1 0.720229744911
45966 1 0.720109879971
18652 1 0.718952298164
1244 4 0.717769026756
90352 4 0.717113554478
17630 1 0.714556932449
20283 4 0.714102506638
30830 1 0.713432371616
1014 1 0.713204324245
61749 1 0.713165462017
43964 1 0.711095035076
46745 1 0.709826052189
81742 4 0.709749042988
89664 1 0.709454596043
60106 1 0.709426701069
63156 1 0.709259808064
65069 1 0.709180831909
87885 1 0.708201825619
20474 1 0.707819104195
26753 1 0.707721889019
11123 3 0.705703794956
4757 1 0.702772676945
43623 1 0.70254278183
9187 1 0.701880097389
89191 4 0.701378047466
18222 1 0.70109885931
30371 1 0.700775027275
19327 1 0.700598478317
51192 4 0.699968755245
8770 3 0.698070824146
43041 1 0.697318196297
22638 1 0.697262704372
82159 4 0.69723290205
9370 1 0.69710624218
24100 4 0.696937322617
46944 4 0.696738898754
4084 1 0.69659870863
5558 1 0.696587979794
75105 1 0.696130990982
61748 1 0.695519089699
4891 1 0.692218065262
59672 1 0.691257059574
11410 1 0.690771639347
30358 1 0.689490437508
48540 1 0.688948512077
76946 1 0.688847303391
84940 1 0.688385903835
34918 4 0.687487721443
69751 1 0.687248051167
7852 1 0.685668706894
46747 1 0.684169054031
34116 4 0.683235645294
23784 1 0.683132767677
69208 1 0.683124780655
18769 1 0.682565808296
47717 4 0.68212479353
2973 1 0.681397557259
3077 1 0.681267082691
51693 1 0.680820286274
89337 4 0.680618286133
52820 1 0.679763674736
23374 4 0.679678797722
28217 1 0.678545773029
3409 1 0.678525805473
10164 1 0.677985370159
50173 1 0.677656114101
54774 1 0.677357256413
6357 1 0.676905989647
54398 1 0.673360526562
64789 1 0.672361850739
46392 1 0.672122716904
46515 1 0.67127841711
11831 4 0.671034932137
17853 1 0.670823633671
68907 4 0.669351577759
5700 1 0.667249262333
76718 7 0.66715824604
46007 1 0.667058289051
55668 1 0.666496694088
82922 4 0.665991008282
52415 1 0.665968120098
78981 1 0.665137708187
37173 4 0.664991080761
7411 1 0.664801836014
49018 1 0.664492487907
23399 1 0.664486765862
84725 1 0.664155840874
69264 1 0.662997186184
86133 1 0.662925720215
63706 1 0.66245919466
27578 1 0.662365496159
12657 1 0.661471962929
27658 1 0.66084009409
51754 1 0.660754442215
50708 1 0.660640001297
34601 1 0.660154283047
40424 1 0.65980219841
40127 4 0.659651577473
76472 1 0.659387767315
39558 1 0.65832722187
86982 1 0.657146513462
68370 1 0.656878888607
46568 1 0.655744254589
74249 4 0.65526676178
69082 1 0.655235528946
62289 1 0.655040323734
5475 1 0.654456973076
50133 1 0.654239833355
62165 1 0.653974413872
4348 1 0.653952360153
43136 1 0.653625667095
81311 1 0.653004765511
44571 1 0.652704179287
12314 4 0.652179002762
69665 1 0.652148067951
36512 1 0.651728451252
28462 1 0.651011705399
58781 4 0.65085041523
42531 1 0.650669515133
36405 4 0.649987578392
76074 4 0.649135231972
44526 1 0.649019896984
38231 1 0.648166894913
59772 1 0.648146212101
82634 1 0.647845685482
46252 1 0.647402822971
19469 1 0.646548449993
44145 1 0.646521508694
65577 4 0.646184265614
78835 1 0.644721567631
34792 1 0.644318878651
34004 1 0.643153607845
31584 1 0.643122375011
1185 1 0.643110275269
45187 1 0.642990291119
88728 4 0.642471790314
33034 1 0.640570640564
57706 1 0.639727532864
12457 1 0.639619469643
43351 1 0.638746201992
83934 1 0.638538837433
29438 1 0.638288319111
42866 1 0.638069212437
45979 1 0.637048661709
30481 1 0.636338055134
19529 1 0.635941684246
71006 1 0.635265827179
28457 1 0.635243833065
44730 1 0.634576261044
67184 1 0.633370220661
57308 1 0.633344948292
58500 1 0.632921457291
13021 1 0.631939709187
62198 1 0.631776332855
16315 1 0.631301760674
37360 4 0.631268560886
88844 4 0.631260335445
83301 1 0.631016492844
3690 1 0.630093336105
64186 1 0.630010008812
23898 1 0.628617405891
79685 1 0.62640273571
32622 4 0.625562429428
48658 1 0.625311553478
48117 4 0.625212848186
3203 1 0.625057399273
80578 1 0.624762952328
57233 1 0.624756515026
74777 3 0.624272704124
68714 1 0.623779535294
43711 1 0.623500227928
24752 1 0.623495876789
32913 1 0.622687637806
6569 1 0.620604395866
71113 1 0.620119392872
4487 1 0.619673788548
10950 1 0.619424283504
86981 1 0.619011580944
47349 1 0.618805766106
21503 1 0.618681430817
19759 1 0.618650376797
74303 1 0.618216335773
26386 1 0.617544949055
77209 1 0.617376208305
4520 1 0.617277741432
67502 1 0.616771578789
32752 1 0.615724802017
36505 1 0.61238360405
4240 4 0.611629724503
21801 1 0.61145567894
61727 1 0.611046552658
69258 1 0.609806656837
60726 1 0.609634697437
16301 1 0.608737170696
7310 1 0.608354866505
75962 1 0.608337402344
32349 1 0.6080545187
4057 1 0.606813430786
18218 1 0.606208622456
71044 1 0.605914592743
54622 1 0.605235993862
87338 1 0.604896724224
31578 1 0.604185640812
4679 1 0.603454351425
89099 1 0.602802276611
19532 1 0.601597428322
90530 1 0.598083436489
19175 4 0.598067939281
38380 1 0.597555220127
52508 4 0.596940100193
19745 1 0.596312105656
84822 1 0.595883190632
5248 1 0.595253348351
32110 4 0.595045626163
42022 1 0.594221413136
2364 1 0.593242943287
48689 1 0.592840671539
4646 1 0.592758476734
91062 2 0.592205762863
89969 1 0.591766655445
21956 1 0.591547906399
13818 1 0.591004371643
3427 1 0.590977430344
74243 4 0.590925335884
37912 1 0.590053200722
21550 1 0.589042305946
25611 1 0.589041650295
19012 1 0.58830589056
29148 1 0.587651431561
65556 1 0.587278842926
44019 1 0.587032437325
32859 1 0.586846530437
16287 1 0.586665034294
80667 1 0.585686564445
76738 1 0.584807038307
60474 1 0.583062946796
49161 1 0.582311093807
88902 1 0.582254290581
57651 1 0.582131564617
11032 1 0.581734001637
55481 1 0.581518888474
31204 1 0.580360174179
38227 1 0.577601909637
77049 1 0.576136529446
6971 2 0.575995147228
44530 1 0.575811445713
82586 1 0.574635863304
17143 1 0.573986887932
57745 1 0.572938919067
83783 1 0.572896182537
62251 1 0.572798967361
66775 1 0.572636425495
36918 1 0.571301758289
24146 1 0.571108520031
89019 1 0.56969243288
19082 4 0.569298505783
75664 1 0.569104611874
53706 1 0.568124771118
16434 1 0.567524433136
45848 1 0.566547513008
13547 1 0.566131591797
34429 1 0.56398755312
71952 1 0.56356793642
1321 4 0.563433408737
89943 1 0.562631011009
83931 1 0.56171309948
19589 1 0.561656951904
20213 1 0.561019778252
50791 1 0.560345768929
13624 1 0.560296773911
9676 1 0.559592723846
71954 4 0.55946046114
73113 1 0.558186948299
45964 1 0.557928740978
85153 1 0.557845115662
90633 1 0.55641824007
69534 1 0.555880188942
28143 1 0.555362462997
43749 1 0.554708838463
81863 1 0.554634690285
51008 1 0.553952813148
68014 1 0.551581501961
86146 1 0.551369726658
88115 1 0.551355659962
16093 1 0.551233947277
40405 1 0.550073325634
38804 4 0.550013303757
85643 1 0.549896836281
78314 1 0.549731850624
793 1 0.549252390862
20746 1 0.547976851463
33107 1 0.547254562378
42126 1 0.546771883965
55578 1 0.546616256237
20494 1 0.545926690102
27173 1 0.545489192009
25838 4 0.5446138978
28390 1 0.543641090393
59029 1 0.54324901104
79526 1 0.543127834797
87745 1 0.542508780956
28266 1 0.542413055897
13027 1 0.541532754898
19753 1 0.541479885578
79629 1 0.540679872036
32247 1 0.540625274181
15832 4 0.54054659605
73170 1 0.540135681629
89796 1 0.539826631546
90184 1 0.538506805897
12178 1 0.537842571735
5913 1 0.537184238434
81757 7 0.537183463573
45875 1 0.536841988564
3739 1 0.536763906479
20350 1 0.536387085915
71394 1 0.535994589329
69938 1 0.535209357738
10036 1 0.535067379475
56949 1 0.533146500587
28739 1 0.533016324043
11656 1 0.531813144684
679 1 0.531637609005
13705 1 0.53115105629
44904 1 0.530767738819
16984 1 0.529505670071
74380 1 0.529236733913
27691 1 0.528480648994
53841 4 0.527973592281
6451 4 0.527227461338
38382 1 0.527226567268
90475 1 0.5270794034
33308 1 0.526373147964
89666 1 0.525994300842
62213 1 0.525718927383
62787 1 0.525126159191
9221 1 0.525118172169
82790 4 0.525072932243
75848 1 0.524673938751
56782 1 0.524321138859
16451 4 0.524046897888
66441 1 0.521940946579
38887 1 0.520711243153
34553 1 0.520290076733
11735 1 0.520024001598
12238 1 0.520019948483
12049 1 0.519622087479
30298 1 0.519345521927
58560 1 0.518511176109
57463 1 0.518218457699
31852 1 0.517687916756
84222 1 0.517010450363
38232 1 0.51621478796
42426 1 0.515830338001
23150 1 0.515348732471
5191 4 0.515312612057
69132 1 0.515151917934
10439 1 0.515113353729
25833 4 0.514538288116
90309 1 0.513392686844
5251 1 0.513238966465
20369 4 0.51306194067
88921 1 0.512451589108
55913 1 0.512040793896
42492 1 0.511437475681
43892 1 0.511200666428
28730 1 0.511071264744
82457 1 0.510267913342
35722 1 0.509527027607
26566 1 0.509292244911
76784 1 0.508938193321
74988 2 0.508831739426
88860 1 0.508529961109
36917 1 0.507599830627
71546 1 0.507576584816
50960 1 0.50695258379
42227 4 0.506920397282
28270 1 0.506649553776
66711 1 0.506622493267
69817 1 0.506603717804
17856 1 0.506568014622
51715 1 0.506407082081
12300 1 0.505836904049
46024 1 0.505830705166
60131 1 0.505287826061
23003 1 0.504902660847
9018 1 0.504402637482
30230 4 0.504335224628
9217 1 0.5042963624
50 4 0.504230380058
68020 1 0.503825604916
53921 1 0.502643704414
29271 1 0.502380132675
56702 1 0.501418471336
41022 1 0.500195801258
5795 1 0.499919056892
68717 1 0.499364823103
6521 1 0.498396784067
34458 7 0.497631192207
75683 4 0.493601888418
19083 4 0.49359190464
60165 4 0.492714941502
52402 4 0.492636173964
4294 4 0.48933082819
27993 2 0.485606461763
38740 2 0.483043164015
10511 4 0.482806742191
36176 2 0.474221527576
51621 3 0.471646487713
55507 4 0.468555480242
12705 2 0.463840842247
4391 2 0.461375325918
29481 2 0.457877457142
6709 2 0.457063704729
11833 4 0.453733116388
16945 2 0.450205504894
50615 4 0.441395699978
651 2 0.440101355314
10151 4 0.436560928822
59442 2 0.434470772743
14021 2 0.434029906988
56922 4 0.432174235582
13882 2 0.431854814291
60471 2 0.420870661736
67504 3 0.411942958832
33326 4 0.408278316259
32625 2 0.407626271248
16004 2 0.406673312187
25345 2 0.401796489954
6973 2 0.399689793587
42423 1 0.390570163727
83964 4 0.374439775944
32651 4 0.368937253952
64068 2 0.362319916487
34373 2 0.353942155838
40616 4 0.350050896406
26143 2 0.344514369965
10244 2 0.337845534086
50738 2 0.332822680473
24480 2 0.323870003223
79593 5 0.323296785355
68488 7 0.322507619858
24751 4 0.31012365222
29841 5 0.30400416255
66695 4 0.287475168705
39378 5 0.281450390816
4355 5 0.264784872532
27125 5 0.254136234522
5469 4 0.156143859029
