634 1 0.999182403088
56888 1 0.998668909073
57243 1 0.997881948948
31081 1 0.997812986374
3160 1 0.997694313526
91210 1 0.99761402607
25872 1 0.997060716152
59721 1 0.996515154839
4930 1 0.995425283909
26790 1 0.995330452919
22247 1 0.995318233967
20917 1 0.995023608208
44109 1 0.993861198425
12058 1 0.993218839169
5661 1 0.992744684219
89177 1 0.992737472057
8692 1 0.992385983467
78322 1 0.991861104965
49832 1 0.991623103619
69181 1 0.990710198879
23701 1 0.990385651588
25772 1 0.989977359772
7243 1 0.989840269089
89667 1 0.989782571793
3090 1 0.989628791809
43256 1 0.98913782835
46201 1 0.988931775093
63338 1 0.988788068295
10162 1 0.988394498825
73947 1 0.987818241119
55446 1 0.987661361694
19227 1 0.987652301788
10038 1 0.987630546093
325 1 0.987573027611
52350 1 0.987550199032
36939 1 0.987357616425
12543 1 0.986590981483
87308 1 0.986578524113
27028 1 0.985810756683
27496 1 0.98574244976
84875 1 0.985437512398
26715 1 0.984330713749
40540 1 0.983985602856
5275 1 0.98293119669
64289 1 0.982405364513
76490 1 0.982340216637
5687 1 0.982227504253
40156 1 0.982013165951
10153 1 0.981872141361
36052 1 0.981587469578
84797 1 0.98139166832
50478 1 0.980583310127
38955 1 0.980000138283
5384 1 0.97977668047
3739 1 0.979268372059
42424 1 0.979225754738
12557 1 0.978782773018
49616 1 0.97827988863
49084 1 0.978015601635
36888 1 0.977952778339
4331 1 0.976558804512
642 1 0.975945949554
68520 1 0.975738227367
28520 1 0.97511023283
3706 1 0.974692583084
62894 1 0.974662899971
44268 1 0.974571108818
86818 1 0.9743232131
85928 1 0.974286198616
64040 1 0.97375202179
20697 1 0.97247427702
37761 1 0.972082018852
9462 1 0.97197920084
84936 1 0.971972644329
33904 1 0.971494674683
56663 1 0.971170544624
28451 1 0.970899879932
35410 1 0.970627009869
58784 1 0.970481336117
74068 1 0.970428049564
5356 1 0.970238685608
679 1 0.96991032362
13611 1 0.968427836895
20713 1 0.968396067619
50190 1 0.967940032482
51218 1 0.967570483685
15302 1 0.967429220676
21197 1 0.967199146748
56890 1 0.96636724472
36731 1 0.9656727314
82299 1 0.9654494524
1958 1 0.965151250362
18571 1 0.964669406414
80608 1 0.964385151863
89621 1 0.964010715485
66282 1 0.963825047016
57739 1 0.963610589504
23699 1 0.963600277901
84730 1 0.963226854801
2356 1 0.962763130665
77992 1 0.96267837286
38938 1 0.962453067303
44997 1 0.962255775928
38688 1 0.962218225002
35668 1 0.961717069149
59280 1 0.961383879185
16153 1 0.961137890816
15614 1 0.960592567921
269 1 0.958894848824
65992 1 0.95888531208
88783 1 0.958648204803
48162 1 0.95782494545
52353 1 0.957488358021
59841 1 0.956477940083
44676 1 0.956413388252
55134 1 0.955482840538
62824 1 0.955423414707
64186 1 0.955107390881
11882 1 0.954906344414
47024 1 0.954083800316
60088 1 0.953776478767
2155 1 0.952002465725
55877 1 0.951800942421
19747 1 0.951767146587
50965 1 0.95160472393
9763 1 0.950207769871
63615 1 0.949225306511
60218 1 0.947817981243
54 1 0.947666227818
3527 1 0.947626769543
42425 1 0.947567760944
61250 1 0.947566986084
84960 4 0.947447061539
44361 1 0.947365164757
50947 1 0.94731426239
5011 1 0.947201311588
90061 1 0.947095036507
63167 1 0.945611655712
38120 1 0.945578098297
41233 1 0.945248603821
13538 1 0.944616496563
21416 1 0.943514704704
52211 1 0.943166077137
68642 1 0.94289958477
69751 1 0.942556977272
16049 1 0.940973877907
80157 1 0.94002109766
78981 1 0.939988553524
15916 1 0.939961433411
10164 1 0.939889848232
41755 1 0.939567685127
28799 1 0.938513696194
21924 1 0.938500225544
61802 1 0.938176214695
7699 1 0.937904894352
80667 1 0.937723577023
21503 1 0.936517655849
37928 1 0.936353564262
6357 1 0.934871435165
55218 1 0.934282660484
91522 1 0.933781027794
45577 1 0.933339595795
29194 1 0.93318259716
841 1 0.932825922966
10233 1 0.932684898376
49274 1 0.932462692261
76109 1 0.931500375271
48575 1 0.931420207024
26497 1 0.931270301342
22237 1 0.931226670742
10166 1 0.931046068668
17774 1 0.931044220924
62572 1 0.929495930672
71962 1 0.928659796715
17333 1 0.928032040596
80113 1 0.928009152412
30194 1 0.927292644978
43077 1 0.926165819168
76717 1 0.925965368748
67140 1 0.925786077976
22257 1 0.925304710865
57306 1 0.925004124641
8105 1 0.924645423889
32044 1 0.923896193504
79427 1 0.92341953516
56049 1 0.923414051533
33696 1 0.923282086849
30358 1 0.923220217228
76497 1 0.922973394394
12810 1 0.922485888004
87612 1 0.922277092934
7750 1 0.922214388847
82535 1 0.921457290649
40502 1 0.921195328236
1014 1 0.920992016792
19327 1 0.919335365295
60907 1 0.919183552265
55913 1 0.918874740601
43067 1 0.918825149536
41371 1 0.918369889259
53230 1 0.916496276855
34090 1 0.916481137276
27578 1 0.913558185101
64013 1 0.913506746292
43623 1 0.913418889046
22239 1 0.913355052471
22177 4 0.911541283131
62575 1 0.909916520119
1478 1 0.909713566303
4487 1 0.90936434269
11801 4 0.909112930298
4095 1 0.907756924629
793 1 0.906674742699
59029 1 0.904206037521
44020 1 0.904133141041
2089 1 0.904073596001
50349 1 0.90324229002
42594 1 0.903101861477
5697 1 0.903016388416
6837 1 0.902981817722
73632 1 0.901353538036
88926 1 0.900401175022
3507 1 0.899289190769
64562 1 0.899038016796
55481 1 0.896655082703
89443 1 0.89625442028
18860 1 0.895898163319
20074 1 0.895859897137
11143 1 0.895359873772
74755 1 0.893690288067
18652 1 0.892879486084
62056 1 0.8928617239
88902 1 0.892215847969
43041 1 0.892058134079
43887 1 0.891248106956
11032 1 0.890683531761
1185 1 0.889946758747
57233 1 0.889829158783
50492 1 0.889459490776
63155 1 0.888944089413
66441 1 0.887091815472
65238 1 0.886177062988
88938 1 0.885959923267
46745 1 0.88543176651
91609 1 0.884287655354
12766 1 0.883969247341
18219 1 0.882791996002
36918 1 0.882613182068
7935 1 0.882057249546
4265 1 0.881664812565
83344 1 0.880045592785
63156 1 0.87973690033
76196 4 0.878237426281
18769 1 0.877988815308
20474 1 0.87763941288
432 1 0.876906454563
3409 1 0.876574993134
59672 1 0.876155853271
66779 1 0.875430762768
40819 1 0.874555766582
47567 1 0.873109102249
72198 1 0.872996270657
33385 1 0.872697353363
42022 1 0.872612774372
16315 1 0.872562468052
50266 1 0.872429430485
87462 1 0.871873438358
50546 4 0.871684074402
5475 1 0.871039688587
7977 1 0.870360791683
28270 1 0.868604540825
58548 1 0.867851614952
65069 1 0.867634177208
8680 1 0.867549180984
12463 1 0.867514193058
62554 1 0.867475509644
58560 1 0.867414951324
11462 1 0.867051482201
76861 1 0.866920232773
70760 1 0.866335570812
21550 1 0.864590227604
47349 1 0.863404691219
69938 1 0.863156318665
26753 1 0.861884474754
46526 1 0.861876606941
5523 1 0.861841082573
90607 1 0.86118966341
86815 1 0.860784649849
57651 1 0.860457241535
35126 1 0.86029779911
49556 4 0.859749436378
41055 1 0.859243094921
73170 1 0.858741104603
31204 1 0.858736872673
87067 1 0.858523309231
58062 1 0.857451796532
71006 1 0.856061458588
81153 1 0.854101538658
54621 1 0.853816092014
33973 1 0.851969301701
60803 1 0.851889193058
55884 1 0.851569890976
42415 1 0.85047274828
50485 1 0.850301623344
54468 1 0.850178480148
28634 1 0.849609732628
32660 1 0.849298357964
58500 1 0.848846197128
56047 1 0.848783254623
66711 1 0.84588432312
52820 1 0.845717906952
27041 1 0.845665037632
79467 1 0.845096230507
80093 1 0.844355046749
68660 1 0.844273030758
12178 1 0.844210743904
50090 1 0.843074560165
6243 1 0.842351734638
12657 1 0.841747999191
89689 1 0.841421842575
73338 1 0.840985238552
50178 1 0.840827643871
76946 1 0.839954853058
43610 1 0.839599370956
32349 1 0.837585389614
54774 1 0.837560474873
54398 1 0.836897373199
49161 1 0.836504280567
34792 1 0.836182951927
53930 1 0.834692537785
86133 1 0.833183765411
37509 1 0.832871317863
29148 1 0.832198858261
52583 1 0.832174837589
88658 1 0.831898152828
6538 1 0.830493509769
90475 1 0.829694032669
35722 1 0.829595983028
45875 1 0.829000174999
48689 1 0.827689409256
32169 1 0.827217161655
20746 1 0.826718509197
36512 1 0.826617181301
42531 1 0.826600313187
62578 1 0.825975418091
83783 1 0.825733482838
4841 1 0.825333893299
88290 1 0.825287640095
14082 4 0.825004696846
83934 1 0.823559701443
48164 1 0.822956562042
2256 1 0.822921156883
47020 1 0.822066545486
3108 1 0.821946620941
34260 1 0.82138389349
71113 1 0.820533752441
46212 1 0.819985330105
90309 1 0.818991601467
10509 4 0.817970752716
6521 1 0.817531108856
67502 1 0.817257404327
23399 1 0.816848754883
39181 1 0.816353261471
51754 1 0.816223680973
46551 1 0.816143035889
41789 1 0.81575512886
31296 1 0.815425813198
10274 1 0.815238058567
62601 1 0.81476777792
83806 4 0.814050793648
16984 1 0.814050555229
12457 1 0.813961625099
31041 1 0.813065171242
85954 1 0.812326431274
27658 1 0.811679780483
27833 1 0.811374127865
4297 1 0.811218678951
75664 1 0.810785710812
13021 1 0.810518741608
32460 1 0.809714138508
15998 1 0.809517562389
55668 1 0.809308171272
32886 1 0.807722687721
420 1 0.80744856596
2253 1 0.80706602335
17853 1 0.80657607317
86981 1 0.806255340576
44892 1 0.805768191814
32913 1 0.804527759552
78980 1 0.804435789585
63015 1 0.803912341595
51665 1 0.802351355553
77049 1 0.802068412304
63706 1 0.80193156004
629 1 0.801821708679
16093 1 0.801717400551
90018 1 0.800472080708
46747 1 0.799693405628
5558 1 0.798105716705
18891 1 0.796295821667
3226 1 0.795261025429
36995 1 0.793997168541
33331 1 0.793208181858
59773 1 0.793194890022
21956 1 0.793132305145
64789 1 0.792535066605
2973 1 0.792496442795
23150 1 0.791743814945
53396 1 0.791261434555
28388 1 0.791139185429
56891 1 0.790340006351
63110 1 0.790111839771
22367 1 0.786459684372
62251 1 0.785126805305
15533 1 0.784949541092
39666 1 0.784721255302
57308 1 0.784358203411
8162 1 0.783270716667
66010 1 0.783100128174
29853 1 0.782400488853
3155 1 0.781727254391
3786 1 0.78158557415
51784 1 0.780364215374
23999 1 0.780352890491
30298 1 0.780116677284
78824 1 0.77930366993
71313 1 0.778885960579
21766 1 0.778609514236
68370 1 0.77810126543
51875 1 0.77804261446
35197 1 0.77711981535
28730 1 0.775314390659
67184 1 0.774899303913
2759 1 0.774188935757
18998 1 0.773586630821
47424 1 0.773577451706
54560 1 0.772805631161
22250 1 0.772006809711
19759 1 0.77182662487
74254 4 0.771118164062
4057 1 0.770156860352
10950 1 0.770011901855
49018 1 0.769793212414
11522 1 0.769741714001
3162 1 0.768809020519
80578 1 0.768666088581
50483 1 0.76786339283
27691 1 0.767608702183
42926 1 0.766094446182
47834 1 0.765680015087
57463 1 0.764922499657
15918 1 0.764739692211
10439 1 0.76322555542
50173 1 0.7623437047
82408 4 0.761499345303
75848 1 0.760995090008
26243 1 0.760678231716
9041 1 0.760462284088
2285 1 0.75899797678
31624 1 0.758461952209
21229 1 0.757739424706
50708 1 0.757652640343
87366 1 0.757160723209
3751 1 0.75711029768
38509 1 0.757041215897
22255 1 0.756785750389
65433 4 0.756604611874
66444 1 0.755983173847
76784 1 0.755057692528
60726 1 0.754499256611
26235 1 0.754252195358
480 1 0.754180371761
60131 1 0.754119217396
13027 1 0.753854453564
62098 4 0.753569126129
53981 1 0.75090098381
65431 4 0.749699294567
23898 1 0.748819947243
38380 1 0.747877955437
46392 1 0.747618317604
11410 1 0.747359871864
39921 1 0.747056365013
90414 1 0.747045755386
20156 1 0.746781766415
69817 1 0.746567904949
29398 4 0.746159434319
67394 1 0.74599057436
47318 1 0.744147002697
47860 1 0.743961453438
47268 1 0.743588626385
33309 1 0.742727696896
68530 1 0.742168605328
32840 1 0.742145359516
18218 1 0.74191224575
89796 1 0.741473674774
9634 1 0.741149783134
63795 1 0.740869164467
85006 4 0.739861905575
2364 1 0.739667892456
16174 1 0.738831400871
26644 1 0.73776870966
50967 1 0.737031877041
43892 1 0.736112535
18244 1 0.734000742435
75360 1 0.733175873756
2467 1 0.732826828957
75798 1 0.732042849064
35938 1 0.731962680817
75966 1 0.730919778347
12300 1 0.727869987488
46568 1 0.727317154408
36505 1 0.727185964584
40170 1 0.727115869522
87338 1 0.726265251637
80171 1 0.724941730499
32316 1 0.724398076534
4679 1 0.724374175072
39382 4 0.723310530186
46994 1 0.719195902348
11656 1 0.719130635262
28267 1 0.717767298222
54233 1 0.71668612957
76548 1 0.716578841209
45334 1 0.715350687504
32752 1 0.714689135551
60474 1 0.710610628128
21386 1 0.710571467876
9284 1 0.709680438042
64546 1 0.70907253027
49742 1 0.708741128445
38227 1 0.708692610264
924 1 0.708040773869
67141 1 0.70786690712
55755 1 0.707601726055
40424 1 0.707177877426
91230 1 0.706369400024
5353 1 0.704177200794
8715 4 0.702504277229
33097 4 0.701999783516
40654 1 0.701476693153
54261 1 0.700717687607
16301 1 0.700144290924
33308 1 0.697830140591
37430 1 0.697665095329
7283 1 0.697148263454
35718 1 0.696793437004
797 1 0.696757018566
21873 1 0.696735680103
33898 1 0.695714175701
73325 1 0.695629656315
35795 1 0.695064902306
9187 1 0.694366633892
64898 1 0.693042337894
38400 1 0.692752957344
37650 1 0.689873695374
22638 1 0.689801514149
85643 1 0.689236104488
20213 1 0.689197957516
8518 4 0.687606573105
74521 1 0.687150835991
54051 1 0.686825752258
19745 1 0.686595499516
49876 1 0.686365365982
41022 1 0.685919642448
62249 1 0.685647249222
798 1 0.685510098934
83746 1 0.685300171375
62216 4 0.684818267822
49076 1 0.684047102928
13604 1 0.683109402657
14650 1 0.682622671127
17221 1 0.682459414005
33605 4 0.681777119637
25101 1 0.681734025478
85831 1 0.681365191936
12106 1 0.680660009384
38190 1 0.680630624294
4635 1 0.680129110813
53700 1 0.678956091404
29149 1 0.678605258465
11123 3 0.678044974804
820 1 0.677867233753
23003 1 0.677119195461
52618 1 0.676266133785
66030 1 0.676263928413
70195 1 0.675695300102
37347 1 0.675398588181
2204 1 0.675315916538
60763 4 0.675014555454
34004 1 0.674784898758
1271 1 0.674607217312
70626 1 0.673391819
61904 1 0.672523260117
69258 1 0.672276437283
22620 1 0.671968102455
31578 1 0.671901404858
56041 1 0.671225130558
78972 1 0.670210123062
17856 1 0.669679522514
31584 1 0.669543743134
51693 1 0.6676222682
33034 1 0.667544603348
58039 1 0.667275428772
2792 1 0.667005717754
41049 1 0.666574478149
11029 1 0.665109574795
17501 1 0.664866328239
83301 1 0.66485708952
3749 1 0.663695216179
18138 1 0.663290381432
12049 1 0.662354290485
50306 1 0.662140727043
88115 1 0.661229491234
1852 1 0.657065212727
2706 1 0.65595382452
36284 1 0.655397891998
42426 1 0.654619157314
69911 4 0.654399871826
30179 1 0.654299259186
16634 1 0.654045164585
62181 4 0.653051435947
36917 1 0.653037250042
33107 1 0.651744902134
44730 1 0.651318013668
9359 1 0.651285290718
33038 1 0.651068866253
5913 1 0.64984869957
56949 1 0.649293899536
27993 2 0.64637953043
34256 1 0.645685493946
86982 1 0.64535421133
27863 1 0.644760131836
82160 4 0.644479751587
18460 1 0.644050598145
37616 1 0.643765091896
76245 1 0.641874492168
60122 1 0.641537249088
10432 1 0.641474962234
3826 1 0.641382277012
50133 1 0.639329195023
55578 1 0.639171898365
66567 1 0.638225615025
55623 4 0.638191461563
4520 1 0.638045608997
23589 1 0.63766515255
67627 1 0.637511670589
20459 1 0.636954188347
19733 1 0.636681675911
45966 1 0.636525332928
32859 1 0.636367321014
1175 1 0.635809719563
62046 1 0.634589791298
10030 1 0.633939266205
74303 1 0.633459210396
39029 1 0.632554650307
13133 1 0.632480442524
19330 1 0.632444620132
42423 1 0.630599856377
41718 1 0.6302511096
18222 1 0.629745662212
10397 4 0.629540681839
40405 1 0.62787258625
28143 1 0.627290904522
3159 1 0.627140402794
30927 1 0.626954436302
45639 1 0.626360177994
651 2 0.625337719917
21740 1 0.625099956989
77254 1 0.624691009521
1896 1 0.623924255371
88225 1 0.623711228371
44145 1 0.623381257057
78362 1 0.623230695724
17440 1 0.622438728809
4449 1 0.621285378933
1260 1 0.619202613831
81143 1 0.618635773659
79094 1 0.618341743946
52415 1 0.617780208588
58510 1 0.616539895535
7702 1 0.616221487522
60216 1 0.615248203278
11160 1 0.614865422249
5932 1 0.614245951176
50241 1 0.613597929478
14323 1 0.613464832306
48658 1 0.613199770451
84062 1 0.612623870373
5349 1 0.612337589264
1715 2 0.61233317852
18262 1 0.610713481903
41510 1 0.610673964024
60106 1 0.610628783703
31568 1 0.609116613865
9052 1 0.609000086784
69665 1 0.608996331692
24146 1 0.606448888779
5586 1 0.60480928421
62533 1 0.60469609499
45979 1 0.604562938213
43749 1 0.603903591633
59065 1 0.602996706963
12059 1 0.602843105793
58637 1 0.602683365345
52436 2 0.60253828764
38092 1 0.600329399109
16817 1 0.599666059017
46007 1 0.598076701164
44904 1 0.59786516428
21139 1 0.597769677639
89731 1 0.596901059151
34601 1 0.596344649792
44267 1 0.596072912216
55208 1 0.595803797245
62165 1 0.595503509045
75962 1 0.594868242741
52389 1 0.593362390995
14021 2 0.592771649361
59040 1 0.592418253422
91785 1 0.592158019543
45529 1 0.591807246208
2779 1 0.590862333775
23619 1 0.59065335989
90510 1 0.590203404427
45475 1 0.590200603008
49997 1 0.589246928692
76714 1 0.589096307755
43464 4 0.587241947651
40499 1 0.586858570576
6971 2 0.58685696125
28266 1 0.586665868759
4891 1 0.586508631706
60937 4 0.586431026459
6596 1 0.585708558559
572 1 0.585623979568
70274 1 0.585599064827
88289 1 0.585405051708
43025 1 0.584859132767
6569 1 0.58460599184
48540 1 0.583769023418
12444 1 0.583018541336
66591 1 0.583012282848
45964 1 0.583001196384
21501 1 0.582918345928
84222 1 0.582747399807
73337 1 0.581810534
84940 1 0.581090211868
90849 1 0.579014956951
21921 1 0.57887083292
78835 1 0.578842639923
27173 1 0.577811777592
2054 2 0.576272249222
91627 1 0.576243102551
1180 1 0.576005399227
19753 1 0.57595205307
69082 1 0.575812160969
19606 1 0.575004577637
3875 1 0.574126780033
67503 1 0.573497116566
5700 1 0.572595119476
26566 1 0.572541773319
3690 1 0.570810198784
76976 1 0.570265233517
34553 1 0.569936335087
38382 1 0.569855391979
85153 1 0.569765865803
91062 2 0.569742619991
89664 1 0.568380236626
80969 1 0.568329691887
29481 2 0.567407369614
81311 1 0.567253530025
50257 4 0.567081153393
43894 1 0.566332578659
55838 1 0.565981686115
33708 1 0.56494730711
49845 1 0.564898729324
80970 1 0.564356386662
20045 4 0.564096093178
1013 1 0.563818275928
83284 1 0.563154757023
35245 1 0.562505125999
20501 1 0.562413990498
13818 1 0.561924338341
6495 1 0.561752259731
33717 1 0.5614361763
78314 1 0.561309874058
27759 1 0.561263084412
47619 1 0.56116682291
62667 1 0.560979127884
90875 1 0.560289144516
81104 1 0.559672415257
35032 4 0.559206366539
1730 1 0.558920800686
37843 1 0.558585345745
2587 1 0.558519363403
31093 1 0.558474063873
33199 1 0.55831861496
47839 1 0.557820856571
54870 1 0.556888401508
7044 1 0.55675393343
9639 1 0.555898070335
54305 1 0.555576860905
10306 4 0.555550456047
17229 1 0.55527639389
69264 1 0.555248856544
4348 1 0.554478228092
37166 1 0.55427634716
1778 1 0.553686261177
36616 1 0.553187787533
6510 1 0.551752865314
17630 1 0.551281452179
1671 1 0.550786793232
84725 1 0.550552546978
58748 1 0.549605131149
69905 1 0.549508929253
62289 1 0.548092901707
77320 1 0.547939419746
81114 1 0.547036468983
7411 1 0.546899497509
46779 1 0.546691596508
17886 1 0.546610474586
4633 1 0.546343922615
81757 7 0.545684039593
25664 1 0.545480132103
71281 1 0.545160770416
58043 1 0.545093655586
52357 1 0.544486582279
58600 1 0.544440507889
44571 1 0.543385148048
23278 1 0.54294615984
27204 1 0.541141569614
69534 1 0.540589988232
4757 1 0.540413141251
30481 1 0.538917541504
1281 1 0.538910508156
54548 1 0.538603842258
76614 1 0.5376765728
56133 1 0.53732073307
25010 1 0.537151932716
84620 1 0.535932898521
66918 1 0.535886108875
13105 1 0.53569573164
20206 1 0.534388959408
3203 1 0.534244418144
31239 1 0.534188866615
54622 1 0.533926904202
79503 4 0.533224105835
4632 1 0.53303706646
49747 1 0.532929956913
28616 1 0.53191781044
52262 4 0.531879067421
61464 1 0.531650483608
56380 1 0.531535148621
27490 1 0.531436741352
51074 4 0.531335771084
71605 1 0.531040012836
19469 1 0.530186057091
7852 1 0.529875159264
20822 1 0.529583156109
9814 1 0.529254853725
32216 1 0.528659641743
68907 4 0.527347207069
12238 1 0.526550173759
53872 1 0.525751471519
13624 1 0.525159299374
2631 1 0.524865865707
44723 1 0.524573326111
44019 1 0.524552464485
68525 1 0.523495793343
71546 1 0.523428380489
33781 1 0.522949159145
1522 1 0.52193325758
26932 1 0.521307468414
6930 1 0.520972669125
13700 1 0.520520746708
39127 1 0.519581973553
650 2 0.519307017326
16910 4 0.518889963627
83658 2 0.518626332283
89683 1 0.518168449402
8656 1 0.517950773239
70388 4 0.517890393734
49072 1 0.517887115479
69615 1 0.517868638039
22639 1 0.517453312874
70191 1 0.517402052879
44578 1 0.51643383503
45669 1 0.516362965107
10488 1 0.515603482723
28217 1 0.515488743782
25672 1 0.515480697155
74410 1 0.515250205994
58890 1 0.515032172203
5132 1 0.514568805695
30830 1 0.514522016048
50174 1 0.514176189899
44526 1 0.514174342155
38310 2 0.514148771763
25231 1 0.512641847134
34050 1 0.512081503868
89019 1 0.511984467506
69213 1 0.511661052704
8770 3 0.51165419817
62213 1 0.511182010174
76887 1 0.511096298695
66213 1 0.510231614113
77209 1 0.510209739208
71952 1 0.509990811348
4292 1 0.509797871113
4391 2 0.50964063406
68313 2 0.509430706501
57760 1 0.508395135403
5939 1 0.508266448975
22550 1 0.507814764977
83531 1 0.507233977318
7779 1 0.506024003029
13705 1 0.505345761776
80463 1 0.505322635174
56702 1 0.505281209946
33974 1 0.504484772682
29270 1 0.504393100739
19842 1 0.502845108509
67172 1 0.502364933491
89943 1 0.501980006695
4646 1 0.501917183399
22362 1 0.50052934885
17230 1 0.500246584415
39672 1 0.499958753586
85859 1 0.498986333609
10600 2 0.498784154654
47042 2 0.496804118156
90352 4 0.496631801128
74988 2 0.492680907249
38606 2 0.492633521557
48791 4 0.48915424943
21862 2 0.485604792833
41721 1 0.485198140144
38309 2 0.48319914937
12705 2 0.480074077845
87910 4 0.478212416172
13882 2 0.473981916904
11831 4 0.472833275795
64020 2 0.47279715538
61057 1 0.469732761383
62556 7 0.466577857733
36176 2 0.465697169304
38740 2 0.459442019463
44993 2 0.452436894178
46213 1 0.448261976242
48296 1 0.446554750204
16004 2 0.442627876997
23861 4 0.440370738506
82856 1 0.433552652597
6709 2 0.424011200666
32625 2 0.421943694353
30376 2 0.415760785341
26143 2 0.411876052618
76718 7 0.409684002399
32254 2 0.390692979097
57650 1 0.382797777653
64068 2 0.381315261126
68488 7 0.369102150202
27125 5 0.36422586441
88728 4 0.364213705063
79593 5 0.351292580366
65527 1 0.349752873182
29841 5 0.349123895168
67504 3 0.348656266928
56641 2 0.341114997864
74793 2 0.333161562681
4355 2 0.332488358021
15162 2 0.31736472249
43175 5 0.31327483058
7426 5 0.312816649675
2754 2 0.307425886393
50738 2 0.3040112257
5654 5 0.292152494192
51621 3 0.240936860442
83964 4 0.201499924064
5469 6 0.195427939296
