1.0 0.0
1.0 0.000577367205543
1.0 0.00115473441109
1.0 0.00173210161663
0.75 0.00173210161663
0.8 0.00230946882217
0.666666666667 0.00230946882217
0.571428571429 0.00230946882217
0.625 0.00288683602771
0.666666666667 0.00346420323326
0.6 0.00346420323326
0.545454545455 0.00346420323326
0.583333333333 0.0040415704388
0.615384615385 0.00461893764434
0.642857142857 0.00519630484988
0.6 0.00519630484988
0.5625 0.00519630484988
0.529411764706 0.00519630484988
0.555555555556 0.00577367205543
0.526315789474 0.00577367205543
0.55 0.00635103926097
0.52380952381 0.00635103926097
0.545454545455 0.00692840646651
0.521739130435 0.00692840646651
0.541666666667 0.00750577367206
0.56 0.0080831408776
0.576923076923 0.00866050808314
0.555555555556 0.00866050808314
0.535714285714 0.00866050808314
0.551724137931 0.00923787528868
0.533333333333 0.00923787528868
0.516129032258 0.00923787528868
0.53125 0.00981524249423
0.545454545455 0.0103926096998
0.529411764706 0.0103926096998
0.542857142857 0.0109699769053
0.527777777778 0.0109699769053
0.540540540541 0.0115473441109
0.526315789474 0.0115473441109
0.538461538462 0.0121247113164
0.525 0.0121247113164
0.512195121951 0.0121247113164
0.52380952381 0.0127020785219
0.53488372093 0.0132794457275
0.522727272727 0.0132794457275
0.511111111111 0.0132794457275
0.521739130435 0.013856812933
0.531914893617 0.0144341801386
0.541666666667 0.0150115473441
0.551020408163 0.0155889145497
0.54 0.0155889145497
0.529411764706 0.0155889145497
0.538461538462 0.0161662817552
0.547169811321 0.0167436489607
0.537037037037 0.0167436489607
0.527272727273 0.0167436489607
0.517857142857 0.0167436489607
0.526315789474 0.0173210161663
0.51724137931 0.0173210161663
0.525423728814 0.0178983833718
0.516666666667 0.0178983833718
0.524590163934 0.0184757505774
0.532258064516 0.0190531177829
0.539682539683 0.0196304849885
0.53125 0.0196304849885
0.523076923077 0.0196304849885
0.530303030303 0.020207852194
0.537313432836 0.0207852193995
0.544117647059 0.0213625866051
0.550724637681 0.0219399538106
0.542857142857 0.0219399538106
0.535211267606 0.0219399538106
0.527777777778 0.0219399538106
0.534246575342 0.0225173210162
0.527027027027 0.0225173210162
0.533333333333 0.0230946882217
0.539473684211 0.0236720554273
0.545454545455 0.0242494226328
0.551282051282 0.0248267898383
0.556962025316 0.0254041570439
0.55 0.0254041570439
0.555555555556 0.0259815242494
0.560975609756 0.026558891455
0.55421686747 0.026558891455
0.559523809524 0.0271362586605
0.552941176471 0.0271362586605
0.558139534884 0.0277136258661
0.563218390805 0.0282909930716
0.568181818182 0.0288683602771
0.561797752809 0.0288683602771
0.566666666667 0.0294457274827
0.56043956044 0.0294457274827
0.554347826087 0.0294457274827
0.559139784946 0.0300230946882
0.553191489362 0.0300230946882
0.547368421053 0.0300230946882
0.552083333333 0.0306004618938
0.556701030928 0.0311778290993
0.561224489796 0.0317551963048
0.555555555556 0.0317551963048
0.56 0.0323325635104
0.554455445545 0.0323325635104
0.549019607843 0.0323325635104
0.553398058252 0.0329099307159
0.548076923077 0.0329099307159
0.552380952381 0.0334872979215
0.547169811321 0.0334872979215
0.551401869159 0.034064665127
0.546296296296 0.034064665127
0.54128440367 0.034064665127
0.536363636364 0.034064665127
0.540540540541 0.0346420323326
0.544642857143 0.0352193995381
0.548672566372 0.0357967667436
0.552631578947 0.0363741339492
0.55652173913 0.0369515011547
0.560344827586 0.0375288683603
0.555555555556 0.0375288683603
0.550847457627 0.0375288683603
0.546218487395 0.0375288683603
0.55 0.0381062355658
0.545454545455 0.0381062355658
0.549180327869 0.0386836027714
0.544715447154 0.0386836027714
0.540322580645 0.0386836027714
0.544 0.0392609699769
0.547619047619 0.0398383371824
0.551181102362 0.040415704388
0.546875 0.040415704388
0.550387596899 0.0409930715935
0.546153846154 0.0409930715935
0.541984732824 0.0409930715935
0.545454545455 0.0415704387991
0.541353383459 0.0415704387991
0.544776119403 0.0421478060046
0.540740740741 0.0421478060046
0.536764705882 0.0421478060046
0.532846715328 0.0421478060046
0.536231884058 0.0427251732102
0.539568345324 0.0433025404157
0.535714285714 0.0433025404157
0.531914893617 0.0433025404157
0.528169014085 0.0433025404157
0.524475524476 0.0433025404157
0.520833333333 0.0433025404157
0.51724137931 0.0433025404157
0.520547945205 0.0438799076212
0.517006802721 0.0438799076212
0.52027027027 0.0444572748268
0.523489932886 0.0450346420323
0.526666666667 0.0456120092379
0.523178807947 0.0456120092379
0.526315789474 0.0461893764434
0.529411764706 0.046766743649
0.525974025974 0.046766743649
0.529032258065 0.0473441108545
0.532051282051 0.04792147806
0.528662420382 0.04792147806
0.525316455696 0.04792147806
0.528301886792 0.0484988452656
0.53125 0.0490762124711
0.527950310559 0.0490762124711
0.524691358025 0.0490762124711
0.521472392638 0.0490762124711
0.518292682927 0.0490762124711
0.515151515152 0.0490762124711
0.518072289157 0.0496535796767
0.520958083832 0.0502309468822
0.52380952381 0.0508083140878
0.526627218935 0.0513856812933
0.523529411765 0.0513856812933
0.526315789474 0.0519630484988
0.523255813953 0.0519630484988
0.526011560694 0.0525404157044
0.522988505747 0.0525404157044
0.525714285714 0.0531177829099
0.522727272727 0.0531177829099
0.519774011299 0.0531177829099
0.522471910112 0.0536951501155
0.519553072626 0.0536951501155
0.522222222222 0.054272517321
0.519337016575 0.054272517321
0.521978021978 0.0548498845266
0.51912568306 0.0548498845266
0.516304347826 0.0548498845266
0.513513513514 0.0548498845266
0.516129032258 0.0554272517321
0.513368983957 0.0554272517321
0.515957446809 0.0560046189376
0.518518518519 0.0565819861432
0.521052631579 0.0571593533487
0.523560209424 0.0577367205543
0.526041666667 0.0583140877598
0.528497409326 0.0588914549654
0.525773195876 0.0588914549654
0.528205128205 0.0594688221709
0.525510204082 0.0594688221709
0.522842639594 0.0594688221709
0.525252525253 0.0600461893764
0.522613065327 0.0600461893764
0.525 0.060623556582
0.52736318408 0.0612009237875
0.524752475248 0.0612009237875
0.527093596059 0.0617782909931
0.524509803922 0.0617782909931
0.521951219512 0.0617782909931
0.519417475728 0.0617782909931
0.51690821256 0.0617782909931
0.519230769231 0.0623556581986
0.516746411483 0.0623556581986
0.514285714286 0.0623556581986
0.511848341232 0.0623556581986
0.509433962264 0.0623556581986
0.507042253521 0.0623556581986
0.504672897196 0.0623556581986
0.502325581395 0.0623556581986
0.5 0.0623556581986
0.497695852535 0.0623556581986
0.495412844037 0.0623556581986
0.493150684932 0.0623556581986
0.490909090909 0.0623556581986
0.488687782805 0.0623556581986
0.490990990991 0.0629330254042
0.488789237668 0.0629330254042
0.486607142857 0.0629330254042
0.488888888889 0.0635103926097
0.486725663717 0.0635103926097
0.488986784141 0.0640877598152
0.486842105263 0.0640877598152
0.489082969432 0.0646651270208
0.486956521739 0.0646651270208
0.484848484848 0.0646651270208
0.48275862069 0.0646651270208
0.484978540773 0.0652424942263
0.482905982906 0.0652424942263
0.485106382979 0.0658198614319
0.483050847458 0.0658198614319
0.481012658228 0.0658198614319
0.483193277311 0.0663972286374
0.481171548117 0.0663972286374
0.479166666667 0.0663972286374
0.48132780083 0.066974595843
0.479338842975 0.066974595843
0.477366255144 0.066974595843
0.479508196721 0.0675519630485
0.481632653061 0.068129330254
0.483739837398 0.0687066974596
0.481781376518 0.0687066974596
0.483870967742 0.0692840646651
0.4859437751 0.0698614318707
0.484 0.0698614318707
0.482071713147 0.0698614318707
0.480158730159 0.0698614318707
0.478260869565 0.0698614318707
0.476377952756 0.0698614318707
0.474509803922 0.0698614318707
0.47265625 0.0698614318707
0.474708171206 0.0704387990762
0.472868217054 0.0704387990762
0.474903474903 0.0710161662818
0.476923076923 0.0715935334873
0.475095785441 0.0715935334873
0.473282442748 0.0715935334873
0.471482889734 0.0715935334873
0.473484848485 0.0721709006928
0.475471698113 0.0727482678984
0.477443609023 0.0733256351039
0.475655430712 0.0733256351039
0.477611940299 0.0739030023095
0.475836431227 0.0739030023095
0.477777777778 0.074480369515
0.476014760148 0.074480369515
0.474264705882 0.074480369515
0.472527472527 0.074480369515
0.470802919708 0.074480369515
0.469090909091 0.074480369515
0.471014492754 0.0750577367206
0.472924187726 0.0756351039261
0.474820143885 0.0762124711316
0.47311827957 0.0762124711316
0.471428571429 0.0762124711316
0.46975088968 0.0762124711316
0.468085106383 0.0762124711316
0.466431095406 0.0762124711316
0.468309859155 0.0767898383372
0.470175438596 0.0773672055427
0.472027972028 0.0779445727483
0.473867595819 0.0785219399538
0.475694444444 0.0790993071594
0.477508650519 0.0796766743649
0.479310344828 0.0802540415704
0.477663230241 0.0802540415704
0.47602739726 0.0802540415704
0.477815699659 0.080831408776
0.47619047619 0.080831408776
0.477966101695 0.0814087759815
0.476351351351 0.0814087759815
0.474747474747 0.0814087759815
0.473154362416 0.0814087759815
0.471571906355 0.0814087759815
0.47 0.0814087759815
0.471760797342 0.0819861431871
0.470198675497 0.0819861431871
0.471947194719 0.0825635103926
0.473684210526 0.0831408775982
0.472131147541 0.0831408775982
0.47385620915 0.0837182448037
0.475570032573 0.0842956120092
0.474025974026 0.0842956120092
0.47572815534 0.0848729792148
0.474193548387 0.0848729792148
0.472668810289 0.0848729792148
0.474358974359 0.0854503464203
0.476038338658 0.0860277136259
0.474522292994 0.0860277136259
0.47619047619 0.0866050808314
0.474683544304 0.0866050808314
0.473186119874 0.0866050808314
0.474842767296 0.087182448037
0.473354231975 0.087182448037
0.475 0.0877598152425
0.476635514019 0.088337182448
0.475155279503 0.088337182448
0.476780185759 0.0889145496536
0.478395061728 0.0894919168591
0.476923076923 0.0894919168591
0.475460122699 0.0894919168591
0.477064220183 0.0900692840647
0.478658536585 0.0906466512702
0.477203647416 0.0906466512702
0.478787878788 0.0912240184758
0.480362537764 0.0918013856813
0.481927710843 0.0923787528868
0.483483483483 0.0929561200924
0.48502994012 0.0935334872979
0.483582089552 0.0935334872979
0.485119047619 0.0941108545035
0.483679525223 0.0941108545035
0.485207100592 0.094688221709
0.483775811209 0.094688221709
0.485294117647 0.0952655889145
0.483870967742 0.0952655889145
0.485380116959 0.0958429561201
0.486880466472 0.0964203233256
0.485465116279 0.0964203233256
0.484057971014 0.0964203233256
0.482658959538 0.0964203233256
0.481268011527 0.0964203233256
0.48275862069 0.0969976905312
0.481375358166 0.0969976905312
0.482857142857 0.0975750577367
0.481481481481 0.0975750577367
0.482954545455 0.0981524249423
0.481586402266 0.0981524249423
0.480225988701 0.0981524249423
0.478873239437 0.0981524249423
0.477528089888 0.0981524249423
0.47619047619 0.0981524249423
0.474860335196 0.0981524249423
0.473537604457 0.0981524249423
0.475 0.0987297921478
0.473684210526 0.0987297921478
0.475138121547 0.0993071593533
0.476584022039 0.0998845265589
0.478021978022 0.100461893764
0.476712328767 0.100461893764
0.478142076503 0.10103926097
0.479564032698 0.101616628176
0.48097826087 0.102193995381
0.482384823848 0.102771362587
0.481081081081 0.102771362587
0.479784366577 0.102771362587
0.481182795699 0.103348729792
0.479892761394 0.103348729792
0.48128342246 0.103926096998
0.48 0.103926096998
0.478723404255 0.103926096998
0.477453580902 0.103926096998
0.478835978836 0.104503464203
0.480211081794 0.105080831409
0.478947368421 0.105080831409
0.477690288714 0.105080831409
0.476439790576 0.105080831409
0.477806788512 0.105658198614
0.479166666667 0.10623556582
0.477922077922 0.10623556582
0.476683937824 0.10623556582
0.478036175711 0.106812933025
0.476804123711 0.106812933025
0.47557840617 0.106812933025
0.474358974359 0.106812933025
0.475703324808 0.107390300231
0.474489795918 0.107390300231
0.47582697201 0.107967667436
0.477157360406 0.108545034642
0.475949367089 0.108545034642
0.477272727273 0.109122401848
0.478589420655 0.109699769053
0.477386934673 0.109699769053
0.478696741855 0.110277136259
0.48 0.110854503464
0.478802992519 0.110854503464
0.477611940299 0.110854503464
0.478908188586 0.11143187067
0.477722772277 0.11143187067
0.476543209877 0.11143187067
0.477832512315 0.112009237875
0.479115479115 0.112586605081
0.480392156863 0.113163972286
0.479217603912 0.113163972286
0.478048780488 0.113163972286
0.479318734793 0.113741339492
0.480582524272 0.114318706697
0.479418886199 0.114318706697
0.480676328502 0.114896073903
0.479518072289 0.114896073903
0.480769230769 0.115473441109
0.482014388489 0.116050808314
0.483253588517 0.11662817552
0.482100238663 0.11662817552
0.480952380952 0.11662817552
0.482185273159 0.117205542725
0.481042654028 0.117205542725
0.479905437352 0.117205542725
0.478773584906 0.117205542725
0.477647058824 0.117205542725
0.476525821596 0.117205542725
0.475409836066 0.117205542725
0.474299065421 0.117205542725
0.473193473193 0.117205542725
0.474418604651 0.117782909931
0.475638051044 0.118360277136
0.474537037037 0.118360277136
0.473441108545 0.118360277136
0.47465437788 0.118937644342
0.473563218391 0.118937644342
0.474770642202 0.119515011547
0.473684210526 0.119515011547
0.474885844749 0.120092378753
0.473804100228 0.120092378753
0.472727272727 0.120092378753
0.471655328798 0.120092378753
0.470588235294 0.120092378753
0.469525959368 0.120092378753
0.470720720721 0.120669745958
0.469662921348 0.120669745958
0.468609865471 0.120669745958
0.467561521253 0.120669745958
0.46875 0.121247113164
0.469933184855 0.12182448037
0.468888888889 0.12182448037
0.470066518847 0.122401847575
0.469026548673 0.122401847575
0.470198675497 0.122979214781
0.471365638767 0.123556581986
0.472527472527 0.124133949192
0.47149122807 0.124133949192
0.472647702407 0.124711316397
0.471615720524 0.124711316397
0.470588235294 0.124711316397
0.469565217391 0.124711316397
0.468546637744 0.124711316397
0.467532467532 0.124711316397
0.466522678186 0.124711316397
0.465517241379 0.124711316397
0.464516129032 0.124711316397
0.463519313305 0.124711316397
0.464668094218 0.125288683603
0.463675213675 0.125288683603
0.462686567164 0.125288683603
0.46170212766 0.125288683603
0.462845010616 0.125866050808
0.46186440678 0.125866050808
0.463002114165 0.126443418014
0.462025316456 0.126443418014
0.461052631579 0.126443418014
0.460084033613 0.126443418014
0.459119496855 0.126443418014
0.460251046025 0.127020785219
0.459290187891 0.127020785219
0.458333333333 0.127020785219
0.459459459459 0.127598152425
0.458506224066 0.127598152425
0.457556935818 0.127598152425
0.456611570248 0.127598152425
0.455670103093 0.127598152425
0.454732510288 0.127598152425
0.453798767967 0.127598152425
0.452868852459 0.127598152425
0.453987730061 0.12817551963
0.455102040816 0.128752886836
0.456211812627 0.129330254042
0.455284552846 0.129330254042
0.456389452333 0.129907621247
0.455465587045 0.129907621247
0.456565656566 0.130484988453
0.45564516129 0.130484988453
0.456740442656 0.131062355658
0.455823293173 0.131062355658
0.456913827655 0.131639722864
0.458 0.132217090069
0.459081836327 0.132794457275
0.458167330677 0.132794457275
0.457256461233 0.132794457275
0.456349206349 0.132794457275
0.455445544554 0.132794457275
0.454545454545 0.132794457275
0.455621301775 0.13337182448
0.454724409449 0.13337182448
0.453831041257 0.13337182448
0.452941176471 0.13337182448
0.452054794521 0.13337182448
0.451171875 0.13337182448
0.450292397661 0.13337182448
0.451361867704 0.133949191686
0.450485436893 0.133949191686
0.449612403101 0.133949191686
0.448742746615 0.133949191686
0.447876447876 0.133949191686
0.447013487476 0.133949191686
0.446153846154 0.133949191686
0.445297504798 0.133949191686
0.444444444444 0.133949191686
0.443594646272 0.133949191686
0.442748091603 0.133949191686
0.44380952381 0.134526558891
0.442965779468 0.134526558891
0.442125237192 0.134526558891
0.443181818182 0.135103926097
0.442344045369 0.135103926097
0.441509433962 0.135103926097
0.442561205273 0.135681293303
0.441729323308 0.135681293303
0.44277673546 0.136258660508
0.443820224719 0.136836027714
0.444859813084 0.137413394919
0.445895522388 0.137990762125
0.446927374302 0.13856812933
0.446096654275 0.13856812933
0.445269016698 0.13856812933
0.444444444444 0.13856812933
0.443622920518 0.13856812933
0.442804428044 0.13856812933
0.441988950276 0.13856812933
0.441176470588 0.13856812933
0.440366972477 0.13856812933
0.441391941392 0.139145496536
0.442413162706 0.139722863741
0.441605839416 0.139722863741
0.440801457195 0.139722863741
0.441818181818 0.140300230947
0.441016333938 0.140300230947
0.442028985507 0.140877598152
0.44122965642 0.140877598152
0.440433212996 0.140877598152
0.441441441441 0.141454965358
0.440647482014 0.141454965358
0.439856373429 0.141454965358
0.440860215054 0.142032332564
0.441860465116 0.142609699769
0.441071428571 0.142609699769
0.440285204991 0.142609699769
0.439501779359 0.142609699769
0.438721136767 0.142609699769
0.437943262411 0.142609699769
0.438938053097 0.143187066975
0.43816254417 0.143187066975
0.437389770723 0.143187066975
0.43661971831 0.143187066975
0.435852372583 0.143187066975
0.436842105263 0.14376443418
0.436077057793 0.14376443418
0.437062937063 0.144341801386
0.43630017452 0.144341801386
0.435540069686 0.144341801386
0.43652173913 0.144919168591
0.435763888889 0.144919168591
0.435008665511 0.144919168591
0.434256055363 0.144919168591
0.433506044905 0.144919168591
0.43275862069 0.144919168591
0.432013769363 0.144919168591
0.431271477663 0.144919168591
0.430531732419 0.144919168591
0.429794520548 0.144919168591
0.42905982906 0.144919168591
0.430034129693 0.145496535797
0.431005110733 0.146073903002
0.431972789116 0.146651270208
0.431239388795 0.146651270208
0.430508474576 0.146651270208
0.431472081218 0.147228637413
0.430743243243 0.147228637413
0.431703204047 0.147806004619
0.430976430976 0.147806004619
0.43025210084 0.147806004619
0.431208053691 0.148383371824
0.430485762144 0.148383371824
0.429765886288 0.148383371824
0.429048414023 0.148383371824
0.428333333333 0.148383371824
0.42928452579 0.14896073903
0.43023255814 0.149538106236
0.42951907131 0.149538106236
0.430463576159 0.150115473441
0.429752066116 0.150115473441
0.42904290429 0.150115473441
0.428336079077 0.150115473441
0.429276315789 0.150692840647
0.430213464696 0.151270207852
0.431147540984 0.151847575058
0.430441898527 0.151847575058
0.429738562092 0.151847575058
0.429037520392 0.151847575058
0.42996742671 0.152424942263
0.430894308943 0.153002309469
0.430194805195 0.153002309469
0.429497568882 0.153002309469
0.430420711974 0.153579676674
0.429725363489 0.153579676674
0.429032258065 0.153579676674
0.429951690821 0.15415704388
0.429260450161 0.15415704388
0.428571428571 0.15415704388
0.427884615385 0.15415704388
0.4288 0.154734411085
0.428115015974 0.154734411085
0.427432216906 0.154734411085
0.426751592357 0.154734411085
0.426073131955 0.154734411085
0.425396825397 0.154734411085
0.426307448494 0.155311778291
0.425632911392 0.155311778291
0.424960505529 0.155311778291
0.42429022082 0.155311778291
0.423622047244 0.155311778291
0.424528301887 0.155889145497
0.423861852433 0.155889145497
0.424764890282 0.156466512702
0.424100156495 0.156466512702
0.425 0.157043879908
0.424336973479 0.157043879908
0.423676012461 0.157043879908
0.423017107309 0.157043879908
0.423913043478 0.157621247113
0.42480620155 0.158198614319
0.424148606811 0.158198614319
0.423493044822 0.158198614319
0.422839506173 0.158198614319
0.42218798151 0.158198614319
0.421538461538 0.158198614319
0.42242703533 0.158775981524
0.421779141104 0.158775981524
0.42113323124 0.158775981524
0.422018348624 0.15935334873
0.422900763359 0.159930715935
0.423780487805 0.160508083141
0.423135464231 0.160508083141
0.422492401216 0.160508083141
0.423368740516 0.161085450346
0.424242424242 0.161662817552
0.425113464448 0.162240184758
0.424471299094 0.162240184758
0.42383107089 0.162240184758
0.423192771084 0.162240184758
0.422556390977 0.162240184758
0.421921921922 0.162240184758
0.421289355322 0.162240184758
0.420658682635 0.162240184758
0.420029895366 0.162240184758
0.419402985075 0.162240184758
0.418777943368 0.162240184758
0.419642857143 0.162817551963
0.419019316493 0.162817551963
0.418397626113 0.162817551963
0.417777777778 0.162817551963
0.417159763314 0.162817551963
0.416543574594 0.162817551963
0.41592920354 0.162817551963
0.416789396171 0.163394919169
0.417647058824 0.163972286374
0.417033773862 0.163972286374
0.41642228739 0.163972286374
0.415812591508 0.163972286374
0.415204678363 0.163972286374
0.416058394161 0.16454965358
0.415451895044 0.16454965358
0.414847161572 0.16454965358
0.414244186047 0.16454965358
0.415094339623 0.165127020785
0.414492753623 0.165127020785
0.413892908828 0.165127020785
0.413294797688 0.165127020785
0.412698412698 0.165127020785
0.413544668588 0.165704387991
0.412949640288 0.165704387991
0.413793103448 0.166281755196
0.413199426112 0.166281755196
0.412607449857 0.166281755196
0.413447782546 0.166859122402
0.412857142857 0.166859122402
0.413694721826 0.167436489607
0.413105413105 0.167436489607
0.412517780939 0.167436489607
0.413352272727 0.168013856813
0.414184397163 0.168591224018
0.415014164306 0.169168591224
0.414427157001 0.169168591224
0.41384180791 0.169168591224
0.41466854725 0.16974595843
0.414084507042 0.16974595843
0.414908579466 0.170323325635
0.415730337079 0.170900692841
0.415147265077 0.170900692841
0.414565826331 0.170900692841
0.415384615385 0.171478060046
0.414804469274 0.171478060046
0.415620641562 0.172055427252
0.41504178273 0.172055427252
0.414464534075 0.172055427252
0.415277777778 0.172632794457
0.416088765603 0.173210161663
0.415512465374 0.173210161663
0.414937759336 0.173210161663
0.415745856354 0.173787528868
0.415172413793 0.173787528868
0.415977961433 0.174364896074
0.415405777166 0.174364896074
0.416208791209 0.174942263279
0.415637860082 0.174942263279
0.416438356164 0.175519630485
0.415868673051 0.175519630485
0.415300546448 0.175519630485
0.414733969986 0.175519630485
0.41416893733 0.175519630485
0.413605442177 0.175519630485
0.414402173913 0.176096997691
0.413839891452 0.176096997691
0.414634146341 0.176674364896
0.414073071719 0.176674364896
0.413513513514 0.176674364896
0.412955465587 0.176674364896
0.412398921833 0.176674364896
0.411843876178 0.176674364896
0.411290322581 0.176674364896
0.410738255034 0.176674364896
0.41018766756 0.176674364896
0.410977242303 0.177251732102
0.410427807487 0.177251732102
0.409879839786 0.177251732102
0.409333333333 0.177251732102
0.40878828229 0.177251732102
0.409574468085 0.177829099307
0.409030544489 0.177829099307
0.409814323607 0.178406466513
0.41059602649 0.178983833718
0.410052910053 0.178983833718
0.410832232497 0.179561200924
0.410290237467 0.179561200924
0.409749670619 0.179561200924
0.410526315789 0.180138568129
0.409986859396 0.180138568129
0.409448818898 0.180138568129
0.408912188729 0.180138568129
0.409685863874 0.180715935335
0.409150326797 0.180715935335
0.40861618799 0.180715935335
0.408083441982 0.180715935335
0.408854166667 0.18129330254
0.408322496749 0.18129330254
0.407792207792 0.18129330254
0.407263294423 0.18129330254
0.406735751295 0.18129330254
0.406209573092 0.18129330254
0.406976744186 0.181870669746
0.406451612903 0.181870669746
0.407216494845 0.182448036952
0.406692406692 0.182448036952
0.40616966581 0.182448036952
0.405648267009 0.182448036952
0.40641025641 0.183025404157
0.407170294494 0.183602771363
0.407928388747 0.184180138568
0.408684546616 0.184757505774
0.408163265306 0.184757505774
0.407643312102 0.184757505774
0.407124681934 0.184757505774
0.406607369759 0.184757505774
0.406091370558 0.184757505774
0.405576679341 0.184757505774
0.406329113924 0.185334872979
0.405815423515 0.185334872979
0.405303030303 0.185334872979
0.404791929382 0.185334872979
0.405541561713 0.185912240185
0.405031446541 0.185912240185
0.405778894472 0.18648960739
0.405269761606 0.18648960739
0.406015037594 0.187066974596
0.405506883605 0.187066974596
0.40625 0.187644341801
0.405742821473 0.187644341801
0.406483790524 0.188221709007
0.40597758406 0.188221709007
0.40671641791 0.188799076212
0.406211180124 0.188799076212
0.40570719603 0.188799076212
0.405204460967 0.188799076212
0.404702970297 0.188799076212
0.404202719407 0.188799076212
0.403703703704 0.188799076212
0.403205918619 0.188799076212
0.402709359606 0.188799076212
0.40221402214 0.188799076212
0.40171990172 0.188799076212
0.401226993865 0.188799076212
0.400735294118 0.188799076212
0.40146878825 0.189376443418
0.40097799511 0.189376443418
0.400488400488 0.189376443418
0.4 0.189376443418
0.400730816078 0.189953810624
0.400243309002 0.189953810624
0.399756986634 0.189953810624
0.39927184466 0.189953810624
0.398787878788 0.189953810624
0.398305084746 0.189953810624
0.399032648126 0.190531177829
0.399758454106 0.191108545035
0.399276236429 0.191108545035
0.398795180723 0.191108545035
0.398315282792 0.191108545035
0.397836538462 0.191108545035
0.397358943577 0.191108545035
0.398081534772 0.19168591224
0.39880239521 0.192263279446
0.398325358852 0.192263279446
0.397849462366 0.192263279446
0.397374701671 0.192263279446
0.398092967819 0.192840646651
0.39880952381 0.193418013857
0.398335315101 0.193418013857
0.397862232779 0.193418013857
0.398576512456 0.193995381062
0.399289099526 0.194572748268
0.398816568047 0.194572748268
0.398345153664 0.194572748268
0.39787485242 0.194572748268
0.397405660377 0.194572748268
0.396937573616 0.194572748268
0.396470588235 0.194572748268
0.396004700353 0.194572748268
0.395539906103 0.194572748268
0.395076201641 0.194572748268
0.395784543326 0.195150115473
0.395321637427 0.195150115473
0.394859813084 0.195150115473
0.395565927655 0.195727482679
0.395104895105 0.195727482679
0.395809080326 0.196304849885
0.395348837209 0.196304849885
0.394889663182 0.196304849885
0.394431554524 0.196304849885
0.395133256083 0.19688221709
0.395833333333 0.197459584296
0.395375722543 0.197459584296
0.394919168591 0.197459584296
0.39446366782 0.197459584296
0.39400921659 0.197459584296
0.394706559264 0.198036951501
0.394252873563 0.198036951501
0.393800229621 0.198036951501
0.394495412844 0.198614318707
0.395189003436 0.199191685912
0.394736842105 0.199191685912
0.394285714286 0.199191685912
0.393835616438 0.199191685912
0.39338654504 0.199191685912
0.392938496583 0.199191685912
0.392491467577 0.199191685912
0.392045454545 0.199191685912
0.392735527809 0.199769053118
0.392290249433 0.199769053118
0.392978482446 0.200346420323
0.393665158371 0.200923787529
0.393220338983 0.200923787529
0.392776523702 0.200923787529
0.392333709132 0.200923787529
0.391891891892 0.200923787529
0.391451068616 0.200923787529
0.391011235955 0.200923787529
0.390572390572 0.200923787529
0.390134529148 0.200923787529
0.389697648376 0.200923787529
0.390380313199 0.201501154734
0.389944134078 0.201501154734
0.389508928571 0.201501154734
0.389074693423 0.201501154734
0.38864142539 0.201501154734
0.389321468298 0.20207852194
0.388888888889 0.20207852194
0.389567147614 0.202655889145
0.390243902439 0.203233256351
0.389811738649 0.203233256351
0.390486725664 0.203810623557
0.390055248619 0.203810623557
0.389624724062 0.203810623557
0.390297684675 0.204387990762
0.38986784141 0.204387990762
0.389438943894 0.204387990762
0.389010989011 0.204387990762
0.388583973655 0.204387990762
0.388157894737 0.204387990762
0.38882803943 0.204965357968
0.388402625821 0.204965357968
0.387978142077 0.204965357968
0.38864628821 0.205542725173
0.388222464558 0.205542725173
0.38779956427 0.205542725173
0.387377584331 0.205542725173
0.388043478261 0.206120092379
0.387622149837 0.206120092379
0.387201735358 0.206120092379
0.387865655471 0.206697459584
0.387445887446 0.206697459584
0.387027027027 0.206697459584
0.386609071274 0.206697459584
0.38619201726 0.206697459584
0.385775862069 0.206697459584
0.385360602799 0.206697459584
0.384946236559 0.206697459584
0.384532760473 0.206697459584
0.384120171674 0.206697459584
0.38370846731 0.206697459584
0.38329764454 0.206697459584
0.382887700535 0.206697459584
0.382478632479 0.206697459584
0.382070437567 0.206697459584
0.382729211087 0.20727482679
0.38338658147 0.207852193995
0.382978723404 0.207852193995
0.3825717322 0.207852193995
0.382165605096 0.207852193995
0.381760339343 0.207852193995
0.381355932203 0.207852193995
0.380952380952 0.207852193995
0.380549682875 0.207852193995
0.381203801478 0.208429561201
0.381856540084 0.209006928406
0.381454162276 0.209006928406
0.381052631579 0.209006928406
0.380651945321 0.209006928406
0.38025210084 0.209006928406
0.379853095488 0.209006928406
0.380503144654 0.209584295612
0.380104712042 0.209584295612
0.379707112971 0.209584295612
0.379310344828 0.209584295612
0.37891440501 0.209584295612
0.378519290928 0.209584295612
0.378125 0.209584295612
0.377731529657 0.209584295612
0.377338877339 0.209584295612
0.376947040498 0.209584295612
0.376556016598 0.209584295612
0.376165803109 0.209584295612
0.376811594203 0.210161662818
0.376421923475 0.210161662818
0.376033057851 0.210161662818
0.37564499484 0.210161662818
0.375257731959 0.210161662818
0.374871266735 0.210161662818
0.374485596708 0.210161662818
0.374100719424 0.210161662818
0.373716632444 0.210161662818
0.373333333333 0.210161662818
0.373975409836 0.210739030023
0.373592630502 0.210739030023
0.373210633947 0.210739030023
0.372829417773 0.210739030023
0.373469387755 0.211316397229
0.373088685015 0.211316397229
0.372708757637 0.211316397229
0.372329603255 0.211316397229
0.371951219512 0.211316397229
0.371573604061 0.211316397229
0.371196754564 0.211316397229
0.370820668693 0.211316397229
0.37044534413 0.211316397229
0.370070778564 0.211316397229
0.369696969697 0.211316397229
0.369323915237 0.211316397229
0.369959677419 0.211893764434
0.369587109768 0.211893764434
0.369215291751 0.211893764434
0.368844221106 0.211893764434
0.368473895582 0.211893764434
0.368104312939 0.211893764434
0.367735470942 0.211893764434
0.368368368368 0.21247113164
0.368 0.21247113164
0.367632367632 0.21247113164
0.367265469062 0.21247113164
0.366899302094 0.21247113164
0.366533864542 0.21247113164
0.366169154229 0.21247113164
0.365805168986 0.21247113164
0.365441906653 0.21247113164
0.365079365079 0.21247113164
0.364717542121 0.21247113164
0.365346534653 0.213048498845
0.364985163205 0.213048498845
0.364624505929 0.213048498845
0.364264560711 0.213048498845
0.363905325444 0.213048498845
0.364532019704 0.213625866051
0.365157480315 0.214203233256
0.364798426745 0.214203233256
0.365422396857 0.214780600462
0.365063788027 0.214780600462
0.36568627451 0.215357967667
0.365328109696 0.215357967667
0.364970645793 0.215357967667
0.365591397849 0.215935334873
0.365234375 0.215935334873
0.36487804878 0.215935334873
0.364522417154 0.215935334873
0.365141187926 0.216512702079
0.364785992218 0.216512702079
0.365403304179 0.217090069284
0.365048543689 0.217090069284
0.364694471387 0.217090069284
0.364341085271 0.217090069284
0.363988383349 0.217090069284
0.363636363636 0.217090069284
0.363285024155 0.217090069284
0.362934362934 0.217090069284
0.362584378014 0.217090069284
0.362235067437 0.217090069284
0.361886429259 0.217090069284
0.3625 0.21766743649
0.363112391931 0.218244803695
0.363723608445 0.218822170901
0.363374880153 0.218822170901
0.36398467433 0.219399538106
0.363636363636 0.219399538106
0.363288718929 0.219399538106
0.3629417383 0.219399538106
0.362595419847 0.219399538106
0.362249761678 0.219399538106
0.361904761905 0.219399538106
0.361560418649 0.219399538106
0.361216730038 0.219399538106
0.361823361823 0.219976905312
0.361480075901 0.219976905312
0.361137440758 0.219976905312
0.361742424242 0.220554272517
0.361400189215 0.220554272517
0.361058601134 0.220554272517
0.360717658168 0.220554272517
0.360377358491 0.220554272517
0.360037700283 0.220554272517
0.359698681733 0.220554272517
0.359360301035 0.220554272517
0.359022556391 0.220554272517
0.358685446009 0.220554272517
0.358348968105 0.220554272517
0.3580131209 0.220554272517
0.357677902622 0.220554272517
0.357343311506 0.220554272517
0.357009345794 0.220554272517
0.356676003735 0.220554272517
0.356343283582 0.220554272517
0.356943150047 0.221131639723
0.356610800745 0.221131639723
0.357209302326 0.221709006928
0.35780669145 0.222286374134
0.35747446611 0.222286374134
0.357142857143 0.222286374134
0.356811862836 0.222286374134
0.356481481481 0.222286374134
0.357076780759 0.222863741339
0.35674676525 0.222863741339
0.356417359187 0.222863741339
0.356088560886 0.222863741339
0.355760368664 0.222863741339
0.355432780847 0.222863741339
0.355105795768 0.222863741339
0.354779411765 0.222863741339
0.354453627181 0.222863741339
0.35504587156 0.223441108545
0.354720439963 0.223441108545
0.354395604396 0.223441108545
0.354986276304 0.224018475751
0.35466179159 0.224018475751
0.355251141553 0.224595842956
0.355839416058 0.225173210162
0.355515041021 0.225173210162
0.355191256831 0.225173210162
0.355777979982 0.225750577367
0.355454545455 0.225750577367
0.356039963669 0.226327944573
0.355716878403 0.226327944573
0.355394378966 0.226327944573
0.355072463768 0.226327944573
0.354751131222 0.226327944573
0.354430379747 0.226327944573
0.354110207769 0.226327944573
0.353790613718 0.226327944573
0.353471596032 0.226327944573
0.354054054054 0.226905311778
0.353735373537 0.226905311778
0.353417266187 0.226905311778
0.353099730458 0.226905311778
0.35368043088 0.227482678984
0.3533632287 0.227482678984
0.353046594982 0.227482678984
0.352730528201 0.227482678984
0.353309481216 0.228060046189
0.352993744415 0.228060046189
0.353571428571 0.228637413395
0.353256021409 0.228637413395
0.352941176471 0.228637413395
0.352626892253 0.228637413395
0.353202846975 0.2292147806
0.352888888889 0.2292147806
0.353463587922 0.229792147806
0.353149955634 0.229792147806
0.352836879433 0.229792147806
0.352524357839 0.229792147806
0.352212389381 0.229792147806
0.351900972591 0.229792147806
0.352473498233 0.230369515012
0.352162400706 0.230369515012
0.351851851852 0.230369515012
0.352422907489 0.230946882217
0.352112676056 0.230946882217
0.351802990325 0.230946882217
0.351493848858 0.230946882217
0.351185250219 0.230946882217
0.351754385965 0.231524249423
0.351446099912 0.231524249423
0.351138353765 0.231524249423
0.350831146107 0.231524249423
0.350524475524 0.231524249423
0.350218340611 0.231524249423
0.349912739965 0.231524249423
0.349607672188 0.231524249423
0.349303135889 0.231524249423
0.348999129678 0.231524249423
0.348695652174 0.231524249423
0.348392701998 0.231524249423
0.348958333333 0.232101616628
0.348655680833 0.232101616628
0.34835355286 0.232101616628
0.348051948052 0.232101616628
0.347750865052 0.232101616628
0.347450302506 0.232101616628
0.347150259067 0.232101616628
0.346850733391 0.232101616628
0.347413793103 0.232678983834
0.347114556417 0.232678983834
0.347676419966 0.233256351039
0.347377472055 0.233256351039
0.347079037801 0.233256351039
0.347639484979 0.233833718245
0.347341337907 0.233833718245
0.347043701799 0.233833718245
0.346746575342 0.233833718245
0.346449957228 0.233833718245
0.346153846154 0.233833718245
0.34585824082 0.233833718245
0.345563139932 0.233833718245
0.345268542199 0.233833718245
0.344974446337 0.233833718245
0.344680851064 0.233833718245
0.344387755102 0.233833718245
0.344095157179 0.233833718245
0.343803056027 0.233833718245
0.343511450382 0.233833718245
0.343220338983 0.233833718245
0.342929720576 0.233833718245
0.342639593909 0.233833718245
0.342349957735 0.233833718245
0.342060810811 0.233833718245
0.342616033755 0.23441108545
0.342327150084 0.23441108545
0.342881213142 0.234988452656
0.343434343434 0.235565819861
0.343145500421 0.235565819861
0.342857142857 0.235565819861
0.342569269521 0.235565819861
0.342281879195 0.235565819861
0.341994970662 0.235565819861
0.342546063652 0.236143187067
0.342259414226 0.236143187067
0.341973244147 0.236143187067
0.341687552214 0.236143187067
0.341402337229 0.236143187067
0.341117597998 0.236143187067
0.340833333333 0.236143187067
0.341382181515 0.236720554273
0.341930116473 0.237297921478
0.341645885287 0.237297921478
0.341362126246 0.237297921478
0.341078838174 0.237297921478
0.3407960199 0.237297921478
0.340513670257 0.237297921478
0.340231788079 0.237297921478
0.339950372208 0.237297921478
0.339669421488 0.237297921478
0.339388934765 0.237297921478
0.339108910891 0.237297921478
0.339653751031 0.237875288684
0.339373970346 0.237875288684
0.339094650206 0.237875288684
0.338815789474 0.237875288684
0.338537387017 0.237875288684
0.338259441708 0.237875288684
0.33798195242 0.237875288684
0.337704918033 0.237875288684
0.338247338247 0.238452655889
0.337970540098 0.238452655889
0.338511856092 0.239030023095
0.338235294118 0.239030023095
0.338775510204 0.2396073903
0.338499184339 0.2396073903
0.338223308883 0.2396073903
0.337947882736 0.2396073903
0.337672904801 0.2396073903
0.337398373984 0.2396073903
0.337124289196 0.2396073903
0.336850649351 0.2396073903
0.336577453366 0.2396073903
0.336304700162 0.2396073903
0.336032388664 0.2396073903
0.335760517799 0.2396073903
0.3354890865 0.2396073903
0.336025848142 0.240184757506
0.335754640839 0.240184757506
0.336290322581 0.240762124711
0.336019339243 0.240762124711
0.335748792271 0.240762124711
0.335478680611 0.240762124711
0.335209003215 0.240762124711
0.335742971888 0.241339491917
0.335473515249 0.241339491917
0.335204490778 0.241339491917
0.334935897436 0.241339491917
0.334667734187 0.241339491917
0.3344 0.241339491917
0.334132693845 0.241339491917
0.333865814696 0.241339491917
0.334397446129 0.241916859122
0.334130781499 0.241916859122
0.333864541833 0.241916859122
0.333598726115 0.241916859122
0.333333333333 0.241916859122
0.33306836248 0.241916859122
0.33280381255 0.241916859122
0.33253968254 0.241916859122
0.333068992863 0.242494226328
0.332805071315 0.242494226328
0.333333333333 0.243071593533
0.333069620253 0.243071593533
0.332806324111 0.243071593533
0.332543443918 0.243071593533
0.33228097869 0.243071593533
0.332807570978 0.243648960739
0.332545311269 0.243648960739
0.333070866142 0.244226327945
0.332808811959 0.244226327945
0.332547169811 0.244226327945
0.332285938727 0.244226327945
0.332810047096 0.24480369515
0.332549019608 0.24480369515
0.332288401254 0.24480369515
0.332028191073 0.24480369515
0.331768388106 0.24480369515
0.3315089914 0.24480369515
0.33125 0.24480369515
0.330991412959 0.24480369515
0.330733229329 0.24480369515
0.330475448168 0.24480369515
0.330218068536 0.24480369515
0.329961089494 0.24480369515
0.329704510109 0.24480369515
0.329448329448 0.24480369515
0.329968944099 0.245381062356
0.32971295578 0.245381062356
0.329457364341 0.245381062356
0.329202168861 0.245381062356
0.328947368421 0.245381062356
0.328692962104 0.245381062356
0.328438948995 0.245381062356
0.328185328185 0.245381062356
0.327932098765 0.245381062356
0.328450269854 0.245958429561
0.328197226502 0.245958429561
0.327944572748 0.245958429561
0.327692307692 0.245958429561
0.327440430438 0.245958429561
0.327188940092 0.245958429561
0.326937835764 0.245958429561
0.326687116564 0.245958429561
0.326436781609 0.245958429561
0.326186830015 0.245958429561
0.325937260903 0.245958429561
0.325688073394 0.245958429561
0.325439266616 0.245958429561
0.325190839695 0.245958429561
0.324942791762 0.245958429561
0.324695121951 0.245958429561
0.324447829398 0.245958429561
0.324200913242 0.245958429561
0.323954372624 0.245958429561
0.323708206687 0.245958429561
0.323462414579 0.245958429561
0.323975720789 0.246535796767
0.32373009856 0.246535796767
0.323484848485 0.246535796767
0.32323996972 0.246535796767
0.322995461422 0.246535796767
0.32350718065 0.247113163972
0.323262839879 0.247113163972
0.323018867925 0.247113163972
0.322775263952 0.247113163972
0.322532027129 0.247113163972
0.322289156627 0.247113163972
0.322046651618 0.247113163972
0.322556390977 0.247690531178
0.322314049587 0.247690531178
0.322072072072 0.247690531178
0.321830457614 0.247690531178
0.321589205397 0.247690531178
0.321348314607 0.247690531178
0.321856287425 0.248267898383
0.322363500374 0.248845265589
0.322122571001 0.248845265589
0.321882001494 0.248845265589
0.321641791045 0.248845265589
0.321401938852 0.248845265589
0.321162444113 0.248845265589
0.320923306031 0.248845265589
0.32068452381 0.248845265589
0.320446096654 0.248845265589
0.320950965825 0.249422632794
0.320712694878 0.249422632794
0.321216617211 0.25
0.320978502595 0.25
0.321481481481 0.250577367206
0.321243523316 0.250577367206
0.32100591716 0.250577367206
0.321507760532 0.251154734411
0.321270310192 0.251154734411
0.321033210332 0.251154734411
0.320796460177 0.251154734411
0.320560058954 0.251154734411
0.320324005891 0.251154734411
0.320824135394 0.251732101617
0.320588235294 0.251732101617
0.320352681852 0.251732101617
0.320117474302 0.251732101617
0.320616287601 0.252309468822
0.321114369501 0.252886836028
0.321611721612 0.253464203233
0.321376281113 0.253464203233
0.321141185077 0.253464203233
0.320906432749 0.253464203233
0.320672023375 0.253464203233
0.321167883212 0.254041570439
0.320933625091 0.254041570439
0.320699708455 0.254041570439
0.320466132556 0.254041570439
0.320232896652 0.254041570439
0.320727272727 0.254618937644
0.320494186047 0.254618937644
0.320987654321 0.25519630485
0.321480406386 0.255773672055
0.321247280638 0.255773672055
0.321014492754 0.255773672055
0.320782041999 0.255773672055
0.320549927641 0.255773672055
0.320318148952 0.255773672055
0.320086705202 0.255773672055
0.319855595668 0.255773672055
0.319624819625 0.255773672055
0.319394376352 0.255773672055
0.319884726225 0.256351039261
0.32037437005 0.256928406467
0.320143884892 0.256928406467
0.319913731129 0.256928406467
0.319683908046 0.256928406467
0.320172290022 0.257505773672
0.319942611191 0.257505773672
0.319713261649 0.257505773672
0.319484240688 0.257505773672
0.319255547602 0.257505773672
0.319027181688 0.257505773672
0.318799142244 0.257505773672
0.318571428571 0.257505773672
0.318344039971 0.257505773672
0.318116975749 0.257505773672
0.31789023521 0.257505773672
0.317663817664 0.257505773672
0.31743772242 0.257505773672
0.317211948791 0.257505773672
0.316986496091 0.257505773672
0.317471590909 0.258083140878
0.317955997161 0.258660508083
0.318439716312 0.259237875289
0.318214032601 0.259237875289
0.318696883853 0.259815242494
0.31847133758 0.259815242494
0.318246110325 0.259815242494
0.318021201413 0.259815242494
0.317796610169 0.259815242494
0.318278052223 0.2603926097
0.318053596615 0.2603926097
0.317829457364 0.2603926097
0.317605633803 0.2603926097
0.317382125264 0.2603926097
0.317158931083 0.2603926097
0.317638791286 0.260969976905
0.317415730337 0.260969976905
0.317192982456 0.260969976905
0.316970546985 0.260969976905
0.316748423266 0.260969976905
0.316526610644 0.260969976905
0.316305108467 0.260969976905
0.316083916084 0.260969976905
0.315863032844 0.260969976905
0.315642458101 0.260969976905
