1.0 0.0
1.0 0.000577367205543
1.0 0.00115473441109
1.0 0.00173210161663
0.75 0.00173210161663
0.6 0.00173210161663
0.666666666667 0.00230946882217
0.571428571429 0.00230946882217
0.5 0.00230946882217
0.444444444444 0.00230946882217
0.4 0.00230946882217
0.363636363636 0.00230946882217
0.333333333333 0.00230946882217
0.384615384615 0.00288683602771
0.357142857143 0.00288683602771
0.333333333333 0.00288683602771
0.3125 0.00288683602771
0.352941176471 0.00346420323326
0.388888888889 0.0040415704388
0.368421052632 0.0040415704388
0.4 0.00461893764434
0.428571428571 0.00519630484988
0.454545454545 0.00577367205543
0.478260869565 0.00635103926097
0.5 0.00692840646651
0.48 0.00692840646651
0.5 0.00750577367206
0.518518518519 0.0080831408776
0.535714285714 0.00866050808314
0.51724137931 0.00866050808314
0.5 0.00866050808314
0.516129032258 0.00923787528868
0.5 0.00923787528868
0.515151515152 0.00981524249423
0.5 0.00981524249423
0.485714285714 0.00981524249423
0.5 0.0103926096998
0.513513513514 0.0109699769053
0.526315789474 0.0115473441109
0.512820512821 0.0115473441109
0.525 0.0121247113164
0.536585365854 0.0127020785219
0.52380952381 0.0127020785219
0.53488372093 0.0132794457275
0.545454545455 0.013856812933
0.533333333333 0.013856812933
0.54347826087 0.0144341801386
0.553191489362 0.0150115473441
0.541666666667 0.0150115473441
0.551020408163 0.0155889145497
0.54 0.0155889145497
0.529411764706 0.0155889145497
0.538461538462 0.0161662817552
0.547169811321 0.0167436489607
0.537037037037 0.0167436489607
0.527272727273 0.0167436489607
0.535714285714 0.0173210161663
0.526315789474 0.0173210161663
0.534482758621 0.0178983833718
0.525423728814 0.0178983833718
0.516666666667 0.0178983833718
0.508196721311 0.0178983833718
0.5 0.0178983833718
0.507936507937 0.0184757505774
0.515625 0.0190531177829
0.523076923077 0.0196304849885
0.515151515152 0.0196304849885
0.522388059701 0.020207852194
0.514705882353 0.020207852194
0.507246376812 0.020207852194
0.514285714286 0.0207852193995
0.507042253521 0.0207852193995
0.513888888889 0.0213625866051
0.506849315068 0.0213625866051
0.5 0.0213625866051
0.506666666667 0.0219399538106
0.5 0.0219399538106
0.506493506494 0.0225173210162
0.512820512821 0.0230946882217
0.506329113924 0.0230946882217
0.5125 0.0236720554273
0.506172839506 0.0236720554273
0.5 0.0236720554273
0.493975903614 0.0236720554273
0.5 0.0242494226328
0.494117647059 0.0242494226328
0.5 0.0248267898383
0.494252873563 0.0248267898383
0.5 0.0254041570439
0.494382022472 0.0254041570439
0.488888888889 0.0254041570439
0.483516483516 0.0254041570439
0.489130434783 0.0259815242494
0.494623655914 0.026558891455
0.489361702128 0.026558891455
0.484210526316 0.026558891455
0.479166666667 0.026558891455
0.474226804124 0.026558891455
0.479591836735 0.0271362586605
0.474747474747 0.0271362586605
0.48 0.0277136258661
0.485148514851 0.0282909930716
0.480392156863 0.0282909930716
0.485436893204 0.0288683602771
0.490384615385 0.0294457274827
0.485714285714 0.0294457274827
0.481132075472 0.0294457274827
0.485981308411 0.0300230946882
0.490740740741 0.0306004618938
0.495412844037 0.0311778290993
0.5 0.0317551963048
0.495495495495 0.0317551963048
0.5 0.0323325635104
0.504424778761 0.0329099307159
0.5 0.0329099307159
0.504347826087 0.0334872979215
0.5 0.0334872979215
0.495726495726 0.0334872979215
0.491525423729 0.0334872979215
0.487394957983 0.0334872979215
0.483333333333 0.0334872979215
0.487603305785 0.034064665127
0.491803278689 0.0346420323326
0.487804878049 0.0346420323326
0.491935483871 0.0352193995381
0.496 0.0357967667436
0.492063492063 0.0357967667436
0.488188976378 0.0357967667436
0.4921875 0.0363741339492
0.496124031008 0.0369515011547
0.5 0.0375288683603
0.503816793893 0.0381062355658
0.5 0.0381062355658
0.496240601504 0.0381062355658
0.5 0.0386836027714
0.503703703704 0.0392609699769
0.507352941176 0.0398383371824
0.510948905109 0.040415704388
0.507246376812 0.040415704388
0.503597122302 0.040415704388
0.507142857143 0.0409930715935
0.503546099291 0.0409930715935
0.5 0.0409930715935
0.496503496503 0.0409930715935
0.493055555556 0.0409930715935
0.489655172414 0.0409930715935
0.486301369863 0.0409930715935
0.489795918367 0.0415704387991
0.486486486486 0.0415704387991
0.489932885906 0.0421478060046
0.486666666667 0.0421478060046
0.490066225166 0.0427251732102
0.493421052632 0.0433025404157
0.496732026144 0.0438799076212
0.5 0.0444572748268
0.496774193548 0.0444572748268
0.5 0.0450346420323
0.503184713376 0.0456120092379
0.5 0.0456120092379
0.496855345912 0.0456120092379
0.5 0.0461893764434
0.496894409938 0.0461893764434
0.5 0.046766743649
0.496932515337 0.046766743649
0.5 0.0473441108545
0.49696969697 0.0473441108545
0.5 0.04792147806
0.497005988024 0.04792147806
0.5 0.0484988452656
0.497041420118 0.0484988452656
0.5 0.0490762124711
0.497076023392 0.0490762124711
0.5 0.0496535796767
0.49710982659 0.0496535796767
0.5 0.0502309468822
0.497142857143 0.0502309468822
0.5 0.0508083140878
0.502824858757 0.0513856812933
0.505617977528 0.0519630484988
0.508379888268 0.0525404157044
0.505555555556 0.0525404157044
0.502762430939 0.0525404157044
0.505494505495 0.0531177829099
0.508196721311 0.0536951501155
0.510869565217 0.054272517321
0.508108108108 0.054272517321
0.505376344086 0.054272517321
0.502673796791 0.054272517321
0.505319148936 0.0548498845266
0.502645502646 0.0548498845266
0.5 0.0548498845266
0.502617801047 0.0554272517321
0.505208333333 0.0560046189376
0.502590673575 0.0560046189376
0.505154639175 0.0565819861432
0.507692307692 0.0571593533487
0.510204081633 0.0577367205543
0.51269035533 0.0583140877598
0.515151515152 0.0588914549654
0.517587939698 0.0594688221709
0.515 0.0594688221709
0.512437810945 0.0594688221709
0.509900990099 0.0594688221709
0.512315270936 0.0600461893764
0.514705882353 0.060623556582
0.512195121951 0.060623556582
0.514563106796 0.0612009237875
0.51690821256 0.0617782909931
0.519230769231 0.0623556581986
0.516746411483 0.0623556581986
0.514285714286 0.0623556581986
0.516587677725 0.0629330254042
0.518867924528 0.0635103926097
0.521126760563 0.0640877598152
0.523364485981 0.0646651270208
0.520930232558 0.0646651270208
0.518518518519 0.0646651270208
0.520737327189 0.0652424942263
0.518348623853 0.0652424942263
0.51598173516 0.0652424942263
0.518181818182 0.0658198614319
0.52036199095 0.0663972286374
0.518018018018 0.0663972286374
0.520179372197 0.066974595843
0.522321428571 0.0675519630485
0.52 0.0675519630485
0.522123893805 0.068129330254
0.52422907489 0.0687066974596
0.526315789474 0.0692840646651
0.524017467249 0.0692840646651
0.521739130435 0.0692840646651
0.519480519481 0.0692840646651
0.51724137931 0.0692840646651
0.515021459227 0.0692840646651
0.517094017094 0.0698614318707
0.514893617021 0.0698614318707
0.516949152542 0.0704387990762
0.518987341772 0.0710161662818
0.516806722689 0.0710161662818
0.518828451883 0.0715935334873
0.516666666667 0.0715935334873
0.51867219917 0.0721709006928
0.51652892562 0.0721709006928
0.518518518519 0.0727482678984
0.516393442623 0.0727482678984
0.514285714286 0.0727482678984
0.512195121951 0.0727482678984
0.51012145749 0.0727482678984
0.512096774194 0.0733256351039
0.510040160643 0.0733256351039
0.508 0.0733256351039
0.505976095618 0.0733256351039
0.503968253968 0.0733256351039
0.501976284585 0.0733256351039
0.503937007874 0.0739030023095
0.501960784314 0.0739030023095
0.5 0.0739030023095
0.498054474708 0.0739030023095
0.5 0.074480369515
0.501930501931 0.0750577367206
0.503846153846 0.0756351039261
0.501915708812 0.0756351039261
0.503816793893 0.0762124711316
0.501901140684 0.0762124711316
0.5 0.0762124711316
0.501886792453 0.0767898383372
0.5 0.0767898383372
0.498127340824 0.0767898383372
0.496268656716 0.0767898383372
0.498141263941 0.0773672055427
0.5 0.0779445727483
0.49815498155 0.0779445727483
0.496323529412 0.0779445727483
0.494505494505 0.0779445727483
0.496350364964 0.0785219399538
0.494545454545 0.0785219399538
0.496376811594 0.0790993071594
0.494584837545 0.0790993071594
0.496402877698 0.0796766743649
0.494623655914 0.0796766743649
0.492857142857 0.0796766743649
0.494661921708 0.0802540415704
0.496453900709 0.080831408776
0.494699646643 0.080831408776
0.492957746479 0.080831408776
0.494736842105 0.0814087759815
0.496503496503 0.0819861431871
0.494773519164 0.0819861431871
0.493055555556 0.0819861431871
0.491349480969 0.0819861431871
0.493103448276 0.0825635103926
0.491408934708 0.0825635103926
0.489726027397 0.0825635103926
0.488054607509 0.0825635103926
0.489795918367 0.0831408775982
0.491525423729 0.0837182448037
0.493243243243 0.0842956120092
0.494949494949 0.0848729792148
0.496644295302 0.0854503464203
0.498327759197 0.0860277136259
0.496666666667 0.0860277136259
0.495016611296 0.0860277136259
0.493377483444 0.0860277136259
0.491749174917 0.0860277136259
0.493421052632 0.0866050808314
0.491803278689 0.0866050808314
0.493464052288 0.087182448037
0.495114006515 0.0877598152425
0.496753246753 0.088337182448
0.498381877023 0.0889145496536
0.496774193548 0.0889145496536
0.495176848875 0.0889145496536
0.49358974359 0.0889145496536
0.492012779553 0.0889145496536
0.493630573248 0.0894919168591
0.492063492063 0.0894919168591
0.493670886076 0.0900692840647
0.492113564669 0.0900692840647
0.493710691824 0.0906466512702
0.492163009404 0.0906466512702
0.490625 0.0906466512702
0.489096573209 0.0906466512702
0.487577639752 0.0906466512702
0.489164086687 0.0912240184758
0.487654320988 0.0912240184758
0.486153846154 0.0912240184758
0.484662576687 0.0912240184758
0.48623853211 0.0918013856813
0.484756097561 0.0918013856813
0.483282674772 0.0918013856813
0.484848484848 0.0923787528868
0.486404833837 0.0929561200924
0.487951807229 0.0935334872979
0.486486486486 0.0935334872979
0.48502994012 0.0935334872979
0.486567164179 0.0941108545035
0.488095238095 0.094688221709
0.486646884273 0.094688221709
0.488165680473 0.0952655889145
0.489675516224 0.0958429561201
0.488235294118 0.0958429561201
0.486803519062 0.0958429561201
0.485380116959 0.0958429561201
0.483965014577 0.0958429561201
0.485465116279 0.0964203233256
0.484057971014 0.0964203233256
0.485549132948 0.0969976905312
0.484149855908 0.0969976905312
0.485632183908 0.0975750577367
0.484240687679 0.0975750577367
0.482857142857 0.0975750577367
0.48433048433 0.0981524249423
0.485795454545 0.0987297921478
0.484419263456 0.0987297921478
0.485875706215 0.0993071593533
0.484507042254 0.0993071593533
0.48595505618 0.0998845265589
0.484593837535 0.0998845265589
0.483240223464 0.0998845265589
0.481894150418 0.0998845265589
0.483333333333 0.100461893764
0.484764542936 0.10103926097
0.486187845304 0.101616628176
0.484848484848 0.101616628176
0.486263736264 0.102193995381
0.484931506849 0.102193995381
0.486338797814 0.102771362587
0.485013623978 0.102771362587
0.483695652174 0.102771362587
0.482384823848 0.102771362587
0.483783783784 0.103348729792
0.482479784367 0.103348729792
0.481182795699 0.103348729792
0.482573726542 0.103926096998
0.48128342246 0.103926096998
0.48 0.103926096998
0.478723404255 0.103926096998
0.477453580902 0.103926096998
0.478835978836 0.104503464203
0.477572559367 0.104503464203
0.476315789474 0.104503464203
0.475065616798 0.104503464203
0.473821989529 0.104503464203
0.472584856397 0.104503464203
0.471354166667 0.104503464203
0.47012987013 0.104503464203
0.468911917098 0.104503464203
0.470284237726 0.105080831409
0.469072164948 0.105080831409
0.467866323907 0.105080831409
0.469230769231 0.105658198614
0.468030690537 0.105658198614
0.466836734694 0.105658198614
0.465648854962 0.105658198614
0.464467005076 0.105658198614
0.46582278481 0.10623556582
0.467171717172 0.106812933025
0.465994962217 0.106812933025
0.464824120603 0.106812933025
0.466165413534 0.107390300231
0.465 0.107390300231
0.463840399002 0.107390300231
0.462686567164 0.107390300231
0.461538461538 0.107390300231
0.460396039604 0.107390300231
0.459259259259 0.107390300231
0.458128078818 0.107390300231
0.459459459459 0.107967667436
0.458333333333 0.107967667436
0.457212713936 0.107967667436
0.458536585366 0.108545034642
0.457420924574 0.108545034642
0.456310679612 0.108545034642
0.455205811138 0.108545034642
0.454106280193 0.108545034642
0.453012048193 0.108545034642
0.454326923077 0.109122401848
0.455635491607 0.109699769053
0.454545454545 0.109699769053
0.453460620525 0.109699769053
0.452380952381 0.109699769053
0.451306413302 0.109699769053
0.450236966825 0.109699769053
0.449172576832 0.109699769053
0.448113207547 0.109699769053
0.449411764706 0.110277136259
0.450704225352 0.110854503464
0.449648711944 0.110854503464
0.448598130841 0.110854503464
0.449883449883 0.11143187067
0.451162790698 0.112009237875
0.450116009281 0.112009237875
0.451388888889 0.112586605081
0.452655889145 0.113163972286
0.451612903226 0.113163972286
0.450574712644 0.113163972286
0.451834862385 0.113741339492
0.453089244851 0.114318706697
0.452054794521 0.114318706697
0.451025056948 0.114318706697
0.45 0.114318706697
0.451247165533 0.114896073903
0.450226244344 0.114896073903
0.451467268623 0.115473441109
0.452702702703 0.116050808314
0.45393258427 0.11662817552
0.452914798206 0.11662817552
0.454138702461 0.117205542725
0.453125 0.117205542725
0.45434298441 0.117782909931
0.453333333333 0.117782909931
0.454545454545 0.118360277136
0.453539823009 0.118360277136
0.454746136865 0.118937644342
0.455947136564 0.119515011547
0.454945054945 0.119515011547
0.456140350877 0.120092378753
0.455142231947 0.120092378753
0.454148471616 0.120092378753
0.455337690632 0.120669745958
0.45652173913 0.121247113164
0.457700650759 0.12182448037
0.45670995671 0.12182448037
0.455723542117 0.12182448037
0.45474137931 0.12182448037
0.455913978495 0.122401847575
0.457081545064 0.122979214781
0.458244111349 0.123556581986
0.459401709402 0.124133949192
0.460554371002 0.124711316397
0.459574468085 0.124711316397
0.460721868365 0.125288683603
0.459745762712 0.125288683603
0.458773784355 0.125288683603
0.457805907173 0.125288683603
0.456842105263 0.125288683603
0.455882352941 0.125288683603
0.457023060797 0.125866050808
0.458158995816 0.126443418014
0.457202505219 0.126443418014
0.458333333333 0.127020785219
0.45738045738 0.127020785219
0.458506224066 0.127598152425
0.459627329193 0.12817551963
0.45867768595 0.12817551963
0.457731958763 0.12817551963
0.456790123457 0.12817551963
0.457905544148 0.128752886836
0.456967213115 0.128752886836
0.456032719836 0.128752886836
0.455102040816 0.128752886836
0.456211812627 0.129330254042
0.457317073171 0.129907621247
0.456389452333 0.129907621247
0.455465587045 0.129907621247
0.454545454545 0.129907621247
0.453629032258 0.129907621247
0.454728370221 0.130484988453
0.453815261044 0.130484988453
0.454909819639 0.131062355658
0.454 0.131062355658
0.455089820359 0.131639722864
0.454183266932 0.131639722864
0.455268389662 0.132217090069
0.456349206349 0.132794457275
0.455445544554 0.132794457275
0.45652173913 0.13337182448
0.455621301775 0.13337182448
0.454724409449 0.13337182448
0.4557956778 0.133949191686
0.454901960784 0.133949191686
0.454011741683 0.133949191686
0.455078125 0.134526558891
0.454191033138 0.134526558891
0.455252918288 0.135103926097
0.454368932039 0.135103926097
0.453488372093 0.135103926097
0.452611218569 0.135103926097
0.453667953668 0.135681293303
0.452793834297 0.135681293303
0.451923076923 0.135681293303
0.452975047985 0.136258660508
0.452107279693 0.136258660508
0.453154875717 0.136836027714
0.454198473282 0.137413394919
0.453333333333 0.137413394919
0.45247148289 0.137413394919
0.453510436433 0.137990762125
0.452651515152 0.137990762125
0.45179584121 0.137990762125
0.452830188679 0.13856812933
0.453860640301 0.139145496536
0.454887218045 0.139722863741
0.455909943715 0.140300230947
0.455056179775 0.140300230947
0.454205607477 0.140300230947
0.455223880597 0.140877598152
0.456238361266 0.141454965358
0.455390334572 0.141454965358
0.456400742115 0.142032332564
0.457407407407 0.142609699769
0.456561922366 0.142609699769
0.455719557196 0.142609699769
0.454880294659 0.142609699769
0.454044117647 0.142609699769
0.453211009174 0.142609699769
0.452380952381 0.142609699769
0.45155393053 0.142609699769
0.452554744526 0.143187066975
0.451730418944 0.143187066975
0.450909090909 0.143187066975
0.450090744102 0.143187066975
0.449275362319 0.143187066975
0.448462929476 0.143187066975
0.447653429603 0.143187066975
0.446846846847 0.143187066975
0.446043165468 0.143187066975
0.447037701975 0.14376443418
0.448028673835 0.144341801386
0.449016100179 0.144919168591
0.448214285714 0.144919168591
0.449197860963 0.145496535797
0.448398576512 0.145496535797
0.449378330373 0.146073903002
0.448581560284 0.146073903002
0.449557522124 0.146651270208
0.448763250883 0.146651270208
0.449735449735 0.147228637413
0.448943661972 0.147228637413
0.448154657293 0.147228637413
0.447368421053 0.147228637413
0.448336252189 0.147806004619
0.449300699301 0.148383371824
0.448516579407 0.148383371824
0.447735191638 0.148383371824
0.446956521739 0.148383371824
0.447916666667 0.14896073903
0.447140381282 0.14896073903
0.448096885813 0.149538106236
0.449050086356 0.150115473441
0.448275862069 0.150115473441
0.449225473322 0.150692840647
0.450171821306 0.151270207852
0.451114922813 0.151847575058
0.450342465753 0.151847575058
0.449572649573 0.151847575058
0.448805460751 0.151847575058
0.44804088586 0.151847575058
0.447278911565 0.151847575058
0.448217317487 0.152424942263
0.447457627119 0.152424942263
0.446700507614 0.152424942263
0.445945945946 0.152424942263
0.446880269815 0.153002309469
0.446127946128 0.153002309469
0.445378151261 0.153002309469
0.446308724832 0.153579676674
0.447236180905 0.15415704388
0.446488294314 0.15415704388
0.447412353923 0.154734411085
0.446666666667 0.154734411085
0.445923460899 0.154734411085
0.445182724252 0.154734411085
0.444444444444 0.154734411085
0.443708609272 0.154734411085
0.442975206612 0.154734411085
0.442244224422 0.154734411085
0.441515650741 0.154734411085
0.440789473684 0.154734411085
0.440065681445 0.154734411085
0.440983606557 0.155311778291
0.441898527005 0.155889145497
0.441176470588 0.155889145497
0.440456769984 0.155889145497
0.441368078176 0.156466512702
0.440650406504 0.156466512702
0.439935064935 0.156466512702
0.439222042139 0.156466512702
0.438511326861 0.156466512702
0.437802907916 0.156466512702
0.437096774194 0.156466512702
0.438003220612 0.157043879908
0.438906752412 0.157621247113
0.438202247191 0.157621247113
0.4375 0.157621247113
0.4368 0.157621247113
0.436102236422 0.157621247113
0.435406698565 0.157621247113
0.434713375796 0.157621247113
0.434022257552 0.157621247113
0.433333333333 0.157621247113
0.43264659271 0.157621247113
0.433544303797 0.158198614319
0.432859399684 0.158198614319
0.432176656151 0.158198614319
0.433070866142 0.158775981524
0.432389937107 0.158775981524
0.431711145997 0.158775981524
0.432601880878 0.15935334873
0.433489827856 0.159930715935
0.434375 0.160508083141
0.433697347894 0.160508083141
0.433021806854 0.160508083141
0.43234836703 0.160508083141
0.433229813665 0.161085450346
0.432558139535 0.161085450346
0.431888544892 0.161085450346
0.431221020093 0.161085450346
0.430555555556 0.161085450346
0.429892141757 0.161085450346
0.429230769231 0.161085450346
0.428571428571 0.161085450346
0.427914110429 0.161085450346
0.428790199081 0.161662817552
0.428134556575 0.161662817552
0.427480916031 0.161662817552
0.426829268293 0.161662817552
0.427701674277 0.162240184758
0.427051671733 0.162240184758
0.426403641882 0.162240184758
0.425757575758 0.162240184758
0.426626323752 0.162817551963
0.42749244713 0.163394919169
0.426847662142 0.163394919169
0.426204819277 0.163394919169
0.427067669173 0.163972286374
0.426426426426 0.163972286374
0.425787106447 0.163972286374
0.425149700599 0.163972286374
0.42600896861 0.16454965358
0.425373134328 0.16454965358
0.424739195231 0.16454965358
0.424107142857 0.16454965358
0.423476968796 0.16454965358
0.422848664688 0.16454965358
0.422222222222 0.16454965358
0.421597633136 0.16454965358
0.422451994092 0.165127020785
0.421828908555 0.165127020785
0.421207658321 0.165127020785
0.422058823529 0.165704387991
0.422907488987 0.166281755196
0.422287390029 0.166281755196
0.421669106881 0.166281755196
0.422514619883 0.166859122402
0.421897810219 0.166859122402
0.421282798834 0.166859122402
0.420669577875 0.166859122402
0.420058139535 0.166859122402
0.419448476052 0.166859122402
0.41884057971 0.166859122402
0.419681620839 0.167436489607
0.419075144509 0.167436489607
0.41847041847 0.167436489607
0.419308357349 0.168013856813
0.418705035971 0.168013856813
0.418103448276 0.168013856813
0.417503586801 0.168013856813
0.416905444126 0.168013856813
0.416309012876 0.168013856813
0.417142857143 0.168591224018
0.416547788873 0.168591224018
0.417378917379 0.169168591224
0.416785206259 0.169168591224
0.416193181818 0.169168591224
0.417021276596 0.16974595843
0.416430594901 0.16974595843
0.417256011315 0.170323325635
0.416666666667 0.170323325635
0.416078984485 0.170323325635
0.416901408451 0.170900692841
0.416315049226 0.170900692841
0.415730337079 0.170900692841
0.415147265077 0.170900692841
0.415966386555 0.171478060046
0.416783216783 0.172055427252
0.416201117318 0.172055427252
0.417015341702 0.172632794457
0.41782729805 0.173210161663
0.417246175243 0.173210161663
0.416666666667 0.173210161663
0.416088765603 0.173210161663
0.415512465374 0.173210161663
0.414937759336 0.173210161663
0.414364640884 0.173210161663
0.413793103448 0.173210161663
0.413223140496 0.173210161663
0.41265474553 0.173210161663
0.412087912088 0.173210161663
0.411522633745 0.173210161663
0.41095890411 0.173210161663
0.410396716826 0.173210161663
0.411202185792 0.173787528868
0.410641200546 0.173787528868
0.411444141689 0.174364896074
0.410884353741 0.174364896074
0.411684782609 0.174942263279
0.412483039349 0.175519630485
0.411924119241 0.175519630485
0.412719891746 0.176096997691
0.412162162162 0.176096997691
0.411605937922 0.176096997691
0.411051212938 0.176096997691
0.410497981157 0.176096997691
0.409946236559 0.176096997691
0.410738255034 0.176674364896
0.411528150134 0.177251732102
0.410977242303 0.177251732102
0.411764705882 0.177829099307
0.411214953271 0.177829099307
0.412 0.178406466513
0.411451398136 0.178406466513
0.410904255319 0.178406466513
0.410358565737 0.178406466513
0.411140583554 0.178983833718
0.41059602649 0.178983833718
0.410052910053 0.178983833718
0.409511228534 0.178983833718
0.408970976253 0.178983833718
0.408432147563 0.178983833718
0.409210526316 0.179561200924
0.409986859396 0.180138568129
0.409448818898 0.180138568129
0.410222804718 0.180715935335
0.410994764398 0.18129330254
0.41045751634 0.18129330254
0.409921671018 0.18129330254
0.409387222947 0.18129330254
0.408854166667 0.18129330254
0.408322496749 0.18129330254
0.407792207792 0.18129330254
0.407263294423 0.18129330254
0.408031088083 0.181870669746
0.407503234153 0.181870669746
0.40826873385 0.182448036952
0.407741935484 0.182448036952
0.408505154639 0.183025404157
0.407979407979 0.183025404157
0.407455012853 0.183025404157
0.406931964056 0.183025404157
0.40641025641 0.183025404157
0.405889884763 0.183025404157
0.406649616368 0.183602771363
0.406130268199 0.183602771363
0.405612244898 0.183602771363
0.405095541401 0.183602771363
0.405852417303 0.184180138568
0.405336721728 0.184180138568
0.404822335025 0.184180138568
0.405576679341 0.184757505774
0.406329113924 0.185334872979
0.405815423515 0.185334872979
0.406565656566 0.185912240185
0.40605296343 0.185912240185
0.405541561713 0.185912240185
0.405031446541 0.185912240185
0.404522613065 0.185912240185
0.404015056462 0.185912240185
0.40350877193 0.185912240185
0.403003754693 0.185912240185
0.4025 0.185912240185
0.403245942572 0.18648960739
0.402743142145 0.18648960739
0.403486924035 0.187066974596
0.404228855721 0.187644341801
0.403726708075 0.187644341801
0.404466501241 0.188221709007
0.403965303594 0.188221709007
0.403465346535 0.188221709007
0.402966625464 0.188221709007
0.403703703704 0.188799076212
0.403205918619 0.188799076212
0.402709359606 0.188799076212
0.40344403444 0.189376443418
0.402948402948 0.189376443418
0.403680981595 0.189953810624
0.40318627451 0.189953810624
0.402692778458 0.189953810624
0.402200488998 0.189953810624
0.40293040293 0.190531177829
0.403658536585 0.191108545035
0.403166869671 0.191108545035
0.402676399027 0.191108545035
0.402187120292 0.191108545035
0.401699029126 0.191108545035
0.401212121212 0.191108545035
0.400726392252 0.191108545035
0.400241837969 0.191108545035
0.399758454106 0.191108545035
0.400482509047 0.19168591224
0.4 0.19168591224
0.399518652226 0.19168591224
0.399038461538 0.19168591224
0.39855942377 0.19168591224
0.398081534772 0.19168591224
0.397604790419 0.19168591224
0.398325358852 0.192263279446
0.397849462366 0.192263279446
0.398568019093 0.192840646651
0.398092967819 0.192840646651
0.397619047619 0.192840646651
0.397146254459 0.192840646651
0.396674584323 0.192840646651
0.396204033215 0.192840646651
0.395734597156 0.192840646651
0.395266272189 0.192840646651
0.394799054374 0.192840646651
0.395513577332 0.193418013857
0.395047169811 0.193418013857
0.395759717314 0.193995381062
0.395294117647 0.193995381062
0.394829612221 0.193995381062
0.394366197183 0.193995381062
0.395076201641 0.194572748268
0.395784543326 0.195150115473
0.395321637427 0.195150115473
0.394859813084 0.195150115473
0.394399066511 0.195150115473
0.393939393939 0.195150115473
0.394644935972 0.195727482679
0.394186046512 0.195727482679
0.393728222997 0.195727482679
0.393271461717 0.195727482679
0.39281575898 0.195727482679
0.392361111111 0.195727482679
0.391907514451 0.195727482679
0.391454965358 0.195727482679
0.392156862745 0.196304849885
0.391705069124 0.196304849885
0.392405063291 0.19688221709
0.391954022989 0.19688221709
0.39150401837 0.19688221709
0.391055045872 0.19688221709
0.390607101947 0.19688221709
0.390160183066 0.19688221709
0.389714285714 0.19688221709
0.389269406393 0.19688221709
0.388825541619 0.19688221709
0.388382687927 0.19688221709
0.387940841866 0.19688221709
0.3875 0.19688221709
0.38706015891 0.19688221709
0.386621315193 0.19688221709
0.386183465459 0.19688221709
0.385746606335 0.19688221709
0.385310734463 0.19688221709
0.384875846501 0.19688221709
0.385569334837 0.197459584296
0.386261261261 0.198036951501
0.386951631046 0.198614318707
0.386516853933 0.198614318707
0.38608305275 0.198614318707
0.385650224215 0.198614318707
0.385218365062 0.198614318707
0.384787472036 0.198614318707
0.384357541899 0.198614318707
0.385044642857 0.199191685912
0.384615384615 0.199191685912
0.384187082405 0.199191685912
0.383759733037 0.199191685912
0.383333333333 0.199191685912
0.382907880133 0.199191685912
0.382483370288 0.199191685912
0.382059800664 0.199191685912
0.381637168142 0.199191685912
0.382320441989 0.199769053118
0.381898454746 0.199769053118
0.381477398015 0.199769053118
0.381057268722 0.199769053118
0.380638063806 0.199769053118
0.38021978022 0.199769053118
0.379802414929 0.199769053118
0.379385964912 0.199769053118
0.378970427163 0.199769053118
0.378555798687 0.199769053118
0.378142076503 0.199769053118
0.377729257642 0.199769053118
0.377317339149 0.199769053118
0.376906318083 0.199769053118
0.377584330794 0.200346420323
0.377173913043 0.200346420323
0.377850162866 0.200923787529
0.37852494577 0.201501154734
0.378114842904 0.201501154734
0.377705627706 0.201501154734
0.378378378378 0.20207852194
0.379049676026 0.202655889145
0.378640776699 0.202655889145
0.378232758621 0.202655889145
0.37890204521 0.203233256351
0.378494623656 0.203233256351
0.378088077336 0.203233256351
0.377682403433 0.203233256351
0.377277599143 0.203233256351
0.377944325482 0.203810623557
0.377540106952 0.203810623557
0.377136752137 0.203810623557
0.376734258271 0.203810623557
0.376332622601 0.203810623557
0.375931842386 0.203810623557
0.376595744681 0.204387990762
0.376195536663 0.204387990762
0.375796178344 0.204387990762
0.37539766702 0.204387990762
0.376059322034 0.204965357968
0.37671957672 0.205542725173
0.376321353066 0.205542725173
0.376979936642 0.206120092379
0.376582278481 0.206120092379
0.377239199157 0.206697459584
0.376842105263 0.206697459584
0.376445846477 0.206697459584
0.376050420168 0.206697459584
0.375655823715 0.206697459584
0.375262054507 0.206697459584
0.374869109948 0.206697459584
0.374476987448 0.206697459584
0.37513061651 0.20727482679
0.375782881002 0.207852193995
0.375391032325 0.207852193995
0.376041666667 0.208429561201
0.375650364204 0.208429561201
0.37525987526 0.208429561201
0.3748701973 0.208429561201
0.375518672199 0.209006928406
0.376165803109 0.209584295612
0.376811594203 0.210161662818
0.376421923475 0.210161662818
0.377066115702 0.210739030023
0.376676986584 0.210739030023
0.376288659794 0.210739030023
0.375901132853 0.210739030023
0.375514403292 0.210739030023
0.375128468654 0.210739030023
0.374743326489 0.210739030023
0.374358974359 0.210739030023
0.373975409836 0.210739030023
0.373592630502 0.210739030023
0.373210633947 0.210739030023
0.372829417773 0.210739030023
0.372448979592 0.210739030023
0.372069317023 0.210739030023
0.372708757637 0.211316397229
0.372329603255 0.211316397229
0.371951219512 0.211316397229
0.371573604061 0.211316397229
0.372210953347 0.211893764434
0.371833839919 0.211893764434
0.372469635628 0.21247113164
0.372093023256 0.21247113164
0.371717171717 0.21247113164
0.371342078708 0.21247113164
0.370967741935 0.21247113164
0.370594159114 0.21247113164
0.370221327968 0.21247113164
0.369849246231 0.21247113164
0.369477911647 0.21247113164
0.369107321966 0.21247113164
0.36873747495 0.21247113164
0.368368368368 0.21247113164
0.369 0.213048498845
0.368631368631 0.213048498845
0.368263473054 0.213048498845
0.367896311067 0.213048498845
0.368525896414 0.213625866051
0.36815920398 0.213625866051
0.368787276342 0.214203233256
0.368421052632 0.214203233256
0.368055555556 0.214203233256
0.367690782953 0.214203233256
0.367326732673 0.214203233256
0.366963402572 0.214203233256
0.366600790514 0.214203233256
0.366238894373 0.214203233256
0.365877712032 0.214203233256
0.365517241379 0.214203233256
0.365157480315 0.214203233256
0.364798426745 0.214203233256
0.364440078585 0.214203233256
0.365063788027 0.214780600462
0.364705882353 0.214780600462
0.364348677767 0.214780600462
0.363992172211 0.214780600462
0.363636363636 0.214780600462
0.36328125 0.214780600462
0.362926829268 0.214780600462
0.362573099415 0.214780600462
0.363193768257 0.215357967667
0.362840466926 0.215357967667
0.362487852284 0.215357967667
0.36213592233 0.215357967667
0.362754607177 0.215935334873
0.362403100775 0.215935334873
0.363020329138 0.216512702079
0.363636363636 0.217090069284
0.364251207729 0.21766743649
0.3638996139 0.21766743649
0.363548698168 0.21766743649
0.364161849711 0.218244803695
0.363811357074 0.218244803695
0.363461538462 0.218244803695
0.364073006724 0.218822170901
0.363723608445 0.218822170901
0.363374880153 0.218822170901
0.36398467433 0.219399538106
0.363636363636 0.219399538106
0.364244741874 0.219976905312
0.363896848138 0.219976905312
0.363549618321 0.219976905312
0.363203050524 0.219976905312
0.362857142857 0.219976905312
0.362511893435 0.219976905312
0.363117870722 0.220554272517
0.36277302944 0.220554272517
0.363377609108 0.221131639723
0.363981042654 0.221709006928
0.364583333333 0.222286374134
0.364238410596 0.222286374134
0.364839319471 0.222863741339
0.365439093484 0.223441108545
0.366037735849 0.224018475751
0.365692742696 0.224018475751
0.365348399247 0.224018475751
0.365004703669 0.224018475751
0.365601503759 0.224595842956
0.366197183099 0.225173210162
0.365853658537 0.225173210162
0.366447985005 0.225750577367
0.366104868914 0.225750577367
0.366697848457 0.226327944573
0.366355140187 0.226327944573
0.366013071895 0.226327944573
0.365671641791 0.226327944573
0.365330848089 0.226327944573
0.365921787709 0.226905311778
0.365581395349 0.226905311778
0.365241635688 0.226905311778
0.365831012071 0.227482678984
0.365491651206 0.227482678984
0.36515291937 0.227482678984
0.364814814815 0.227482678984
0.3644773358 0.227482678984
0.364140480591 0.227482678984
0.364727608495 0.228060046189
0.364391143911 0.228060046189
0.364055299539 0.228060046189
0.363720073665 0.228060046189
0.363385464581 0.228060046189
0.363051470588 0.228060046189
0.362718089991 0.228060046189
0.363302752294 0.228637413395
0.362969752521 0.228637413395
0.363553113553 0.2292147806
0.363220494053 0.2292147806
0.362888482633 0.2292147806
0.362557077626 0.2292147806
0.362226277372 0.2292147806
0.362807657247 0.229792147806
0.36247723133 0.229792147806
0.362147406733 0.229792147806
0.362727272727 0.230369515012
0.363306085377 0.230946882217
0.362976406534 0.230946882217
0.362647325476 0.230946882217
0.36231884058 0.230946882217
0.362895927602 0.231524249423
0.363471971067 0.232101616628
0.363143631436 0.232101616628
0.363718411552 0.232678983834
0.363390441839 0.232678983834
0.363963963964 0.233256351039
0.363636363636 0.233256351039
0.363309352518 0.233256351039
0.362982929021 0.233256351039
0.362657091562 0.233256351039
0.362331838565 0.233256351039
0.362007168459 0.233256351039
0.361683079678 0.233256351039
0.361359570662 0.233256351039
0.361036639857 0.233256351039
0.360714285714 0.233256351039
0.36039250669 0.233256351039
0.360071301248 0.233256351039
0.359750667854 0.233256351039
0.359430604982 0.233256351039
0.36 0.233833718245
0.359680284192 0.233833718245
0.359361135759 0.233833718245
0.359042553191 0.233833718245
0.359610274579 0.23441108545
0.359292035398 0.23441108545
0.358974358974 0.23441108545
0.358657243816 0.23441108545
0.359223300971 0.234988452656
0.358906525573 0.234988452656
0.35859030837 0.234988452656
0.358274647887 0.234988452656
0.357959542656 0.234988452656
0.357644991213 0.234988452656
0.357330992098 0.234988452656
0.35701754386 0.234988452656
0.356704645048 0.234988452656
0.356392294221 0.234988452656
0.356080489939 0.234988452656
0.355769230769 0.234988452656
0.355458515284 0.234988452656
0.355148342059 0.234988452656
0.355710549259 0.235565819861
0.356271777003 0.236143187067
0.35683202785 0.236720554273
0.35652173913 0.236720554273
0.357080799305 0.237297921478
0.356770833333 0.237297921478
0.35646140503 0.237297921478
0.356152512998 0.237297921478
0.355844155844 0.237297921478
0.35553633218 0.237297921478
0.355229040622 0.237297921478
0.354922279793 0.237297921478
0.354616048318 0.237297921478
0.354310344828 0.237297921478
0.354005167959 0.237297921478
0.354561101549 0.237875288684
0.355116079106 0.238452655889
0.354810996564 0.238452655889
0.354506437768 0.238452655889
0.354202401372 0.238452655889
0.353898886033 0.238452655889
0.354452054795 0.239030023095
0.354148845167 0.239030023095
0.353846153846 0.239030023095
0.353543979505 0.239030023095
0.353242320819 0.239030023095
0.352941176471 0.239030023095
0.352640545145 0.239030023095
0.352340425532 0.239030023095
0.352040816327 0.239030023095
0.351741716228 0.239030023095
0.351443123939 0.239030023095
0.351993214589 0.2396073903
0.351694915254 0.2396073903
0.351397121084 0.2396073903
0.351099830795 0.2396073903
0.350803043111 0.2396073903
0.350506756757 0.2396073903
0.350210970464 0.2396073903
0.350758853288 0.240184757506
0.350463352991 0.240184757506
0.35101010101 0.240762124711
0.350714886459 0.240762124711
0.350420168067 0.240762124711
0.350125944584 0.240762124711
0.349832214765 0.240762124711
0.349538977368 0.240762124711
0.349246231156 0.240762124711
0.349790794979 0.241339491917
0.349498327759 0.241339491917
0.349206349206 0.241339491917
0.349749582638 0.241916859122
0.349457881568 0.241916859122
0.349166666667 0.241916859122
0.349708576187 0.242494226328
0.350249584027 0.243071593533
0.34995843724 0.243071593533
0.349667774086 0.243071593533
0.35020746888 0.243648960739
0.34991708126 0.243648960739
0.349627174814 0.243648960739
0.349337748344 0.243648960739
0.349048800662 0.243648960739
0.348760330579 0.243648960739
0.349298100743 0.244226327945
0.34900990099 0.244226327945
0.348722176422 0.244226327945
0.348434925865 0.244226327945
0.348148148148 0.244226327945
0.347861842105 0.244226327945
0.347576006574 0.244226327945
0.348111658456 0.24480369515
0.347826086957 0.24480369515
0.347540983607 0.24480369515
0.348075348075 0.245381062356
0.347790507365 0.245381062356
0.347506132461 0.245381062356
0.347222222222 0.245381062356
0.34693877551 0.245381062356
0.346655791191 0.245381062356
0.346373268134 0.245381062356
0.346091205212 0.245381062356
0.345809601302 0.245381062356
0.345528455285 0.245381062356
0.345247766044 0.245381062356
0.344967532468 0.245381062356
0.344687753447 0.245381062356
0.344408427877 0.245381062356
0.344129554656 0.245381062356
0.343851132686 0.245381062356
0.34438156831 0.245958429561
0.344103392569 0.245958429561
0.34382566586 0.245958429561
0.343548387097 0.245958429561
0.343271555197 0.245958429561
0.342995169082 0.245958429561
0.342719227675 0.245958429561
0.343247588424 0.246535796767
0.34297188755 0.246535796767
0.342696629213 0.246535796767
0.34242181235 0.246535796767
0.342948717949 0.247113163972
0.342674139311 0.247113163972
0.3424 0.247113163972
0.342126298961 0.247113163972
0.342651757188 0.247690531178
0.343176376696 0.248267898383
0.342902711324 0.248267898383
0.342629482072 0.248267898383
0.342356687898 0.248267898383
0.342084327765 0.248267898383
0.341812400636 0.248267898383
0.341540905481 0.248267898383
0.34126984127 0.248267898383
0.340999206979 0.248267898383
0.340729001585 0.248267898383
0.34045922407 0.248267898383
0.340189873418 0.248267898383
0.339920948617 0.248267898383
0.339652448657 0.248267898383
0.340173638516 0.248845265589
0.340694006309 0.249422632794
0.340425531915 0.249422632794
0.340157480315 0.249422632794
0.339889850511 0.249422632794
0.339622641509 0.249422632794
0.339355852317 0.249422632794
0.339089481947 0.249422632794
0.338823529412 0.249422632794
0.33855799373 0.249422632794
0.33907595928 0.25
0.338810641628 0.25
0.338545738858 0.25
0.33828125 0.25
0.338017174083 0.25
0.33775351014 0.25
0.33749025721 0.25
0.33722741433 0.25
0.336964980545 0.25
0.336702954899 0.25
0.336441336441 0.25
0.336956521739 0.250577367206
0.33669511249 0.250577367206
0.336434108527 0.250577367206
0.336173508908 0.250577367206
0.336687306502 0.251154734411
0.336426914153 0.251154734411
0.336166924266 0.251154734411
0.335907335907 0.251154734411
0.336419753086 0.251732101617
0.336931380108 0.252309468822
0.336671802773 0.252309468822
0.336412625096 0.252309468822
0.336153846154 0.252309468822
0.335895465027 0.252309468822
0.335637480799 0.252309468822
0.336147352264 0.252886836028
0.335889570552 0.252886836028
0.335632183908 0.252886836028
0.335375191424 0.252886836028
0.335118592196 0.252886836028
0.334862385321 0.252886836028
0.334606569901 0.252886836028
0.334351145038 0.252886836028
0.33409610984 0.252886836028
0.333841463415 0.252886836028
0.333587204874 0.252886836028
0.334094368341 0.253464203233
0.334600760456 0.254041570439
0.334346504559 0.254041570439
0.334851936219 0.254618937644
0.334597875569 0.254618937644
0.334344200152 0.254618937644
