634 1 0.998842954636
91210 1 0.998651325703
3160 1 0.998561680317
59721 1 0.998152077198
26790 1 0.997973382473
20917 1 0.99758708477
5661 1 0.99747377634
25772 1 0.997188746929
25872 1 0.997070550919
22247 1 0.996926486492
56888 1 0.996614992619
57243 1 0.996178388596
7243 1 0.99612146616
49832 1 0.995989739895
69181 1 0.995879650116
31081 1 0.995150148869
89667 1 0.994646966457
73947 1 0.994459748268
10162 1 0.993927180767
36939 1 0.993790209293
8692 1 0.9931229949
46201 1 0.993031740189
40156 1 0.992489099503
26715 1 0.992276608944
49084 1 0.991916239262
38955 1 0.991766870022
86818 1 0.99126547575
4930 1 0.990873336792
44109 1 0.990678191185
21197 1 0.990264892578
642 1 0.989824712276
78322 1 0.989377439022
325 1 0.989158928394
36888 1 0.988904774189
35410 1 0.988849401474
64040 1 0.988089859486
87308 1 0.987316012383
20697 1 0.986785233021
40540 1 0.986220240593
58784 1 0.986135363579
12557 1 0.986060619354
27028 1 0.985602736473
12543 1 0.985477149487
55446 1 0.984745740891
43256 1 0.984381973743
89177 1 0.984348356724
84730 1 0.984321475029
15302 1 0.983681440353
63338 1 0.983244419098
28520 1 0.982835233212
51218 1 0.982809662819
28451 1 0.981357634068
49616 1 0.981346845627
3527 1 0.981327474117
23701 1 0.980916678905
19227 1 0.979643940926
52350 1 0.979643642902
12058 1 0.979171812534
33904 1 0.978729128838
48162 1 0.978715658188
36731 1 0.978291034698
44676 1 0.978053569794
15614 1 0.977889060974
62894 1 0.977614820004
62824 1 0.977162659168
18571 1 0.976943433285
64289 1 0.976802945137
10038 1 0.97667580843
63615 1 0.976597487926
22177 4 0.976502180099
5275 1 0.976271033287
84797 1 0.975672662258
36052 1 0.97530066967
38938 1 0.975200772285
15916 1 0.975180983543
10233 1 0.974909305573
10153 1 0.974726915359
74068 1 0.974722743034
76490 1 0.974706411362
17774 1 0.974701881409
61802 1 0.974204242229
35668 1 0.973327875137
33696 1 0.973095059395
9462 1 0.97287940979
11882 1 0.972846806049
5687 1 0.972644686699
59280 1 0.972512960434
45577 1 0.972366094589
7750 1 0.972357153893
76245 1 0.9723315835
20713 1 0.972008109093
84960 4 0.970774948597
52353 1 0.970623314381
61250 1 0.970593214035
269 1 0.97028952837
42594 1 0.969542443752
38120 1 0.969327092171
5384 1 0.969135046005
54 1 0.969062387943
60218 1 0.968866944313
71962 1 0.968770623207
2155 1 0.968727648258
56049 1 0.968314230442
50478 1 0.968250870705
90061 1 0.968165159225
21924 1 0.968018889427
84875 1 0.967896521091
52211 1 0.967874586582
56890 1 0.967818439007
11143 1 0.967614233494
27496 1 0.967226028442
76497 1 0.967049956322
2356 1 0.966762065887
41233 1 0.96673220396
55877 1 0.966085135937
47024 1 0.965514361858
8105 1 0.965248405933
57739 1 0.965157091618
68520 1 0.965065181255
44361 1 0.964981436729
43067 1 0.964519560337
28799 1 0.963571608067
5356 1 0.963381290436
34090 1 0.963247895241
48575 1 0.962997317314
30194 1 0.96244597435
29194 1 0.962243616581
49556 4 0.961984872818
77992 1 0.9610029459
4331 1 0.960792601109
22239 1 0.960598051548
43077 1 0.960561871529
88783 1 0.960274875164
11801 4 0.959405362606
73632 1 0.958401203156
88938 1 0.957794010639
83344 1 0.957173168659
55218 1 0.956890702248
14082 4 0.95670735836
82535 1 0.955974698067
3090 1 0.955048799515
50190 1 0.954939961433
42424 1 0.953349292278
50266 1 0.953337550163
6243 1 0.953160464764
3507 1 0.952754735947
7977 1 0.951512753963
63167 1 0.951440453529
11462 1 0.951380670071
22257 1 0.95112490654
50965 1 0.951092362404
46526 1 0.94895529747
65238 1 0.948808550835
3706 1 0.948652088642
76196 4 0.94834882021
59841 1 0.947916388512
10164 1 0.947681903839
1958 1 0.947553873062
83806 4 0.947200655937
65433 4 0.946842491627
40502 1 0.946092426777
1478 1 0.945392787457
6837 1 0.9451354146
13611 1 0.945016503334
18860 1 0.944441497326
62578 1 0.943855166435
65992 1 0.943439662457
10166 1 0.943036437035
50947 1 0.942592322826
54468 1 0.942132055759
85928 1 0.942027211189
50492 1 0.940630316734
37761 1 0.939688622952
10509 4 0.939436733723
80608 1 0.937764883041
76861 1 0.936904251575
43610 1 0.935661315918
26497 1 0.935256183147
33385 1 0.934923350811
16049 1 0.934594511986
56663 1 0.934442520142
87462 1 0.933824002743
82299 1 0.93312227726
80113 1 0.932381033897
53396 1 0.932307481766
50485 1 0.931980550289
80157 1 0.931334197521
68642 1 0.930838048458
43887 1 0.930771946907
44268 1 0.930381715298
23699 1 0.92937296629
66282 1 0.927772402763
38688 1 0.927203774452
89443 1 0.926625072956
13538 1 0.926222383976
37509 1 0.926188528538
41055 1 0.92523252964
53230 1 0.924708545208
49076 1 0.924685180187
5523 1 0.924585223198
64186 1 0.923554241657
793 1 0.923551797867
66779 1 0.923057377338
60088 1 0.922922611237
72198 1 0.922914087772
76717 1 0.922073304653
3739 1 0.921862363815
41755 1 0.920718848705
80667 1 0.920127749443
56891 1 0.919959127903
29398 4 0.919528484344
16153 1 0.918151855469
58062 1 0.916741549969
62056 1 0.915845215321
67140 1 0.914983987808
5697 1 0.914063751698
21416 1 0.912452280521
63110 1 0.912365555763
35126 1 0.912092924118
65431 4 0.912052690983
86815 1 0.912041246891
68660 1 0.91196590662
432 1 0.911850810051
80093 1 0.911841511726
8715 4 0.9117410779
62098 4 0.911619007587
27578 1 0.911448180676
84936 1 0.91095072031
4095 1 0.910925507545
76109 1 0.910218000412
44020 1 0.90961009264
46551 1 0.909603595734
841 1 0.909124493599
55134 1 0.908804297447
12766 1 0.90877020359
12810 1 0.90792375803
67394 1 0.907176077366
56047 1 0.90630698204
8680 1 0.905114471912
3409 1 0.904251456261
81153 1 0.902216911316
9763 1 0.901903569698
43623 1 0.901748478413
37928 1 0.901709139347
82160 4 0.900141894817
36918 1 0.899900436401
15533 1 0.899201631546
47268 1 0.899097859859
90607 1 0.898786664009
7935 1 0.898280143738
20156 1 0.897740721703
49274 1 0.89765650034
4841 1 0.897417068481
78824 1 0.896985471249
2089 1 0.895593822002
5011 1 0.895521402359
52583 1 0.895486176014
70388 4 0.895388841629
34256 1 0.894402086735
38509 1 0.893686771393
7699 1 0.893049538136
50349 1 0.892752528191
62572 1 0.892539858818
79427 1 0.892500460148
3108 1 0.892414391041
46747 1 0.891979634762
64562 1 0.89183652401
79503 4 0.889984846115
22237 1 0.889346957207
54774 1 0.888797461987
41371 1 0.887668192387
15918 1 0.885095238686
82408 4 0.884475529194
47567 1 0.884461700916
17333 1 0.883778214455
39921 1 0.883617460728
4265 1 0.882575631142
4297 1 0.882192969322
6357 1 0.881600797176
8162 1 0.880928397179
87612 1 0.880795359612
37650 1 0.880135655403
90018 1 0.879924714565
1014 1 0.879783511162
27041 1 0.879142522812
47020 1 0.878787755966
11032 1 0.878590881824
23999 1 0.877773761749
59773 1 0.877764940262
45334 1 0.877566099167
64013 1 0.877065718174
88926 1 0.87690359354
19747 1 0.875998795033
57308 1 0.874599099159
22250 1 0.873492956161
42425 1 0.872755765915
50133 1 0.872184693813
18219 1 0.87074226141
60763 4 0.870695948601
11522 1 0.870367765427
51875 1 0.870344102383
62181 4 0.869944989681
78981 1 0.869316518307
74755 1 0.868867397308
21503 1 0.86869853735
59029 1 0.867845535278
16174 1 0.867002010345
71313 1 0.866611599922
69938 1 0.864902317524
17853 1 0.864210665226
28388 1 0.863713622093
58560 1 0.862936675549
18891 1 0.86142718792
57306 1 0.861096084118
69751 1 0.861085057259
2467 1 0.860831081867
42022 1 0.860325038433
60907 1 0.859256744385
40819 1 0.858979225159
91609 1 0.858857750893
41049 1 0.85884565115
39181 1 0.858361423016
90309 1 0.857497572899
29853 1 0.85714173317
69911 4 0.855146884918
62575 1 0.854638040066
4487 1 0.853720545769
33605 4 0.853264093399
83284 1 0.852725625038
35197 1 0.852506279945
39382 4 0.852119088173
22638 1 0.851905405521
31296 1 0.85122948885
54398 1 0.851081192493
23589 1 0.84886932373
83301 1 0.848588228226
22255 1 0.84665876627
19327 1 0.845294058323
2204 1 0.845132708549
87067 1 0.84492200613
51754 1 0.844907879829
83934 1 0.84490185976
1185 1 0.844583690166
19330 1 0.84392118454
43041 1 0.842387855053
44997 1 0.841931819916
11160 1 0.841809809208
13604 1 0.83977919817
35938 1 0.839693188667
47349 1 0.838090002537
17501 1 0.836900174618
36995 1 0.836765348911
31624 1 0.834799408913
820 1 0.834371387959
32660 1 0.833227932453
52820 1 0.833082318306
55884 1 0.832896173
70760 1 0.831867456436
89337 4 0.831760644913
69817 1 0.829435527325
66441 1 0.829423129559
20045 4 0.829037964344
11410 1 0.828825056553
12457 1 0.828575909138
12463 1 0.828341364861
87366 1 0.828139722347
65069 1 0.827242434025
33331 1 0.826895475388
55913 1 0.826784670353
11029 1 0.826296806335
64789 1 0.825381577015
29407 1 0.823517739773
16315 1 0.823091089725
57233 1 0.822797238827
66010 1 0.82114559412
41789 1 0.821007907391
26753 1 0.820481836796
42415 1 0.820310473442
21550 1 0.819381535053
50546 4 0.819213867188
40170 1 0.816822946072
40424 1 0.816147446632
12178 1 0.815953731537
32044 1 0.815509438515
85831 1 0.81524425745
679 1 0.814375698566
73170 1 0.81367456913
17630 1 0.813279867172
37347 1 0.812959253788
76946 1 0.812952160835
87338 1 0.812100052834
36505 1 0.811845004559
60803 1 0.811225056648
59672 1 0.810693502426
50173 1 0.810569286346
73325 1 0.810193479061
25101 1 0.80969452858
81742 4 0.809692621231
18769 1 0.809261322021
31204 1 0.809123396873
4891 1 0.808024406433
27658 1 0.806970536709
63015 1 0.806944668293
27833 1 0.805528759956
49876 1 0.804729402065
51784 1 0.804061353207
89689 1 0.803831636906
89621 1 0.80222505331
88902 1 0.801339268684
62601 1 0.801195681095
5475 1 0.800644159317
84940 1 0.800335884094
91230 1 0.799951255322
75798 1 0.797389626503
2253 1 0.796615719795
55623 4 0.796105563641
88658 1 0.794290304184
22367 1 0.794138967991
6569 1 0.792574465275
77049 1 0.789795935154
32349 1 0.789294660091
58548 1 0.78743493557
69905 1 0.786988735199
2256 1 0.785366714001
50967 1 0.785180091858
62554 1 0.785156428814
54560 1 0.784647762775
46745 1 0.784602344036
90352 4 0.783812940121
17440 1 0.782699882984
78835 1 0.78237593174
32913 1 0.779149651527
66711 1 0.777677357197
53930 1 0.777538180351
4520 1 0.777421832085
50483 1 0.776558101177
6521 1 0.776205778122
20746 1 0.776091098785
53981 1 0.775292575359
55481 1 0.775271892548
90510 1 0.774631083012
28634 1 0.774529993534
52262 4 0.774521589279
10274 1 0.774305343628
33097 4 0.773966908455
86133 1 0.772980868816
36512 1 0.772827506065
32840 1 0.772810637951
60106 1 0.771926999092
82922 4 0.771553039551
48164 1 0.771375119686
32169 1 0.770697653294
71006 1 0.770513057709
42531 1 0.770203828812
57654 1 0.768860638142
75848 1 0.768765151501
2285 1 0.768288850784
5558 1 0.768037378788
88290 1 0.767451524734
23374 4 0.766993939877
26566 1 0.766067802906
84222 1 0.765770971775
23399 1 0.765183627605
8586 1 0.761437594891
2973 1 0.760887563229
62249 1 0.760268867016
79467 1 0.759684860706
16984 1 0.758745312691
32460 1 0.758057832718
3226 1 0.757824122906
28270 1 0.757504761219
67502 1 0.756940960884
3427 1 0.756353795528
10397 4 0.754706084728
71113 1 0.753824353218
65467 4 0.752733647823
58500 1 0.748476207256
30358 1 0.745585381985
47834 1 0.74531519413
46024 1 0.74475902319
18460 1 0.744718134403
83783 1 0.744424164295
20074 1 0.743877768517
44892 1 0.743506729603
33781 1 0.743242502213
3203 1 0.742876887321
85006 4 0.742730140686
34918 4 0.742091238499
44526 1 0.741652429104
41022 1 0.741210341454
51693 1 0.74101537466
48540 1 0.74097597599
69264 1 0.740678906441
9634 1 0.740667104721
32316 1 0.740298688412
42926 1 0.738873362541
13547 1 0.7386546731
57651 1 0.738079428673
60131 1 0.737869739532
4240 4 0.737433612347
34601 1 0.737344503403
35722 1 0.736051976681
42812 4 0.734536409378
46944 4 0.734528243542
13021 1 0.73305284977
54233 1 0.732721209526
46568 1 0.732417345047
34260 1 0.731932044029
40654 1 0.73193103075
63706 1 0.731297433376
85643 1 0.730914652348
420 1 0.730617403984
33034 1 0.729203343391
17886 1 0.727581739426
44145 1 0.726178467274
50090 1 0.725486338139
19012 1 0.72453212738
89099 1 0.724432587624
46515 1 0.72352874279
18218 1 0.723129451275
50257 4 0.72274273634
38400 1 0.722596168518
4679 1 0.721788287163
13027 1 0.721149206161
66918 1 0.720758080482
18652 1 0.720739006996
90633 1 0.717665553093
21139 1 0.716866374016
34792 1 0.715528428555
2364 1 0.715214133263
40405 1 0.715119838715
50708 1 0.713862657547
47424 1 0.71339905262
44530 1 0.712817311287
55668 1 0.711121737957
88115 1 0.709589123726
73338 1 0.708700954914
16093 1 0.70799946785
43892 1 0.707652807236
49018 1 0.707423567772
49997 1 0.704984843731
66567 1 0.704395830631
78980 1 0.703641176224
38227 1 0.703442275524
63155 1 0.703369498253
71546 1 0.701344549656
1294 1 0.700586855412
68530 1 0.699514627457
19759 1 0.699359297752
47860 1 0.698837220669
83931 1 0.696236073971
76548 1 0.695044636726
30298 1 0.694945394993
21956 1 0.693407475948
52508 4 0.692446172237
1321 4 0.691694617271
87745 1 0.690032958984
37430 1 0.689912855625
64898 1 0.689384877682
74254 4 0.688897013664
5913 1 0.688363671303
12314 4 0.688126325607
28267 1 0.687644183636
5700 1 0.68617939949
24752 1 0.684507846832
8816 1 0.68336969614
19655 1 0.683072805405
34004 1 0.68246871233
9187 1 0.681851565838
45875 1 0.681492507458
69534 1 0.681415736675
4057 1 0.681391179562
19332 1 0.680370688438
28217 1 0.680162131786
38231 1 0.679530441761
63156 1 0.678913116455
50178 1 0.67882335186
4635 1 0.678044438362
43355 1 0.677707731724
3162 1 0.676577568054
6538 1 0.67617726326
44571 1 0.676012635231
19532 1 0.675951421261
45674 1 0.673643529415
30471 1 0.67346984148
16434 1 0.673265814781
17856 1 0.672577917576
74249 4 0.672229468822
33038 1 0.671915352345
17221 1 0.671749830246
71952 1 0.670763969421
44730 1 0.669601500034
12106 1 0.669364094734
1003 4 0.668353796005
19753 1 0.668073832989
38380 1 0.667748391628
18914 1 0.667344152927
43464 4 0.666904985905
54051 1 0.666606843472
20474 1 0.665822386742
58637 1 0.665758430958
84568 1 0.665316343307
49742 1 0.664671838284
29148 1 0.663076877594
44019 1 0.662214696407
54261 1 0.661685943604
10306 4 0.661414444447
27691 1 0.661227524281
19529 1 0.660617113113
90475 1 0.660580873489
43749 1 0.660010814667
24146 1 0.659254670143
91522 1 0.659207880497
28143 1 0.658425092697
81863 1 0.657237768173
46007 1 0.656780898571
12238 1 0.656482100487
12300 1 0.656398117542
4757 1 0.656376063824
28730 1 0.655942797661
35032 4 0.655816555023
54870 1 0.65535646677
21386 1 0.654512166977
67184 1 0.654302418232
3690 1 0.654155254364
35795 1 0.653450846672
33308 1 0.653247356415
89664 1 0.653108000755
38092 1 0.65292096138
49161 1 0.652738332748
75664 1 0.652687013149
85954 1 0.651912271976
30371 1 0.651887059212
19469 1 0.651525020599
7310 1 0.650634527206
10511 4 0.650529742241
74410 1 0.649947941303
9638 1 0.649600923061
34429 1 0.649422168732
21766 1 0.649210810661
87910 4 0.648870050907
46392 1 0.648626923561
89681 1 0.648138582706
19745 1 0.646976470947
53921 1 0.646959245205
64602 1 0.645121335983
70626 1 0.643925964832
23898 1 0.642992854118
39029 1 0.642424046993
48689 1 0.640812456608
10950 1 0.640633940697
60122 1 0.639748573303
47318 1 0.638148546219
62533 1 0.637571334839
11368 4 0.637237668037
1913 4 0.637060642242
3786 1 0.637053251266
3760 1 0.63680934906
53700 1 0.636359632015
46994 1 0.634546399117
69258 1 0.634280025959
54622 1 0.633669435978
63339 1 0.633351027966
18138 1 0.631818890572
78314 1 0.631709218025
32886 1 0.631451189518
32859 1 0.630184829235
66030 1 0.629784286022
31584 1 0.629197835922
63795 1 0.6281914711
76887 1 0.62757229805
31578 1 0.627561211586
12049 1 0.627108871937
71281 1 0.626481473446
54621 1 0.626024067402
4348 1 0.625765442848
81311 1 0.625600457191
13818 1 0.625351548195
52618 1 0.625113725662
75360 1 0.624808430672
62216 4 0.624049842358
11123 3 0.623975098133
56702 1 0.62296640873
24100 4 0.622716605663
86981 1 0.622572243214
73464 1 0.622551620007
48658 1 0.62204015255
59040 1 0.621670365334
8518 4 0.621542811394
56729 1 0.618813633919
65556 1 0.618434309959
7852 1 0.61611187458
83746 1 0.615644693375
26644 1 0.615585744381
50960 1 0.615132153034
2258 1 0.614678680897
480 1 0.614589929581
62251 1 0.614485025406
58039 1 0.614385545254
18222 1 0.614118099213
10439 1 0.612912893295
25664 1 0.612622141838
75105 1 0.612137436867
13624 1 0.610852003098
36917 1 0.610416710377
23861 4 0.608868420124
27993 2 0.607598662376
62289 1 0.607562661171
629 1 0.606967568398
9041 1 0.606338500977
6971 2 0.606179714203
88225 1 0.605147182941
28457 1 0.60487306118
38190 1 0.604081869125
45848 1 0.604068338871
86982 1 0.603902041912
21229 1 0.602830588818
56949 1 0.602154076099
1271 1 0.600608289242
18998 1 0.599685251713
20213 1 0.598415911198
12444 1 0.597765624523
9284 1 0.597015440464
68370 1 0.59531879425
7702 1 0.594074010849
38887 1 0.593156397343
52389 1 0.592580020428
21801 1 0.592014968395
20459 1 0.591218173504
24243 4 0.589145839214
60726 1 0.58908945322
60937 4 0.588999509811
73202 1 0.588434755802
10432 1 0.588163197041
67141 1 0.587180316448
89605 4 0.586430191994
66591 1 0.586178421974
3077 1 0.58568239212
66444 1 0.584141731262
14323 1 0.583447813988
37360 4 0.583380281925
48719 4 0.583378612995
4646 1 0.582724511623
26386 1 0.58266055584
51074 4 0.58259665966
76472 1 0.582087934017
16301 1 0.581500709057
66713 1 0.581064999104
68717 1 0.580191135406
20822 1 0.580002427101
32752 1 0.579399704933
15998 1 0.579091906548
80171 1 0.578854322433
44904 1 0.578396737576
89796 1 0.578214049339
7283 1 0.577804148197
10036 1 0.577157795429
68907 4 0.576696813107
2480 1 0.57572221756
19083 4 0.57523304224
50 4 0.573506653309
798 1 0.573404073715
20283 4 0.572820365429
43136 1 0.572487175465
74521 1 0.57177400589
1715 2 0.570150017738
19842 1 0.569968223572
90414 1 0.569620609283
81825 1 0.569601476192
36284 1 0.569419562817
3751 1 0.569276273251
61727 1 0.56922763586
42423 1 0.568606138229
45187 1 0.568084418774
52415 1 0.567966938019
57463 1 0.567492246628
19733 1 0.567109286785
3042 4 0.566666543484
89683 1 0.565957784653
1286 1 0.565355062485
26235 1 0.564711213112
84800 1 0.564413607121
29438 1 0.564377069473
54489 1 0.563673555851
28462 1 0.563477635384
74303 1 0.563081264496
12657 1 0.562933921814
48791 4 0.562710106373
43169 1 0.562279820442
7779 1 0.562128007412
14021 2 0.561152696609
45979 1 0.560390770435
74797 1 0.56025326252
45964 1 0.560120165348
35718 1 0.559962570667
10488 1 0.559874594212
8770 4 0.559861838818
55755 1 0.559284746647
4084 1 0.558873236179
61904 1 0.558755099773
49503 1 0.558612763882
43351 1 0.558029413223
90849 1 0.557718038559
572 1 0.557453215122
25838 4 0.55730265379
64546 1 0.556792140007
68488 8 0.555146336555
69132 1 0.554640114307
50791 1 0.554089069366
9948 1 0.553753554821
11656 1 0.553052783012
45475 1 0.552723586559
73113 1 0.552565097809
82790 4 0.552325069904
1175 1 0.551088869572
19606 1 0.55089867115
36405 4 0.550792634487
71605 1 0.550729334354
28616 1 0.550416767597
7411 1 0.550028681755
57706 1 0.548915803432
16817 1 0.548703551292
42348 1 0.547584831715
83903 4 0.547519803047
51665 1 0.546944320202
34050 1 0.546933472157
56380 1 0.546779692173
26932 1 0.54259377718
11831 4 0.541859745979
23150 1 0.541514277458
62370 1 0.541508555412
59772 1 0.541433572769
39672 1 0.539180457592
37936 1 0.538674414158
40907 1 0.537472605705
76074 4 0.537273406982
80969 1 0.537269413471
79094 1 0.53720664978
55578 1 0.537029266357
33708 1 0.536870181561
43964 1 0.536847412586
6652 4 0.536246955395
71298 1 0.534543335438
3826 1 0.534352123737
13705 1 0.534266352654
16910 4 0.533630371094
30927 1 0.532668352127
1013 1 0.531732082367
5132 1 0.531499564648
61195 1 0.530305564404
42227 4 0.529728233814
10690 1 0.529445707798
13882 2 0.529256820679
82159 4 0.529080152512
34553 1 0.528374433517
6510 1 0.527908980846
58890 1 0.52713483572
14222 1 0.527039527893
23003 1 0.526706337929
651 2 0.52667760849
2366 1 0.525934278965
57760 1 0.525726437569
2054 2 0.52521187067
38229 1 0.52485114336
77943 1 0.524785220623
54548 1 0.524776101112
60474 1 0.524660170078
8322 1 0.523759007454
19082 4 0.52364218235
75251 1 0.523257672787
35586 1 0.523176014423
77209 1 0.522633433342
73095 1 0.521539330482
9702 1 0.520754396915
1852 1 0.52006727457
82763 1 0.519585430622
45529 1 0.519195258617
1260 1 0.518785536289
58748 1 0.518447637558
48554 4 0.517788350582
45669 1 0.516839802265
40721 1 0.516382694244
71044 1 0.515722095966
17229 1 0.515434265137
30830 1 0.515171647072
3155 1 0.515089213848
74777 3 0.514965474606
70195 1 0.514462292194
10165 1 0.513760566711
85153 1 0.51313406229
69208 1 0.513109862804
4449 1 0.512352466583
27173 1 0.512208938599
60216 1 0.512108683586
21873 1 0.511903703213
20203 1 0.511114060879
1671 1 0.510858356953
76614 1 0.510638892651
7044 1 0.510122060776
13105 1 0.509747564793
49614 1 0.509397029877
82521 1 0.508749604225
81104 1 0.507884562016
22620 1 0.50748282671
29481 2 0.507475018501
67504 4 0.507403075695
38382 1 0.506293833256
53872 1 0.506279170513
82634 1 0.506231665611
10030 1 0.506179392338
43025 1 0.50602042675
31041 1 0.505628407001
31568 1 0.505563557148
45966 1 0.505326211452
87614 1 0.504767537117
63952 1 0.503357291222
14156 1 0.501983761787
65748 4 0.501639604568
38686 1 0.501536309719
21740 1 0.501469314098
20206 1 0.501017689705
33199 1 0.500975608826
88921 1 0.500899612904
18244 1 0.500642359257
79629 1 0.50063586235
21501 1 0.500204205513
44072 1 0.499277979136
88606 4 0.498254269361
69130 1 0.497898101807
1180 1 0.497885853052
821 1 0.494628578424
74988 2 0.493828594685
5586 1 0.493542522192
36176 2 0.489259123802
28049 4 0.48850312829
48117 4 0.482484459877
21862 2 0.482001185417
50615 4 0.480964899063
29149 1 0.476816058159
47717 4 0.473767399788
34665 4 0.464193463326
33309 1 0.460176289082
34458 7 0.459516644478
91062 2 0.453831613064
650 4 0.442479968071
88728 4 0.44220161438
76718 7 0.440932005644
32625 2 0.433481127024
34234 4 0.429452806711
16004 2 0.42174628377
12705 2 0.407335191965
42426 8 0.394359886646
26143 2 0.391208142042
83964 4 0.385487705469
51621 3 0.383905261755
6709 2 0.379519671202
64068 2 0.37478351593
4355 2 0.371853142977
15162 4 0.368859857321
90492 2 0.368608742952
79593 2 0.368548959494
74793 2 0.334695190191
89580 6 0.316324293613
29841 6 0.314334332943
46292 2 0.312010854483
51615 6 0.310839176178
2754 2 0.310063749552
20027 6 0.298500388861
50738 2 0.297435104847
52424 5 0.295959740877
60813 2 0.285583376884
27125 5 0.283961653709
66695 4 0.282585412264
65527 1 0.281096547842
39378 5 0.279017180204
22210 6 0.25614258647
56223 6 0.251241385937
5654 5 0.240667551756
9814 1 0.233386337757
5469 2 0.218019634485
