1.0 0.0
1.0 0.000577367205543
1.0 0.00115473441109
1.0 0.00173210161663
1.0 0.00230946882217
1.0 0.00288683602771
1.0 0.00346420323326
0.857142857143 0.00346420323326
0.875 0.0040415704388
0.888888888889 0.00461893764434
0.9 0.00519630484988
0.909090909091 0.00577367205543
0.833333333333 0.00577367205543
0.769230769231 0.00577367205543
0.785714285714 0.00635103926097
0.8 0.00692840646651
0.75 0.00692840646651
0.705882352941 0.00692840646651
0.722222222222 0.00750577367206
0.736842105263 0.0080831408776
0.7 0.0080831408776
0.714285714286 0.00866050808314
0.727272727273 0.00923787528868
0.695652173913 0.00923787528868
0.666666666667 0.00923787528868
0.64 0.00923787528868
0.653846153846 0.00981524249423
0.62962962963 0.00981524249423
0.642857142857 0.0103926096998
0.620689655172 0.0103926096998
0.633333333333 0.0109699769053
0.645161290323 0.0115473441109
0.625 0.0115473441109
0.636363636364 0.0121247113164
0.647058823529 0.0127020785219
0.657142857143 0.0132794457275
0.666666666667 0.013856812933
0.648648648649 0.013856812933
0.631578947368 0.013856812933
0.615384615385 0.013856812933
0.6 0.013856812933
0.585365853659 0.013856812933
0.595238095238 0.0144341801386
0.604651162791 0.0150115473441
0.590909090909 0.0150115473441
0.6 0.0155889145497
0.586956521739 0.0155889145497
0.574468085106 0.0155889145497
0.583333333333 0.0161662817552
0.571428571429 0.0161662817552
0.56 0.0161662817552
0.56862745098 0.0167436489607
0.576923076923 0.0173210161663
0.584905660377 0.0178983833718
0.592592592593 0.0184757505774
0.6 0.0190531177829
0.589285714286 0.0190531177829
0.578947368421 0.0190531177829
0.586206896552 0.0196304849885
0.593220338983 0.020207852194
0.583333333333 0.020207852194
0.573770491803 0.020207852194
0.564516129032 0.020207852194
0.555555555556 0.020207852194
0.546875 0.020207852194
0.538461538462 0.020207852194
0.545454545455 0.0207852193995
0.55223880597 0.0213625866051
0.558823529412 0.0219399538106
0.550724637681 0.0219399538106
0.557142857143 0.0225173210162
0.549295774648 0.0225173210162
0.555555555556 0.0230946882217
0.561643835616 0.0236720554273
0.567567567568 0.0242494226328
0.573333333333 0.0248267898383
0.578947368421 0.0254041570439
0.571428571429 0.0254041570439
0.576923076923 0.0259815242494
0.582278481013 0.026558891455
0.5875 0.0271362586605
0.592592592593 0.0277136258661
0.585365853659 0.0277136258661
0.578313253012 0.0277136258661
0.583333333333 0.0282909930716
0.576470588235 0.0282909930716
0.581395348837 0.0288683602771
0.586206896552 0.0294457274827
0.579545454545 0.0294457274827
0.584269662921 0.0300230946882
0.577777777778 0.0300230946882
0.582417582418 0.0306004618938
0.576086956522 0.0306004618938
0.58064516129 0.0311778290993
0.574468085106 0.0311778290993
0.568421052632 0.0311778290993
0.572916666667 0.0317551963048
0.577319587629 0.0323325635104
0.581632653061 0.0329099307159
0.585858585859 0.0334872979215
0.59 0.034064665127
0.594059405941 0.0346420323326
0.598039215686 0.0352193995381
0.601941747573 0.0357967667436
0.596153846154 0.0357967667436
0.6 0.0363741339492
0.603773584906 0.0369515011547
0.598130841121 0.0369515011547
0.592592592593 0.0369515011547
0.587155963303 0.0369515011547
0.590909090909 0.0375288683603
0.585585585586 0.0375288683603
0.580357142857 0.0375288683603
0.575221238938 0.0375288683603
0.578947368421 0.0381062355658
0.582608695652 0.0386836027714
0.586206896552 0.0392609699769
0.589743589744 0.0398383371824
0.584745762712 0.0398383371824
0.579831932773 0.0398383371824
0.583333333333 0.040415704388
0.586776859504 0.0409930715935
0.590163934426 0.0415704387991
0.585365853659 0.0415704387991
0.588709677419 0.0421478060046
0.592 0.0427251732102
0.587301587302 0.0427251732102
0.590551181102 0.0433025404157
0.5859375 0.0433025404157
0.581395348837 0.0433025404157
0.584615384615 0.0438799076212
0.580152671756 0.0438799076212
0.583333333333 0.0444572748268
0.586466165414 0.0450346420323
0.582089552239 0.0450346420323
0.585185185185 0.0456120092379
0.588235294118 0.0461893764434
0.591240875912 0.046766743649
0.594202898551 0.0473441108545
0.589928057554 0.0473441108545
0.592857142857 0.04792147806
0.595744680851 0.0484988452656
0.591549295775 0.0484988452656
0.594405594406 0.0490762124711
0.597222222222 0.0496535796767
0.593103448276 0.0496535796767
0.595890410959 0.0502309468822
0.591836734694 0.0502309468822
0.587837837838 0.0502309468822
0.58389261745 0.0502309468822
0.586666666667 0.0508083140878
0.58940397351 0.0513856812933
0.592105263158 0.0519630484988
0.588235294118 0.0519630484988
0.584415584416 0.0519630484988
0.587096774194 0.0525404157044
0.589743589744 0.0531177829099
0.592356687898 0.0536951501155
0.588607594937 0.0536951501155
0.584905660377 0.0536951501155
0.58125 0.0536951501155
0.583850931677 0.054272517321
0.586419753086 0.0548498845266
0.588957055215 0.0554272517321
0.591463414634 0.0560046189376
0.593939393939 0.0565819861432
0.590361445783 0.0565819861432
0.592814371257 0.0571593533487
0.589285714286 0.0571593533487
0.591715976331 0.0577367205543
0.594117647059 0.0583140877598
0.590643274854 0.0583140877598
0.587209302326 0.0583140877598
0.583815028902 0.0583140877598
0.586206896552 0.0588914549654
0.588571428571 0.0594688221709
0.590909090909 0.0600461893764
0.587570621469 0.0600461893764
0.589887640449 0.060623556582
0.586592178771 0.060623556582
0.588888888889 0.0612009237875
0.585635359116 0.0612009237875
0.582417582418 0.0612009237875
0.579234972678 0.0612009237875
0.576086956522 0.0612009237875
0.578378378378 0.0617782909931
0.575268817204 0.0617782909931
0.572192513369 0.0617782909931
0.56914893617 0.0617782909931
0.566137566138 0.0617782909931
0.568421052632 0.0623556581986
0.570680628272 0.0629330254042
0.567708333333 0.0629330254042
0.564766839378 0.0629330254042
0.567010309278 0.0635103926097
0.564102564103 0.0635103926097
0.561224489796 0.0635103926097
0.558375634518 0.0635103926097
0.555555555556 0.0635103926097
0.557788944724 0.0640877598152
0.555 0.0640877598152
0.55223880597 0.0640877598152
0.554455445545 0.0646651270208
0.551724137931 0.0646651270208
0.549019607843 0.0646651270208
0.551219512195 0.0652424942263
0.553398058252 0.0658198614319
0.550724637681 0.0658198614319
0.548076923077 0.0658198614319
0.55023923445 0.0663972286374
0.547619047619 0.0663972286374
0.549763033175 0.066974595843
0.547169811321 0.066974595843
0.544600938967 0.066974595843
0.542056074766 0.066974595843
0.539534883721 0.066974595843
0.541666666667 0.0675519630485
0.539170506912 0.0675519630485
0.54128440367 0.068129330254
0.538812785388 0.068129330254
0.536363636364 0.068129330254
0.538461538462 0.0687066974596
0.540540540541 0.0692840646651
0.538116591928 0.0692840646651
0.540178571429 0.0698614318707
0.542222222222 0.0704387990762
0.544247787611 0.0710161662818
0.541850220264 0.0710161662818
0.539473684211 0.0710161662818
0.53711790393 0.0710161662818
0.539130434783 0.0715935334873
0.536796536797 0.0715935334873
0.538793103448 0.0721709006928
0.540772532189 0.0727482678984
0.542735042735 0.0733256351039
0.540425531915 0.0733256351039
0.53813559322 0.0733256351039
0.540084388186 0.0739030023095
0.542016806723 0.074480369515
0.539748953975 0.074480369515
0.541666666667 0.0750577367206
0.54356846473 0.0756351039261
0.545454545455 0.0762124711316
0.547325102881 0.0767898383372
0.545081967213 0.0767898383372
0.54693877551 0.0773672055427
0.548780487805 0.0779445727483
0.546558704453 0.0779445727483
0.54435483871 0.0779445727483
0.542168674699 0.0779445727483
0.54 0.0779445727483
0.541832669323 0.0785219399538
0.539682539683 0.0785219399538
0.541501976285 0.0790993071594
0.53937007874 0.0790993071594
0.537254901961 0.0790993071594
0.5390625 0.0796766743649
0.540856031128 0.0802540415704
0.542635658915 0.080831408776
0.540540540541 0.080831408776
0.538461538462 0.080831408776
0.536398467433 0.080831408776
0.534351145038 0.080831408776
0.532319391635 0.080831408776
0.534090909091 0.0814087759815
0.532075471698 0.0814087759815
0.533834586466 0.0819861431871
0.531835205993 0.0819861431871
0.533582089552 0.0825635103926
0.53531598513 0.0831408775982
0.533333333333 0.0831408775982
0.535055350554 0.0837182448037
0.536764705882 0.0842956120092
0.538461538462 0.0848729792148
0.536496350365 0.0848729792148
0.534545454545 0.0848729792148
0.536231884058 0.0854503464203
0.537906137184 0.0860277136259
0.535971223022 0.0860277136259
0.537634408602 0.0866050808314
0.535714285714 0.0866050808314
0.537366548043 0.087182448037
0.539007092199 0.0877598152425
0.537102473498 0.0877598152425
0.535211267606 0.0877598152425
0.533333333333 0.0877598152425
0.534965034965 0.088337182448
0.536585365854 0.0889145496536
0.538194444444 0.0894919168591
0.539792387543 0.0900692840647
0.537931034483 0.0900692840647
0.536082474227 0.0900692840647
0.537671232877 0.0906466512702
0.535836177474 0.0906466512702
0.534013605442 0.0906466512702
0.535593220339 0.0912240184758
0.537162162162 0.0918013856813
0.538720538721 0.0923787528868
0.536912751678 0.0923787528868
0.535117056856 0.0923787528868
0.533333333333 0.0923787528868
0.53488372093 0.0929561200924
0.53642384106 0.0935334872979
0.534653465347 0.0935334872979
0.536184210526 0.0941108545035
0.534426229508 0.0941108545035
0.532679738562 0.0941108545035
0.534201954397 0.094688221709
0.532467532468 0.094688221709
0.53074433657 0.094688221709
0.532258064516 0.0952655889145
0.533762057878 0.0958429561201
0.532051282051 0.0958429561201
0.5303514377 0.0958429561201
0.531847133758 0.0964203233256
0.530158730159 0.0964203233256
0.53164556962 0.0969976905312
0.529968454259 0.0969976905312
0.531446540881 0.0975750577367
0.529780564263 0.0975750577367
0.528125 0.0975750577367
0.526479750779 0.0975750577367
0.524844720497 0.0975750577367
0.526315789474 0.0981524249423
0.524691358025 0.0981524249423
0.526153846154 0.0987297921478
0.524539877301 0.0987297921478
0.525993883792 0.0993071593533
0.524390243902 0.0993071593533
0.525835866261 0.0998845265589
0.524242424242 0.0998845265589
0.522658610272 0.0998845265589
0.524096385542 0.100461893764
0.522522522523 0.100461893764
0.523952095808 0.10103926097
0.525373134328 0.101616628176
0.52380952381 0.101616628176
0.525222551929 0.102193995381
0.523668639053 0.102193995381
0.525073746313 0.102771362587
0.523529411765 0.102771362587
0.524926686217 0.103348729792
0.526315789474 0.103926096998
0.524781341108 0.103926096998
0.526162790698 0.104503464203
0.524637681159 0.104503464203
0.526011560694 0.105080831409
0.524495677233 0.105080831409
0.525862068966 0.105658198614
0.527220630372 0.10623556582
0.525714285714 0.10623556582
0.527065527066 0.106812933025
0.528409090909 0.107390300231
0.529745042493 0.107967667436
0.531073446328 0.108545034642
0.532394366197 0.109122401848
0.530898876404 0.109122401848
0.532212885154 0.109699769053
0.533519553073 0.110277136259
0.532033426184 0.110277136259
0.533333333333 0.110854503464
0.534626038781 0.11143187067
0.53591160221 0.112009237875
0.537190082645 0.112586605081
0.535714285714 0.112586605081
0.534246575342 0.112586605081
0.535519125683 0.113163972286
0.534059945504 0.113163972286
0.532608695652 0.113163972286
0.533875338753 0.113741339492
0.535135135135 0.114318706697
0.533692722372 0.114318706697
0.534946236559 0.114896073903
0.536193029491 0.115473441109
0.53743315508 0.116050808314
0.538666666667 0.11662817552
0.537234042553 0.11662817552
0.535809018568 0.11662817552
0.534391534392 0.11662817552
0.532981530343 0.11662817552
0.531578947368 0.11662817552
0.53280839895 0.117205542725
0.531413612565 0.117205542725
0.530026109661 0.117205542725
0.53125 0.117782909931
0.52987012987 0.117782909931
0.528497409326 0.117782909931
0.529715762274 0.118360277136
0.528350515464 0.118360277136
0.526992287918 0.118360277136
0.528205128205 0.118937644342
0.526854219949 0.118937644342
0.525510204082 0.118937644342
0.52417302799 0.118937644342
0.52538071066 0.119515011547
0.524050632911 0.119515011547
0.525252525253 0.120092378753
0.52644836272 0.120669745958
0.527638190955 0.121247113164
0.528822055138 0.12182448037
0.5275 0.12182448037
0.528678304239 0.122401847575
0.529850746269 0.122979214781
0.528535980149 0.122979214781
0.527227722772 0.122979214781
0.525925925926 0.122979214781
0.524630541872 0.122979214781
0.523341523342 0.122979214781
0.524509803922 0.123556581986
0.523227383863 0.123556581986
0.524390243902 0.124133949192
0.525547445255 0.124711316397
0.52427184466 0.124711316397
0.525423728814 0.125288683603
0.526570048309 0.125866050808
0.525301204819 0.125866050808
0.526442307692 0.126443418014
0.52757793765 0.127020785219
0.528708133971 0.127598152425
0.527446300716 0.127598152425
0.52619047619 0.127598152425
0.524940617577 0.127598152425
0.523696682464 0.127598152425
0.522458628842 0.127598152425
0.52358490566 0.12817551963
0.522352941176 0.12817551963
0.521126760563 0.12817551963
0.519906323185 0.12817551963
0.518691588785 0.12817551963
0.517482517483 0.12817551963
0.516279069767 0.12817551963
0.517401392111 0.128752886836
0.516203703704 0.128752886836
0.515011547344 0.128752886836
0.513824884793 0.128752886836
0.512643678161 0.128752886836
0.511467889908 0.128752886836
0.510297482838 0.128752886836
0.509132420091 0.128752886836
0.510250569476 0.129330254042
0.511363636364 0.129907621247
0.512471655329 0.130484988453
0.513574660633 0.131062355658
0.51467268623 0.131639722864
0.513513513514 0.131639722864
0.514606741573 0.132217090069
0.515695067265 0.132794457275
0.514541387025 0.132794457275
0.515625 0.13337182448
0.514476614699 0.13337182448
0.515555555556 0.133949191686
0.514412416851 0.133949191686
0.513274336283 0.133949191686
0.512141280353 0.133949191686
0.513215859031 0.134526558891
0.512087912088 0.134526558891
0.513157894737 0.135103926097
0.514223194748 0.135681293303
0.513100436681 0.135681293303
0.511982570806 0.135681293303
0.513043478261 0.136258660508
0.511930585683 0.136258660508
0.510822510823 0.136258660508
0.511879049676 0.136836027714
0.510775862069 0.136836027714
0.511827956989 0.137413394919
0.510729613734 0.137413394919
0.511777301927 0.137990762125
0.510683760684 0.137990762125
0.511727078891 0.13856812933
0.510638297872 0.13856812933
0.509554140127 0.13856812933
0.508474576271 0.13856812933
0.507399577167 0.13856812933
0.506329113924 0.13856812933
0.505263157895 0.13856812933
0.504201680672 0.13856812933
0.503144654088 0.13856812933
0.504184100418 0.139145496536
0.503131524008 0.139145496536
0.504166666667 0.139722863741
0.505197505198 0.140300230947
0.50622406639 0.140877598152
0.505175983437 0.140877598152
0.504132231405 0.140877598152
0.503092783505 0.140877598152
0.502057613169 0.140877598152
0.501026694045 0.140877598152
0.5 0.140877598152
0.498977505112 0.140877598152
0.5 0.141454965358
0.501018329939 0.142032332564
0.502032520325 0.142609699769
0.501014198783 0.142609699769
0.5 0.142609699769
0.49898989899 0.142609699769
0.5 0.143187066975
0.501006036217 0.14376443418
0.502008032129 0.144341801386
0.503006012024 0.144919168591
0.502 0.144919168591
0.500998003992 0.144919168591
0.501992031873 0.145496535797
0.500994035785 0.145496535797
0.5 0.145496535797
0.49900990099 0.145496535797
0.498023715415 0.145496535797
0.499013806706 0.146073903002
0.498031496063 0.146073903002
0.497053045187 0.146073903002
0.496078431373 0.146073903002
0.495107632094 0.146073903002
0.494140625 0.146073903002
0.493177387914 0.146073903002
0.494163424125 0.146651270208
0.493203883495 0.146651270208
0.492248062016 0.146651270208
0.493230174081 0.147228637413
0.494208494208 0.147806004619
0.493256262042 0.147806004619
0.492307692308 0.147806004619
0.493282149712 0.148383371824
0.492337164751 0.148383371824
0.491395793499 0.148383371824
0.492366412214 0.14896073903
0.493333333333 0.149538106236
0.492395437262 0.149538106236
0.491461100569 0.149538106236
0.49053030303 0.149538106236
0.489603024575 0.149538106236
0.488679245283 0.149538106236
0.489642184557 0.150115473441
0.488721804511 0.150115473441
0.489681050657 0.150692840647
0.49063670412 0.151270207852
0.489719626168 0.151270207852
0.488805970149 0.151270207852
0.487895716946 0.151270207852
0.486988847584 0.151270207852
0.486085343228 0.151270207852
0.485185185185 0.151270207852
0.484288354898 0.151270207852
0.483394833948 0.151270207852
0.484346224678 0.151847575058
0.485294117647 0.152424942263
0.484403669725 0.152424942263
0.483516483516 0.152424942263
0.482632541133 0.152424942263
0.481751824818 0.152424942263
0.48087431694 0.152424942263
0.48 0.152424942263
0.480943738657 0.153002309469
0.480072463768 0.153002309469
0.479204339964 0.153002309469
0.480144404332 0.153579676674
0.479279279279 0.153579676674
0.480215827338 0.15415704388
0.479353680431 0.15415704388
0.480286738351 0.154734411085
0.479427549195 0.154734411085
0.478571428571 0.154734411085
0.477718360071 0.154734411085
0.476868327402 0.154734411085
0.477797513321 0.155311778291
0.47695035461 0.155311778291
0.477876106195 0.155889145497
0.47703180212 0.155889145497
0.47619047619 0.155889145497
0.475352112676 0.155889145497
0.474516695958 0.155889145497
0.475438596491 0.156466512702
0.474605954466 0.156466512702
0.473776223776 0.156466512702
0.474694589878 0.157043879908
0.473867595819 0.157043879908
0.473043478261 0.157043879908
0.472222222222 0.157043879908
0.471403812825 0.157043879908
0.470588235294 0.157043879908
0.469775474957 0.157043879908
0.468965517241 0.157043879908
0.468158347676 0.157043879908
0.46735395189 0.157043879908
0.466552315609 0.157043879908
0.467465753425 0.157621247113
0.468376068376 0.158198614319
0.467576791809 0.158198614319
0.466780238501 0.158198614319
0.46768707483 0.158775981524
0.468590831919 0.15935334873
0.467796610169 0.15935334873
0.467005076142 0.15935334873
0.466216216216 0.15935334873
0.465430016863 0.15935334873
0.46632996633 0.159930715935
0.465546218487 0.159930715935
0.464765100671 0.159930715935
0.463986599665 0.159930715935
0.464882943144 0.160508083141
0.465776293823 0.161085450346
0.465 0.161085450346
0.464226289517 0.161085450346
0.463455149502 0.161085450346
0.462686567164 0.161085450346
0.46357615894 0.161662817552
0.462809917355 0.161662817552
0.463696369637 0.162240184758
0.462932454695 0.162240184758
0.462171052632 0.162240184758
0.463054187192 0.162817551963
0.462295081967 0.162817551963
0.46317512275 0.163394919169
0.464052287582 0.163972286374
0.464926590538 0.16454965358
0.464169381107 0.16454965358
0.463414634146 0.16454965358
0.462662337662 0.16454965358
0.463533225284 0.165127020785
0.462783171521 0.165127020785
0.463651050081 0.165704387991
0.462903225806 0.165704387991
0.462157809984 0.165704387991
0.461414790997 0.165704387991
0.460674157303 0.165704387991
0.459935897436 0.165704387991
0.4608 0.166281755196
0.460063897764 0.166281755196
0.460925039872 0.166859122402
0.46178343949 0.167436489607
0.462639109698 0.168013856813
0.461904761905 0.168013856813
0.46117274168 0.168013856813
0.460443037975 0.168013856813
0.45971563981 0.168013856813
0.458990536278 0.168013856813
0.459842519685 0.168591224018
0.459119496855 0.168591224018
0.459968602826 0.169168591224
0.459247648903 0.169168591224
0.460093896714 0.16974595843
0.459375 0.16974595843
0.458658346334 0.16974595843
0.459501557632 0.170323325635
0.458786936236 0.170323325635
0.458074534161 0.170323325635
0.457364341085 0.170323325635
0.456656346749 0.170323325635
0.455950540958 0.170323325635
0.45524691358 0.170323325635
0.454545454545 0.170323325635
0.453846153846 0.170323325635
0.453149001536 0.170323325635
0.45245398773 0.170323325635
0.451761102603 0.170323325635
0.452599388379 0.170900692841
0.451908396947 0.170900692841
0.452743902439 0.171478060046
0.453576864536 0.172055427252
0.452887537994 0.172055427252
0.45220030349 0.172055427252
0.451515151515 0.172055427252
0.450832072617 0.172055427252
0.450151057402 0.172055427252
0.449472096531 0.172055427252
0.448795180723 0.172055427252
0.44962406015 0.172632794457
0.448948948949 0.172632794457
0.448275862069 0.172632794457
0.447604790419 0.172632794457
0.448430493274 0.173210161663
0.44776119403 0.173210161663
0.448584202683 0.173787528868
0.447916666667 0.173787528868
0.448736998514 0.174364896074
0.448071216617 0.174364896074
0.447407407407 0.174364896074
0.448224852071 0.174942263279
0.449039881832 0.175519630485
0.448377581121 0.175519630485
0.449189985272 0.176096997691
0.448529411765 0.176096997691
0.449339207048 0.176674364896
0.448680351906 0.176674364896
0.448023426061 0.176674364896
0.447368421053 0.176674364896
0.446715328467 0.176674364896
0.446064139942 0.176674364896
0.445414847162 0.176674364896
0.44476744186 0.176674364896
0.44412191582 0.176674364896
0.44347826087 0.176674364896
0.442836468886 0.176674364896
0.442196531792 0.176674364896
0.441558441558 0.176674364896
0.440922190202 0.176674364896
0.441726618705 0.177251732102
0.442528735632 0.177829099307
0.443328550933 0.178406466513
0.444126074499 0.178983833718
0.443490701001 0.178983833718
0.444285714286 0.179561200924
0.445078459344 0.180138568129
0.445868945869 0.180715935335
0.446657183499 0.18129330254
0.446022727273 0.18129330254
0.446808510638 0.181870669746
0.447592067989 0.182448036952
0.446958981612 0.182448036952
0.446327683616 0.182448036952
0.445698166432 0.182448036952
0.445070422535 0.182448036952
0.444444444444 0.182448036952
0.443820224719 0.182448036952
0.443197755961 0.182448036952
0.442577030812 0.182448036952
0.443356643357 0.183025404157
0.444134078212 0.183602771363
0.444909344491 0.184180138568
0.444289693593 0.184180138568
0.443671766342 0.184180138568
0.443055555556 0.184180138568
0.442441054092 0.184180138568
0.441828254848 0.184180138568
0.442600276625 0.184757505774
0.441988950276 0.184757505774
0.441379310345 0.184757505774
0.440771349862 0.184757505774
0.441540577717 0.185334872979
0.440934065934 0.185334872979
0.440329218107 0.185334872979
0.439726027397 0.185334872979
0.439124487004 0.185334872979
0.438524590164 0.185334872979
0.43792633015 0.185334872979
0.438692098093 0.185912240185
0.438095238095 0.185912240185
0.4375 0.185912240185
0.436906377205 0.185912240185
0.437669376694 0.18648960739
0.438430311231 0.187066974596
0.439189189189 0.187644341801
0.438596491228 0.187644341801
0.438005390836 0.187644341801
0.438761776581 0.188221709007
0.439516129032 0.188799076212
0.438926174497 0.188799076212
0.438337801609 0.188799076212
0.439089692102 0.189376443418
0.439839572193 0.189953810624
0.440587449933 0.190531177829
0.441333333333 0.191108545035
0.440745672437 0.191108545035
0.441489361702 0.19168591224
0.442231075697 0.192263279446
0.442970822281 0.192840646651
0.44238410596 0.192840646651
0.441798941799 0.192840646651
0.442536327609 0.193418013857
0.441952506596 0.193418013857
0.442687747036 0.193995381062
0.443421052632 0.194572748268
0.444152431012 0.195150115473
0.443569553806 0.195150115473
0.442988204456 0.195150115473
0.442408376963 0.195150115473
0.441830065359 0.195150115473
0.441253263708 0.195150115473
0.440677966102 0.195150115473
0.440104166667 0.195150115473
0.439531859558 0.195150115473
0.438961038961 0.195150115473
0.439688715953 0.195727482679
0.440414507772 0.196304849885
0.439844760673 0.196304849885
0.439276485788 0.196304849885
0.438709677419 0.196304849885
0.439432989691 0.19688221709
0.440154440154 0.197459584296
0.439588688946 0.197459584296
0.439024390244 0.197459584296
0.438461538462 0.197459584296
0.437900128041 0.197459584296
0.438618925831 0.198036951501
0.438058748404 0.198036951501
0.4375 0.198036951501
0.436942675159 0.198036951501
0.436386768448 0.198036951501
0.43583227446 0.198036951501
0.43654822335 0.198614318707
0.435994930292 0.198614318707
0.435443037975 0.198614318707
0.43615676359 0.199191685912
0.436868686869 0.199769053118
0.43631778058 0.199769053118
0.435768261965 0.199769053118
0.435220125786 0.199769053118
0.434673366834 0.199769053118
0.434127979925 0.199769053118
0.434837092732 0.200346420323
0.434292866083 0.200346420323
0.43375 0.200346420323
0.433208489388 0.200346420323
0.43391521197 0.200923787529
0.434620174346 0.201501154734
0.43407960199 0.201501154734
0.434782608696 0.20207852194
0.434243176179 0.20207852194
0.433705080545 0.20207852194
0.434405940594 0.202655889145
0.433868974042 0.202655889145
0.434567901235 0.203233256351
0.434032059186 0.203233256351
0.434729064039 0.203810623557
0.435424354244 0.204387990762
0.436117936118 0.204965357968
0.435582822086 0.204965357968
0.435049019608 0.204965357968
0.434516523868 0.204965357968
0.433985330073 0.204965357968
0.434676434676 0.205542725173
0.434146341463 0.205542725173
0.433617539586 0.205542725173
0.434306569343 0.206120092379
0.433778857837 0.206120092379
0.434466019417 0.206697459584
0.435151515152 0.20727482679
0.434624697337 0.20727482679
0.434099153567 0.20727482679
0.434782608696 0.207852193995
0.43425814234 0.207852193995
0.433734939759 0.207852193995
0.434416365824 0.208429561201
0.433894230769 0.208429561201
0.43337334934 0.208429561201
0.434052757794 0.209006928406
0.434730538922 0.209584295612
0.435406698565 0.210161662818
0.434886499403 0.210161662818
0.435560859189 0.210739030023
0.436233611442 0.211316397229
0.435714285714 0.211316397229
0.436385255648 0.211893764434
0.435866983373 0.211893764434
0.435349940688 0.211893764434
0.434834123223 0.211893764434
0.434319526627 0.211893764434
0.433806146572 0.211893764434
0.434474616293 0.21247113164
0.433962264151 0.21247113164
0.433451118963 0.21247113164
0.432941176471 0.21247113164
0.432432432432 0.21247113164
0.431924882629 0.21247113164
0.43141852286 0.21247113164
0.430913348946 0.21247113164
0.430409356725 0.21247113164
0.431074766355 0.213048498845
0.431738623104 0.213625866051
0.431235431235 0.213625866051
0.430733410943 0.213625866051
0.43023255814 0.213625866051
0.429732868757 0.213625866051
0.429234338747 0.213625866051
0.42989571263 0.214203233256
0.429398148148 0.214203233256
0.428901734104 0.214203233256
0.428406466513 0.214203233256
0.427912341407 0.214203233256
0.427419354839 0.214203233256
0.428078250863 0.214780600462
0.427586206897 0.214780600462
0.428243398393 0.215357967667
0.427752293578 0.215357967667
0.42726231386 0.215357967667
0.426773455378 0.215357967667
0.427428571429 0.215935334873
0.428082191781 0.216512702079
0.427594070696 0.216512702079
0.428246013667 0.217090069284
0.428896473265 0.21766743649
0.428409090909 0.21766743649
0.427922814983 0.21766743649
0.428571428571 0.218244803695
0.428086070215 0.218244803695
0.427601809955 0.218244803695
0.428248587571 0.218822170901
0.42776523702 0.218822170901
0.427282976325 0.218822170901
0.426801801802 0.218822170901
0.427446569179 0.219399538106
0.426966292135 0.219399538106
0.426487093154 0.219399538106
0.42600896861 0.219399538106
0.426651735722 0.219976905312
0.426174496644 0.219976905312
0.426815642458 0.220554272517
0.426339285714 0.220554272517
0.425863991081 0.220554272517
0.425389755011 0.220554272517
0.424916573971 0.220554272517
0.425555555556 0.221131639723
0.425083240844 0.221131639723
0.425720620843 0.221709006928
0.425249169435 0.221709006928
0.424778761062 0.221709006928
0.425414364641 0.222286374134
0.424944812362 0.222286374134
0.42447629548 0.222286374134
0.424008810573 0.222286374134
0.423542354235 0.222286374134
0.423076923077 0.222286374134
0.423710208562 0.222863741339
0.423245614035 0.222863741339
0.42278203724 0.222863741339
0.42341356674 0.223441108545
0.422950819672 0.223441108545
0.422489082969 0.223441108545
0.422028353326 0.223441108545
0.421568627451 0.223441108545
0.422198041349 0.224018475751
0.422826086957 0.224595842956
0.4223669924 0.224595842956
0.422993492408 0.225173210162
0.422535211268 0.225173210162
0.422077922078 0.225173210162
0.421621621622 0.225173210162
0.422246220302 0.225750577367
0.421790722762 0.225750577367
0.422413793103 0.226327944573
0.421959095802 0.226327944573
0.421505376344 0.226327944573
0.421052631579 0.226327944573
0.420600858369 0.226327944573
0.421221864952 0.226905311778
0.420770877944 0.226905311778
0.420320855615 0.226905311778
0.419871794872 0.226905311778
0.419423692636 0.226905311778
0.418976545842 0.226905311778
0.418530351438 0.226905311778
0.418085106383 0.226905311778
0.418703506908 0.227482678984
0.418259023355 0.227482678984
0.417815482503 0.227482678984
0.41843220339 0.228060046189
0.419047619048 0.228637413395
0.418604651163 0.228637413395
0.419218585005 0.2292147806
0.418776371308 0.2292147806
0.418335089568 0.2292147806
0.417894736842 0.2292147806
0.4174553102 0.2292147806
0.417016806723 0.2292147806
0.416579223505 0.2292147806
0.416142557652 0.2292147806
0.416753926702 0.229792147806
0.416317991632 0.229792147806
0.415882967607 0.229792147806
0.416492693111 0.230369515012
0.416058394161 0.230369515012
0.415625 0.230369515012
0.416233090531 0.230946882217
0.41683991684 0.231524249423
0.417445482866 0.232101616628
0.417012448133 0.232101616628
0.416580310881 0.232101616628
0.41718426501 0.232678983834
0.416752843847 0.232678983834
0.417355371901 0.233256351039
0.416924664603 0.233256351039
0.417525773196 0.233833718245
0.417095777549 0.233833718245
0.416666666667 0.233833718245
0.416238437821 0.233833718245
0.415811088296 0.233833718245
0.41641025641 0.23441108545
0.415983606557 0.23441108545
0.415557830092 0.23441108545
0.415132924335 0.23441108545
0.414708886619 0.23441108545
0.414285714286 0.23441108545
0.413863404689 0.23441108545
0.413441955193 0.23441108545
0.413021363174 0.23441108545
0.412601626016 0.23441108545
0.412182741117 0.23441108545
0.411764705882 0.23441108545
0.41134751773 0.23441108545
0.410931174089 0.23441108545
0.410515672396 0.23441108545
0.410101010101 0.23441108545
0.409687184662 0.23441108545
0.410282258065 0.234988452656
0.409869083585 0.234988452656
0.409456740443 0.234988452656
0.410050251256 0.235565819861
0.409638554217 0.235565819861
0.410230692076 0.236143187067
0.409819639279 0.236143187067
0.409409409409 0.236143187067
0.41 0.236720554273
0.410589410589 0.237297921478
0.410179640719 0.237297921478
0.409770687936 0.237297921478
0.410358565737 0.237875288684
0.409950248756 0.237875288684
0.409542743539 0.237875288684
0.409136047666 0.237875288684
0.40873015873 0.237875288684
0.408325074331 0.237875288684
0.407920792079 0.237875288684
0.408506429278 0.238452655889
0.409090909091 0.239030023095
0.408687068115 0.239030023095
0.408284023669 0.239030023095
0.407881773399 0.239030023095
0.408464566929 0.2396073903
0.409046214356 0.240184757506
0.408644400786 0.240184757506
0.408243375859 0.240184757506
0.407843137255 0.240184757506
0.407443682664 0.240184757506
0.408023483366 0.240762124711
0.407624633431 0.240762124711
0.4072265625 0.240762124711
0.407804878049 0.241339491917
0.407407407407 0.241339491917
0.407010710808 0.241339491917
0.406614785992 0.241339491917
0.406219630709 0.241339491917
0.405825242718 0.241339491917
0.405431619787 0.241339491917
0.40503875969 0.241339491917
0.404646660213 0.241339491917
0.404255319149 0.241339491917
0.4038647343 0.241339491917
0.403474903475 0.241339491917
0.403085824494 0.241339491917
0.402697495183 0.241339491917
0.403272377286 0.241916859122
0.402884615385 0.241916859122
0.402497598463 0.241916859122
0.402111324376 0.241916859122
0.401725790988 0.241916859122
0.401340996169 0.241916859122
0.400956937799 0.241916859122
0.401529636711 0.242494226328
0.401146131805 0.242494226328
0.400763358779 0.242494226328
0.401334604385 0.243071593533
0.400952380952 0.243071593533
0.400570884872 0.243071593533
0.400190114068 0.243071593533
0.399810066477 0.243071593533
0.399430740038 0.243071593533
0.399052132701 0.243071593533
0.398674242424 0.243071593533
0.398297067171 0.243071593533
0.398865784499 0.243648960739
0.398489140699 0.243648960739
0.398113207547 0.243648960739
0.397737983035 0.243648960739
0.39736346516 0.243648960739
0.396989651929 0.243648960739
0.396616541353 0.243648960739
0.396244131455 0.243648960739
0.395872420263 0.243648960739
0.396438612933 0.244226327945
0.39606741573 0.244226327945
0.395696913003 0.244226327945
0.395327102804 0.244226327945
0.394957983193 0.244226327945
0.394589552239 0.244226327945
0.394221808015 0.244226327945
0.393854748603 0.244226327945
0.393488372093 0.244226327945
0.39312267658 0.244226327945
0.392757660167 0.244226327945
0.392393320965 0.244226327945
0.39202965709 0.244226327945
0.391666666667 0.244226327945
0.391304347826 0.244226327945
0.390942698706 0.244226327945
0.390581717452 0.244226327945
0.390221402214 0.244226327945
0.390783410138 0.24480369515
0.390423572744 0.24480369515
0.390064397424 0.24480369515
0.389705882353 0.24480369515
0.389348025712 0.24480369515
0.388990825688 0.24480369515
0.389550870761 0.245381062356
0.39010989011 0.245958429561
0.389752973468 0.245958429561
0.389396709324 0.245958429561
0.38904109589 0.245958429561
0.388686131387 0.245958429561
0.388331814038 0.245958429561
0.387978142077 0.245958429561
0.38762511374 0.245958429561
0.387272727273 0.245958429561
0.386920980926 0.245958429561
0.386569872958 0.245958429561
0.387126019946 0.246535796767
0.386775362319 0.246535796767
0.386425339367 0.246535796767
0.386075949367 0.246535796767
0.385727190605 0.246535796767
0.385379061372 0.246535796767
0.385031559964 0.246535796767
0.384684684685 0.246535796767
0.384338433843 0.246535796767
0.383992805755 0.246535796767
0.383647798742 0.246535796767
0.383303411131 0.246535796767
0.382959641256 0.246535796767
0.382616487455 0.246535796767
0.382273948075 0.246535796767
0.381932021467 0.246535796767
0.381590705987 0.246535796767
0.38125 0.246535796767
0.380909901873 0.246535796767
0.380570409982 0.246535796767
0.380231522707 0.246535796767
0.380782918149 0.247113163972
0.380444444444 0.247113163972
0.380106571936 0.247113163972
0.379769299024 0.247113163972
0.379432624113 0.247113163972
0.379096545616 0.247113163972
0.378761061947 0.247113163972
0.37842617153 0.247113163972
0.378091872792 0.247113163972
0.377758164166 0.247113163972
0.377425044092 0.247113163972
0.377092511013 0.247113163972
0.37676056338 0.247113163972
0.376429199648 0.247113163972
0.376098418278 0.247113163972
0.375768217735 0.247113163972
0.375438596491 0.247113163972
0.375109553024 0.247113163972
0.375656742557 0.247690531178
0.37532808399 0.247690531178
0.375 0.247690531178
0.375545851528 0.248267898383
0.375218150087 0.248267898383
0.374891020052 0.248267898383
0.37456445993 0.248267898383
0.374238468233 0.248267898383
0.374782608696 0.248845265589
0.374456993918 0.248845265589
0.374131944444 0.248845265589
0.373807458803 0.248845265589
0.374350086655 0.249422632794
0.374025974026 0.249422632794
0.373702422145 0.249422632794
0.373379429559 0.249422632794
0.373056994819 0.249422632794
0.37273511648 0.249422632794
0.372413793103 0.249422632794
0.372954349699 0.25
0.372633390706 0.25
0.373172828891 0.250577367206
0.373711340206 0.251154734411
0.37339055794 0.251154734411
0.373070325901 0.251154734411
0.373607540703 0.251732101617
0.373287671233 0.251732101617
0.372968349016 0.251732101617
0.37264957265 0.251732101617
0.372331340734 0.251732101617
0.372013651877 0.251732101617
0.371696504689 0.251732101617
0.372231686542 0.252309468822
0.371914893617 0.252309468822
0.371598639456 0.252309468822
0.371282922685 0.252309468822
0.37181663837 0.252886836028
0.371501272265 0.252886836028
0.371186440678 0.252886836028
0.370872142252 0.252886836028
0.370558375635 0.252886836028
0.370245139476 0.252886836028
0.369932432432 0.252886836028
0.370464135021 0.253464203233
0.370151770658 0.253464203233
0.369839932603 0.253464203233
0.369528619529 0.253464203233
0.369217830109 0.253464203233
0.368907563025 0.253464203233
0.368597816961 0.253464203233
0.368288590604 0.253464203233
0.367979882649 0.253464203233
0.36850921273 0.254041570439
0.369037656904 0.254618937644
0.36872909699 0.254618937644
0.36925647452 0.25519630485
0.368948247078 0.25519630485
0.368640533778 0.25519630485
0.369166666667 0.255773672055
0.36885928393 0.255773672055
0.369384359401 0.256351039261
0.369077306733 0.256351039261
0.36877076412 0.256351039261
0.369294605809 0.256928406467
0.369817578773 0.257505773672
0.369511184756 0.257505773672
0.369205298013 0.257505773672
0.368899917287 0.257505773672
0.369421487603 0.258083140878
0.369942196532 0.258660508083
0.370462046205 0.259237875289
0.370981038747 0.259815242494
0.370675453048 0.259815242494
0.37037037037 0.259815242494
0.370065789474 0.259815242494
0.369761709121 0.259815242494
0.369458128079 0.259815242494
0.369155045119 0.259815242494
0.368852459016 0.259815242494
0.36855036855 0.259815242494
0.36906710311 0.2603926097
0.368765331153 0.2603926097
0.368464052288 0.2603926097
0.368163265306 0.2603926097
0.367862969005 0.2603926097
0.367563162184 0.2603926097
0.368078175896 0.260969976905
0.367778681855 0.260969976905
0.368292682927 0.261547344111
0.367993501219 0.261547344111
0.367694805195 0.261547344111
0.367396593674 0.261547344111
0.367098865478 0.261547344111
0.366801619433 0.261547344111
0.367313915858 0.262124711316
0.367016976556 0.262124711316
0.366720516963 0.262124711316
0.366424535916 0.262124711316
0.366129032258 0.262124711316
0.365834004835 0.262124711316
0.365539452496 0.262124711316
0.366049879324 0.262702078522
0.36575562701 0.262702078522
0.36546184739 0.262702078522
0.365168539326 0.262702078522
0.364875701684 0.262702078522
0.364583333333 0.262702078522
0.364291433147 0.262702078522
0.364 0.262702078522
0.363709032774 0.262702078522
0.363418530351 0.262702078522
0.363926576217 0.263279445727
0.363636363636 0.263279445727
0.364143426295 0.263856812933
0.363853503185 0.263856812933
0.363564041368 0.263856812933
0.363275039746 0.263856812933
0.36298649722 0.263856812933
0.362698412698 0.263856812933
0.362410785091 0.263856812933
0.362123613312 0.263856812933
0.361836896279 0.263856812933
0.361550632911 0.263856812933
0.362055335968 0.264434180139
0.361769352291 0.264434180139
0.361483820047 0.264434180139
0.36119873817 0.264434180139
0.360914105595 0.264434180139
0.36062992126 0.264434180139
0.361132966168 0.265011547344
0.361635220126 0.26558891455
0.361351139042 0.26558891455
0.361067503925 0.26558891455
0.360784313725 0.26558891455
0.360501567398 0.26558891455
0.361002349256 0.266166281755
0.360719874804 0.266166281755
0.360437842064 0.266166281755
0.36015625 0.266166281755
0.35987509758 0.266166281755
0.360374414977 0.266743648961
0.360093530787 0.266743648961
0.359813084112 0.266743648961
0.35953307393 0.266743648961
0.359253499222 0.266743648961
0.358974358974 0.266743648961
0.358695652174 0.266743648961
0.358417377812 0.266743648961
0.358139534884 0.266743648961
0.357862122386 0.266743648961
0.357585139319 0.266743648961
0.357308584687 0.266743648961
0.357032457496 0.266743648961
0.356756756757 0.266743648961
0.356481481481 0.266743648961
0.356206630686 0.266743648961
0.35593220339 0.266743648961
0.355658198614 0.266743648961
0.355384615385 0.266743648961
0.355880092237 0.267321016166
0.355606758833 0.267321016166
0.355333844973 0.267321016166
0.355061349693 0.267321016166
0.354789272031 0.267321016166
0.35528330781 0.267898383372
0.355011476664 0.267898383372
0.354740061162 0.267898383372
0.355233002292 0.268475750577
0.354961832061 0.268475750577
0.354691075515 0.268475750577
0.354420731707 0.268475750577
0.354150799695 0.268475750577
0.354642313546 0.269053117783
0.354372623574 0.269053117783
0.354103343465 0.269053117783
0.353834472285 0.269053117783
0.353566009105 0.269053117783
0.353297952995 0.269053117783
0.35303030303 0.269053117783
0.352763058289 0.269053117783
0.352496217852 0.269053117783
0.352229780801 0.269053117783
0.351963746224 0.269053117783
0.351698113208 0.269053117783
0.351432880845 0.269053117783
0.351168048229 0.269053117783
0.350903614458 0.269053117783
0.350639578631 0.269053117783
0.351127819549 0.269630484988
0.350864012021 0.269630484988
0.350600600601 0.269630484988
0.350337584396 0.269630484988
0.350074962519 0.269630484988
0.350561797753 0.270207852194
0.350299401198 0.270207852194
0.350785340314 0.2707852194
0.350523168909 0.2707852194
0.350261389096 0.2707852194
0.35 0.2707852194
0.349739000746 0.2707852194
0.350223546945 0.271362586605
0.349962769918 0.271362586605
0.349702380952 0.271362586605
0.349442379182 0.271362586605
0.349925705795 0.271939953811
0.349665924276 0.271939953811
0.34940652819 0.271939953811
0.349888806523 0.272517321016
0.34962962963 0.272517321016
0.349370836417 0.272517321016
0.349112426036 0.272517321016
0.348854397635 0.272517321016
0.349335302806 0.273094688222
0.349077490775 0.273094688222
0.348820058997 0.273094688222
0.348563006632 0.273094688222
0.348306332842 0.273094688222
0.348050036792 0.273094688222
0.347794117647 0.273094688222
0.347538574578 0.273094688222
0.347283406755 0.273094688222
0.347028613353 0.273094688222
0.346774193548 0.273094688222
0.347252747253 0.273672055427
0.347730600293 0.274249422633
0.347476225311 0.274249422633
0.347222222222 0.274249422633
0.346968590212 0.274249422633
0.346715328467 0.274249422633
0.346462436178 0.274249422633
0.346209912536 0.274249422633
0.346686088857 0.274826789838
0.346433770015 0.274826789838
0.346181818182 0.274826789838
0.345930232558 0.274826789838
0.345679012346 0.274826789838
0.346153846154 0.275404157044
0.345902828136 0.275404157044
0.345652173913 0.275404157044
0.345401882694 0.275404157044
0.34515195369 0.275404157044
0.344902386117 0.275404157044
0.344653179191 0.275404157044
0.34440433213 0.275404157044
0.344155844156 0.275404157044
0.343907714492 0.275404157044
0.343659942363 0.275404157044
0.343412526998 0.275404157044
0.343165467626 0.275404157044
0.34291876348 0.275404157044
0.343390804598 0.275981524249
0.343862167983 0.276558891455
0.343615494978 0.276558891455
0.343369175627 0.276558891455
0.343123209169 0.276558891455
0.342877594846 0.276558891455
0.342632331903 0.276558891455
0.342387419585 0.276558891455
0.342142857143 0.276558891455
0.341898643826 0.276558891455
0.341654778887 0.276558891455
0.341411261582 0.276558891455
0.341168091168 0.276558891455
0.341637010676 0.277136258661
0.342105263158 0.277713625866
0.341862117982 0.277713625866
0.341619318182 0.277713625866
0.341376863023 0.277713625866
0.341134751773 0.277713625866
0.3408929837 0.277713625866
0.341359773371 0.278290993072
0.341825902335 0.278868360277
0.341584158416 0.278868360277
0.341342756184 0.278868360277
0.341101694915 0.278868360277
0.340860973888 0.278868360277
0.340620592384 0.278868360277
0.340380549683 0.278868360277
0.34014084507 0.278868360277
0.3406052076 0.279445727483
0.340365682138 0.279445727483
0.340126493324 0.279445727483
0.339887640449 0.279445727483
0.339649122807 0.279445727483
0.340112201964 0.280023094688
0.339873861247 0.280023094688
0.339635854342 0.280023094688
0.340097970609 0.280600461894
0.33986013986 0.280600461894
0.339622641509 0.280600461894
0.33938547486 0.280600461894
0.339148639218 0.280600461894
0.338912133891 0.280600461894
0.338675958188 0.280600461894
0.338440111421 0.280600461894
0.338900487126 0.281177829099
0.338664812239 0.281177829099
0.338429464906 0.281177829099
0.338888888889 0.281755196305
0.3386537127 0.281755196305
0.338418862691 0.281755196305
0.338184338184 0.281755196305
0.337950138504 0.281755196305
0.337716262976 0.281755196305
0.337482710927 0.281755196305
0.337249481686 0.281755196305
0.337016574586 0.281755196305
0.336783988958 0.281755196305
0.336551724138 0.281755196305
0.336319779462 0.281755196305
0.33608815427 0.281755196305
0.335856847901 0.281755196305
0.335625859697 0.281755196305
0.336082474227 0.28233256351
0.335851648352 0.28233256351
0.336307481126 0.282909930716
0.336076817558 0.282909930716
0.335846470185 0.282909930716
0.335616438356 0.282909930716
0.335386721424 0.282909930716
0.335157318741 0.282909930716
0.334928229665 0.282909930716
0.334699453552 0.282909930716
0.334470989761 0.282909930716
0.334242837653 0.282909930716
0.334014996592 0.282909930716
0.33378746594 0.282909930716
0.334240980259 0.283487297921
0.334693877551 0.284064665127
0.335146159075 0.284642032333
0.334918478261 0.284642032333
0.334691106585 0.284642032333
0.334464043419 0.284642032333
0.334915254237 0.285219399538
0.334688346883 0.285219399538
0.334461746784 0.285219399538
0.334912043302 0.285796766744
0.334685598377 0.285796766744
0.334459459459 0.285796766744
