1.0 0.0
1.0 0.000577367205543
1.0 0.00115473441109
1.0 0.00173210161663
1.0 0.00230946882217
1.0 0.00288683602771
1.0 0.00346420323326
1.0 0.0040415704388
0.875 0.0040415704388
0.888888888889 0.00461893764434
0.8 0.00461893764434
0.818181818182 0.00519630484988
0.75 0.00519630484988
0.769230769231 0.00577367205543
0.785714285714 0.00635103926097
0.733333333333 0.00635103926097
0.75 0.00692840646651
0.705882352941 0.00692840646651
0.666666666667 0.00692840646651
0.631578947368 0.00692840646651
0.65 0.00750577367206
0.666666666667 0.0080831408776
0.636363636364 0.0080831408776
0.652173913043 0.00866050808314
0.625 0.00866050808314
0.64 0.00923787528868
0.615384615385 0.00923787528868
0.592592592593 0.00923787528868
0.607142857143 0.00981524249423
0.620689655172 0.0103926096998
0.633333333333 0.0109699769053
0.645161290323 0.0115473441109
0.625 0.0115473441109
0.606060606061 0.0115473441109
0.588235294118 0.0115473441109
0.571428571429 0.0115473441109
0.555555555556 0.0115473441109
0.567567567568 0.0121247113164
0.578947368421 0.0127020785219
0.564102564103 0.0127020785219
0.575 0.0132794457275
0.560975609756 0.0132794457275
0.571428571429 0.013856812933
0.581395348837 0.0144341801386
0.568181818182 0.0144341801386
0.555555555556 0.0144341801386
0.565217391304 0.0150115473441
0.553191489362 0.0150115473441
0.5625 0.0155889145497
0.571428571429 0.0161662817552
0.58 0.0167436489607
0.588235294118 0.0173210161663
0.596153846154 0.0178983833718
0.584905660377 0.0178983833718
0.574074074074 0.0178983833718
0.563636363636 0.0178983833718
0.553571428571 0.0178983833718
0.561403508772 0.0184757505774
0.568965517241 0.0190531177829
0.576271186441 0.0196304849885
0.583333333333 0.020207852194
0.590163934426 0.0207852193995
0.596774193548 0.0213625866051
0.587301587302 0.0213625866051
0.59375 0.0219399538106
0.6 0.0225173210162
0.606060606061 0.0230946882217
0.597014925373 0.0230946882217
0.602941176471 0.0236720554273
0.608695652174 0.0242494226328
0.6 0.0242494226328
0.591549295775 0.0242494226328
0.583333333333 0.0242494226328
0.58904109589 0.0248267898383
0.594594594595 0.0254041570439
0.6 0.0259815242494
0.592105263158 0.0259815242494
0.597402597403 0.026558891455
0.602564102564 0.0271362586605
0.594936708861 0.0271362586605
0.5875 0.0271362586605
0.592592592593 0.0277136258661
0.585365853659 0.0277136258661
0.578313253012 0.0277136258661
0.571428571429 0.0277136258661
0.564705882353 0.0277136258661
0.558139534884 0.0277136258661
0.551724137931 0.0277136258661
0.556818181818 0.0282909930716
0.561797752809 0.0288683602771
0.555555555556 0.0288683602771
0.56043956044 0.0294457274827
0.554347826087 0.0294457274827
0.559139784946 0.0300230946882
0.553191489362 0.0300230946882
0.557894736842 0.0306004618938
0.5625 0.0311778290993
0.567010309278 0.0317551963048
0.561224489796 0.0317551963048
0.555555555556 0.0317551963048
0.55 0.0317551963048
0.544554455446 0.0317551963048
0.549019607843 0.0323325635104
0.553398058252 0.0329099307159
0.557692307692 0.0334872979215
0.561904761905 0.034064665127
0.556603773585 0.034064665127
0.560747663551 0.0346420323326
0.564814814815 0.0352193995381
0.559633027523 0.0352193995381
0.563636363636 0.0357967667436
0.558558558559 0.0357967667436
0.553571428571 0.0357967667436
0.557522123894 0.0363741339492
0.561403508772 0.0369515011547
0.55652173913 0.0369515011547
0.551724137931 0.0369515011547
0.547008547009 0.0369515011547
0.550847457627 0.0375288683603
0.554621848739 0.0381062355658
0.558333333333 0.0386836027714
0.561983471074 0.0392609699769
0.55737704918 0.0392609699769
0.560975609756 0.0398383371824
0.564516129032 0.040415704388
0.568 0.0409930715935
0.571428571429 0.0415704387991
0.574803149606 0.0421478060046
0.5703125 0.0421478060046
0.573643410853 0.0427251732102
0.569230769231 0.0427251732102
0.572519083969 0.0433025404157
0.568181818182 0.0433025404157
0.563909774436 0.0433025404157
0.567164179104 0.0438799076212
0.562962962963 0.0438799076212
0.566176470588 0.0444572748268
0.569343065693 0.0450346420323
0.572463768116 0.0456120092379
0.575539568345 0.0461893764434
0.571428571429 0.0461893764434
0.574468085106 0.046766743649
0.577464788732 0.0473441108545
0.58041958042 0.04792147806
0.583333333333 0.0484988452656
0.579310344828 0.0484988452656
0.575342465753 0.0484988452656
0.578231292517 0.0490762124711
0.581081081081 0.0496535796767
0.58389261745 0.0502309468822
0.586666666667 0.0508083140878
0.58940397351 0.0513856812933
0.585526315789 0.0513856812933
0.588235294118 0.0519630484988
0.584415584416 0.0519630484988
0.58064516129 0.0519630484988
0.576923076923 0.0519630484988
0.579617834395 0.0525404157044
0.582278481013 0.0531177829099
0.578616352201 0.0531177829099
0.575 0.0531177829099
0.577639751553 0.0536951501155
0.574074074074 0.0536951501155
0.576687116564 0.054272517321
0.573170731707 0.054272517321
0.569696969697 0.054272517321
0.566265060241 0.054272517321
0.562874251497 0.054272517321
0.559523809524 0.054272517321
0.556213017751 0.054272517321
0.558823529412 0.0548498845266
0.561403508772 0.0554272517321
0.558139534884 0.0554272517321
0.554913294798 0.0554272517321
0.551724137931 0.0554272517321
0.548571428571 0.0554272517321
0.545454545455 0.0554272517321
0.542372881356 0.0554272517321
0.539325842697 0.0554272517321
0.536312849162 0.0554272517321
0.533333333333 0.0554272517321
0.530386740331 0.0554272517321
0.532967032967 0.0560046189376
0.530054644809 0.0560046189376
0.527173913043 0.0560046189376
0.524324324324 0.0560046189376
0.52688172043 0.0565819861432
0.529411764706 0.0571593533487
0.531914893617 0.0577367205543
0.534391534392 0.0583140877598
0.531578947368 0.0583140877598
0.528795811518 0.0583140877598
0.526041666667 0.0583140877598
0.523316062176 0.0583140877598
0.525773195876 0.0588914549654
0.528205128205 0.0594688221709
0.530612244898 0.0600461893764
0.527918781726 0.0600461893764
0.525252525253 0.0600461893764
0.527638190955 0.060623556582
0.525 0.060623556582
0.52736318408 0.0612009237875
0.529702970297 0.0617782909931
0.527093596059 0.0617782909931
0.524509803922 0.0617782909931
0.526829268293 0.0623556581986
0.529126213592 0.0629330254042
0.526570048309 0.0629330254042
0.524038461538 0.0629330254042
0.526315789474 0.0635103926097
0.52380952381 0.0635103926097
0.526066350711 0.0640877598152
0.52358490566 0.0640877598152
0.525821596244 0.0646651270208
0.523364485981 0.0646651270208
0.525581395349 0.0652424942263
0.527777777778 0.0658198614319
0.529953917051 0.0663972286374
0.532110091743 0.066974595843
0.529680365297 0.066974595843
0.531818181818 0.0675519630485
0.533936651584 0.068129330254
0.531531531532 0.068129330254
0.529147982063 0.068129330254
0.53125 0.0687066974596
0.533333333333 0.0692840646651
0.535398230088 0.0698614318707
0.533039647577 0.0698614318707
0.530701754386 0.0698614318707
0.528384279476 0.0698614318707
0.530434782609 0.0704387990762
0.528138528139 0.0704387990762
0.530172413793 0.0710161662818
0.527896995708 0.0710161662818
0.525641025641 0.0710161662818
0.523404255319 0.0710161662818
0.525423728814 0.0715935334873
0.523206751055 0.0715935334873
0.521008403361 0.0715935334873
0.523012552301 0.0721709006928
0.520833333333 0.0721709006928
0.51867219917 0.0721709006928
0.520661157025 0.0727482678984
0.522633744856 0.0733256351039
0.520491803279 0.0733256351039
0.522448979592 0.0739030023095
0.524390243902 0.074480369515
0.522267206478 0.074480369515
0.524193548387 0.0750577367206
0.526104417671 0.0756351039261
0.528 0.0762124711316
0.525896414343 0.0762124711316
0.527777777778 0.0767898383372
0.529644268775 0.0773672055427
0.527559055118 0.0773672055427
0.525490196078 0.0773672055427
0.5234375 0.0773672055427
0.525291828794 0.0779445727483
0.523255813953 0.0779445727483
0.521235521236 0.0779445727483
0.523076923077 0.0785219399538
0.524904214559 0.0790993071594
0.522900763359 0.0790993071594
0.520912547529 0.0790993071594
0.522727272727 0.0796766743649
0.524528301887 0.0802540415704
0.522556390977 0.0802540415704
0.520599250936 0.0802540415704
0.522388059701 0.080831408776
0.524163568773 0.0814087759815
0.525925925926 0.0819861431871
0.523985239852 0.0819861431871
0.525735294118 0.0825635103926
0.52380952381 0.0825635103926
0.525547445255 0.0831408775982
0.523636363636 0.0831408775982
0.521739130435 0.0831408775982
0.519855595668 0.0831408775982
0.521582733813 0.0837182448037
0.519713261649 0.0837182448037
0.517857142857 0.0837182448037
0.519572953737 0.0842956120092
0.521276595745 0.0848729792148
0.52296819788 0.0854503464203
0.524647887324 0.0860277136259
0.522807017544 0.0860277136259
0.524475524476 0.0866050808314
0.522648083624 0.0866050808314
0.524305555556 0.087182448037
0.525951557093 0.0877598152425
0.527586206897 0.088337182448
0.525773195876 0.088337182448
0.52397260274 0.088337182448
0.525597269625 0.0889145496536
0.527210884354 0.0894919168591
0.528813559322 0.0900692840647
0.527027027027 0.0900692840647
0.52861952862 0.0906466512702
0.530201342282 0.0912240184758
0.528428093645 0.0912240184758
0.526666666667 0.0912240184758
0.524916943522 0.0912240184758
0.526490066225 0.0918013856813
0.524752475248 0.0918013856813
0.523026315789 0.0918013856813
0.524590163934 0.0923787528868
0.52614379085 0.0929561200924
0.527687296417 0.0935334872979
0.529220779221 0.0941108545035
0.53074433657 0.094688221709
0.532258064516 0.0952655889145
0.533762057878 0.0958429561201
0.535256410256 0.0964203233256
0.533546325879 0.0964203233256
0.535031847134 0.0969976905312
0.533333333333 0.0969976905312
0.534810126582 0.0975750577367
0.536277602524 0.0981524249423
0.537735849057 0.0987297921478
0.539184952978 0.0993071593533
0.5375 0.0993071593533
0.535825545171 0.0993071593533
0.537267080745 0.0998845265589
0.538699690402 0.100461893764
0.537037037037 0.100461893764
0.535384615385 0.100461893764
0.536809815951 0.10103926097
0.538226299694 0.101616628176
0.539634146341 0.102193995381
0.54103343465 0.102771362587
0.542424242424 0.103348729792
0.543806646526 0.103926096998
0.545180722892 0.104503464203
0.546546546547 0.105080831409
0.544910179641 0.105080831409
0.546268656716 0.105658198614
0.547619047619 0.10623556582
0.548961424332 0.106812933025
0.547337278107 0.106812933025
0.545722713864 0.106812933025
0.544117647059 0.106812933025
0.542521994135 0.106812933025
0.540935672515 0.106812933025
0.542274052478 0.107390300231
0.540697674419 0.107390300231
0.542028985507 0.107967667436
0.543352601156 0.108545034642
0.541786743516 0.108545034642
0.540229885057 0.108545034642
0.538681948424 0.108545034642
0.54 0.109122401848
0.541310541311 0.109699769053
0.542613636364 0.110277136259
0.541076487252 0.110277136259
0.539548022599 0.110277136259
0.538028169014 0.110277136259
0.539325842697 0.110854503464
0.53781512605 0.110854503464
0.539106145251 0.11143187067
0.540389972145 0.112009237875
0.538888888889 0.112009237875
0.537396121884 0.112009237875
0.538674033149 0.112586605081
0.537190082645 0.112586605081
0.538461538462 0.113163972286
0.539726027397 0.113741339492
0.53825136612 0.113741339492
0.539509536785 0.114318706697
0.538043478261 0.114318706697
0.536585365854 0.114318706697
0.537837837838 0.114896073903
0.536388140162 0.114896073903
0.534946236559 0.114896073903
0.533512064343 0.114896073903
0.532085561497 0.114896073903
0.530666666667 0.114896073903
0.529255319149 0.114896073903
0.527851458886 0.114896073903
0.529100529101 0.115473441109
0.527704485488 0.115473441109
0.526315789474 0.115473441109
0.524934383202 0.115473441109
0.523560209424 0.115473441109
0.524804177546 0.116050808314
0.5234375 0.116050808314
0.524675324675 0.11662817552
0.525906735751 0.117205542725
0.527131782946 0.117782909931
0.525773195876 0.117782909931
0.52442159383 0.117782909931
0.523076923077 0.117782909931
0.521739130435 0.117782909931
0.522959183673 0.118360277136
0.521628498728 0.118360277136
0.520304568528 0.118360277136
0.518987341772 0.118360277136
0.517676767677 0.118360277136
0.51637279597 0.118360277136
0.515075376884 0.118360277136
0.513784461153 0.118360277136
0.5125 0.118360277136
0.513715710723 0.118937644342
0.512437810945 0.118937644342
0.511166253102 0.118937644342
0.509900990099 0.118937644342
0.511111111111 0.119515011547
0.509852216749 0.119515011547
0.5085995086 0.119515011547
0.509803921569 0.120092378753
0.508557457213 0.120092378753
0.507317073171 0.120092378753
0.506082725061 0.120092378753
0.507281553398 0.120669745958
0.508474576271 0.121247113164
0.509661835749 0.12182448037
0.50843373494 0.12182448037
0.507211538462 0.12182448037
0.508393285372 0.122401847575
0.507177033493 0.122401847575
0.508353221957 0.122979214781
0.509523809524 0.123556581986
0.508313539192 0.123556581986
0.509478672986 0.124133949192
0.508274231678 0.124133949192
0.507075471698 0.124133949192
0.508235294118 0.124711316397
0.509389671362 0.125288683603
0.510538641686 0.125866050808
0.509345794393 0.125866050808
0.51048951049 0.126443418014
0.511627906977 0.127020785219
0.510440835267 0.127020785219
0.509259259259 0.127020785219
0.508083140878 0.127020785219
0.506912442396 0.127020785219
0.505747126437 0.127020785219
0.504587155963 0.127020785219
0.503432494279 0.127020785219
0.502283105023 0.127020785219
0.501138952164 0.127020785219
0.502272727273 0.127598152425
0.501133786848 0.127598152425
0.502262443439 0.12817551963
0.501128668172 0.12817551963
0.5 0.12817551963
0.501123595506 0.128752886836
0.5 0.128752886836
0.498881431767 0.128752886836
0.5 0.129330254042
0.498886414254 0.129330254042
0.5 0.129907621247
0.49889135255 0.129907621247
0.497787610619 0.129907621247
0.496688741722 0.129907621247
0.495594713656 0.129907621247
0.494505494505 0.129907621247
0.493421052632 0.129907621247
0.494529540481 0.130484988453
0.495633187773 0.131062355658
0.496732026144 0.131639722864
0.495652173913 0.131639722864
0.496746203905 0.132217090069
0.495670995671 0.132217090069
0.496760259179 0.132794457275
0.495689655172 0.132794457275
0.494623655914 0.132794457275
0.49356223176 0.132794457275
0.494646680942 0.13337182448
0.495726495726 0.133949191686
0.496801705757 0.134526558891
0.495744680851 0.134526558891
0.496815286624 0.135103926097
0.497881355932 0.135681293303
0.496828752643 0.135681293303
0.497890295359 0.136258660508
0.496842105263 0.136258660508
0.495798319328 0.136258660508
0.494758909853 0.136258660508
0.495815899582 0.136836027714
0.496868475992 0.137413394919
0.497916666667 0.137990762125
0.496881496881 0.137990762125
0.495850622407 0.137990762125
0.494824016563 0.137990762125
0.493801652893 0.137990762125
0.494845360825 0.13856812933
0.493827160494 0.13856812933
0.492813141684 0.13856812933
0.493852459016 0.139145496536
0.492842535787 0.139145496536
0.49387755102 0.139722863741
0.494908350305 0.140300230947
0.493902439024 0.140300230947
0.492900608519 0.140300230947
0.493927125506 0.140877598152
0.492929292929 0.140877598152
0.491935483871 0.140877598152
0.490945674044 0.140877598152
0.491967871486 0.141454965358
0.490981963928 0.141454965358
0.49 0.141454965358
0.489021956088 0.141454965358
0.488047808765 0.141454965358
0.489065606362 0.142032332564
0.490079365079 0.142609699769
0.489108910891 0.142609699769
0.48814229249 0.142609699769
0.489151873767 0.143187066975
0.488188976378 0.143187066975
0.489194499018 0.14376443418
0.488235294118 0.14376443418
0.487279843444 0.14376443418
0.486328125 0.14376443418
0.485380116959 0.14376443418
0.484435797665 0.14376443418
0.483495145631 0.14376443418
0.482558139535 0.14376443418
0.481624758221 0.14376443418
0.480694980695 0.14376443418
0.479768786127 0.14376443418
0.480769230769 0.144341801386
0.481765834933 0.144919168591
0.480842911877 0.144919168591
0.479923518164 0.144919168591
0.479007633588 0.144919168591
0.48 0.145496535797
0.479087452471 0.145496535797
0.478178368121 0.145496535797
0.479166666667 0.146073903002
0.478260869565 0.146073903002
0.477358490566 0.146073903002
0.476459510358 0.146073903002
0.477443609023 0.146651270208
0.476547842402 0.146651270208
0.477528089888 0.147228637413
0.478504672897 0.147806004619
0.47947761194 0.148383371824
0.480446927374 0.14896073903
0.481412639405 0.149538106236
0.480519480519 0.149538106236
0.481481481481 0.150115473441
0.480591497227 0.150115473441
0.479704797048 0.150115473441
0.478821362799 0.150115473441
0.477941176471 0.150115473441
0.477064220183 0.150115473441
0.478021978022 0.150692840647
0.477148080439 0.150692840647
0.478102189781 0.151270207852
0.47723132969 0.151270207852
0.476363636364 0.151270207852
0.475499092559 0.151270207852
0.474637681159 0.151270207852
0.473779385172 0.151270207852
0.472924187726 0.151270207852
0.472072072072 0.151270207852
0.471223021583 0.151270207852
0.472172351885 0.151847575058
0.471326164875 0.151847575058
0.470483005367 0.151847575058
0.469642857143 0.151847575058
0.4688057041 0.151847575058
0.46975088968 0.152424942263
0.470692717584 0.153002309469
0.469858156028 0.153002309469
0.469026548673 0.153002309469
0.468197879859 0.153002309469
0.469135802469 0.153579676674
0.470070422535 0.15415704388
0.471001757469 0.154734411085
0.470175438596 0.154734411085
0.469352014011 0.154734411085
0.468531468531 0.154734411085
0.469458987784 0.155311778291
0.468641114983 0.155311778291
0.467826086957 0.155311778291
0.467013888889 0.155311778291
0.466204506066 0.155311778291
0.467128027682 0.155889145497
0.46804835924 0.156466512702
0.468965517241 0.157043879908
0.468158347676 0.157043879908
0.469072164948 0.157621247113
0.468267581475 0.157621247113
0.469178082192 0.158198614319
0.468376068376 0.158198614319
0.469283276451 0.158775981524
0.470187393526 0.15935334873
0.471088435374 0.159930715935
0.470288624788 0.159930715935
0.469491525424 0.159930715935
0.468697123519 0.159930715935
0.467905405405 0.159930715935
0.467116357504 0.159930715935
0.468013468013 0.160508083141
0.467226890756 0.160508083141
0.46644295302 0.160508083141
0.465661641541 0.160508083141
0.464882943144 0.160508083141
0.464106844741 0.160508083141
0.463333333333 0.160508083141
0.462562396007 0.160508083141
0.463455149502 0.161085450346
0.462686567164 0.161085450346
0.46357615894 0.161662817552
0.462809917355 0.161662817552
0.46204620462 0.161662817552
0.461285008237 0.161662817552
0.462171052632 0.162240184758
0.461412151067 0.162240184758
0.460655737705 0.162240184758
0.461538461538 0.162817551963
0.460784313725 0.162817551963
0.460032626427 0.162817551963
0.460912052117 0.163394919169
0.460162601626 0.163394919169
0.459415584416 0.163394919169
0.458670988655 0.163394919169
0.459546925566 0.163972286374
0.46042003231 0.16454965358
0.459677419355 0.16454965358
0.458937198068 0.16454965358
0.458199356913 0.16454965358
0.459069020867 0.165127020785
0.459935897436 0.165704387991
0.4608 0.166281755196
0.460063897764 0.166281755196
0.459330143541 0.166281755196
0.458598726115 0.166281755196
0.45786963434 0.166281755196
0.457142857143 0.166281755196
0.456418383518 0.166281755196
0.455696202532 0.166281755196
0.454976303318 0.166281755196
0.454258675079 0.166281755196
0.453543307087 0.166281755196
0.452830188679 0.166281755196
0.452119309262 0.166281755196
0.451410658307 0.166281755196
0.450704225352 0.166281755196
0.4515625 0.166859122402
0.450858034321 0.166859122402
0.45015576324 0.166859122402
0.449455676516 0.166859122402
0.448757763975 0.166859122402
0.449612403101 0.167436489607
0.448916408669 0.167436489607
0.448222565688 0.167436489607
0.447530864198 0.167436489607
0.446841294299 0.167436489607
0.447692307692 0.168013856813
0.447004608295 0.168013856813
0.447852760736 0.168591224018
0.447166921899 0.168591224018
0.446483180428 0.168591224018
0.447328244275 0.169168591224
0.448170731707 0.16974595843
0.447488584475 0.16974595843
0.448328267477 0.170323325635
0.449165402124 0.170900692841
0.45 0.171478060046
0.449319213313 0.171478060046
0.448640483384 0.171478060046
0.449472096531 0.172055427252
0.450301204819 0.172632794457
0.44962406015 0.172632794457
0.448948948949 0.172632794457
0.448275862069 0.172632794457
0.447604790419 0.172632794457
0.446935724963 0.172632794457
0.446268656716 0.172632794457
0.445603576751 0.172632794457
0.44494047619 0.172632794457
0.444279346211 0.172632794457
0.443620178042 0.172632794457
0.442962962963 0.172632794457
0.442307692308 0.172632794457
0.441654357459 0.172632794457
0.441002949853 0.172632794457
0.440353460972 0.172632794457
0.439705882353 0.172632794457
0.43906020558 0.172632794457
0.439882697947 0.173210161663
0.439238653001 0.173210161663
0.438596491228 0.173210161663
0.43795620438 0.173210161663
0.438775510204 0.173787528868
0.438136826783 0.173787528868
0.4375 0.173787528868
0.436865021771 0.173787528868
0.436231884058 0.173787528868
0.435600578871 0.173787528868
0.434971098266 0.173787528868
0.434343434343 0.173787528868
0.433717579251 0.173787528868
0.434532374101 0.174364896074
0.433908045977 0.174364896074
0.433285509326 0.174364896074
0.434097421203 0.174942263279
0.43347639485 0.174942263279
0.432857142857 0.174942263279
0.432239657632 0.174942263279
0.433048433048 0.175519630485
0.432432432432 0.175519630485
0.431818181818 0.175519630485
0.431205673759 0.175519630485
0.43059490085 0.175519630485
0.429985855728 0.175519630485
0.430790960452 0.176096997691
0.430183356841 0.176096997691
0.429577464789 0.176096997691
0.428973277075 0.176096997691
0.428370786517 0.176096997691
0.429172510519 0.176674364896
0.428571428571 0.176674364896
0.427972027972 0.176674364896
0.428770949721 0.177251732102
0.428172942817 0.177251732102
0.427576601671 0.177251732102
0.428372739917 0.177829099307
0.427777777778 0.177829099307
0.427184466019 0.177829099307
0.426592797784 0.177829099307
0.427385892116 0.178406466513
0.42679558011 0.178406466513
0.426206896552 0.178406466513
0.425619834711 0.178406466513
0.426409903714 0.178983833718
0.425824175824 0.178983833718
0.42524005487 0.178983833718
0.424657534247 0.178983833718
0.424076607387 0.178983833718
0.42349726776 0.178983833718
0.422919508868 0.178983833718
0.422343324251 0.178983833718
0.421768707483 0.178983833718
0.422554347826 0.179561200924
0.423337856174 0.180138568129
0.424119241192 0.180715935335
0.423545331529 0.180715935335
0.424324324324 0.18129330254
0.42375168691 0.18129330254
0.424528301887 0.181870669746
0.42530282638 0.182448036952
0.426075268817 0.183025404157
0.425503355705 0.183025404157
0.424932975871 0.183025404157
0.425702811245 0.183602771363
0.42513368984 0.183602771363
0.425901201602 0.184180138568
0.426666666667 0.184757505774
0.426098535286 0.184757505774
0.426861702128 0.185334872979
0.426294820717 0.185334872979
0.425729442971 0.185334872979
0.425165562914 0.185334872979
0.424603174603 0.185334872979
0.424042272127 0.185334872979
0.423482849604 0.185334872979
0.424242424242 0.185912240185
0.423684210526 0.185912240185
0.423127463863 0.185912240185
0.422572178478 0.185912240185
0.422018348624 0.185912240185
0.421465968586 0.185912240185
0.42091503268 0.185912240185
0.420365535248 0.185912240185
0.419817470665 0.185912240185
0.419270833333 0.185912240185
0.418725617685 0.185912240185
0.418181818182 0.185912240185
0.417639429313 0.185912240185
0.417098445596 0.185912240185
0.416558861578 0.185912240185
0.416020671835 0.185912240185
0.415483870968 0.185912240185
0.416237113402 0.18648960739
0.415701415701 0.18648960739
0.415167095116 0.18648960739
0.415917843389 0.187066974596
0.415384615385 0.187066974596
0.414852752881 0.187066974596
0.414322250639 0.187066974596
0.413793103448 0.187066974596
0.413265306122 0.187066974596
0.412738853503 0.187066974596
0.413486005089 0.187644341801
0.412960609911 0.187644341801
0.413705583756 0.188221709007
0.414448669202 0.188799076212
0.413924050633 0.188799076212
0.414664981037 0.189376443418
0.415404040404 0.189953810624
0.414880201765 0.189953810624
0.41435768262 0.189953810624
0.413836477987 0.189953810624
0.413316582915 0.189953810624
0.412797992472 0.189953810624
0.413533834586 0.190531177829
0.413016270338 0.190531177829
0.4125 0.190531177829
0.411985018727 0.190531177829
0.411471321696 0.190531177829
0.412204234122 0.191108545035
0.412935323383 0.19168591224
0.412422360248 0.19168591224
0.413151364764 0.192263279446
0.412639405204 0.192263279446
0.412128712871 0.192263279446
0.412855377009 0.192840646651
0.412345679012 0.192840646651
0.411837237978 0.192840646651
0.411330049261 0.192840646651
0.410824108241 0.192840646651
0.410319410319 0.192840646651
0.40981595092 0.192840646651
0.410539215686 0.193418013857
0.410036719706 0.193418013857
0.409535452323 0.193418013857
0.409035409035 0.193418013857
0.409756097561 0.193995381062
0.409257003654 0.193995381062
0.408759124088 0.193995381062
0.408262454435 0.193995381062
0.408980582524 0.194572748268
0.408484848485 0.194572748268
0.40799031477 0.194572748268
0.407496977025 0.194572748268
0.407004830918 0.194572748268
0.406513872135 0.194572748268
0.407228915663 0.195150115473
0.407942238267 0.195727482679
0.407451923077 0.195727482679
0.406962785114 0.195727482679
0.406474820144 0.195727482679
0.405988023952 0.195727482679
0.406698564593 0.196304849885
0.406212664277 0.196304849885
0.40692124105 0.19688221709
0.406436233611 0.19688221709
0.405952380952 0.19688221709
0.406658739596 0.197459584296
0.406175771971 0.197459584296
0.405693950178 0.197459584296
0.406398104265 0.198036951501
0.405917159763 0.198036951501
0.405437352246 0.198036951501
0.40613931523 0.198614318707
0.405660377358 0.198614318707
0.406360424028 0.199191685912
0.405882352941 0.199191685912
0.406580493537 0.199769053118
0.407276995305 0.200346420323
0.406799531067 0.200346420323
0.406323185012 0.200346420323
0.405847953216 0.200346420323
0.406542056075 0.200923787529
0.406067677946 0.200923787529
0.40675990676 0.201501154734
0.406286379511 0.201501154734
0.405813953488 0.201501154734
0.405342624855 0.201501154734
0.406032482599 0.20207852194
0.405561993048 0.20207852194
0.405092592593 0.20207852194
0.404624277457 0.20207852194
0.40415704388 0.20207852194
0.40369088812 0.20207852194
0.403225806452 0.20207852194
0.402761795167 0.20207852194
0.402298850575 0.20207852194
0.402985074627 0.202655889145
0.403669724771 0.203233256351
0.403207331042 0.203233256351
0.403890160183 0.203810623557
0.403428571429 0.203810623557
0.40296803653 0.203810623557
0.403648802737 0.204387990762
0.403189066059 0.204387990762
0.402730375427 0.204387990762
0.402272727273 0.204387990762
0.401816118048 0.204387990762
0.401360544218 0.204387990762
0.400906002265 0.204387990762
0.400452488688 0.204387990762
0.401129943503 0.204965357968
0.401805869074 0.205542725173
0.402480270575 0.206120092379
0.402027027027 0.206120092379
0.402699662542 0.206697459584
0.402247191011 0.206697459584
0.401795735129 0.206697459584
0.40134529148 0.206697459584
0.400895856663 0.206697459584
0.401565995526 0.20727482679
0.402234636872 0.207852193995
0.401785714286 0.207852193995
0.401337792642 0.207852193995
0.402004454343 0.208429561201
0.401557285873 0.208429561201
0.401111111111 0.208429561201
0.400665926748 0.208429561201
0.40133037694 0.209006928406
0.40088593577 0.209006928406
0.401548672566 0.209584295612
0.402209944751 0.210161662818
0.402869757174 0.210739030023
0.402425578831 0.210739030023
0.401982378855 0.210739030023
0.401540154015 0.210739030023
0.401098901099 0.210739030023
0.400658616905 0.210739030023
0.400219298246 0.210739030023
0.400876232202 0.211316397229
0.401531728665 0.211893764434
0.401092896175 0.211893764434
0.400655021834 0.211893764434
0.400218102508 0.211893764434
0.400871459695 0.21247113164
0.401523394995 0.213048498845
0.401086956522 0.213048498845
0.400651465798 0.213048498845
0.40021691974 0.213048498845
0.399783315276 0.213048498845
0.400432900433 0.213625866051
0.401081081081 0.214203233256
0.400647948164 0.214203233256
0.40021574973 0.214203233256
0.399784482759 0.214203233256
0.399354144241 0.214203233256
0.398924731183 0.214203233256
0.398496240602 0.214203233256
0.398068669528 0.214203233256
0.398713826367 0.214780600462
0.398286937901 0.214780600462
0.397860962567 0.214780600462
0.397435897436 0.214780600462
0.397011739594 0.214780600462
0.396588486141 0.214780600462
0.396166134185 0.214780600462
0.395744680851 0.214780600462
0.395324123273 0.214780600462
0.394904458599 0.214780600462
0.395546129374 0.215357967667
0.395127118644 0.215357967667
0.394708994709 0.215357967667
0.394291754757 0.215357967667
0.393875395987 0.215357967667
0.394514767932 0.215935334873
0.394099051633 0.215935334873
0.393684210526 0.215935334873
0.393270241851 0.215935334873
0.392857142857 0.215935334873
0.392444910808 0.215935334873
0.393081761006 0.216512702079
0.392670157068 0.216512702079
0.392259414226 0.216512702079
0.39289446186 0.217090069284
0.39248434238 0.217090069284
0.392075078206 0.217090069284
0.392708333333 0.21766743649
0.393340270552 0.218244803695
0.392931392931 0.218244803695
0.392523364486 0.218244803695
0.393153526971 0.218822170901
0.39274611399 0.218822170901
0.392339544513 0.218822170901
0.392967942089 0.219399538106
0.393595041322 0.219976905312
0.394220846233 0.220554272517
0.39381443299 0.220554272517
0.393408856849 0.220554272517
0.393004115226 0.220554272517
0.393627954779 0.221131639723
0.393223819302 0.221131639723
0.392820512821 0.221131639723
0.392418032787 0.221131639723
0.392016376663 0.221131639723
0.39263803681 0.221709006928
0.392236976507 0.221709006928
0.392857142857 0.222286374134
0.39245667686 0.222286374134
0.392057026477 0.222286374134
0.391658189217 0.222286374134
0.391260162602 0.222286374134
0.390862944162 0.222286374134
0.391480730223 0.222863741339
0.391084093212 0.222863741339
0.391700404858 0.223441108545
0.391304347826 0.223441108545
0.390909090909 0.223441108545
0.390514631685 0.223441108545
0.391129032258 0.224018475751
0.390735146022 0.224018475751
0.390342052314 0.224018475751
0.389949748744 0.224018475751
0.389558232932 0.224018475751
0.389167502508 0.224018475751
0.389779559118 0.224595842956
0.389389389389 0.224595842956
0.389 0.224595842956
0.38961038961 0.225173210162
0.389221556886 0.225173210162
0.388833499501 0.225173210162
0.388446215139 0.225173210162
0.389054726368 0.225750577367
0.388667992048 0.225750577367
0.389275074479 0.226327944573
0.388888888889 0.226327944573
0.388503468781 0.226327944573
0.388118811881 0.226327944573
0.387734915925 0.226327944573
0.387351778656 0.226327944573
0.386969397828 0.226327944573
0.386587771203 0.226327944573
0.386206896552 0.226327944573
0.385826771654 0.226327944573
0.385447394297 0.226327944573
0.38605108055 0.226905311778
0.385672227674 0.226905311778
0.385294117647 0.226905311778
0.384916748286 0.226905311778
0.384540117417 0.226905311778
0.384164222874 0.226905311778
0.3837890625 0.226905311778
0.383414634146 0.226905311778
0.383040935673 0.226905311778
0.382667964946 0.226905311778
0.382295719844 0.226905311778
0.381924198251 0.226905311778
0.381553398058 0.226905311778
0.381183317168 0.226905311778
0.380813953488 0.226905311778
0.380445304937 0.226905311778
0.380077369439 0.226905311778
0.379710144928 0.226905311778
0.379343629344 0.226905311778
0.378977820636 0.226905311778
0.378612716763 0.226905311778
0.378248315688 0.226905311778
0.377884615385 0.226905311778
0.377521613833 0.226905311778
0.378119001919 0.227482678984
0.377756471716 0.227482678984
0.377394636015 0.227482678984
0.377990430622 0.228060046189
0.378585086042 0.228637413395
0.378223495702 0.228637413395
0.37786259542 0.228637413395
0.377502383222 0.228637413395
0.377142857143 0.228637413395
0.376784015224 0.228637413395
0.376425855513 0.228637413395
0.376068376068 0.228637413395
0.375711574953 0.228637413395
0.375355450237 0.228637413395
0.375 0.228637413395
0.374645222327 0.228637413395
0.374291115312 0.228637413395
0.373937677054 0.228637413395
0.374528301887 0.2292147806
0.374175306315 0.2292147806
0.373822975518 0.2292147806
0.37347130762 0.2292147806
0.373120300752 0.2292147806
0.372769953052 0.2292147806
0.373358348968 0.229792147806
0.373945641987 0.230369515012
0.373595505618 0.230369515012
0.373246024322 0.230369515012
0.372897196262 0.230369515012
0.372549019608 0.230369515012
0.373134328358 0.230946882217
0.373718546132 0.231524249423
0.374301675978 0.232101616628
0.373953488372 0.232101616628
0.373605947955 0.232101616628
0.373259052925 0.232101616628
0.372912801484 0.232101616628
0.372567191844 0.232101616628
0.372222222222 0.232101616628
0.371877890842 0.232101616628
0.372458410351 0.232678983834
0.372114496768 0.232678983834
0.371771217712 0.232678983834
0.371428571429 0.232678983834
0.371086556169 0.232678983834
0.370745170193 0.232678983834
0.370404411765 0.232678983834
0.370064279155 0.232678983834
0.369724770642 0.232678983834
0.36938588451 0.232678983834
0.369047619048 0.232678983834
0.368709972553 0.232678983834
0.368372943327 0.232678983834
0.368949771689 0.233256351039
0.368613138686 0.233256351039
0.368277119417 0.233256351039
0.367941712204 0.233256351039
0.367606915378 0.233256351039
0.367272727273 0.233256351039
0.366939146231 0.233256351039
0.367513611615 0.233833718245
0.368087035358 0.23441108545
0.367753623188 0.23441108545
0.36742081448 0.23441108545
0.367088607595 0.23441108545
0.366757000903 0.23441108545
0.36642599278 0.23441108545
0.366095581605 0.23441108545
0.365765765766 0.23441108545
0.366336633663 0.234988452656
0.366007194245 0.234988452656
0.36567834681 0.234988452656
0.365350089767 0.234988452656
0.365022421525 0.234988452656
0.364695340502 0.234988452656
0.364368845121 0.234988452656
0.36404293381 0.234988452656
0.363717605004 0.234988452656
0.363392857143 0.234988452656
0.363068688671 0.234988452656
0.362745098039 0.234988452656
0.362422083704 0.234988452656
0.362099644128 0.234988452656
0.361777777778 0.234988452656
0.361456483126 0.234988452656
0.361135758651 0.234988452656
0.360815602837 0.234988452656
0.360496014172 0.234988452656
0.361061946903 0.235565819861
0.361626878868 0.236143187067
0.361307420495 0.236143187067
0.360988526037 0.236143187067
0.361552028219 0.236720554273
0.361233480176 0.236720554273
0.360915492958 0.236720554273
0.360598065084 0.236720554273
0.361159929701 0.237297921478
0.360842844601 0.237297921478
0.361403508772 0.237875288684
0.361086765995 0.237875288684
0.360770577933 0.237875288684
0.360454943132 0.237875288684
0.36013986014 0.237875288684
0.360698689956 0.238452655889
0.361256544503 0.239030023095
0.36181342633 0.2396073903
0.36149825784 0.2396073903
0.361183637946 0.2396073903
0.360869565217 0.2396073903
0.360556038228 0.2396073903
0.360243055556 0.2396073903
0.359930615785 0.2396073903
0.359618717504 0.2396073903
0.360173160173 0.240184757506
0.360726643599 0.240762124711
0.360414866033 0.240762124711
0.360103626943 0.240762124711
0.359792924935 0.240762124711
0.359482758621 0.240762124711
0.359173126615 0.240762124711
0.359724612737 0.241339491917
0.359415305245 0.241339491917
0.35910652921 0.241339491917
0.358798283262 0.241339491917
0.358490566038 0.241339491917
0.358183376178 0.241339491917
0.357876712329 0.241339491917
0.358426005133 0.241916859122
0.35811965812 0.241916859122
0.35781383433 0.241916859122
0.357508532423 0.241916859122
0.357203751066 0.241916859122
0.357751277683 0.242494226328
0.357446808511 0.242494226328
0.357142857143 0.242494226328
0.35683942226 0.242494226328
0.356536502547 0.242494226328
0.356234096692 0.242494226328
0.35593220339 0.242494226328
0.355630821338 0.242494226328
0.355329949239 0.242494226328
0.355029585799 0.242494226328
0.35472972973 0.242494226328
0.354430379747 0.242494226328
0.35497470489 0.243071593533
0.354675652906 0.243071593533
0.354377104377 0.243071593533
0.354079058032 0.243071593533
0.354621848739 0.243648960739
0.354324097397 0.243648960739
0.354026845638 0.243648960739
0.353730092205 0.243648960739
0.353433835846 0.243648960739
0.353138075314 0.243648960739
0.352842809365 0.243648960739
0.352548036759 0.243648960739
0.35225375626 0.243648960739
0.351959966639 0.243648960739
0.351666666667 0.243648960739
0.352206494588 0.244226327945
0.351913477537 0.244226327945
0.352452202826 0.24480369515
0.352159468439 0.24480369515
0.351867219917 0.24480369515
0.351575456053 0.24480369515
0.352112676056 0.245381062356
0.352649006623 0.245958429561
0.353184449959 0.246535796767
0.352892561983 0.246535796767
0.353426919901 0.247113163972
0.35396039604 0.247690531178
0.353668590272 0.247690531178
0.353377265239 0.247690531178
0.353086419753 0.247690531178
0.353618421053 0.248267898383
0.354149548069 0.248845265589
0.353858784893 0.248845265589
0.353568498769 0.248845265589
0.353278688525 0.248845265589
0.352989352989 0.248845265589
0.352700490998 0.248845265589
0.35241210139 0.248845265589
0.352124183007 0.248845265589
0.351836734694 0.248845265589
0.351549755302 0.248845265589
0.352078239609 0.249422632794
0.351791530945 0.249422632794
0.351505288853 0.249422632794
0.351219512195 0.249422632794
0.350934199838 0.249422632794
0.350649350649 0.249422632794
0.351175993512 0.25
0.350891410049 0.25
0.350607287449 0.25
0.351132686084 0.250577367206
0.350848827809 0.250577367206
0.35056542811 0.250577367206
0.350282485876 0.250577367206
0.35 0.250577367206
0.350523771152 0.251154734411
0.350241545894 0.251154734411
0.349959774739 0.251154734411
0.349678456592 0.251154734411
0.349397590361 0.251154734411
0.34911717496 0.251154734411
0.348837209302 0.251154734411
0.348557692308 0.251154734411
0.348278622898 0.251154734411
0.3488 0.251732101617
0.348521183054 0.251732101617
0.349041533546 0.252309468822
0.348762968875 0.252309468822
0.348484848485 0.252309468822
0.348207171315 0.252309468822
0.347929936306 0.252309468822
0.348448687351 0.252886836028
0.348966613672 0.253464203233
0.34868943606 0.253464203233
0.348412698413 0.253464203233
0.348929421094 0.254041570439
0.348652931854 0.254041570439
0.348376880443 0.254041570439
0.348101265823 0.254041570439
0.347826086957 0.254041570439
0.348341232227 0.254618937644
0.348066298343 0.254618937644
0.347791798107 0.254618937644
0.347517730496 0.254618937644
0.347244094488 0.254618937644
0.346970889064 0.254618937644
0.346698113208 0.254618937644
0.346425765907 0.254618937644
0.346153846154 0.254618937644
0.345882352941 0.254618937644
0.345611285266 0.254618937644
0.34534064213 0.254618937644
0.345852895149 0.25519630485
0.345582486317 0.25519630485
0.3453125 0.25519630485
0.345823575332 0.255773672055
0.345553822153 0.255773672055
0.346063912705 0.256351039261
0.345794392523 0.256351039261
0.346303501946 0.256928406467
0.346034214619 0.256928406467
0.345765345765 0.256928406467
0.34549689441 0.256928406467
0.345228859581 0.256928406467
0.34496124031 0.256928406467
0.34546862897 0.257505773672
0.345975232198 0.258083140878
0.345707656613 0.258083140878
0.34544049459 0.258083140878
0.345945945946 0.258660508083
0.345679012346 0.258660508083
0.345412490362 0.258660508083
0.345146379045 0.258660508083
0.345650500385 0.259237875289
0.345384615385 0.259237875289
0.345119139124 0.259237875289
0.345622119816 0.259815242494
0.345356868764 0.259815242494
0.34509202454 0.259815242494
0.345593869732 0.2603926097
0.345329249617 0.2603926097
0.345830145371 0.260969976905
0.345565749235 0.260969976905
0.345301757066 0.260969976905
0.345038167939 0.260969976905
0.344774980931 0.260969976905
0.344512195122 0.260969976905
0.344249809596 0.260969976905
0.34398782344 0.260969976905
0.344486692015 0.261547344111
0.344224924012 0.261547344111
0.343963553531 0.261547344111
0.343702579666 0.261547344111
0.343442001516 0.261547344111
0.343181818182 0.261547344111
0.342922028766 0.261547344111
0.342662632375 0.261547344111
0.343159486017 0.262124711316
0.342900302115 0.262124711316
0.342641509434 0.262124711316
0.342383107089 0.262124711316
0.342125094197 0.262124711316
0.34186746988 0.262124711316
0.341610233258 0.262124711316
0.341353383459 0.262124711316
0.341096919609 0.262124711316
0.340840840841 0.262124711316
0.340585146287 0.262124711316
0.340329835082 0.262124711316
0.340074906367 0.262124711316
0.339820359281 0.262124711316
0.339566192969 0.262124711316
0.340059790732 0.262702078522
0.339805825243 0.262702078522
0.339552238806 0.262702078522
0.339299030574 0.262702078522
0.339046199702 0.262702078522
0.338793745346 0.262702078522
0.338541666667 0.262702078522
0.338289962825 0.262702078522
0.338038632987 0.262702078522
0.337787676318 0.262702078522
0.337537091988 0.262702078522
0.338028169014 0.263279445727
0.337777777778 0.263279445727
0.337527757217 0.263279445727
0.337278106509 0.263279445727
0.337028824834 0.263279445727
0.337518463811 0.263856812933
0.337269372694 0.263856812933
0.337020648968 0.263856812933
0.33677229182 0.263856812933
0.336524300442 0.263856812933
0.336276674025 0.263856812933
0.336029411765 0.263856812933
0.336517266716 0.264434180139
0.336270190896 0.264434180139
0.336023477623 0.264434180139
0.3357771261 0.264434180139
0.336263736264 0.265011547344
0.336017569546 0.265011547344
0.335771762985 0.265011547344
0.335526315789 0.265011547344
0.336011687363 0.26558891455
0.335766423358 0.26558891455
0.335521517141 0.26558891455
0.33527696793 0.26558891455
0.335032774945 0.26558891455
0.334788937409 0.26558891455
0.335272727273 0.266166281755
0.335029069767 0.266166281755
0.334785766158 0.266166281755
0.334542815675 0.266166281755
0.334300217549 0.266166281755
0.334057971014 0.266166281755
0.333816075308 0.266166281755
0.334298118669 0.266743648961
0.334056399132 0.266743648961
0.333815028902 0.266743648961
0.33357400722 0.266743648961
0.333333333333 0.266743648961
0.333093006489 0.266743648961
0.333573487032 0.267321016166
0.333333333333 0.267321016166
0.33309352518 0.267321016166
0.332854061826 0.267321016166
0.333333333333 0.267898383372
0.333094041637 0.267898383372
0.332855093257 0.267898383372
0.332616487455 0.267898383372
0.332378223496 0.267898383372
0.332140300644 0.267898383372
0.331902718169 0.267898383372
0.33166547534 0.267898383372
0.331428571429 0.267898383372
0.33119200571 0.267898383372
0.330955777461 0.267898383372
0.330719885959 0.267898383372
0.330484330484 0.267898383372
0.33024911032 0.267898383372
0.330014224751 0.267898383372
0.329779673063 0.267898383372
0.329545454545 0.267898383372
0.330021291696 0.268475750577
0.329787234043 0.268475750577
0.32955350815 0.268475750577
0.330028328612 0.269053117783
0.330502476999 0.269630484988
0.33026874116 0.269630484988
0.330035335689 0.269630484988
0.330508474576 0.270207852194
0.330275229358 0.270207852194
0.330747531735 0.2707852194
0.330514446794 0.2707852194
0.330281690141 0.2707852194
0.330049261084 0.2707852194
0.329817158931 0.2707852194
0.329585382994 0.2707852194
0.329353932584 0.2707852194
0.329122807018 0.2707852194
0.32889200561 0.2707852194
0.32866152768 0.2707852194
0.328431372549 0.2707852194
0.328201539538 0.2707852194
0.327972027972 0.2707852194
0.327742837177 0.2707852194
0.32751396648 0.2707852194
0.327285415213 0.2707852194
0.327057182706 0.2707852194
0.326829268293 0.2707852194
0.326601671309 0.2707852194
0.326374391093 0.2707852194
0.326147426982 0.2707852194
0.325920778318 0.2707852194
0.325694444444 0.2707852194
0.325468424705 0.2707852194
0.325242718447 0.2707852194
0.325017325017 0.2707852194
0.324792243767 0.2707852194
0.324567474048 0.2707852194
0.324343015214 0.2707852194
0.324118866621 0.2707852194
0.323895027624 0.2707852194
0.323671497585 0.2707852194
0.323448275862 0.2707852194
0.323225361819 0.2707852194
0.323002754821 0.2707852194
0.322780454233 0.2707852194
0.322558459422 0.2707852194
0.322336769759 0.2707852194
0.322115384615 0.2707852194
0.321894303363 0.2707852194
0.321673525377 0.2707852194
0.321453050034 0.2707852194
0.321232876712 0.2707852194
0.321013004791 0.2707852194
0.320793433653 0.2707852194
0.320574162679 0.2707852194
0.320355191257 0.2707852194
0.320819112628 0.271362586605
0.320600272851 0.271362586605
0.320381731425 0.271362586605
0.320844686649 0.271939953811
0.320626276378 0.271939953811
0.321088435374 0.272517321016
0.320870156356 0.272517321016
0.321331521739 0.273094688222
0.321113374067 0.273094688222
0.320895522388 0.273094688222
0.320677966102 0.273094688222
0.320460704607 0.273094688222
0.320243737305 0.273094688222
0.320027063599 0.273094688222
0.319810682894 0.273094688222
0.319594594595 0.273094688222
0.319378798109 0.273094688222
0.319163292848 0.273094688222
0.319622387053 0.273672055427
0.319407008086 0.273672055427
0.319191919192 0.273672055427
0.318977119785 0.273672055427
0.319435104237 0.274249422633
0.319220430108 0.274249422633
0.319006044325 0.274249422633
0.319463087248 0.274826789838
0.319248826291 0.274826789838
0.319705093834 0.275404157044
0.319490957803 0.275404157044
0.319277108434 0.275404157044
0.319063545151 0.275404157044
0.319518716578 0.275981524249
0.319973279893 0.276558891455
0.319759679573 0.276558891455
0.319546364243 0.276558891455
0.319333333333 0.276558891455
0.319120586276 0.276558891455
0.318908122503 0.276558891455
0.31869594145 0.276558891455
0.318484042553 0.276558891455
0.318272425249 0.276558891455
0.318725099602 0.277136258661
0.318513603185 0.277136258661
0.318965517241 0.277713625866
0.318754141816 0.277713625866
0.318543046358 0.277713625866
0.318332230311 0.277713625866
0.318121693122 0.277713625866
0.317911434237 0.277713625866
0.317701453104 0.277713625866
0.317491749175 0.277713625866
0.3172823219 0.277713625866
0.317073170732 0.277713625866
0.316864295125 0.277713625866
0.316655694536 0.277713625866
0.316447368421 0.277713625866
0.316239316239 0.277713625866
0.316031537451 0.277713625866
0.315824031517 0.277713625866
0.316272965879 0.278290993072
0.31606557377 0.278290993072
0.315858453473 0.278290993072
0.315651604453 0.278290993072
0.315445026178 0.278290993072
0.315238718116 0.278290993072
0.315032679739 0.278290993072
0.314826910516 0.278290993072
0.314621409922 0.278290993072
0.31441617743 0.278290993072
0.314211212516 0.278290993072
0.314006514658 0.278290993072
0.313802083333 0.278290993072
0.313597918022 0.278290993072
0.314044213264 0.278868360277
0.313840155945 0.278868360277
0.313636363636 0.278868360277
0.313432835821 0.278868360277
0.313229571984 0.278868360277
0.313026571614 0.278868360277
0.312823834197 0.278868360277
0.313268608414 0.279445727483
0.313065976714 0.279445727483
0.312863606981 0.279445727483
0.312661498708 0.279445727483
0.312459651388 0.279445727483
0.312258064516 0.279445727483
0.312056737589 0.279445727483
0.3125 0.280023094688
0.312298776561 0.280023094688
0.312097812098 0.280023094688
0.311897106109 0.280023094688
0.311696658098 0.280023094688
0.311496467566 0.280023094688
0.311296534018 0.280023094688
0.311738293778 0.280600461894
0.311538461538 0.280600461894
0.31133888533 0.280600461894
0.311139564661 0.280600461894
0.31094049904 0.280600461894
0.31074168798 0.280600461894
0.311182108626 0.281177829099
0.311621966794 0.281755196305
0.312061263561 0.28233256351
0.311862244898 0.28233256351
0.311663479924 0.28233256351
0.311464968153 0.28233256351
0.31190324634 0.282909930716
0.311704834606 0.282909930716
0.311506675143 0.282909930716
0.311308767471 0.282909930716
0.311111111111 0.282909930716
0.310913705584 0.282909930716
0.310716550412 0.282909930716
0.31051964512 0.282909930716
0.310322989234 0.282909930716
0.310126582278 0.282909930716
0.309930423782 0.282909930716
0.309734513274 0.282909930716
0.309538850284 0.282909930716
0.309343434343 0.282909930716
0.309148264984 0.282909930716
0.30895334174 0.282909930716
0.308758664146 0.282909930716
0.308564231738 0.282909930716
0.308999370673 0.283487297921
0.308805031447 0.283487297921
0.308610936518 0.283487297921
0.308417085427 0.283487297921
0.308223477715 0.283487297921
0.308657465496 0.284064665127
0.308463949843 0.284064665127
0.308270676692 0.284064665127
0.308077645585 0.284064665127
0.30788485607 0.284064665127
0.307692307692 0.284064665127
0.3075 0.284064665127
0.307307932542 0.284064665127
0.307116104869 0.284064665127
0.306924516532 0.284064665127
0.306733167082 0.284064665127
0.306542056075 0.284064665127
0.30697384807 0.284642032333
0.30678282514 0.284642032333
0.306592039801 0.284642032333
0.30640149161 0.284642032333
0.306211180124 0.284642032333
0.306021104904 0.284642032333
0.305831265509 0.284642032333
0.3056416615 0.284642032333
0.305452292441 0.284642032333
0.305263157895 0.284642032333
0.305693069307 0.285219399538
0.30612244898 0.285796766744
0.305933250927 0.285796766744
0.305744286597 0.285796766744
0.305555555556 0.285796766744
0.305367057372 0.285796766744
0.305178791615 0.285796766744
0.304990757856 0.285796766744
0.304802955665 0.285796766744
0.304615384615 0.285796766744
0.30442804428 0.285796766744
0.304240934235 0.285796766744
0.304054054054 0.285796766744
0.304481276857 0.286374133949
0.304294478528 0.286374133949
0.304721030043 0.286951501155
0.305147058824 0.28752886836
0.304960195958 0.28752886836
0.304773561812 0.28752886836
0.304587155963 0.28752886836
0.304400977995 0.28752886836
0.304215027489 0.28752886836
0.304029304029 0.28752886836
0.304453935326 0.288106235566
0.30487804878 0.288683602771
0.304692260817 0.288683602771
0.304506699147 0.288683602771
0.30432136336 0.288683602771
0.304136253041 0.288683602771
0.303951367781 0.288683602771
0.304374240583 0.289260969977
0.304189435337 0.289260969977
0.304004854369 0.289260969977
0.303820497271 0.289260969977
0.303636363636 0.289260969977
0.303452453059 0.289260969977
0.303268765133 0.289260969977
0.303085299456 0.289260969977
0.302902055623 0.289260969977
0.302719033233 0.289260969977
0.302536231884 0.289260969977
0.302353651177 0.289260969977
0.302171290712 0.289260969977
0.30198915009 0.289260969977
0.301807228916 0.289260969977
0.301625526791 0.289260969977
0.301444043321 0.289260969977
0.301262778112 0.289260969977
0.301081730769 0.289260969977
0.300900900901 0.289260969977
0.300720288115 0.289260969977
0.300539892022 0.289260969977
0.30035971223 0.289260969977
0.300179748352 0.289260969977
0.3 0.289260969977
0.299820466786 0.289260969977
0.299641148325 0.289260969977
0.299462044232 0.289260969977
0.299283154122 0.289260969977
0.299104477612 0.289260969977
0.299522673031 0.289838337182
0.299344066786 0.289838337182
0.299761620977 0.290415704388
0.29958308517 0.290415704388
0.299404761905 0.290415704388
0.299226650803 0.290415704388
0.299048751486 0.290415704388
0.298871063577 0.290415704388
0.298693586698 0.290415704388
0.298516320475 0.290415704388
0.298932384342 0.290993071594
0.298755186722 0.290993071594
0.298578199052 0.290993071594
0.298401420959 0.290993071594
0.298224852071 0.290993071594
0.298048492017 0.290993071594
0.297872340426 0.290993071594
0.298287064383 0.291570438799
0.298110979929 0.291570438799
0.297935103245 0.291570438799
0.297759433962 0.291570438799
0.297583971715 0.291570438799
0.297408716137 0.291570438799
0.297233666863 0.291570438799
0.297058823529 0.291570438799
0.296884185773 0.291570438799
0.296709753231 0.291570438799
0.296535525543 0.291570438799
0.296361502347 0.291570438799
0.296774193548 0.292147806005
0.296600234467 0.292147806005
0.296426479203 0.292147806005
0.296838407494 0.29272517321
0.296664716208 0.29272517321
0.29649122807 0.29272517321
0.296317942724 0.29272517321
0.296144859813 0.29272517321
0.295971978984 0.29272517321
0.295799299883 0.29272517321
0.295626822157 0.29272517321
0.295454545455 0.29272517321
0.295282469423 0.29272517321
0.295110593714 0.29272517321
0.294938917976 0.29272517321
0.29476744186 0.29272517321
0.29459616502 0.29272517321
0.294425087108 0.29272517321
0.294254207777 0.29272517321
0.294083526682 0.29272517321
0.294492753623 0.293302540416
0.294322132097 0.293302540416
0.294151708164 0.293302540416
0.293981481481 0.293302540416
0.293811451706 0.293302540416
0.293641618497 0.293302540416
0.293471981514 0.293302540416
0.293302540416 0.293302540416
0.293133294864 0.293302540416
0.292964244521 0.293302540416
0.292795389049 0.293302540416
0.292626728111 0.293302540416
0.29245826137 0.293302540416
0.292289988493 0.293302540416
0.292121909143 0.293302540416
0.291954022989 0.293302540416
0.291786329696 0.293302540416
0.291618828932 0.293302540416
0.291451520367 0.293302540416
0.29128440367 0.293302540416
0.29111747851 0.293302540416
0.290950744559 0.293302540416
0.290784201488 0.293302540416
0.29061784897 0.293302540416
0.290451686678 0.293302540416
0.290857142857 0.293879907621
0.291262135922 0.294457274827
0.291095890411 0.294457274827
0.290929834569 0.294457274827
0.290763968073 0.294457274827
0.291168091168 0.295034642032
0.291002277904 0.295034642032
0.290836653386 0.295034642032
0.290671217292 0.295034642032
0.290505969301 0.295034642032
0.290909090909 0.295612009238
0.290743895514 0.295612009238
0.290578887628 0.295612009238
0.290981281906 0.296189376443
0.290816326531 0.296189376443
0.290651558074 0.296189376443
0.290486976217 0.296189376443
