634 1 0.992784976959
4930 1 0.99110108614
26790 1 0.990374565125
91210 1 0.990069329739
11801 4 0.988656938076
22177 4 0.988574445248
49832 1 0.988112092018
14082 4 0.986997008324
84960 4 0.986659049988
25872 1 0.986320078373
59721 1 0.985904872417
57243 1 0.985167443752
90607 1 0.98502779007
68642 1 0.984895050526
25772 1 0.984749019146
7243 1 0.98466104269
21197 1 0.983838677406
22247 1 0.983472108841
69181 1 0.982433795929
20917 1 0.982353806496
89667 1 0.981654167175
86818 1 0.978289425373
26715 1 0.977533936501
75798 1 0.977294147015
12557 1 0.976835727692
5661 1 0.974387705326
33097 4 0.973882615566
3160 1 0.972578942776
40540 1 0.972508788109
76245 1 0.972365856171
35410 1 0.97143393755
49084 1 0.969768166542
50546 4 0.969653129578
62098 4 0.969367742538
8692 1 0.969354093075
83806 4 0.969231009483
38955 1 0.969195842743
73947 1 0.969039857388
60937 4 0.968961715698
33904 1 0.967157065868
60763 4 0.967003583908
64040 1 0.966815888882
40156 1 0.966171383858
36888 1 0.966152310371
41233 1 0.965169012547
12543 1 0.965093910694
49556 4 0.963951528072
82408 4 0.962871432304
18571 1 0.962169229984
32169 1 0.961986601353
13538 1 0.961235940456
29398 4 0.961046636105
15916 1 0.960582196712
46201 1 0.959578454494
36052 1 0.958580970764
3527 1 0.957757592201
19227 1 0.957217693329
10397 4 0.957204282284
8518 4 0.956411838531
70388 4 0.955171644688
57739 1 0.953847050667
79427 1 0.953838467598
65433 4 0.952751338482
50492 1 0.952253878117
64562 1 0.951245486736
87308 1 0.951208055019
84730 1 0.949821949005
89177 1 0.949624717236
28520 1 0.949304521084
61802 1 0.949240267277
58784 1 0.949119627476
3090 1 0.949066579342
76196 4 0.949023008347
44109 1 0.948878824711
59280 1 0.948529362679
44997 1 0.947238206863
50266 1 0.947205901146
50485 1 0.947009027004
2155 1 0.946411550045
325 1 0.945997357368
8715 4 0.94587045908
15614 1 0.945809543133
76497 1 0.945735991001
65467 4 0.945333302021
82160 4 0.944913864136
38938 1 0.944564342499
27028 1 0.944371759892
9462 1 0.944297492504
34090 1 0.94210767746
69911 4 0.941933989525
5384 1 0.941519498825
53930 1 0.9413433671
79503 4 0.940272033215
10306 4 0.93989276886
50257 4 0.938455402851
36731 1 0.938132286072
20697 1 0.937493443489
16910 4 0.936577498913
78322 1 0.936539530754
47024 1 0.935678362846
48162 1 0.935386538506
63615 1 0.934648454189
2356 1 0.933117330074
10509 4 0.932451725006
60218 1 0.932211816311
89443 1 0.931094348431
51074 4 0.931045651436
65238 1 0.931043803692
5011 1 0.930431246758
43256 1 0.929704666138
50965 1 0.92942738533
62216 4 0.929353415966
7750 1 0.928908228874
10162 1 0.928693830967
56049 1 0.928152501583
22257 1 0.927653133869
84797 1 0.926577687263
37761 1 0.926382780075
55446 1 0.925232887268
52350 1 0.92481893301
33605 4 0.924648463726
11882 1 0.923876345158
17774 1 0.922827064991
85006 4 0.922499299049
44676 1 0.921581506729
37360 4 0.921570241451
642 1 0.921231210232
33696 1 0.921152412891
75664 1 0.919954299927
56888 1 0.919411122799
4331 1 0.91896545887
88783 1 0.918610811234
51218 1 0.918236792088
8105 1 0.918084204197
42594 1 0.918008863926
20713 1 0.916627764702
11462 1 0.91613394022
54 1 0.914955854416
5356 1 0.914750516415
10233 1 0.914530217648
15302 1 0.913898646832
20045 4 0.913520276546
32660 1 0.913508236408
31081 1 0.912899494171
42424 1 0.912695407867
10038 1 0.910523056984
74254 4 0.910067379475
43077 1 0.908811271191
76717 1 0.908729553223
62824 1 0.908545911312
84875 1 0.907796978951
83344 1 0.90479016304
55218 1 0.902741372585
5523 1 0.902738749981
82159 4 0.902362942696
62572 1 0.902050256729
89337 4 0.901863753796
23701 1 0.901270806789
50 4 0.900250136852
43464 4 0.900230884552
30194 1 0.900019943714
40502 1 0.898630976677
4526 4 0.898416280746
22239 1 0.898413956165
67140 1 0.898046851158
35032 4 0.897179067135
12810 1 0.897119760513
52262 4 0.896246016026
26497 1 0.89560431242
27041 1 0.895062685013
62181 4 0.894883096218
90061 1 0.894606232643
8680 1 0.894569277763
82790 4 0.893740594387
16153 1 0.893022894859
54468 1 0.893003344536
82299 1 0.892977654934
269 1 0.892904877663
60088 1 0.892610192299
50947 1 0.892577946186
35668 1 0.892390847206
48719 4 0.891721427441
21924 1 0.890324234962
68520 1 0.888593018055
52211 1 0.88821464777
16451 4 0.888099431992
46747 1 0.887881159782
15918 1 0.887732326984
55668 1 0.887442409992
49616 1 0.887087106705
58548 1 0.886963307858
42812 4 0.886794447899
70760 1 0.886530697346
87612 1 0.886466264725
52353 1 0.886285424232
45577 1 0.885613381863
59841 1 0.88552236557
12463 1 0.885517120361
36939 1 0.885371983051
62894 1 0.884686291218
68660 1 0.884188055992
34918 4 0.884007155895
23374 4 0.883871912956
10153 1 0.882393717766
64289 1 0.882054924965
63167 1 0.880996406078
10274 1 0.880385756493
65577 4 0.879885673523
5687 1 0.879372537136
11143 1 0.877891123295
3706 1 0.877246081829
22367 1 0.877232074738
38120 1 0.87712007761
76490 1 0.876941919327
7628 4 0.876826524734
60474 1 0.876804709435
53230 1 0.876548051834
71962 1 0.876361370087
74249 4 0.876358270645
41789 1 0.875759780407
50424 4 0.875314116478
30358 1 0.875286996365
86815 1 0.87478441
66282 1 0.874457359314
6652 4 0.873332262039
63338 1 0.873138904572
48791 4 0.871643006802
3042 4 0.871633768082
43610 1 0.871577620506
53396 1 0.871558070183
63110 1 0.871239542961
55134 1 0.870103895664
1478 1 0.869922578335
39382 4 0.86838555336
74755 1 0.868347287178
19747 1 0.868020176888
62578 1 0.865787506104
35197 1 0.863740384579
83903 4 0.861823856831
13611 1 0.861753463745
73632 1 0.861575186253
46944 4 0.85976099968
79467 1 0.859679937363
11368 4 0.859619319439
50478 1 0.85921305418
46526 1 0.858668625355
37173 4 0.858360409737
65992 1 0.857635319233
76861 1 0.856659889221
89621 1 0.856472194195
82535 1 0.856212794781
55623 4 0.856034636497
85928 1 0.855415940285
62056 1 0.853834152222
56663 1 0.85377651453
10511 4 0.852076590061
16174 1 0.851815640926
55877 1 0.851363003254
47567 1 0.850682556629
66779 1 0.848947763443
16315 1 0.847744643688
80093 1 0.846898913383
80608 1 0.846294760704
55507 4 0.845749914646
33385 1 0.845397651196
48702 4 0.845271110535
7935 1 0.844576656818
80157 1 0.844555974007
7977 1 0.844188332558
2089 1 0.843699574471
61250 1 0.842801392078
19175 4 0.842473804951
44020 1 0.842410862446
74303 1 0.841766834259
78824 1 0.841537892818
12766 1 0.841017246246
18891 1 0.840589880943
87462 1 0.840576529503
80113 1 0.839797258377
55884 1 0.836569547653
81742 4 0.836112082005
9763 1 0.836102604866
77254 1 0.835899710655
1958 1 0.835899531841
56047 1 0.835434794426
34260 1 0.834846377373
29194 1 0.834380924702
43067 1 0.834133088589
88606 4 0.834001064301
32044 1 0.833041250706
3507 1 0.832932591438
46551 1 0.832589566708
34665 4 0.831342577934
37347 1 0.831274807453
24100 4 0.830724179745
16049 1 0.830667495728
88926 1 0.830204665661
66010 1 0.830051600933
28451 1 0.829162359238
28634 1 0.828998923302
90849 1 0.828581929207
51715 1 0.824834167957
4679 1 0.824642241001
12314 4 0.823155343533
4841 1 0.823104500771
25833 4 0.822477281094
36405 4 0.82244437933
36995 1 0.822091281414
23150 1 0.821328938007
20459 1 0.820873558521
47020 1 0.819986343384
18219 1 0.819542467594
28799 1 0.819480895996
2204 1 0.816495656967
64789 1 0.816397964954
6357 1 0.816251277924
3226 1 0.813988745213
31175 4 0.813675880432
841 1 0.813631057739
10516 4 0.812466204166
50967 1 0.812270641327
1321 4 0.812090933323
22250 1 0.811221182346
48689 1 0.81089246273
15832 4 0.81067609787
65651 4 0.8094804883
49161 1 0.809081196785
54233 1 0.808583676815
32733 4 0.807992517948
2467 1 0.80690985918
87910 4 0.806623995304
26753 1 0.806328833103
65431 4 0.80595767498
86133 1 0.805159151554
69665 1 0.804037451744
46007 1 0.803281068802
60803 1 0.802968382835
63155 1 0.801914811134
40170 1 0.80190974474
43887 1 0.80148935318
52583 1 0.801445603371
27496 1 0.801182329655
31428 4 0.801041245461
18652 1 0.800793468952
3856 4 0.800673961639
43623 1 0.800585985184
420 1 0.800487279892
91230 1 0.800462245941
37650 1 0.799978733063
42531 1 0.798992574215
11803 4 0.798899769783
56891 1 0.798517227173
71954 4 0.798204779625
76109 1 0.798086702824
4095 1 0.797683477402
4635 1 0.79729115963
35938 1 0.796789288521
4297 1 0.795513987541
35126 1 0.795492172241
34256 1 0.794864416122
78314 1 0.793538689613
18914 1 0.793316602707
6837 1 0.792465388775
20369 4 0.790141165257
33331 1 0.789827167988
28049 4 0.788717210293
88844 4 0.788318693638
54560 1 0.788262784481
89191 4 0.788133442402
19330 1 0.78793412447
43749 1 0.787811040878
41055 1 0.787404298782
77992 1 0.786414921284
49876 1 0.786192774773
47717 4 0.785534381866
60106 1 0.785402476788
43041 1 0.785302042961
23373 4 0.78523349762
18860 1 0.785215377808
16301 1 0.785065233707
13624 1 0.784843683243
4536 4 0.784516870975
20156 1 0.783730089664
38400 1 0.783285975456
71313 1 0.783022403717
50133 1 0.782356739044
40405 1 0.782298445702
20074 1 0.780818343163
12457 1 0.780129909515
28143 1 0.779755055904
46745 1 0.779047966003
8586 1 0.7784730196
58890 1 0.778356671333
44019 1 0.777338266373
45334 1 0.776697337627
10950 1 0.775792062283
27658 1 0.775578141212
76866 4 0.775363564491
32316 1 0.774574577808
39921 1 0.774035215378
87067 1 0.774009585381
20283 4 0.773515462875
58062 1 0.772757709026
67394 1 0.77209097147
38509 1 0.771129071712
25101 1 0.770616352558
52507 4 0.770568072796
74998 4 0.767422139645
50349 1 0.767061173916
41755 1 0.766724824905
22891 4 0.766429185867
50190 1 0.766126155853
58781 4 0.765987217426
57654 1 0.765723109245
55913 1 0.763820171356
63156 1 0.763749241829
88938 1 0.763659834862
8162 1 0.763130009174
31624 1 0.762179493904
60907 1 0.761259317398
57306 1 0.761192917824
12190 4 0.761043965816
38227 1 0.760882377625
2364 1 0.760472655296
23589 1 0.760465979576
49742 1 0.758736014366
82922 4 0.75809264183
51581 4 0.757137179375
51784 1 0.756993770599
90018 1 0.756941258907
34601 1 0.756214141846
32622 4 0.755731105804
6243 1 0.755727648735
5475 1 0.755668997765
37509 1 0.755273222923
59029 1 0.75523519516
90352 4 0.754971146584
9676 1 0.75444239378
4265 1 0.75413018465
68907 4 0.75367975235
10305 4 0.753651916981
40654 1 0.752666056156
78981 1 0.752133131027
40721 1 0.751398384571
5697 1 0.751345992088
42425 1 0.750890493393
83934 1 0.750407934189
57651 1 0.749899625778
29148 1 0.748724341393
10137 4 0.747464954853
40819 1 0.74702244997
71281 1 0.746263444424
54774 1 0.746240913868
6971 2 0.745509266853
4391 2 0.744889080524
17630 1 0.743105888367
27691 1 0.742664396763
44178 4 0.742360532284
29853 1 0.741898834705
45773 4 0.741402864456
11041 1 0.740005731583
85525 4 0.73983836174
15533 1 0.738370120525
63706 1 0.737685859203
1014 1 0.737527132034
19589 1 0.737152636051
64013 1 0.737043201923
89197 4 0.73697578907
11522 1 0.736428260803
1003 4 0.736244678497
1244 4 0.735921025276
25838 4 0.735516369343
46209 4 0.734858334064
52820 1 0.733142673969
1913 4 0.733111858368
40916 1 0.732914984226
52508 4 0.732749938965
5191 4 0.732739090919
23999 1 0.73241686821
25828 4 0.732230782509
91035 4 0.732004880905
29407 1 0.730915129185
53981 1 0.729870676994
51875 1 0.729405939579
44268 1 0.727735280991
66918 1 0.727673947811
30069 1 0.726889371872
78980 1 0.724739313126
9187 1 0.724082767963
55481 1 0.723814666271
51192 4 0.723301649094
34792 1 0.723190188408
1185 1 0.721298098564
69817 1 0.721020996571
17221 1 0.720991194248
89796 1 0.720841109753
42415 1 0.719631016254
85896 1 0.718931317329
49076 1 0.718457877636
50708 1 0.718317985535
30298 1 0.71816188097
19753 1 0.717680513859
86285 4 0.716990172863
47349 1 0.716357290745
1610 4 0.716098070145
11160 1 0.715567648411
9965 1 0.715491056442
4240 4 0.715467691422
22255 1 0.714993774891
36176 2 0.714542627335
4064 1 0.714479506016
3427 1 0.714448750019
41371 1 0.714136064053
36918 1 0.714011490345
21139 1 0.713681876659
71006 1 0.713667809963
62165 1 0.713550150394
42227 4 0.713429331779
38688 1 0.713111400604
56782 1 0.712791264057
1180 1 0.712198793888
54051 1 0.711864769459
820 1 0.711343884468
15959 1 0.709910452366
91062 2 0.709907472134
85643 1 0.709862887859
52402 4 0.70959842205
81825 1 0.709469914436
52415 1 0.708948791027
56890 1 0.708454012871
10429 4 0.707274675369
84936 1 0.707005023956
3184 4 0.706563949585
32110 4 0.706408321857
88658 1 0.705223441124
27833 1 0.704406738281
44526 1 0.704155862331
23399 1 0.703408360481
91609 1 0.703123271465
17853 1 0.702003836632
28457 1 0.701481163502
89099 1 0.697613060474
13027 1 0.697178125381
14021 2 0.697016000748
19655 1 0.696939826012
81131 4 0.696893453598
54398 1 0.696839094162
31584 1 0.696149289608
32460 1 0.696118593216
43964 1 0.696071922779
88902 1 0.694524228573
77049 1 0.693035542965
62148 1 0.692659497261
57463 1 0.692643046379
432 1 0.691713631153
81153 1 0.691257178783
7699 1 0.691242098808
32349 1 0.691083073616
13021 1 0.691066920757
1861 4 0.690959095955
12474 4 0.690372645855
71952 1 0.68881469965
83783 1 0.688782513142
44187 4 0.688600957394
23699 1 0.688515603542
87366 1 0.688313364983
6572 4 0.688217818737
33309 1 0.687896251678
65069 1 0.687580227852
17333 1 0.687551438808
16287 1 0.685848176479
2256 1 0.685417056084
33034 1 0.685276508331
60726 1 0.685017228127
72198 1 0.684341013432
21416 1 0.68374556303
40390 4 0.683694958687
85153 1 0.68280428648
76606 1 0.682789385319
36175 2 0.68213647604
33781 1 0.681885480881
28102 1 0.681541442871
23861 4 0.681343197823
83955 4 0.68125128746
62554 1 0.680785834789
58500 1 0.680403769016
34116 4 0.679665148258
36505 1 0.678712427616
18460 1 0.678383290768
19745 1 0.678010106087
44530 1 0.677804768085
27951 4 0.677347540855
3108 1 0.676957130432
38804 4 0.676885843277
88290 1 0.675829946995
55505 4 0.675557434559
3822 4 0.675425827503
87761 1 0.675384521484
38231 1 0.675188779831
51313 1 0.675167381763
22237 1 0.675069451332
88860 1 0.674742221832
3534 4 0.674654781818
62305 1 0.67457485199
6870 1 0.674012959003
78189 4 0.673689424992
16945 2 0.673359692097
31296 1 0.673276901245
76074 4 0.672747671604
49274 1 0.672626435757
85831 1 0.672454416752
19759 1 0.672315895557
51754 1 0.672277033329
39181 1 0.671998143196
43959 4 0.671391844749
61195 1 0.669808268547
45187 1 0.668805718422
45933 4 0.668562531471
47268 1 0.668378651142
80578 1 0.665317118168
21503 1 0.664978802204
48181 4 0.664667546749
48554 4 0.664532482624
90510 1 0.662915170193
81311 1 0.662903726101
11831 4 0.66273021698
4520 1 0.66267234087
73325 1 0.662439346313
67880 2 0.661715149879
44713 4 0.660848379135
63795 1 0.660661399364
4631 1 0.6606554389
4646 1 0.660373687744
19012 1 0.660029292107
28616 1 0.659768283367
69751 1 0.659709751606
53706 1 0.659458041191
56570 4 0.659164428711
7852 1 0.658476352692
46392 1 0.657980620861
40127 4 0.657274484634
84968 4 0.656926691532
20350 1 0.656870186329
76472 1 0.656831502914
10432 1 0.656617999077
30371 1 0.655995607376
12980 4 0.654886424541
23001 4 0.654556334019
67184 1 0.654352486134
64638 1 0.654129683971
18218 1 0.652079343796
19469 1 0.651725172997
12558 4 0.651650547981
28455 1 0.651181101799
77209 1 0.65111130476
48117 4 0.650629341602
66030 1 0.65018928051
45848 1 0.650009036064
1947 1 0.649560153484
48540 1 0.649549782276
16093 1 0.648427128792
1252 1 0.648214519024
13604 1 0.647369861603
10690 1 0.647076368332
32840 1 0.645943522453
2002 1 0.645799040794
32886 1 0.64562869072
42866 1 0.645570993423
75251 1 0.642484426498
73113 1 0.641471743584
50173 1 0.641458511353
64186 1 0.641154646873
2697 1 0.639702916145
5558 1 0.639246463776
58011 1 0.63894879818
43779 4 0.638897061348
68530 1 0.638794243336
74340 4 0.638728678226
48908 1 0.637584388256
35795 1 0.637302696705
69264 1 0.637274324894
84568 1 0.636982500553
37928 1 0.636761665344
86011 4 0.63532269001
5275 1 0.634453356266
41049 1 0.63441246748
87338 1 0.634401321411
75105 1 0.634379208088
77568 4 0.632733225822
22638 1 0.632624387741
62575 1 0.632597565651
66591 1 0.632023870945
31906 4 0.632006108761
12058 1 0.631702661514
19082 4 0.631319582462
12727 1 0.631265521049
20501 1 0.631167173386
17440 1 0.630719959736
84620 1 0.630640804768
17501 1 0.630630791187
1294 1 0.630538284779
31204 1 0.63050866127
34458 7 0.630158603191
30840 4 0.629982411861
22583 1 0.629691064358
28388 1 0.629402518272
25204 4 0.629259347916
39029 1 0.628819406033
64024 1 0.628118216991
29149 7 0.626732587814
21801 1 0.626559615135
90633 1 0.626229703426
32859 1 0.625989496708
48371 4 0.625367641449
8770 3 0.625208318233
59672 1 0.624723434448
11123 3 0.62463003397
83284 1 0.623442471027
6496 1 0.622738659382
30336 4 0.622706413269
10164 1 0.621698856354
40195 1 0.621458947659
39578 1 0.62039399147
87885 1 0.620360255241
9370 1 0.619880199432
89689 1 0.619857788086
24243 4 0.619627118111
5779 1 0.619445025921
38232 1 0.618774414062
59040 1 0.618565201759
83254 2 0.61841750145
11410 1 0.618275284767
42426 1 0.61747944355
28462 1 0.617054581642
60471 2 0.616789162159
4891 1 0.616198718548
86146 1 0.616169631481
18244 1 0.616128385067
39666 1 0.615975558758
16004 2 0.615339457989
4487 1 0.615224063396
73338 1 0.614295661449
6973 2 0.613821208477
43355 1 0.612764775753
61904 1 0.612497508526
38380 1 0.611967742443
44181 4 0.611873149872
39013 2 0.61176431179
38092 1 0.611547529697
36177 2 0.611524879932
82586 1 0.610879123211
34553 1 0.610001802444
27578 1 0.609912037849
20702 4 0.609536886215
50791 1 0.609073221684
10035 1 0.609041452408
51882 4 0.609039485455
76887 1 0.609015107155
69938 1 0.60894715786
49997 1 0.608920037746
20746 1 0.608515739441
76718 7 0.608405172825
62251 1 0.608298540115
54256 1 0.607991337776
61513 1 0.607969462872
54621 1 0.607278883457
23594 4 0.607194423676
32752 1 0.606446385384
40424 1 0.605108439922
48658 1 0.604641258717
42022 1 0.604389250278
42532 1 0.604119300842
10166 1 0.604062139988
65468 4 0.603880405426
28217 1 0.603847801685
56386 4 0.60352063179
59773 1 0.603515028954
9371 4 0.603439569473
10439 1 0.602251291275
4819 4 0.60202986002
85504 1 0.601605176926
60165 4 0.601321995258
25664 1 0.600654482841
86982 1 0.599760949612
21550 1 0.599599897861
44892 1 0.599574685097
25345 2 0.599171042442
504 4 0.598985850811
4429 4 0.598743319511
6709 2 0.598636090755
88914 4 0.598612129688
6569 1 0.598264098167
42926 1 0.597550094128
67091 1 0.597089886665
66441 1 0.597041726112
23784 1 0.596263647079
2973 1 0.595808148384
45000 1 0.595663547516
34004 1 0.595482647419
48372 4 0.595397055149
42126 1 0.594917595387
4348 1 0.594629704952
89664 1 0.594475090504
45178 4 0.594370722771
44186 4 0.594207048416
45934 4 0.594046533108
59442 2 0.592504680157
28970 2 0.592156469822
61464 1 0.592064738274
49747 1 0.591227531433
64602 1 0.59116512537
18138 1 0.591071903706
5981 2 0.590466499329
25426 1 0.590433776379
57706 1 0.589637756348
17180 4 0.589247882366
36512 1 0.588528335094
83301 1 0.588180243969
49018 1 0.587874591351
54305 1 0.587610661983
82763 1 0.587155401707
11698 4 0.586425185204
81757 7 0.586053848267
1271 1 0.585735559464
5913 1 0.584655880928
50090 1 0.584181547165
80667 1 0.583858847618
1919 4 0.583845973015
66713 1 0.583069324493
18237 1 0.58216804266
7411 1 0.581678271294
62213 1 0.580994665623
46568 1 0.579801857471
82521 1 0.579748868942
28266 1 0.579675912857
51693 1 0.578874349594
51286 1 0.578467905521
18769 1 0.578267514706
49072 1 0.577994525433
82825 1 0.577658295631
4057 1 0.577484965324
6495 1 0.576899588108
17143 1 0.576860189438
76958 4 0.576711654663
4788 2 0.576688826084
88137 1 0.576158285141
38887 1 0.57610398531
57308 1 0.574663937092
37178 4 0.574110031128
52849 4 0.573960840702
38740 2 0.573403954506
68717 1 0.572685956955
47834 1 0.572155952454
23375 4 0.571635603905
8294 4 0.571290314198
28270 1 0.571139216423
41510 1 0.570990085602
66711 1 0.570908904076
46534 4 0.570595383644
84800 1 0.570131778717
60131 1 0.56992316246
44904 1 0.569687783718
88728 4 0.567566990852
505 4 0.567458689213
45979 1 0.567452311516
30230 4 0.567366778851
9361 2 0.567156612873
23587 1 0.566088974476
5970 2 0.565642178059
31972 4 0.564666986465
90414 1 0.564270615578
32216 1 0.56324493885
43351 1 0.562832951546
54261 1 0.562709391117
21956 1 0.562288045883
58039 1 0.56227773428
10307 4 0.56204688549
12422 1 0.560780823231
527 4 0.560473382473
12444 1 0.560376286507
83931 1 0.559381127357
26566 1 0.558111667633
53872 1 0.557731568813
17886 1 0.557486474514
69856 1 0.557224214077
89019 1 0.556812763214
52848 4 0.556657195091
24146 1 0.556636929512
59772 1 0.556432723999
43892 1 0.556337475777
73689 4 0.556133925915
71605 1 0.555942475796
45073 2 0.555875301361
80969 1 0.554984867573
74068 1 0.554978430271
16984 1 0.554703831673
69905 1 0.554552793503
4632 1 0.554312109947
27173 1 0.553489744663
21838 2 0.553258061409
65556 1 0.553241610527
10427 2 0.553154170513
51507 4 0.553074479103
714 1 0.552761733532
66772 4 0.552690327168
86336 1 0.552627384663
90475 1 0.551350176334
21766 1 0.550190806389
71113 1 0.550055325031
1175 1 0.549845159054
42348 1 0.549834191799
76232 4 0.549784243107
26386 1 0.549717009068
6541 1 0.54953455925
76946 1 0.548808574677
9003 4 0.548754453659
59994 2 0.548447668552
33308 1 0.547945141792
24752 1 0.54792124033
46212 1 0.547465026379
89444 1 0.547179877758
50178 1 0.547103703022
62601 1 0.54701590538
23372 4 0.546908199787
30471 1 0.546825528145
5777 1 0.546114325523
33107 1 0.54609054327
43711 1 0.545718848705
85093 2 0.544382035732
11802 4 0.54408967495
53841 4 0.54344522953
35718 1 0.543319821358
31427 4 0.543051242828
33038 1 0.542944550514
77960 1 0.542682468891
44145 1 0.542233109474
70281 1 0.54208445549
57233 1 0.540723025799
43569 4 0.540234208107
12114 4 0.539771258831
54548 1 0.539502859116
74521 1 0.539122521877
84940 1 0.539116084576
30376 2 0.539088487625
59825 1 0.538958609104
86981 1 0.538643956184
90309 1 0.537758469582
61868 2 0.537538588047
84725 1 0.537383317947
11735 1 0.536764979362
64304 4 0.536584377289
10528 4 0.53640204668
11656 1 0.536390423775
10165 1 0.536330461502
55970 1 0.536094903946
12211 4 0.536073863506
5932 1 0.535859704018
63952 1 0.535556972027
44730 1 0.535122036934
29582 4 0.53402119875
44431 1 0.533963859081
78835 1 0.533862292767
82508 4 0.533820748329
16452 4 0.533378243446
73596 4 0.533033192158
71546 1 0.532809913158
37430 1 0.532167732716
45529 1 0.531881928444
55778 2 0.531565964222
2798 1 0.531443297863
87448 2 0.53092366457
77008 1 0.530869781971
9207 1 0.53035145998
76738 1 0.530246853828
57972 1 0.529112517834
21226 1 0.528741717339
62249 1 0.52849316597
25629 1 0.527658164501
3826 1 0.527185738087
36539 1 0.527065753937
47860 1 0.526793003082
12024 4 0.526591062546
62787 1 0.526540756226
50960 1 0.525509297848
797 1 0.52491247654
5476 1 0.524873077869
62533 1 0.524491012096
41465 1 0.524399280548
69615 1 0.524203419685
25147 4 0.524108469486
89266 1 0.524080336094
1888 4 0.523663818836
80171 1 0.523524284363
12178 1 0.523230016232
74988 2 0.522350251675
23595 4 0.522077977657
7052 1 0.521761536598
88115 1 0.521324634552
42978 4 0.52083325386
13677 4 0.520672738552
4790 1 0.520376980305
9634 1 0.520312964916
56949 1 0.520205140114
35266 4 0.520127356052
83746 1 0.519972205162
68320 1 0.519852161407
47424 1 0.519796311855
68230 4 0.519737958908
53240 4 0.519728064537
58159 4 0.517633497715
45966 1 0.517089366913
19774 2 0.517022490501
31578 1 0.516176879406
28730 1 0.515935361385
43136 1 0.51473993063
18998 1 0.514679610729
12662 2 0.514654994011
56984 1 0.514044284821
38229 1 0.513509571552
3203 1 0.513279676437
75962 1 0.513128101826
58832 1 0.513098418713
23869 4 0.512858211994
12705 2 0.512833714485
33199 1 0.512776851654
68313 2 0.511823117733
61312 4 0.511387109756
3714 2 0.510964035988
12238 1 0.510554611683
62046 1 0.510275840759
67141 1 0.510076224804
43748 1 0.510035812855
6596 1 0.509367823601
28458 1 0.509270787239
26678 1 0.50801461935
89605 4 0.50797611475
2792 1 0.507925093174
62182 4 0.507920920849
48907 1 0.507899165154
56475 1 0.507869243622
37376 4 0.507659673691
7996 1 0.507364869118
17573 4 0.507060289383
47839 1 0.506858289242
67138 1 0.506838202477
19060 1 0.506704211235
61727 1 0.506461381912
1420 4 0.50638705492
22438 2 0.506277799606
63462 1 0.506007730961
19580 1 0.50578802824
54679 1 0.505763053894
4112 1 0.505580127239
19111 1 0.505386590958
1177 1 0.505280733109
2802 2 0.504438221455
1743 2 0.503934323788
30481 1 0.503530740738
6521 1 0.503514945507
9933 4 0.503420650959
9362 2 0.503356635571
18170 1 0.503008723259
27489 4 0.502819001675
16461 4 0.502762317657
17856 1 0.502468883991
64270 1 0.502292573452
23586 1 0.502223014832
30830 1 0.501164793968
22037 1 0.501155376434
16817 1 0.501091659069
71726 1 0.501090526581
572 1 0.500753343105
75848 1 0.500642538071
36616 1 0.500337004662
89666 1 0.500200331211
61748 1 0.500142335892
55646 1 0.500008225441
13705 1 0.49946346879
6710 1 0.498771548271
55578 1 0.49846726656
52389 1 0.497938394547
32079 4 0.496998906136
16534 1 0.496825993061
29481 2 0.496700495481
50486 1 0.496677100658
5585 1 0.495737075806
56566 4 0.495298713446
28739 1 0.495091587305
6049 1 0.493951529264
86669 4 0.493807256222
33782 1 0.493707329035
90530 1 0.493547618389
54519 4 0.493427783251
45169 2 0.492800235748
83872 4 0.492715656757
9360 2 0.492430448532
56219 4 0.492333173752
4294 4 0.491539478302
36917 1 0.490557968616
65748 4 0.489681601524
46087 4 0.489233732224
10244 2 0.488771378994
46690 4 0.488431692123
34791 1 0.486420422792
40655 1 0.486276596785
40917 1 0.486086517572
74777 3 0.485931992531
66444 1 0.485001027584
10151 4 0.483195543289
28804 1 0.482011556625
47042 2 0.481332600117
66956 1 0.480490624905
47569 4 0.480043262243
22232 1 0.47974434495
42225 2 0.479464381933
34729 2 0.478759676218
79593 2 0.478685230017
70885 4 0.477656364441
91277 4 0.476326674223
61241 4 0.475720882416
12050 4 0.475136011839
38798 4 0.474977880716
64020 2 0.472604125738
34050 1 0.472197592258
88466 2 0.470994144678
10176 2 0.468690216541
69852 4 0.468558460474
5700 1 0.468398422003
34373 2 0.467140167952
58056 2 0.466891497374
83984 2 0.466295987368
1882 4 0.465942293406
49614 1 0.465254426003
27051 4 0.463588356972
21862 2 0.462410241365
9983 2 0.461752295494
22179 4 0.46088963747
13882 2 0.460131883621
69801 4 0.456320524216
26143 2 0.455614835024
18109 7 0.453491717577
27218 2 0.453453212976
20494 1 0.452663660049
56415 1 0.452596843243
19083 4 0.452222168446
50615 4 0.450752556324
11833 4 0.450658231974
10030 1 0.450053036213
16647 4 0.449903547764
32649 2 0.449775308371
74246 4 0.446298509836
74243 4 0.445870101452
17091 2 0.445042312145
79682 7 0.444547325373
32507 4 0.442577034235
78731 2 0.442450016737
58560 1 0.441113144159
22439 2 0.440776348114
20842 4 0.440589725971
11367 4 0.440197706223
62556 7 0.4401691854
64488 2 0.437425792217
32625 2 0.435341656208
8120 4 0.435205191374
67504 3 0.43425694108
15829 4 0.433171182871
18889 2 0.432717114687
34038 2 0.432348936796
79167 2 0.429748624563
11594 2 0.42937630415
10226 7 0.427994132042
12234 4 0.426818102598
65390 7 0.426740735769
80988 2 0.426303863525
48362 4 0.426086306572
55467 2 0.424312204123
57978 2 0.422333776951
15236 2 0.419241815805
58748 1 0.418978989124
30539 2 0.418853878975
44993 2 0.417853206396
11051 2 0.417737364769
51621 3 0.416096746922
64068 2 0.415764719248
1595 4 0.41494295001
70015 2 0.412376850843
56922 4 0.412036478519
12738 2 0.404007077217
8779 3 0.401235491037
57650 7 0.399440944195
4687 2 0.399048626423
18582 2 0.397845953703
51887 2 0.397501915693
24480 2 0.392829656601
76765 4 0.392528325319
82637 2 0.3903221488
16593 2 0.389109879732
18202 2 0.387878000736
72584 2 0.386007189751
90492 2 0.384720295668
60738 4 0.382772654295
78693 2 0.378928482533
56641 2 0.376168489456
74793 2 0.375662595034
49853 2 0.373930513859
72574 2 0.373648762703
31847 2 0.372788459063
73434 2 0.372258901596
6497 1 0.369369864464
32651 4 0.366001904011
39582 3 0.363798350096
90916 2 0.360420167446
10238 2 0.356767088175
83029 2 0.356349945068
20167 2 0.356065481901
59516 4 0.35424387455
52424 2 0.349730044603
21348 2 0.347826033831
3685 2 0.34707030654
38954 2 0.346317231655
80766 2 0.344871222973
62241 2 0.344787120819
32297 2 0.342119008303
50378 3 0.34211024642
37167 2 0.339150458574
68488 7 0.337696552277
50738 2 0.336383849382
7873 2 0.3329218328
62649 4 0.332115232944
46292 2 0.331762164831
56638 2 0.33128374815
91000 2 0.328152179718
42423 1 0.325399190187
48347 4 0.325092226267
29841 2 0.324779450893
2754 2 0.315840244293
73421 2 0.314385890961
51404 2 0.313543975353
4355 2 0.309368997812
40762 2 0.305098235607
49362 2 0.300608932972
87349 2 0.28298714757
66695 4 0.272565513849
87536 2 0.263891726732
24751 4 0.260203361511
83505 2 0.259885579348
41956 2 0.256515204906
83964 4 0.255971133709
9814 2 0.244827389717
5469 2 0.240524739027
27125 5 0.221461027861
89580 2 0.220795974135
5591 5 0.15483520925
