634 1 0.988973677158
26790 1 0.986482262611
11801 4 0.986317396164
22177 4 0.983817338943
49832 1 0.983771324158
57243 1 0.982173800468
91210 1 0.982091128826
25872 1 0.980856776237
21197 1 0.980537474155
89667 1 0.97989821434
69181 1 0.979121267796
12557 1 0.977341711521
84960 4 0.975961625576
20917 1 0.975907802582
26715 1 0.974872946739
41233 1 0.974845409393
4930 1 0.974784433842
86818 1 0.974119663239
59721 1 0.973796010017
76245 1 0.973692715168
38955 1 0.972961366177
25772 1 0.972115933895
64040 1 0.970207393169
40156 1 0.969316661358
49084 1 0.968732714653
7243 1 0.968429267406
36052 1 0.968410968781
14082 4 0.967518270016
40540 1 0.967495322227
36888 1 0.967245161533
68642 1 0.966615378857
22247 1 0.96623557806
87308 1 0.96240490675
15916 1 0.960812389851
8692 1 0.959651112556
3160 1 0.959206461906
5661 1 0.95842564106
50546 4 0.9576587677
83806 4 0.956987500191
70388 4 0.955973505974
90607 1 0.955471754074
3527 1 0.95293211937
76196 4 0.952808618546
325 1 0.951906442642
18571 1 0.951902210712
62098 4 0.951232790947
34090 1 0.951172947884
79503 4 0.95112156868
78322 1 0.9478084445
65433 4 0.947665631771
49556 4 0.945807278156
82408 4 0.945423007011
35410 1 0.945060253143
76497 1 0.944458723068
5356 1 0.944099664688
84730 1 0.94381415844
73947 1 0.942342042923
46201 1 0.941598713398
56049 1 0.940373659134
5384 1 0.939264416695
60763 4 0.938705861568
65238 1 0.938652813435
50492 1 0.936099410057
8105 1 0.936044812202
44997 1 0.935221970081
37761 1 0.934471726418
60937 4 0.934239268303
38938 1 0.932459890842
55446 1 0.931560456753
52350 1 0.930101931095
61802 1 0.929655015469
20697 1 0.929046273232
44109 1 0.928572714329
15614 1 0.928273081779
4331 1 0.927628874779
12543 1 0.927529036999
28520 1 0.927412569523
84797 1 0.927305340767
88783 1 0.926898062229
5011 1 0.926867902279
33097 4 0.926648616791
27028 1 0.926570951939
59280 1 0.92605817318
89177 1 0.925971567631
48162 1 0.925105631351
60218 1 0.925036966801
75798 1 0.924300849438
2155 1 0.924140512943
50485 1 0.923623085022
22239 1 0.923308432102
15302 1 0.922920703888
33904 1 0.922698199749
13538 1 0.921714246273
43256 1 0.921624302864
29398 4 0.920855522156
33696 1 0.920484006405
10038 1 0.920297384262
642 1 0.920187950134
11882 1 0.919997572899
50965 1 0.919864952564
10153 1 0.919679284096
47024 1 0.91947221756
23701 1 0.919099748135
19227 1 0.918405056
82160 4 0.918343245983
269 1 0.918158173561
84875 1 0.917278587818
40502 1 0.916628301144
36731 1 0.916585803032
55668 1 0.915400266647
8715 4 0.913660764694
44020 1 0.912487030029
28451 1 0.911915838718
10162 1 0.911360800266
82159 4 0.911147892475
50266 1 0.909810960293
65467 4 0.909610807896
9462 1 0.909510076046
52353 1 0.908294856548
76717 1 0.907867372036
63167 1 0.907505810261
32169 1 0.907312750816
7750 1 0.906192421913
85006 4 0.905646026134
8518 4 0.905394434929
66282 1 0.904834330082
79427 1 0.90293109417
64562 1 0.90278762579
17774 1 0.902497828007
11462 1 0.902106404305
12463 1 0.901190757751
3706 1 0.901095032692
44676 1 0.900850594044
57739 1 0.900185286999
5523 1 0.900164842606
70760 1 0.898829996586
52262 4 0.898624956608
27041 1 0.897460699081
55134 1 0.896969914436
69911 4 0.896844387054
62216 4 0.896118879318
10397 4 0.894655942917
42594 1 0.894488692284
53230 1 0.89413189888
79467 1 0.893870949745
8680 1 0.892499744892
3090 1 0.892142593861
51074 4 0.891657829285
35032 4 0.890463531017
30194 1 0.889652788639
20713 1 0.889329433441
420 1 0.889286100864
46526 1 0.889201998711
22257 1 0.887894690037
43610 1 0.886901795864
51218 1 0.8868522048
62056 1 0.886072874069
58784 1 0.885911405087
62824 1 0.884907782078
76490 1 0.884451627731
59841 1 0.883854091167
62894 1 0.883490502834
63338 1 0.883122444153
89337 4 0.882609367371
23374 4 0.881884694099
10233 1 0.88028883934
82922 4 0.878047823906
10509 4 0.877658367157
58548 1 0.876981496811
68660 1 0.876559436321
53396 1 0.875774800777
63110 1 0.875264525414
2089 1 0.875158905983
65577 4 0.873294532299
45577 1 0.87320792675
43077 1 0.873106360435
12810 1 0.873075664043
55218 1 0.872807443142
63615 1 0.87227332592
81742 4 0.871140658855
2356 1 0.870885908604
62578 1 0.870396673679
26497 1 0.869664132595
56663 1 0.868341803551
841 1 0.867268979549
49161 1 0.866308748722
4526 4 0.866229772568
50349 1 0.865844786167
86815 1 0.865195691586
32660 1 0.864765107632
54 1 0.86465036869
78824 1 0.864593803883
13624 1 0.864326000214
76861 1 0.864205420017
55877 1 0.863237321377
10306 4 0.862198174
46747 1 0.86031550169
4240 4 0.859031021595
4095 1 0.858158349991
89443 1 0.857994794846
1478 1 0.857974231243
50257 4 0.855728507042
80608 1 0.855049729347
31081 1 0.854404628277
4841 1 0.85369771719
86133 1 0.853392601013
38120 1 0.853353500366
83903 4 0.853304803371
19747 1 0.852645099163
13611 1 0.850377440453
87910 4 0.850302815437
18891 1 0.850188374519
48719 4 0.850085496902
5687 1 0.849944651127
16049 1 0.849634945393
42424 1 0.848301231861
23150 1 0.847725749016
16910 4 0.846855342388
74254 4 0.846628189087
34665 4 0.846364915371
34260 1 0.846342921257
11143 1 0.846129536629
35668 1 0.845761954784
7935 1 0.845367312431
27691 1 0.844851970673
85928 1 0.844532072544
33605 4 0.843295693398
62181 4 0.842404723167
6652 4 0.842160046101
43041 1 0.841065466404
24100 4 0.840865850449
37347 1 0.840636312962
12314 4 0.839828372002
68520 1 0.839437603951
65651 4 0.839265823364
74755 1 0.839027166367
88938 1 0.838931083679
54468 1 0.837963700294
31624 1 0.837169826031
65431 4 0.836306869984
33331 1 0.836093902588
22638 1 0.835776388645
36995 1 0.835614442825
28799 1 0.835595607758
49616 1 0.835458636284
36939 1 0.834245443344
60803 1 0.833946049213
2204 1 0.833875894547
2364 1 0.832267642021
71962 1 0.831741333008
32044 1 0.830986857414
83344 1 0.830518186092
16301 1 0.830322742462
34918 4 0.829689145088
50947 1 0.828920602798
80093 1 0.828768610954
82299 1 0.827597439289
87612 1 0.827030539513
6837 1 0.826326072216
3042 4 0.825975835323
1958 1 0.824422061443
34256 1 0.824243605137
82535 1 0.823782622814
56047 1 0.823665082455
20283 4 0.823404729366
75664 1 0.823313891888
4265 1 0.822118341923
29194 1 0.82209533453
5475 1 0.821859955788
18652 1 0.821047246456
41055 1 0.820458173752
40170 1 0.820225358009
64013 1 0.819331049919
88926 1 0.818087935448
6357 1 0.816976070404
35197 1 0.816681027412
41755 1 0.816312134266
4679 1 0.815908074379
21924 1 0.815832078457
40390 4 0.814955413342
15918 1 0.814379036427
28634 1 0.81387501955
16153 1 0.813417434692
76866 4 0.812134563923
90061 1 0.811947345734
50133 1 0.81166446209
60088 1 0.811091601849
46745 1 0.810645997524
9187 1 0.810082316399
2467 1 0.80876326561
55884 1 0.807688593864
57463 1 0.80762553215
60726 1 0.807386636734
58500 1 0.806987226009
29149 7 0.806869864464
62572 1 0.806491136551
46551 1 0.806386888027
52211 1 0.805713057518
33385 1 0.805490016937
22367 1 0.803626656532
35126 1 0.803257763386
58062 1 0.802753448486
39382 4 0.802725374699
37360 4 0.80113953352
81825 1 0.80090457201
30358 1 0.800770878792
6243 1 0.800554871559
47717 4 0.800539255142
23399 1 0.799932658672
7628 4 0.799854099751
28049 4 0.799779355526
12766 1 0.798252522945
57306 1 0.797590374947
16174 1 0.796625971794
73632 1 0.796502530575
76109 1 0.796425998211
20369 4 0.796414673328
47567 1 0.796085476875
87462 1 0.795691788197
44268 1 0.795601606369
56888 1 0.795224845409
77992 1 0.794414579868
49274 1 0.794338703156
52583 1 0.793383777142
66010 1 0.791499972343
40819 1 0.791003882885
53930 1 0.790819704533
16451 4 0.78953152895
42812 4 0.78792899847
32316 1 0.787361741066
38509 1 0.78727889061
49876 1 0.786324739456
61250 1 0.785721004009
51784 1 0.785531818867
64289 1 0.785455346107
65992 1 0.785311341286
91230 1 0.784877300262
9763 1 0.783466696739
17333 1 0.782544195652
71952 1 0.782102823257
29853 1 0.780886113644
43464 4 0.780722796917
7977 1 0.780697643757
89605 4 0.780464887619
37650 1 0.779952645302
35938 1 0.779614269733
46944 4 0.779483735561
11368 4 0.777580559254
41789 1 0.777150690556
42415 1 0.777083277702
3856 4 0.776581168175
11522 1 0.776426672935
80157 1 0.776211738586
12190 4 0.774860560894
47349 1 0.774505496025
50190 1 0.774145066738
15533 1 0.773981630802
10950 1 0.773728191853
10511 4 0.773284614086
43067 1 0.772214114666
20045 4 0.77114123106
20459 1 0.771055817604
50424 4 0.770352602005
38400 1 0.770104110241
38227 1 0.769928514957
74998 4 0.76930975914
2256 1 0.768863976002
83955 4 0.768406271935
67184 1 0.768311679363
10274 1 0.767664253712
39921 1 0.766451179981
67140 1 0.766337752342
81757 7 0.766261100769
1014 1 0.765695571899
80113 1 0.765193641186
60474 1 0.764977812767
60106 1 0.764789044857
37173 4 0.764762222767
52402 4 0.764712333679
17180 4 0.764543771744
17630 1 0.764349579811
3507 1 0.76429104805
16315 1 0.764105975628
32622 4 0.763901114464
64789 1 0.763605415821
47020 1 0.763118207455
55623 4 0.762693583965
45848 1 0.762367606163
13021 1 0.760718107224
29407 1 0.75946199894
71006 1 0.758623600006
66779 1 0.758147716522
18914 1 0.758035004139
24243 4 0.757877647877
7699 1 0.757281541824
34116 4 0.757046461105
1180 1 0.756907999516
21416 1 0.756545484066
19745 1 0.754471898079
3427 1 0.754149854183
51192 4 0.754058122635
30298 1 0.753377556801
34601 1 0.753341972828
15832 4 0.752828061581
69817 1 0.752710461617
50478 1 0.751645803452
61312 4 0.750829398632
29148 7 0.749660491943
50 4 0.749634444714
4297 1 0.749593615532
66918 1 0.748449325562
37509 1 0.747757792473
38688 1 0.745749413967
63155 1 0.745571613312
60165 4 0.745483875275
71313 1 0.742986500263
23589 1 0.742273747921
48791 4 0.740616321564
56891 1 0.740431785583
52508 4 0.739126265049
44526 1 0.737733602524
26753 1 0.737524092197
67394 1 0.737382173538
20156 1 0.734495341778
32460 1 0.734446406364
69751 1 0.733122289181
73113 1 0.732829153538
78314 1 0.732527136803
74249 4 0.732157289982
27951 4 0.732098579407
33034 1 0.732080578804
43623 1 0.73194617033
1913 4 0.730229318142
19330 1 0.729903459549
8586 1 0.728886008263
83934 1 0.728030502796
55913 1 0.72801721096
19753 1 0.727777600288
25101 1 0.727268278599
43779 4 0.726878523827
18460 1 0.725124180317
74303 1 0.724816977978
10690 1 0.724764227867
76718 7 0.724567294121
42531 1 0.724324941635
27658 1 0.723172724247
21139 1 0.721684098244
32859 1 0.721237778664
1321 4 0.720985472202
62305 1 0.720914900303
88902 1 0.720832586288
57651 1 0.720572710037
63706 1 0.720523357391
53981 1 0.720270395279
62251 1 0.71902859211
82790 4 0.718870818615
40127 4 0.717541575432
84936 1 0.717345297337
54233 1 0.715710520744
41371 1 0.713732600212
40405 1 0.71340072155
31204 1 0.713008642197
21503 1 0.712938904762
89191 4 0.711894989014
46392 1 0.711734831333
432 1 0.710172355175
27496 1 0.707881331444
48117 4 0.707550048828
66441 1 0.706663608551
43964 1 0.706508159637
1185 1 0.705356240273
18860 1 0.704790592194
9676 1 0.702470719814
10439 1 0.701191723347
4429 4 0.699909448624
44530 1 0.699799120426
49018 1 0.699666500092
12457 1 0.699490368366
5558 1 0.698949813843
45187 1 0.69693261385
90352 4 0.696394920349
89197 4 0.696328997612
88844 4 0.695941448212
77254 1 0.69517749548
19175 4 0.694657087326
54560 1 0.694108426571
34458 7 0.693952441216
49742 1 0.69312030077
66772 4 0.692856729031
19655 1 0.692446708679
49076 1 0.692431628704
18769 1 0.692111492157
87067 1 0.691729068756
55481 1 0.691360294819
65069 1 0.691305100918
22237 1 0.690633177757
17853 1 0.69053119421
19589 1 0.688935697079
76472 1 0.688349664211
46007 1 0.687571883202
1244 4 0.686624825001
28217 1 0.686026394367
41510 1 0.685064733028
19012 1 0.68462574482
13604 1 0.683801352978
18219 1 0.683401048183
11160 1 0.682872235775
8770 4 0.682671487331
89796 1 0.681747496128
38380 1 0.679405093193
87885 1 0.67882412672
89099 1 0.678788542747
43749 1 0.676348865032
42866 1 0.67462927103
59040 1 0.674065351486
45334 1 0.672918140888
42227 4 0.672792613506
30371 1 0.672057390213
32752 1 0.671758830547
19759 1 0.671367526054
44019 1 0.670325279236
51875 1 0.670261561871
18109 7 0.670170903206
84568 1 0.669154942036
22250 1 0.668661177158
35795 1 0.668559908867
36918 1 0.668360650539
33038 1 0.667977869511
23001 4 0.667677044868
23999 1 0.667302072048
25828 4 0.667257487774
42532 1 0.666827559471
54774 1 0.666288137436
73325 1 0.665419518948
89621 1 0.663546323776
44187 4 0.663454413414
60907 1 0.662839353085
39666 1 0.662741005421
40721 1 0.662227392197
820 1 0.661291658878
3534 4 0.660471856594
25833 4 0.659802854061
65390 7 0.659647107124
47268 1 0.65910255909
76946 1 0.658446907997
5697 1 0.65825688839
4646 1 0.658056795597
51754 1 0.657036006451
4520 1 0.656908631325
1252 1 0.656350672245
19469 1 0.655696451664
43959 4 0.655571877956
48689 1 0.655337035656
33781 1 0.653853774071
56782 1 0.652746081352
38798 4 0.652742803097
3184 4 0.652256369591
23699 1 0.651676476002
35718 1 0.651536464691
86011 4 0.651402056217
5913 1 0.651124060154
50967 1 0.650272786617
90018 1 0.650063037872
80171 1 0.64987885952
50791 1 0.649425029755
62165 1 0.648389935493
16093 1 0.648380041122
5932 1 0.648169338703
69665 1 0.64781910181
59825 1 0.647150695324
10432 1 0.646701812744
56949 1 0.646097719669
32110 4 0.645500361919
68907 4 0.645127952099
69856 1 0.643869161606
44730 1 0.643771290779
61904 1 0.643337011337
16984 1 0.643292248249
62554 1 0.642423331738
58890 1 0.642093300819
32349 1 0.641966879368
9370 1 0.641175866127
88658 1 0.640616238117
8162 1 0.640613436699
88290 1 0.639843165874
33309 1 0.639757871628
78980 1 0.638387620449
83783 1 0.63806861639
480 1 0.635525941849
38190 1 0.634739518166
76976 1 0.633547961712
32733 4 0.633377015591
46209 4 0.632833600044
1003 4 0.632805228233
11803 4 0.632301568985
11831 4 0.632206439972
3203 1 0.632097661495
66030 1 0.631564795971
48908 1 0.63036096096
62575 1 0.629867732525
20702 4 0.629687845707
17501 1 0.62874597311
71954 4 0.628213822842
88914 4 0.627553403378
12980 4 0.627352178097
21386 1 0.626650333405
12234 4 0.626105070114
22037 1 0.625868797302
21956 1 0.625569522381
1610 4 0.625550448895
56475 1 0.624772489071
42022 1 0.624558091164
57654 1 0.622866213322
41049 1 0.621554017067
57308 1 0.621464431286
59029 1 0.621369540691
4348 1 0.620622038841
51693 1 0.620561957359
91035 4 0.620528399944
20074 1 0.620010972023
61195 1 0.619427025318
91609 1 0.619344353676
26566 1 0.619321286678
7411 1 0.619241833687
75251 1 0.618720829487
45773 4 0.618510425091
4487 1 0.616514086723
70885 4 0.616365492344
53841 4 0.616185724735
32840 1 0.61588537693
90309 1 0.615755140781
51715 1 0.615517377853
85643 1 0.615457117558
43887 1 0.615222394466
71281 1 0.614869475365
54051 1 0.614509046078
85525 4 0.614345669746
4112 1 0.613737165928
63156 1 0.613129138947
28270 1 0.611812531948
3108 1 0.611691772938
62213 1 0.611573636532
80578 1 0.611513137817
89664 1 0.611474454403
77049 1 0.61129629612
67091 1 0.610331714153
44186 4 0.610093474388
19580 1 0.609582602978
68555 4 0.608829855919
1420 4 0.608708143234
22583 1 0.608459055424
51581 4 0.608420968056
3226 1 0.608326077461
81153 1 0.607921659946
84620 1 0.607410728931
64602 1 0.607192158699
6572 4 0.606865048409
84968 4 0.606762826443
20746 1 0.606378674507
82521 1 0.606341958046
25664 1 0.605921030045
84725 1 0.604165136814
27833 1 0.60361289978
78981 1 0.603344678879
4635 1 0.602252721786
81131 4 0.601943254471
28388 1 0.600884199142
17440 1 0.600418448448
25204 4 0.599364697933
69264 1 0.599315941334
54548 1 0.599303007126
10307 4 0.599169611931
54621 1 0.599056243896
57650 7 0.598938167095
61464 1 0.598908662796
11802 4 0.598596155643
43136 1 0.597807347775
42348 1 0.597769141197
16287 1 0.597738862038
88606 4 0.59714525938
85896 1 0.597006559372
85831 1 0.596913874149
39029 1 0.596846520901
4632 1 0.595903933048
9634 1 0.595705032349
49503 1 0.595637977123
44178 4 0.595088303089
47860 1 0.594873726368
27578 1 0.594815015793
68530 1 0.594766199589
28457 1 0.594735562801
4294 4 0.594362854958
48658 1 0.593931555748
88860 1 0.593549728394
30840 4 0.593312978745
33107 1 0.592829525471
1271 1 0.592430710793
56386 4 0.592333674431
84940 1 0.591820597649
90510 1 0.591502964497
47834 1 0.591052949429
63795 1 0.589221715927
18170 1 0.589122056961
57851 4 0.589091420174
1175 1 0.5890853405
28143 1 0.5890417099
23003 1 0.588904738426
4631 1 0.588625252247
18998 1 0.588289141655
11410 1 0.588198304176
76074 4 0.587805211544
40424 1 0.587569594383
18244 1 0.587413072586
45966 1 0.587143540382
40916 1 0.586114168167
54398 1 0.585875868797
44904 1 0.585755586624
1778 1 0.58574795723
45529 1 0.585731506348
11393 4 0.584853827953
17221 1 0.583901941776
56922 4 0.583397686481
50615 4 0.583036065102
88115 1 0.582842290401
86285 4 0.582626283169
10429 4 0.581917822361
75105 1 0.581755578518
22404 1 0.58136099577
73689 4 0.580733835697
83301 1 0.58000934124
66711 1 0.579962193966
34429 1 0.579663693905
23784 1 0.579622924328
1861 4 0.579309046268
55755 1 0.579251825809
45000 1 0.578804373741
37928 1 0.578518986702
69905 1 0.578289449215
9041 1 0.577847361565
43711 1 0.577593207359
48131 4 0.576472103596
18237 1 0.576427638531
90475 1 0.576148271561
36505 1 0.575603663921
50090 1 0.575591027737
27952 4 0.575371980667
34792 1 0.575175642967
80667 1 0.57511138916
48575 1 0.574689149857
6521 1 0.574307322502
6710 1 0.573427796364
36405 4 0.573033869267
45178 4 0.572932839394
58011 1 0.572688937187
79682 7 0.571869552135
60122 1 0.571610152721
85859 1 0.571569800377
51507 4 0.570766568184
17247 1 0.568495512009
6049 1 0.568132579327
57233 1 0.567746639252
47708 4 0.567115187645
12058 1 0.56482219696
17908 1 0.561737477779
83931 1 0.56127423048
10305 4 0.560902357101
62182 4 0.560807526112
48554 4 0.560786426067
47424 1 0.560203552246
32886 1 0.560191273689
31175 4 0.559782683849
1294 1 0.559129834175
52507 4 0.558947205544
39724 1 0.558875322342
76232 4 0.558623790741
31296 1 0.558596074581
66591 1 0.558203995228
33199 1 0.557566285133
25838 4 0.557457625866
11041 1 0.557420492172
67502 1 0.55703908205
21766 1 0.556814610958
32671 1 0.556392788887
72198 1 0.556298017502
2792 1 0.55610960722
19733 1 0.55582100153
59183 4 0.555731475353
82825 1 0.555488526821
46779 1 0.555138468742
18972 4 0.55475050211
12238 1 0.554244577885
90414 1 0.553888559341
48371 4 0.553744673729
52357 1 0.553545773029
21550 1 0.553517878056
9052 1 0.55307072401
80969 1 0.552536070347
82763 1 0.549953520298
527 4 0.54825758934
74777 3 0.5479170084
26932 1 0.547754585743
86146 1 0.547512054443
7675 4 0.547507584095
16434 1 0.547340750694
37430 1 0.547301054001
67172 1 0.546516776085
64304 4 0.546305000782
34156 1 0.546028017998
10165 1 0.545679748058
31252 1 0.545411884785
89689 1 0.545333743095
83284 1 0.545196354389
44998 7 0.543172836304
38804 4 0.543073892593
32291 1 0.543063938618
78362 1 0.543016314507
13103 1 0.542330920696
40654 1 0.541603624821
60131 1 0.541598141193
20501 1 0.541439116001
22255 1 0.541175723076
88757 4 0.540679812431
28616 1 0.540631592274
64546 1 0.540511965752
36616 1 0.539891064167
11735 1 0.539690673351
20842 4 0.539617717266
61513 1 0.53961122036
91277 4 0.539276063442
48540 1 0.538053691387
20350 1 0.537537097931
82508 4 0.537164151669
63952 1 0.537098765373
23373 4 0.537027478218
87761 1 0.536965250969
12444 1 0.536814451218
73464 1 0.536055803299
6596 1 0.536038935184
37616 1 0.535538971424
32079 4 0.534764587879
34553 1 0.534735918045
16461 4 0.533898413181
75683 4 0.532324194908
12599 4 0.532145678997
12558 4 0.53083562851
5476 1 0.530478000641
13027 1 0.530182123184
58039 1 0.529943943024
85250 1 0.529280364513
25426 1 0.528966903687
56219 4 0.528946220875
28730 1 0.527427434921
53706 1 0.527399599552
44077 1 0.526971578598
86336 1 0.52694606781
78835 1 0.526645183563
19111 1 0.526619255543
49072 1 0.526588559151
44145 1 0.526547431946
50178 1 0.526536881924
62148 1 0.526434004307
56041 1 0.526233792305
32216 1 0.52591830492
10035 1 0.525381445885
85153 1 0.525234460831
64186 1 0.525006532669
22620 1 0.524739861488
55507 4 0.524582147598
44181 4 0.524128377438
65165 1 0.522909224033
17886 1 0.522268474102
23869 4 0.522164046764
10516 4 0.520694971085
87745 1 0.520073354244
53872 1 0.51996666193
17143 1 0.519740223885
47318 1 0.518997967243
28458 1 0.51824003458
87338 1 0.518119990826
1017 4 0.517827689648
24146 1 0.517610430717
28739 1 0.517373144627
22196 1 0.517281413078
54487 4 0.516885101795
46252 1 0.516577422619
24752 1 0.516572058201
44307 4 0.515888929367
62046 1 0.515012383461
9359 1 0.514931380749
88728 4 0.514686882496
54305 1 0.514518976212
44892 1 0.513485193253
66713 1 0.513106524944
504 4 0.511972367764
12049 1 0.511811494827
30336 4 0.511690914631
572 1 0.511624336243
5049 1 0.509985804558
62289 1 0.509651005268
77154 1 0.509459912777
67682 1 0.509382784367
4057 1 0.507954776287
73404 4 0.507651209831
21689 1 0.507623612881
21229 1 0.507412672043
33308 7 0.5073595047
2416 1 0.506545543671
25127 4 0.506485521793
2587 1 0.506451427937
18218 1 0.505572319031
28866 4 0.505370736122
3913 1 0.50494146347
18138 1 0.504734814167
77209 1 0.504579424858
33782 1 0.502063214779
40195 1 0.501517772675
75360 1 0.501351952553
25629 1 0.501297652721
84800 1 0.500986218452
27440 1 0.500089526176
62556 7 0.499999701977
9808 1 0.498584836721
68024 4 0.497998356819
60754 1 0.497746527195
69852 4 0.496834844351
48702 4 0.494345784187
3822 4 0.494055688381
58781 4 0.494036465883
36176 2 0.493937760592
40616 4 0.492238432169
50486 1 0.4911262393
39181 1 0.490748137236
29582 4 0.490079760551
42425 1 0.48924434185
48953 4 0.488959342241
76958 4 0.488531649113
90261 4 0.48805770278
32651 4 0.48729249835
8960 1 0.487005859613
36175 2 0.486110419035
21697 1 0.485532730818
8120 4 0.481435388327
87366 1 0.479942172766
1867 4 0.476271539927
10226 7 0.476038843393
23861 4 0.46909314394
63789 4 0.468756735325
31738 3 0.468743264675
66444 1 0.466633200645
62649 4 0.464385926723
55578 1 0.461769133806
19083 4 0.460453689098
11123 3 0.455738693476
76358 4 0.453370720148
67504 4 0.444400519133
6971 2 0.443634241819
4391 2 0.441052556038
6496 1 0.434546351433
26898 4 0.4317471385
728 4 0.42981171608
24757 4 0.428500115871
74243 4 0.425500363111
23594 4 0.42457023263
6973 2 0.416323035955
42426 1 0.415358424187
52820 1 0.410807788372
58748 1 0.403077453375
23595 4 0.391966640949
65748 4 0.388999372721
59442 2 0.37777608633
51621 4 0.346220701933
83964 4 0.33903452754
79593 2 0.32987588644
68488 7 0.30676445365
4687 2 0.300659537315
74793 2 0.300320208073
26143 2 0.294286370277
4355 2 0.288850039244
89580 6 0.264084249735
29841 6 0.262613743544
56641 2 0.258502721786
27125 6 0.233584970236
83807 4 0.232989549637
9814 1 0.205599442124
5591 6 0.163222268224
