26790 1 0.997244477272
634 1 0.995978951454
57243 1 0.995680212975
91210 1 0.995519042015
59721 1 0.991399884224
4930 1 0.991092264652
69181 1 0.990907669067
20917 1 0.989509701729
89667 1 0.989166855812
7243 1 0.988711118698
3160 1 0.988558530807
21197 1 0.987336456776
22247 1 0.987187385559
26715 1 0.987097144127
25872 1 0.986656188965
49832 1 0.984319031239
8692 1 0.984158635139
25772 1 0.983936071396
40156 1 0.983758151531
5661 1 0.982583940029
49084 1 0.982354283333
38955 1 0.981235861778
86818 1 0.980682015419
36888 1 0.978859424591
40540 1 0.978273451328
73947 1 0.976577699184
84960 4 0.976341068745
11801 4 0.974961638451
12557 1 0.974243760109
87308 1 0.97360342741
33904 1 0.973260343075
642 1 0.973182320595
44109 1 0.973060071468
3527 1 0.972708046436
76245 1 0.971754014492
36052 1 0.971066653728
22177 4 0.969941973686
15302 1 0.969609856606
28520 1 0.969066739082
325 1 0.96851760149
41233 1 0.967094182968
56888 1 0.966705262661
64040 1 0.966252148151
35410 1 0.963326632977
68642 1 0.962701678276
52350 1 0.962025880814
15916 1 0.961198806763
13538 1 0.96021181345
60763 4 0.959608852863
89177 1 0.959360420704
88783 1 0.959051668644
46201 1 0.958096027374
76497 1 0.957042455673
35668 1 0.956625938416
76196 4 0.956366062164
38938 1 0.955628037453
34090 1 0.955442905426
9462 1 0.955018043518
19227 1 0.953819274902
60218 1 0.952710807323
18571 1 0.951747775078
5384 1 0.951513946056
78322 1 0.95138412714
20697 1 0.95088493824
82160 4 0.950778901577
31081 1 0.949887990952
40502 1 0.949420511723
55446 1 0.949320495129
90607 1 0.949233055115
84797 1 0.948566734791
65433 4 0.948466777802
22257 1 0.948373496532
59841 1 0.948303341866
2155 1 0.948248386383
84730 1 0.948126375675
14082 4 0.947782635689
27028 1 0.946979343891
85928 1 0.944559752941
44676 1 0.944476604462
47024 1 0.944212853909
10162 1 0.943068683147
50965 1 0.943013966084
56049 1 0.942736625671
59280 1 0.942242860794
57739 1 0.942078828812
68520 1 0.941690802574
65238 1 0.941617310047
79503 4 0.941415607929
28451 1 0.941332042217
51218 1 0.94111007452
5356 1 0.940680325031
12543 1 0.940200388432
61802 1 0.939471423626
82408 4 0.939158082008
52353 1 0.938485205173
4095 1 0.936990201473
10038 1 0.936419844627
11882 1 0.936270058155
62181 4 0.935855150223
70388 4 0.935096025467
43256 1 0.934959888458
84875 1 0.934904873371
8105 1 0.934568583965
5275 1 0.934063017368
5687 1 0.933900177479
33696 1 0.932422101498
47567 1 0.932298958302
75798 1 0.93192332983
36939 1 0.930420637131
62824 1 0.930031597614
50546 4 0.929970562458
58784 1 0.929887592793
64562 1 0.92958688736
3090 1 0.929218649864
22239 1 0.928973972797
42424 1 0.928112864494
5011 1 0.927994668484
10153 1 0.927926659584
50492 1 0.927131891251
79427 1 0.926488041878
48162 1 0.926144838333
8715 4 0.924971878529
66282 1 0.923443198204
50266 1 0.922272801399
7935 1 0.922215402126
36731 1 0.92183214426
23701 1 0.921414554119
15614 1 0.920440673828
49616 1 0.91993945837
63338 1 0.918878793716
62572 1 0.918038785458
20713 1 0.917800366879
62098 4 0.917788803577
89443 1 0.917535007
61250 1 0.916462242603
76490 1 0.915635347366
42594 1 0.914585053921
11462 1 0.914171636105
54 1 0.912922739983
82535 1 0.912666320801
63615 1 0.912373363972
19747 1 0.912071704865
83806 4 0.911488890648
50485 1 0.910687744617
49556 4 0.91048938036
55134 1 0.910224497318
87612 1 0.909877538681
33097 4 0.909876704216
10233 1 0.908637344837
46526 1 0.908534765244
269 1 0.9085085392
2356 1 0.908150970936
62894 1 0.907272279263
63167 1 0.905183911324
37761 1 0.90446138382
53396 1 0.903324484825
43077 1 0.903322219849
80608 1 0.903016149998
4331 1 0.902926623821
44997 1 0.902253091335
32660 1 0.901984751225
50190 1 0.90087980032
69911 4 0.900713026524
76717 1 0.899609565735
1478 1 0.899179875851
17774 1 0.896063148975
60937 4 0.895107448101
74254 4 0.891834318638
26497 1 0.89130616188
10274 1 0.891008317471
12463 1 0.890802323818
38120 1 0.890471637249
68660 1 0.889815747738
44020 1 0.888494849205
7977 1 0.888153791428
33605 4 0.888133645058
53930 1 0.887385308743
64289 1 0.886711299419
53230 1 0.886538743973
78824 1 0.885592281818
32169 1 0.885526180267
56663 1 0.88484698534
76861 1 0.883966445923
7750 1 0.883119106293
55623 4 0.882818937302
55877 1 0.881889045238
83344 1 0.881800353527
73632 1 0.881652057171
33385 1 0.881473124027
45577 1 0.880776584148
48719 4 0.879624426365
80093 1 0.879207849503
10397 4 0.878715932369
5523 1 0.876428484917
41789 1 0.876219034195
3706 1 0.876024127007
63110 1 0.872586548328
81742 4 0.872243046761
65431 4 0.872159600258
29398 4 0.871716916561
43610 1 0.869916677475
39382 4 0.867804765701
90061 1 0.867379546165
37928 1 0.867054462433
91609 1 0.866723418236
62575 1 0.865915119648
89621 1 0.865088641644
21924 1 0.865074396133
18860 1 0.863842070103
77992 1 0.863455295563
85006 4 0.862220585346
34256 1 0.861945927143
10306 4 0.861190140247
65992 1 0.861021399498
44361 1 0.861021161079
8680 1 0.860627353191
29194 1 0.859432160854
62216 4 0.858898997307
50349 1 0.85754352808
43887 1 0.857490897179
41055 1 0.857064306736
35126 1 0.856631696224
50478 1 0.856064081192
79467 1 0.855877935886
11143 1 0.855876505375
45334 1 0.855349957943
8518 4 0.854842662811
62056 1 0.85449630022
21416 1 0.854460954666
56890 1 0.854240715504
43067 1 0.853020429611
62578 1 0.852602779865
50947 1 0.85145431757
30194 1 0.850321769714
22367 1 0.849859595299
4841 1 0.848285615444
60088 1 0.848054587841
1913 4 0.847575068474
32044 1 0.847452878952
52211 1 0.847385823727
5697 1 0.847168147564
90352 4 0.847141444683
44268 1 0.843869507313
1958 1 0.84361577034
80113 1 0.843239843845
6837 1 0.84276676178
841 1 0.841830193996
4240 4 0.841448187828
72198 1 0.841158509254
4265 1 0.841101944447
76109 1 0.840346693993
16049 1 0.839981734753
55218 1 0.839470863342
70760 1 0.837874948978
10509 4 0.837833881378
80157 1 0.836975574493
84936 1 0.836863875389
82299 1 0.836518645287
18460 1 0.836271941662
10950 1 0.835617959499
7699 1 0.834142744541
10166 1 0.834077954292
52262 4 0.83393907547
19330 1 0.83387696743
54560 1 0.833515882492
2089 1 0.833126068115
59773 1 0.832716941833
27496 1 0.832140207291
86815 1 0.831446051598
43464 4 0.830761194229
58062 1 0.8306620121
71962 1 0.82903188467
42415 1 0.827180743217
51074 4 0.827103376389
73338 1 0.827018201351
67140 1 0.826534628868
60803 1 0.826060175896
55668 1 0.825617134571
28799 1 0.824060738087
20045 4 0.823553800583
41755 1 0.822107076645
50967 1 0.819851160049
42812 4 0.81900626421
65069 1 0.817999303341
35197 1 0.81725525856
65467 4 0.817177176476
87462 1 0.815758109093
8162 1 0.81572073698
89337 4 0.815011262894
16315 1 0.814732193947
16153 1 0.81360077858
66779 1 0.813514947891
23399 1 0.812648832798
3226 1 0.811907827854
49274 1 0.81182962656
60106 1 0.811745584011
54468 1 0.811176776886
57306 1 0.81077837944
42425 1 0.810318946838
13611 1 0.809365391731
88658 1 0.807891666889
88926 1 0.804813325405
43623 1 0.803927183151
6357 1 0.802995502949
78981 1 0.802412629128
56047 1 0.8020414114
6243 1 0.801365673542
35032 4 0.801314413548
86133 1 0.800800144672
38509 1 0.80026859045
83903 4 0.799413979053
1014 1 0.798653066158
22237 1 0.798633038998
74755 1 0.797426521778
2467 1 0.797288119793
49997 1 0.797095060349
8770 3 0.796396374702
37347 1 0.795756697655
17853 1 0.795712888241
2204 1 0.794764876366
50257 4 0.794241666794
5558 1 0.792160630226
62554 1 0.790884613991
75664 1 0.79069262743
82922 4 0.790113270283
33331 1 0.790061414242
43041 1 0.789413094521
9187 1 0.788988769054
71281 1 0.788699269295
54398 1 0.787019610405
19753 1 0.786826372147
88290 1 0.784793078899
63155 1 0.784775257111
12457 1 0.784766376019
65577 4 0.784308850765
32622 4 0.784042000771
64013 1 0.783552348614
37509 1 0.783275306225
49076 1 0.78262847662
12178 1 0.781064808369
22255 1 0.780792474747
52820 1 0.780484735966
20283 4 0.778843581676
58548 1 0.778234958649
51192 4 0.778234899044
30358 1 0.777506172657
10164 1 0.777277648449
41371 1 0.775589287281
63156 1 0.773543834686
22638 1 0.771055400372
20156 1 0.770345032215
88938 1 0.76971745491
22250 1 0.769201159477
19327 1 0.769145607948
27041 1 0.767465829849
38688 1 0.767448723316
46747 1 0.76744800806
37650 1 0.766636431217
39181 1 0.765821754932
2364 1 0.765581846237
3042 4 0.765283942223
16174 1 0.765060842037
432 1 0.764825820923
16301 1 0.764601290226
36405 4 0.764592468739
48791 4 0.764371991158
58500 1 0.762999653816
54774 1 0.762967288494
20074 1 0.762949764729
11522 1 0.761432886124
69751 1 0.760483145714
68907 4 0.760435700417
28049 4 0.760209321976
4679 1 0.760002553463
1321 4 0.759726345539
46551 1 0.759626150131
12314 4 0.757706105709
17886 1 0.75728982687
34260 1 0.756856799126
71006 1 0.755923271179
4891 1 0.753133773804
46944 4 0.752463817596
16910 4 0.752164781094
3507 1 0.751670002937
4526 4 0.750061929226
52508 4 0.749359369278
36995 1 0.74921309948
87910 4 0.749205946922
7628 4 0.748554468155
82159 4 0.746868431568
59040 1 0.746773421764
18769 1 0.745974898338
4635 1 0.745339810848
27578 1 0.745172739029
5475 1 0.744645655155
51784 1 0.744405269623
24100 4 0.743606626987
12810 1 0.743495285511
46007 1 0.743436276913
15918 1 0.742656350136
55884 1 0.742648839951
17440 1 0.741644918919
18891 1 0.741494297981
87067 1 0.738762259483
9763 1 0.738607048988
13021 1 0.738170325756
17333 1 0.737763106823
60726 1 0.737341940403
47020 1 0.735639691353
83783 1 0.735130429268
17221 1 0.734141409397
12058 1 0.732939839363
38227 1 0.732493758202
39921 1 0.732182741165
64186 1 0.731538832188
90018 1 0.731359958649
18219 1 0.730671286583
40819 1 0.730127453804
64789 1 0.727365612984
49876 1 0.727162063122
12766 1 0.727121472359
29853 1 0.72623360157
78980 1 0.725051283836
11123 3 0.724968016148
13624 1 0.724549353123
74777 3 0.723419487476
28634 1 0.722955703735
74303 1 0.72266036272
57651 1 0.722575247288
41049 1 0.722043275833
78314 1 0.721674919128
15832 4 0.721481323242
18652 1 0.721306562424
16093 1 0.719054222107
54233 1 0.719040334225
91230 1 0.718853235245
88902 1 0.718619763851
74249 4 0.717870354652
84568 1 0.717755138874
2973 1 0.717688143253
31204 1 0.717651486397
67394 1 0.716056346893
51875 1 0.715635895729
60474 1 0.715496897697
59029 1 0.715340554714
81311 1 0.71445530653
420 1 0.713989317417
23589 1 0.713363170624
86981 1 0.713221728802
83934 1 0.713098227978
24243 4 0.712597191334
26753 1 0.711489915848
90510 1 0.711360037327
21503 1 0.711237668991
25101 1 0.710784554482
89099 1 0.710772871971
52583 1 0.710495114326
35938 1 0.709831774235
42022 1 0.709465920925
38887 1 0.708787322044
23699 1 0.708547830582
34665 4 0.706867694855
66010 1 0.706259250641
69665 1 0.7056812644
59772 1 0.705559492111
33034 1 0.70472073555
49161 1 0.704506576061
34116 4 0.70391780138
31584 1 0.70297652483
23374 4 0.70201331377
1003 4 0.701068282127
20459 1 0.699714303017
57233 1 0.697999954224
12049 1 0.697500526905
90633 1 0.696755588055
7411 1 0.696664214134
46252 1 0.696636497974
50133 1 0.696386098862
80667 1 0.695781350136
84800 1 0.695057928562
5700 1 0.69495433569
19745 1 0.694773674011
17630 1 0.694291234016
17180 4 0.693894088268
19175 4 0.692684531212
48540 1 0.692242980003
44526 1 0.692152380943
73113 1 0.69030046463
30471 1 0.689666152
56891 1 0.688718855381
34429 1 0.688321352005
1185 1 0.688244521618
21956 1 0.68769544363
89191 4 0.686764836311
68530 1 0.686673045158
4297 1 0.686324954033
34553 1 0.686065077782
74068 1 0.685962319374
44530 1 0.685884356499
37360 4 0.684318840504
34918 4 0.684015095234
8586 1 0.683958768845
71954 4 0.682473182678
4520 1 0.682409584522
38092 1 0.68096357584
4348 1 0.680822193623
50173 1 0.680016160011
53981 1 0.679684937
85643 1 0.679447174072
12657 1 0.678657889366
1244 4 0.678322434425
51754 1 0.678197801113
46745 1 0.678136825562
4487 1 0.677937984467
40170 1 0.67633497715
57654 1 0.675737440586
27691 1 0.675389349461
32349 1 0.675233781338
48575 1 0.674175918102
30298 1 0.67404127121
36918 1 0.673985183239
84725 1 0.673333704472
38380 1 0.671755075455
89605 4 0.671738862991
28143 1 0.671634435654
31296 1 0.671396374702
87366 1 0.671055078506
62289 1 0.670764446259
27833 1 0.670728027821
83301 1 0.670178711414
37430 1 0.669893026352
11831 4 0.669635593891
42531 1 0.669393837452
20746 1 0.668966948986
21550 1 0.668604791164
47268 1 0.668234884739
47717 4 0.667750895023
3108 1 0.667705357075
58781 4 0.667456686497
16451 4 0.666839241982
28388 1 0.666517198086
23999 1 0.664449393749
54051 1 0.663448989391
19655 1 0.662518024445
69817 1 0.660942614079
4057 1 0.66070318222
25204 4 0.660532474518
13547 1 0.659994184971
28217 1 0.658597648144
44019 1 0.658141732216
48689 1 0.657528042793
23150 1 0.655160486698
62046 1 0.654342353344
69208 1 0.654220461845
81153 1 0.654132604599
43749 1 0.653481721878
83955 4 0.652636229992
2256 1 0.652489185333
820 1 0.651717126369
68717 1 0.651597380638
18222 1 0.651396214962
71313 1 0.651329100132
61513 1 0.650138258934
88921 1 0.649994313717
67502 1 0.649917662144
43779 4 0.648905336857
58890 1 0.648518741131
89664 1 0.648490786552
66711 1 0.648014724255
3856 4 0.64645922184
39558 1 0.643807649612
66591 1 0.643305838108
15533 1 0.643118679523
54621 1 0.64311081171
29407 1 0.642545998096
62533 1 0.64248663187
81825 1 0.64228284359
80578 1 0.642197489738
51581 4 0.641903102398
31624 1 0.641890764236
75848 1 0.641241252422
38231 1 0.639517486095
50791 1 0.639280021191
32316 1 0.638232767582
1610 4 0.637976408005
6572 4 0.637839198112
60907 1 0.637438118458
32859 1 0.636791706085
11032 1 0.634282886982
62182 4 0.633530914783
6652 4 0.632116436958
43136 1 0.631850123405
34601 1 0.631828844547
49018 1 0.631566464901
27658 1 0.631219208241
47834 1 0.630103886127
6521 1 0.630066990852
91062 2 0.629618883133
88844 4 0.629120409489
33107 1 0.628013372421
76074 4 0.626928627491
50 4 0.626744627953
53921 1 0.626341342926
19529 1 0.626194834709
90309 1 0.62615853548
62305 1 0.626012206078
43892 1 0.625965416431
14650 1 0.625937104225
30830 1 0.625699520111
40721 1 0.625583708286
51715 1 0.625401556492
37173 4 0.623781502247
29148 1 0.623462617397
34792 1 0.623351335526
3427 1 0.622584104538
62251 1 0.621984481812
45848 1 0.621112883091
19759 1 0.62053245306
61727 1 0.620115160942
10036 1 0.619300425053
63706 1 0.618901252747
19083 4 0.618369519711
77254 1 0.616906046867
480 1 0.616332769394
19532 1 0.616202831268
18218 1 0.614121317863
62165 1 0.611991524696
67184 1 0.611505568027
1861 4 0.61140781641
16984 1 0.611193299294
11341 1 0.61014777422
90414 1 0.610071063042
42227 4 0.609237313271
6971 2 0.609236180782
74998 4 0.609103739262
76738 1 0.608553111553
32752 1 0.608294963837
32110 4 0.608040809631
18244 1 0.607447743416
86146 1 0.606388688087
41022 1 0.606278955936
4391 2 0.604737222195
7702 1 0.604730963707
43355 1 0.603284239769
4646 1 0.602861344814
50708 1 0.602079689503
40654 1 0.601869165897
52402 4 0.600639343262
45964 1 0.600606739521
19012 1 0.600424945354
45979 1 0.597112953663
33308 1 0.595767080784
90184 1 0.594562590122
77209 1 0.5940797925
87338 1 0.593798279762
89689 1 0.593271553516
47349 1 0.592783272266
17501 1 0.592731356621
57308 1 0.592340886593
40424 1 0.592015266418
12300 1 0.591591000557
56949 1 0.591386854649
22583 1 0.591352760792
74988 2 0.591031908989
38727 1 0.590811312199
90475 1 0.590781927109
5913 1 0.590585947037
46568 1 0.590330481529
82790 4 0.589690804482
83284 1 0.588515877724
40916 1 0.587921440601
6569 1 0.587623894215
42426 1 0.58703649044
38232 1 0.586295545101
38400 1 0.585632681847
9676 1 0.585464596748
25838 4 0.585180878639
89796 1 0.583967030048
55913 1 0.581925034523
40405 1 0.580392003059
71546 1 0.580167233944
55481 1 0.580152571201
20213 1 0.580062091351
3297 1 0.579697966576
43569 4 0.579665005207
58011 1 0.579474925995
50090 1 0.579360246658
10511 4 0.579359591007
66441 1 0.578511655331
28457 1 0.576701760292
23001 4 0.576056718826
3409 1 0.575734972954
62148 1 0.575390219688
78835 1 0.575150251389
31578 1 0.574961304665
32913 1 0.574496567249
38740 2 0.572912454605
33038 1 0.571089625359
68714 1 0.570625424385
29481 2 0.570117890835
23003 1 0.569649457932
48554 4 0.569626092911
36505 1 0.569098353386
5932 1 0.569088816643
23898 1 0.56776869297
84968 4 0.567674338818
57706 1 0.567410469055
44730 1 0.567109644413
71952 1 0.566834151745
43711 1 0.566668391228
19589 1 0.566500902176
52389 1 0.566344559193
40127 4 0.566041946411
13818 1 0.565861284733
28739 1 0.565479516983
46994 1 0.565291285515
32651 3 0.565113544464
38804 4 0.564483642578
13027 1 0.563358485699
21229 1 0.563134133816
23861 4 0.561724364758
7852 1 0.561349332333
76718 7 0.561348497868
80969 1 0.560566186905
89019 1 0.559919297695
66030 1 0.559745967388
47424 1 0.558426856995
24146 1 0.558171629906
46392 1 0.55778336525
69264 1 0.557698786259
55646 1 0.557675480843
76866 4 0.55625385046
69534 1 0.555995762348
21139 1 0.555764079094
73325 1 0.555677950382
51665 1 0.55361366272
20474 1 0.551141560078
69938 1 0.551020979881
30371 1 0.550977706909
66918 1 0.550840556622
51693 1 0.549811244011
3203 1 0.549506783485
88115 1 0.549296200275
87745 1 0.548599660397
62198 1 0.548522889614
50483 1 0.548520565033
19082 4 0.54843890667
13604 1 0.548344790936
12444 1 0.548220515251
17143 1 0.54779279232
36176 2 0.547744095325
85831 1 0.547418117523
25147 4 0.54712086916
5248 1 0.546780467033
6973 2 0.546339392662
84222 1 0.545829951763
74243 4 0.545360803604
40917 1 0.544672548771
56041 1 0.544569730759
71113 1 0.542157948017
35795 1 0.542095661163
17856 1 0.541955530643
76946 1 0.541859686375
32886 1 0.541437208652
25833 4 0.541134893894
12980 4 0.540920138359
86011 4 0.539389252663
78972 1 0.539362192154
77 1 0.538126111031
60471 2 0.538082003593
69258 1 0.537316203117
86982 1 0.537310600281
31738 3 0.537265181541
6596 1 0.53684258461
58039 1 0.536689579487
90849 1 0.536530137062
11368 4 0.536400556564
28270 1 0.53532576561
77049 1 0.535307884216
49742 1 0.535001337528
10439 1 0.534149289131
66772 4 0.533991336823
32460 1 0.533765792847
64602 1 0.533247888088
6709 2 0.533104360104
62601 1 0.532768666744
87885 1 0.530965268612
54261 1 0.530855298042
44178 4 0.530628025532
55838 1 0.529789507389
1420 4 0.529350399971
18138 1 0.529337823391
62556 7 0.529233515263
81433 1 0.528219044209
81131 4 0.528182208538
42522 1 0.52803248167
36512 1 0.528009831905
3534 4 0.527552723885
12190 4 0.527076125145
12238 1 0.526767015457
10030 1 0.52617162466
26566 1 0.526058554649
76714 1 0.525108575821
31041 1 0.525057911873
9634 1 0.524655997753
47860 1 0.524627745152
26386 1 0.524079740047
28462 1 0.523825705051
50178 1 0.52354323864
20369 4 0.523393154144
62249 1 0.521368741989
18914 1 0.52106243372
49072 1 0.520701289177
14021 2 0.520593881607
75360 1 0.519763171673
50227 4 0.519430816174
16931 1 0.519414901733
11160 1 0.518901109695
4631 1 0.518630445004
76887 1 0.518325328827
87225 1 0.517986416817
9361 2 0.517220497131
55755 1 0.516832709312
55507 4 0.516164898872
59672 1 0.51567029953
629 1 0.515366435051
76976 1 0.515005290508
3690 1 0.514353513718
9284 1 0.514243304729
73689 4 0.514131307602
14156 1 0.51270377636
74380 1 0.512301623821
13882 2 0.511663675308
1180 1 0.511601567268
54548 1 0.510871171951
32840 1 0.510833919048
46536 4 0.510795474052
42926 1 0.510431528091
79629 1 0.509841442108
19469 1 0.509715974331
89943 1 0.509395599365
69132 1 0.509047567844
61748 1 0.509017825127
50615 4 0.508361816406
12217 1 0.507759273052
65748 4 0.50754827261
67091 1 0.50668233633
56922 4 0.505555391312
29149 7 0.504512727261
44892 1 0.504405200481
21386 1 0.504185855389
56386 4 0.503174126148
11393 4 0.502940773964
75251 1 0.501603782177
29271 1 0.499924182892
25629 1 0.499853104353
31160 1 0.498734533787
53841 4 0.497499883175
88606 4 0.49736726284
36175 2 0.495767772198
11803 4 0.495749622583
16945 2 0.494591504335
80463 1 0.494559526443
48117 4 0.494178384542
48181 4 0.49319639802
16004 2 0.493101418018
67880 2 0.487627089024
68313 2 0.486035704613
39013 2 0.485758781433
33309 1 0.485457539558
8779 3 0.48384386301
63133 1 0.4831148386
88757 4 0.482203572989
51621 3 0.481639146805
87448 2 0.481129109859
67504 3 0.480573356152
1595 4 0.478893458843
81757 7 0.478582143784
57747 3 0.478198945522
821 1 0.475475281477
59442 2 0.47503221035
18998 1 0.474765896797
10427 2 0.472433835268
12234 4 0.469514340162
42423 1 0.468694239855
28970 2 0.461750119925
56415 1 0.457965344191
4788 2 0.45385286212
79682 7 0.450479418039
90492 2 0.445321619511
39582 3 0.44153752923
30376 2 0.439953893423
26143 2 0.439649194479
29354 2 0.439214199781
60801 3 0.438673734665
45073 2 0.435855031013
10151 4 0.432965964079
3786 1 0.430008739233
34234 4 0.427371561527
5981 2 0.427358984947
70185 2 0.425558269024
34458 7 0.425133943558
83254 2 0.424699187279
47042 2 0.42143791914
88728 4 0.421199530363
12662 2 0.420886337757
12705 2 0.420252293348
54278 2 0.41654419899
16593 2 0.416238933802
10226 7 0.416084825993
45169 2 0.40718254447
51887 2 0.40664857626
21862 2 0.40510559082
25345 2 0.40319776535
30230 4 0.401015669107
70015 2 0.397284626961
78731 2 0.395416468382
79593 5 0.394557893276
64020 2 0.389890253544
32625 2 0.38982501626
61868 2 0.381307184696
24480 2 0.380973130465
70014 3 0.380696296692
29841 5 0.379297077656
9362 2 0.379118531942
64068 2 0.377757608891
10176 2 0.372546732426
39378 5 0.369193196297
22836 3 0.366677135229
23507 3 0.365269690752
56638 5 0.363642573357
12546 2 0.360933184624
37167 2 0.360092699528
41654 2 0.358403325081
74793 5 0.352882355452
10244 2 0.350854456425
20167 5 0.349953681231
69709 2 0.349764049053
58748 1 0.349706798792
36904 2 0.349218815565
2754 2 0.347299158573
44993 2 0.34651657939
4687 2 0.343669950962
68488 7 0.343205928802
46292 2 0.343157351017
50738 2 0.342868417501
18582 2 0.338603973389
11594 2 0.337529122829
57978 2 0.336770236492
74651 2 0.335247844458
56641 5 0.331586331129
4355 2 0.330905050039
76958 4 0.329385966063
65885 2 0.328744351864
86061 2 0.328546911478
68762 5 0.327707827091
18889 2 0.327074050903
52424 5 0.327007859945
78878 5 0.32361510396
40762 5 0.320849359035
72584 5 0.319322615862
31443 5 0.319268763065
5741 5 0.316409707069
60813 2 0.312342971563
55467 5 0.311323016882
7873 2 0.311186701059
83964 4 0.30949395895
27125 5 0.309115290642
73434 2 0.307194799185
5654 5 0.307116597891
85128 2 0.305367708206
71849 2 0.303132683039
31847 5 0.299194127321
91635 5 0.293230473995
38954 2 0.29085084796
51404 2 0.287663608789
16169 5 0.285992145538
7426 5 0.285639166832
43175 5 0.28289180994
87349 5 0.279572844505
87556 5 0.277302652597
791 2 0.277176946402
9814 2 0.273664593697
87904 7 0.273662298918
29832 5 0.269335746765
20027 5 0.262653976679
56223 2 0.261325031519
71747 5 0.260538101196
65527 7 0.257987052202
89580 6 0.256839185953
83505 3 0.254515767097
12547 2 0.252420216799
49362 5 0.248214572668
44076 2 0.246257096529
10181 5 0.233650997281
87536 3 0.226798281074
5469 5 0.213259071112
24751 4 0.207862198353
48362 4 0.207243159413
66695 4 0.177559703588
5591 6 0.165490910411
