1.0 0.0
0.0 0.0
0.333333333333 0.000577367205543
0.5 0.00115473441109
0.4 0.00115473441109
0.5 0.00173210161663
0.428571428571 0.00173210161663
0.5 0.00230946882217
0.555555555556 0.00288683602771
0.6 0.00346420323326
0.545454545455 0.00346420323326
0.583333333333 0.0040415704388
0.538461538462 0.0040415704388
0.571428571429 0.00461893764434
0.6 0.00519630484988
0.625 0.00577367205543
0.588235294118 0.00577367205543
0.611111111111 0.00635103926097
0.631578947368 0.00692840646651
0.65 0.00750577367206
0.666666666667 0.0080831408776
0.681818181818 0.00866050808314
0.652173913043 0.00866050808314
0.666666666667 0.00923787528868
0.64 0.00923787528868
0.653846153846 0.00981524249423
0.666666666667 0.0103926096998
0.678571428571 0.0109699769053
0.689655172414 0.0115473441109
0.666666666667 0.0115473441109
0.677419354839 0.0121247113164
0.6875 0.0127020785219
0.69696969697 0.0132794457275
0.705882352941 0.013856812933
0.714285714286 0.0144341801386
0.722222222222 0.0150115473441
0.72972972973 0.0155889145497
0.736842105263 0.0161662817552
0.717948717949 0.0161662817552
0.725 0.0167436489607
0.731707317073 0.0173210161663
0.738095238095 0.0178983833718
0.744186046512 0.0184757505774
0.75 0.0190531177829
0.755555555556 0.0196304849885
0.760869565217 0.020207852194
0.744680851064 0.020207852194
0.75 0.0207852193995
0.755102040816 0.0213625866051
0.76 0.0219399538106
0.764705882353 0.0225173210162
0.769230769231 0.0230946882217
0.77358490566 0.0236720554273
0.777777777778 0.0242494226328
0.763636363636 0.0242494226328
0.767857142857 0.0248267898383
0.754385964912 0.0248267898383
0.758620689655 0.0254041570439
0.762711864407 0.0259815242494
0.75 0.0259815242494
0.754098360656 0.026558891455
0.758064516129 0.0271362586605
0.761904761905 0.0277136258661
0.75 0.0277136258661
0.753846153846 0.0282909930716
0.742424242424 0.0282909930716
0.731343283582 0.0282909930716
0.735294117647 0.0288683602771
0.739130434783 0.0294457274827
0.728571428571 0.0294457274827
0.718309859155 0.0294457274827
0.708333333333 0.0294457274827
0.698630136986 0.0294457274827
0.702702702703 0.0300230946882
0.706666666667 0.0306004618938
0.710526315789 0.0311778290993
0.714285714286 0.0317551963048
0.705128205128 0.0317551963048
0.696202531646 0.0317551963048
0.7 0.0323325635104
0.703703703704 0.0329099307159
0.69512195122 0.0329099307159
0.698795180723 0.0334872979215
0.702380952381 0.034064665127
0.694117647059 0.034064665127
0.686046511628 0.034064665127
0.689655172414 0.0346420323326
0.693181818182 0.0352193995381
0.696629213483 0.0357967667436
0.688888888889 0.0357967667436
0.692307692308 0.0363741339492
0.684782608696 0.0363741339492
0.688172043011 0.0369515011547
0.68085106383 0.0369515011547
0.673684210526 0.0369515011547
0.677083333333 0.0375288683603
0.680412371134 0.0381062355658
0.683673469388 0.0386836027714
0.676767676768 0.0386836027714
0.68 0.0392609699769
0.673267326733 0.0392609699769
0.666666666667 0.0392609699769
0.660194174757 0.0392609699769
0.663461538462 0.0398383371824
0.666666666667 0.040415704388
0.660377358491 0.040415704388
0.663551401869 0.0409930715935
0.657407407407 0.0409930715935
0.660550458716 0.0415704387991
0.663636363636 0.0421478060046
0.666666666667 0.0427251732102
0.669642857143 0.0433025404157
0.672566371681 0.0438799076212
0.675438596491 0.0444572748268
0.669565217391 0.0444572748268
0.672413793103 0.0450346420323
0.675213675214 0.0456120092379
0.677966101695 0.0461893764434
0.672268907563 0.0461893764434
0.666666666667 0.0461893764434
0.661157024793 0.0461893764434
0.655737704918 0.0461893764434
0.650406504065 0.0461893764434
0.645161290323 0.0461893764434
0.64 0.0461893764434
0.634920634921 0.0461893764434
0.637795275591 0.046766743649
0.640625 0.0473441108545
0.643410852713 0.04792147806
0.646153846154 0.0484988452656
0.648854961832 0.0490762124711
0.643939393939 0.0490762124711
0.639097744361 0.0490762124711
0.634328358209 0.0490762124711
0.62962962963 0.0490762124711
0.625 0.0490762124711
0.620437956204 0.0490762124711
0.615942028986 0.0490762124711
0.618705035971 0.0496535796767
0.621428571429 0.0502309468822
0.624113475177 0.0508083140878
0.619718309859 0.0508083140878
0.615384615385 0.0508083140878
0.618055555556 0.0513856812933
0.613793103448 0.0513856812933
0.609589041096 0.0513856812933
0.612244897959 0.0519630484988
0.608108108108 0.0519630484988
0.604026845638 0.0519630484988
0.6 0.0519630484988
0.596026490066 0.0519630484988
0.592105263158 0.0519630484988
0.59477124183 0.0525404157044
0.590909090909 0.0525404157044
0.587096774194 0.0525404157044
0.589743589744 0.0531177829099
0.585987261146 0.0531177829099
0.588607594937 0.0536951501155
0.584905660377 0.0536951501155
0.58125 0.0536951501155
0.577639751553 0.0536951501155
0.58024691358 0.054272517321
0.576687116564 0.054272517321
0.573170731707 0.054272517321
0.569696969697 0.054272517321
0.566265060241 0.054272517321
0.562874251497 0.054272517321
0.565476190476 0.0548498845266
0.562130177515 0.0548498845266
0.558823529412 0.0548498845266
0.555555555556 0.0548498845266
0.558139534884 0.0554272517321
0.554913294798 0.0554272517321
0.557471264368 0.0560046189376
0.56 0.0565819861432
0.5625 0.0571593533487
0.559322033898 0.0571593533487
0.556179775281 0.0571593533487
0.553072625698 0.0571593533487
0.55 0.0571593533487
0.546961325967 0.0571593533487
0.549450549451 0.0577367205543
0.551912568306 0.0583140877598
0.548913043478 0.0583140877598
0.551351351351 0.0588914549654
0.548387096774 0.0588914549654
0.550802139037 0.0594688221709
0.553191489362 0.0600461893764
0.555555555556 0.060623556582
0.557894736842 0.0612009237875
0.55497382199 0.0612009237875
0.552083333333 0.0612009237875
0.549222797927 0.0612009237875
0.546391752577 0.0612009237875
0.54358974359 0.0612009237875
0.545918367347 0.0617782909931
0.543147208122 0.0617782909931
0.545454545455 0.0623556581986
0.547738693467 0.0629330254042
0.545 0.0629330254042
0.542288557214 0.0629330254042
0.544554455446 0.0635103926097
0.541871921182 0.0635103926097
0.539215686275 0.0635103926097
0.536585365854 0.0635103926097
0.538834951456 0.0640877598152
0.536231884058 0.0640877598152
0.538461538462 0.0646651270208
0.540669856459 0.0652424942263
0.542857142857 0.0658198614319
0.545023696682 0.0663972286374
0.547169811321 0.066974595843
0.544600938967 0.066974595843
0.542056074766 0.066974595843
0.544186046512 0.0675519630485
0.541666666667 0.0675519630485
0.539170506912 0.0675519630485
0.54128440367 0.068129330254
0.543378995434 0.0687066974596
0.545454545455 0.0692840646651
0.542986425339 0.0692840646651
0.540540540541 0.0692840646651
0.538116591928 0.0692840646651
0.535714285714 0.0692840646651
0.533333333333 0.0692840646651
0.530973451327 0.0692840646651
0.528634361233 0.0692840646651
0.526315789474 0.0692840646651
0.528384279476 0.0698614318707
0.526086956522 0.0698614318707
0.528138528139 0.0704387990762
0.530172413793 0.0710161662818
0.527896995708 0.0710161662818
0.525641025641 0.0710161662818
0.523404255319 0.0710161662818
0.521186440678 0.0710161662818
0.523206751055 0.0715935334873
0.521008403361 0.0715935334873
0.523012552301 0.0721709006928
0.520833333333 0.0721709006928
0.522821576763 0.0727482678984
0.52479338843 0.0733256351039
0.522633744856 0.0733256351039
0.520491803279 0.0733256351039
0.518367346939 0.0733256351039
0.516260162602 0.0733256351039
0.518218623482 0.0739030023095
0.516129032258 0.0739030023095
0.518072289157 0.074480369515
0.516 0.074480369515
0.517928286853 0.0750577367206
0.519841269841 0.0756351039261
0.521739130435 0.0762124711316
0.51968503937 0.0762124711316
0.517647058824 0.0762124711316
0.51953125 0.0767898383372
0.517509727626 0.0767898383372
0.519379844961 0.0773672055427
0.521235521236 0.0779445727483
0.519230769231 0.0779445727483
0.51724137931 0.0779445727483
0.515267175573 0.0779445727483
0.513307984791 0.0779445727483
0.511363636364 0.0779445727483
0.509433962264 0.0779445727483
0.507518796992 0.0779445727483
0.50936329588 0.0785219399538
0.507462686567 0.0785219399538
0.509293680297 0.0790993071594
0.511111111111 0.0796766743649
0.509225092251 0.0796766743649
0.507352941176 0.0796766743649
0.505494505495 0.0796766743649
0.507299270073 0.0802540415704
0.509090909091 0.080831408776
0.510869565217 0.0814087759815
0.509025270758 0.0814087759815
0.507194244604 0.0814087759815
0.505376344086 0.0814087759815
0.503571428571 0.0814087759815
0.501779359431 0.0814087759815
0.503546099291 0.0819861431871
0.501766784452 0.0819861431871
0.503521126761 0.0825635103926
0.505263157895 0.0831408775982
0.506993006993 0.0837182448037
0.505226480836 0.0837182448037
0.503472222222 0.0837182448037
0.501730103806 0.0837182448037
0.503448275862 0.0842956120092
0.505154639175 0.0848729792148
0.506849315068 0.0854503464203
0.505119453925 0.0854503464203
0.506802721088 0.0860277136259
0.505084745763 0.0860277136259
0.503378378378 0.0860277136259
0.501683501684 0.0860277136259
0.5 0.0860277136259
0.498327759197 0.0860277136259
0.5 0.0866050808314
0.498338870432 0.0866050808314
0.496688741722 0.0866050808314
0.498349834983 0.087182448037
0.5 0.0877598152425
0.498360655738 0.0877598152425
0.5 0.088337182448
0.498371335505 0.088337182448
0.496753246753 0.088337182448
0.495145631068 0.088337182448
0.496774193548 0.0889145496536
0.498392282958 0.0894919168591
0.5 0.0900692840647
0.498402555911 0.0900692840647
0.5 0.0906466512702
0.501587301587 0.0912240184758
0.503164556962 0.0918013856813
0.504731861199 0.0923787528868
0.503144654088 0.0923787528868
0.501567398119 0.0923787528868
0.5 0.0923787528868
0.501557632399 0.0929561200924
0.5 0.0929561200924
0.498452012384 0.0929561200924
0.496913580247 0.0929561200924
0.495384615385 0.0929561200924
0.496932515337 0.0935334872979
0.498470948012 0.0941108545035
0.5 0.094688221709
0.501519756839 0.0952655889145
0.5 0.0952655889145
0.501510574018 0.0958429561201
0.5 0.0958429561201
0.498498498498 0.0958429561201
0.497005988024 0.0958429561201
0.498507462687 0.0964203233256
0.497023809524 0.0964203233256
0.498516320475 0.0969976905312
0.497041420118 0.0969976905312
0.495575221239 0.0969976905312
0.494117647059 0.0969976905312
0.495601173021 0.0975750577367
0.494152046784 0.0975750577367
0.492711370262 0.0975750577367
0.491279069767 0.0975750577367
0.489855072464 0.0975750577367
0.491329479769 0.0981524249423
0.489913544669 0.0981524249423
0.488505747126 0.0981524249423
0.487106017192 0.0981524249423
0.488571428571 0.0987297921478
0.490028490028 0.0993071593533
0.488636363636 0.0993071593533
0.487252124646 0.0993071593533
0.485875706215 0.0993071593533
0.484507042254 0.0993071593533
0.48595505618 0.0998845265589
0.484593837535 0.0998845265589
0.486033519553 0.100461893764
0.487465181058 0.10103926097
0.488888888889 0.101616628176
0.490304709141 0.102193995381
0.488950276243 0.102193995381
0.487603305785 0.102193995381
0.486263736264 0.102193995381
0.484931506849 0.102193995381
0.486338797814 0.102771362587
0.487738419619 0.103348729792
0.489130434783 0.103926096998
0.487804878049 0.103926096998
0.489189189189 0.104503464203
0.487870619946 0.104503464203
0.489247311828 0.105080831409
0.487935656836 0.105080831409
0.489304812834 0.105658198614
0.488 0.105658198614
0.48670212766 0.105658198614
0.488063660477 0.10623556582
0.486772486772 0.10623556582
0.485488126649 0.10623556582
0.484210526316 0.10623556582
0.482939632546 0.10623556582
0.48167539267 0.10623556582
0.480417754569 0.10623556582
0.479166666667 0.10623556582
0.477922077922 0.10623556582
0.476683937824 0.10623556582
0.475452196382 0.10623556582
0.474226804124 0.10623556582
0.473007712082 0.10623556582
0.474358974359 0.106812933025
0.473145780051 0.106812933025
0.474489795918 0.107390300231
0.47582697201 0.107967667436
0.477157360406 0.108545034642
0.475949367089 0.108545034642
0.477272727273 0.109122401848
0.478589420655 0.109699769053
0.477386934673 0.109699769053
0.47619047619 0.109699769053
0.475 0.109699769053
0.473815461347 0.109699769053
0.47263681592 0.109699769053
0.471464019851 0.109699769053
0.470297029703 0.109699769053
0.469135802469 0.109699769053
0.467980295567 0.109699769053
0.46683046683 0.109699769053
0.46568627451 0.109699769053
0.466992665037 0.110277136259
0.465853658537 0.110277136259
0.464720194647 0.110277136259
0.46359223301 0.110277136259
0.464891041162 0.110854503464
0.466183574879 0.11143187067
0.465060240964 0.11143187067
0.463942307692 0.11143187067
0.462829736211 0.11143187067
0.461722488038 0.11143187067
0.46062052506 0.11143187067
0.459523809524 0.11143187067
0.458432304038 0.11143187067
0.457345971564 0.11143187067
0.456264775414 0.11143187067
0.457547169811 0.112009237875
0.456470588235 0.112009237875
0.455399061033 0.112009237875
0.454332552693 0.112009237875
0.455607476636 0.112586605081
0.454545454545 0.112586605081
0.453488372093 0.112586605081
0.45475638051 0.113163972286
0.453703703704 0.113163972286
0.452655889145 0.113163972286
0.453917050691 0.113741339492
0.452873563218 0.113741339492
0.451834862385 0.113741339492
0.450800915332 0.113741339492
0.452054794521 0.114318706697
0.453302961276 0.114896073903
0.452272727273 0.114896073903
0.451247165533 0.114896073903
0.450226244344 0.114896073903
0.44920993228 0.114896073903
0.448198198198 0.114896073903
0.447191011236 0.114896073903
0.446188340807 0.114896073903
0.4451901566 0.114896073903
0.446428571429 0.115473441109
0.447661469933 0.116050808314
0.446666666667 0.116050808314
0.445676274945 0.116050808314
0.444690265487 0.116050808314
0.44591611479 0.11662817552
0.444933920705 0.11662817552
0.443956043956 0.11662817552
0.44298245614 0.11662817552
0.44420131291 0.117205542725
0.443231441048 0.117205542725
0.442265795207 0.117205542725
0.441304347826 0.117205542725
0.44251626898 0.117782909931
0.441558441558 0.117782909931
0.442764578834 0.118360277136
0.441810344828 0.118360277136
0.440860215054 0.118360277136
0.43991416309 0.118360277136
0.441113490364 0.118937644342
0.442307692308 0.119515011547
0.441364605544 0.119515011547
0.440425531915 0.119515011547
0.43949044586 0.119515011547
0.438559322034 0.119515011547
0.437632135307 0.119515011547
0.436708860759 0.119515011547
0.435789473684 0.119515011547
0.43487394958 0.119515011547
0.43605870021 0.120092378753
0.437238493724 0.120669745958
0.436325678497 0.120669745958
0.435416666667 0.120669745958
0.43659043659 0.121247113164
0.4377593361 0.12182448037
0.43685300207 0.12182448037
0.435950413223 0.12182448037
0.437113402062 0.122401847575
0.43621399177 0.122401847575
0.435318275154 0.122401847575
0.434426229508 0.122401847575
0.433537832311 0.122401847575
0.434693877551 0.122979214781
0.433808553971 0.122979214781
0.432926829268 0.122979214781
0.432048681542 0.122979214781
0.431174089069 0.122979214781
0.430303030303 0.122979214781
0.429435483871 0.122979214781
0.428571428571 0.122979214781
0.427710843373 0.122979214781
0.426853707415 0.122979214781
0.428 0.123556581986
0.429141716567 0.124133949192
0.42828685259 0.124133949192
0.429423459245 0.124711316397
0.428571428571 0.124711316397
0.427722772277 0.124711316397
0.426877470356 0.124711316397
0.426035502959 0.124711316397
0.427165354331 0.125288683603
0.428290766208 0.125866050808
0.427450980392 0.125866050808
0.426614481409 0.125866050808
0.427734375 0.126443418014
0.428849902534 0.127020785219
0.428015564202 0.127020785219
0.429126213592 0.127598152425
0.43023255814 0.12817551963
0.431334622824 0.128752886836
0.432432432432 0.129330254042
0.433526011561 0.129907621247
0.434615384615 0.130484988453
0.433781190019 0.130484988453
0.432950191571 0.130484988453
0.434034416826 0.131062355658
0.43320610687 0.131062355658
0.432380952381 0.131062355658
0.433460076046 0.131639722864
0.432637571157 0.131639722864
0.431818181818 0.131639722864
0.431001890359 0.131639722864
0.430188679245 0.131639722864
0.431261770245 0.132217090069
0.43045112782 0.132217090069
0.431519699812 0.132794457275
0.430711610487 0.132794457275
0.429906542056 0.132794457275
0.429104477612 0.132794457275
0.428305400372 0.132794457275
0.42936802974 0.13337182448
0.428571428571 0.13337182448
0.427777777778 0.13337182448
0.426987060998 0.13337182448
0.426199261993 0.13337182448
0.425414364641 0.13337182448
0.424632352941 0.13337182448
0.423853211009 0.13337182448
0.424908424908 0.133949191686
0.424131627057 0.133949191686
0.423357664234 0.133949191686
0.422586520947 0.133949191686
0.421818181818 0.133949191686
0.422867513612 0.134526558891
0.422101449275 0.134526558891
0.423146473779 0.135103926097
0.42238267148 0.135103926097
0.421621621622 0.135103926097
0.422661870504 0.135681293303
0.423698384201 0.136258660508
0.4229390681 0.136258660508
0.422182468694 0.136258660508
0.423214285714 0.136836027714
0.422459893048 0.136836027714
0.421708185053 0.136836027714
0.420959147425 0.136836027714
0.420212765957 0.136836027714
0.419469026549 0.136836027714
0.418727915194 0.136836027714
0.417989417989 0.136836027714
0.417253521127 0.136836027714
0.416520210896 0.136836027714
0.415789473684 0.136836027714
0.415061295972 0.136836027714
0.416083916084 0.137413394919
0.415357766143 0.137413394919
0.41637630662 0.137990762125
0.417391304348 0.13856812933
0.416666666667 0.13856812933
0.417677642981 0.139145496536
0.418685121107 0.139722863741
0.419689119171 0.140300230947
0.420689655172 0.140877598152
0.419965576592 0.140877598152
0.419243986254 0.140877598152
0.420240137221 0.141454965358
0.419520547945 0.141454965358
0.418803418803 0.141454965358
0.418088737201 0.141454965358
0.41737649063 0.141454965358
0.416666666667 0.141454965358
0.41765704584 0.142032332564
0.418644067797 0.142609699769
0.419627749577 0.143187066975
0.418918918919 0.143187066975
0.418212478921 0.143187066975
0.419191919192 0.14376443418
0.420168067227 0.144341801386
0.421140939597 0.144919168591
0.422110552764 0.145496535797
0.421404682274 0.145496535797
0.422370617696 0.146073903002
0.421666666667 0.146073903002
0.420965058236 0.146073903002
0.421926910299 0.146651270208
0.421227197347 0.146651270208
0.420529801325 0.146651270208
0.419834710744 0.146651270208
0.419141914191 0.146651270208
0.418451400329 0.146651270208
0.417763157895 0.146651270208
0.417077175698 0.146651270208
0.416393442623 0.146651270208
0.417348608838 0.147228637413
0.416666666667 0.147228637413
0.415986949429 0.147228637413
0.415309446254 0.147228637413
0.416260162602 0.147806004619
0.415584415584 0.147806004619
0.414910858995 0.147806004619
0.414239482201 0.147806004619
0.413570274637 0.147806004619
0.414516129032 0.148383371824
0.415458937198 0.14896073903
0.416398713826 0.149538106236
0.415730337079 0.149538106236
0.416666666667 0.150115473441
0.4176 0.150692840647
0.416932907348 0.150692840647
0.416267942584 0.150692840647
0.417197452229 0.151270207852
0.418124006359 0.151847575058
0.41746031746 0.151847575058
0.416798732171 0.151847575058
0.416139240506 0.151847575058
0.415481832543 0.151847575058
0.416403785489 0.152424942263
0.415748031496 0.152424942263
0.415094339623 0.152424942263
0.41601255887 0.153002309469
0.415360501567 0.153002309469
0.414710485133 0.153002309469
0.4140625 0.153002309469
0.413416536661 0.153002309469
0.41277258567 0.153002309469
0.412130637636 0.153002309469
0.413043478261 0.153579676674
0.412403100775 0.153579676674
0.411764705882 0.153579676674
0.412673879444 0.15415704388
0.413580246914 0.154734411085
0.412942989214 0.154734411085
0.412307692308 0.154734411085
0.411674347158 0.154734411085
0.411042944785 0.154734411085
0.410413476263 0.154734411085
0.409785932722 0.154734411085
0.409160305344 0.154734411085
0.408536585366 0.154734411085
0.407914764079 0.154734411085
0.407294832827 0.154734411085
0.406676783005 0.154734411085
0.406060606061 0.154734411085
0.405446293495 0.154734411085
0.404833836858 0.154734411085
0.404223227753 0.154734411085
0.405120481928 0.155311778291
0.404511278195 0.155311778291
0.405405405405 0.155889145497
0.406296851574 0.156466512702
0.405688622754 0.156466512702
0.405082212257 0.156466512702
0.405970149254 0.157043879908
0.405365126677 0.157043879908
0.404761904762 0.157043879908
0.405646359584 0.157621247113
0.405044510386 0.157621247113
0.404444444444 0.157621247113
0.403846153846 0.157621247113
0.404726735598 0.158198614319
0.40412979351 0.158198614319
0.40353460972 0.158198614319
0.404411764706 0.158775981524
0.403817914831 0.158775981524
0.403225806452 0.158775981524
0.402635431918 0.158775981524
0.402046783626 0.158775981524
0.402919708029 0.15935334873
0.402332361516 0.15935334873
0.403202328967 0.159930715935
0.40261627907 0.159930715935
0.402031930334 0.159930715935
0.401449275362 0.159930715935
0.402315484805 0.160508083141
0.401734104046 0.160508083141
0.402597402597 0.161085450346
0.402017291066 0.161085450346
0.401438848921 0.161085450346
0.400862068966 0.161085450346
0.401721664275 0.161662817552
0.401146131805 0.161662817552
0.400572246066 0.161662817552
0.401428571429 0.162240184758
0.400855920114 0.162240184758
0.400284900285 0.162240184758
0.399715504979 0.162240184758
0.399147727273 0.162240184758
0.398581560284 0.162240184758
0.398016997167 0.162240184758
0.397454031117 0.162240184758
0.396892655367 0.162240184758
0.396332863188 0.162240184758
0.395774647887 0.162240184758
0.395218002813 0.162240184758
0.394662921348 0.162240184758
0.394109396914 0.162240184758
0.393557422969 0.162240184758
0.393006993007 0.162240184758
0.392458100559 0.162240184758
0.391910739191 0.162240184758
0.391364902507 0.162240184758
0.392211404729 0.162817551963
0.391666666667 0.162817551963
0.391123439667 0.162817551963
0.390581717452 0.162817551963
0.390041493776 0.162817551963
0.390883977901 0.163394919169
0.390344827586 0.163394919169
0.389807162534 0.163394919169
0.389270976616 0.163394919169
0.39010989011 0.163972286374
0.389574759945 0.163972286374
0.38904109589 0.163972286374
0.388508891929 0.163972286374
0.387978142077 0.163972286374
0.387448840382 0.163972286374
0.386920980926 0.163972286374
0.386394557823 0.163972286374
0.385869565217 0.163972286374
0.385345997286 0.163972286374
0.386178861789 0.16454965358
0.38700947226 0.165127020785
0.387837837838 0.165704387991
0.388663967611 0.166281755196
0.388140161725 0.166281755196
0.387617765814 0.166281755196
0.388440860215 0.166859122402
0.387919463087 0.166859122402
0.388739946381 0.167436489607
0.388219544846 0.167436489607
0.387700534759 0.167436489607
0.387182910547 0.167436489607
0.388 0.168013856813
0.388814913449 0.168591224018
0.38829787234 0.168591224018
0.387782204515 0.168591224018
0.388594164456 0.169168591224
0.38940397351 0.16974595843
0.388888888889 0.16974595843
0.388375165125 0.16974595843
0.389182058047 0.170323325635
0.388669301713 0.170323325635
0.388157894737 0.170323325635
0.3876478318 0.170323325635
0.387139107612 0.170323325635
0.386631716907 0.170323325635
0.38612565445 0.170323325635
0.385620915033 0.170323325635
0.385117493473 0.170323325635
0.384615384615 0.170323325635
0.384114583333 0.170323325635
0.383615084525 0.170323325635
0.383116883117 0.170323325635
0.38261997406 0.170323325635
0.383419689119 0.170900692841
0.382923673997 0.170900692841
0.382428940568 0.170900692841
0.381935483871 0.170900692841
0.381443298969 0.170900692841
0.380952380952 0.170900692841
0.381748071979 0.171478060046
0.381258023107 0.171478060046
0.380769230769 0.171478060046
0.380281690141 0.171478060046
0.379795396419 0.171478060046
0.379310344828 0.171478060046
0.378826530612 0.171478060046
0.378343949045 0.171478060046
0.37786259542 0.171478060046
0.378653113088 0.172055427252
0.378172588832 0.172055427252
0.377693282636 0.172055427252
0.378481012658 0.172632794457
0.378002528445 0.172632794457
0.377525252525 0.172632794457
0.377049180328 0.172632794457
0.376574307305 0.172632794457
0.376100628931 0.172632794457
0.375628140704 0.172632794457
0.375156838143 0.172632794457
0.374686716792 0.172632794457
0.374217772215 0.172632794457
0.37375 0.172632794457
0.374531835206 0.173210161663
0.374064837905 0.173210161663
0.373599003736 0.173210161663
0.373134328358 0.173210161663
0.372670807453 0.173210161663
0.373449131514 0.173787528868
0.372986369269 0.173787528868
0.372524752475 0.173787528868
0.372064276885 0.173787528868
0.372839506173 0.174364896074
0.372379778052 0.174364896074
0.371921182266 0.174364896074
0.371463714637 0.174364896074
0.371007371007 0.174364896074
0.370552147239 0.174364896074
0.370098039216 0.174364896074
0.36964504284 0.174364896074
0.369193154034 0.174364896074
0.368742368742 0.174364896074
0.369512195122 0.174942263279
0.369062119367 0.174942263279
0.368613138686 0.174942263279
0.369380315917 0.175519630485
0.370145631068 0.176096997691
0.369696969697 0.176096997691
0.369249394673 0.176096997691
0.368802902056 0.176096997691
0.368357487923 0.176096997691
0.367913148372 0.176096997691
0.367469879518 0.176096997691
0.367027677497 0.176096997691
0.366586538462 0.176096997691
0.366146458583 0.176096997691
0.365707434053 0.176096997691
0.365269461078 0.176096997691
0.364832535885 0.176096997691
0.364396654719 0.176096997691
0.365155131265 0.176674364896
0.364719904648 0.176674364896
0.364285714286 0.176674364896
0.365041617122 0.177251732102
0.36460807601 0.177251732102
0.364175563464 0.177251732102
0.363744075829 0.177251732102
0.36449704142 0.177829099307
0.364066193853 0.177829099307
0.363636363636 0.177829099307
0.36320754717 0.177829099307
0.362779740872 0.177829099307
0.362352941176 0.177829099307
0.361927144536 0.177829099307
0.361502347418 0.177829099307
0.36225087925 0.178406466513
0.361826697892 0.178406466513
0.361403508772 0.178406466513
0.360981308411 0.178406466513
0.360560093349 0.178406466513
0.36013986014 0.178406466513
0.360884749709 0.178983833718
0.361627906977 0.179561200924
0.361207897793 0.179561200924
0.361948955916 0.180138568129
0.36268829664 0.180715935335
0.363425925926 0.18129330254
0.363005780347 0.18129330254
0.362586605081 0.18129330254
0.36216839677 0.18129330254
0.361751152074 0.18129330254
0.361334867664 0.18129330254
0.36091954023 0.18129330254
0.360505166475 0.18129330254
0.360091743119 0.18129330254
0.360824742268 0.181870669746
0.360411899314 0.181870669746
0.36 0.181870669746
0.359589041096 0.181870669746
0.360319270239 0.182448036952
0.361047835991 0.183025404157
0.361774744027 0.183602771363
0.361363636364 0.183602771363
0.360953461975 0.183602771363
0.361678004535 0.184180138568
0.361268403171 0.184180138568
0.360859728507 0.184180138568
0.360451977401 0.184180138568
0.360045146727 0.184180138568
0.359639233371 0.184180138568
0.359234234234 0.184180138568
0.358830146232 0.184180138568
0.358426966292 0.184180138568
0.358024691358 0.184180138568
0.357623318386 0.184180138568
0.357222844345 0.184180138568
0.356823266219 0.184180138568
0.356424581006 0.184180138568
0.356026785714 0.184180138568
0.355629877369 0.184180138568
0.355233853007 0.184180138568
0.354838709677 0.184180138568
0.354444444444 0.184180138568
0.354051054384 0.184180138568
0.354767184035 0.184757505774
0.355481727575 0.185334872979
0.355088495575 0.185334872979
0.354696132597 0.185334872979
0.354304635762 0.185334872979
0.355016538037 0.185912240185
0.354625550661 0.185912240185
0.354235423542 0.185912240185
0.353846153846 0.185912240185
0.353457738749 0.185912240185
0.353070175439 0.185912240185
0.352683461117 0.185912240185
0.352297592998 0.185912240185
0.353005464481 0.18648960739
0.352620087336 0.18648960739
0.352235550709 0.18648960739
0.351851851852 0.18648960739
0.35146898803 0.18648960739
0.351086956522 0.18648960739
0.350705754615 0.18648960739
0.35032537961 0.18648960739
0.349945828819 0.18648960739
0.349567099567 0.18648960739
0.349189189189 0.18648960739
0.348812095032 0.18648960739
0.348435814455 0.18648960739
0.348060344828 0.18648960739
0.347685683531 0.18648960739
0.347311827957 0.18648960739
0.34693877551 0.18648960739
0.347639484979 0.187066974596
0.347266881029 0.187066974596
0.346895074946 0.187066974596
0.346524064171 0.187066974596
0.346153846154 0.187066974596
0.345784418356 0.187066974596
0.345415778252 0.187066974596
0.345047923323 0.187066974596
0.344680851064 0.187066974596
0.34431455898 0.187066974596
0.345010615711 0.187644341801
0.345705196182 0.188221709007
0.345338983051 0.188221709007
0.344973544974 0.188221709007
0.344608879493 0.188221709007
0.34530095037 0.188799076212
0.344936708861 0.188799076212
0.344573234984 0.188799076212
0.344210526316 0.188799076212
0.343848580442 0.188799076212
0.343487394958 0.188799076212
0.343126967471 0.188799076212
0.342767295597 0.188799076212
0.343455497382 0.189376443418
0.34309623431 0.189376443418
0.343782654127 0.189953810624
0.343423799582 0.189953810624
0.343065693431 0.189953810624
0.342708333333 0.189953810624
0.343392299688 0.190531177829
0.344074844075 0.191108545035
0.343717549325 0.191108545035
0.344398340249 0.19168591224
0.345077720207 0.192263279446
0.345755693582 0.192840646651
0.346432264736 0.193418013857
0.346074380165 0.193418013857
0.345717234262 0.193418013857
0.345360824742 0.193418013857
0.345005149331 0.193418013857
0.344650205761 0.193418013857
0.345323741007 0.193995381062
0.344969199179 0.193995381062
0.344615384615 0.193995381062
0.344262295082 0.193995381062
0.344933469806 0.194572748268
0.344580777096 0.194572748268
0.345250255363 0.195150115473
0.344897959184 0.195150115473
0.344546381244 0.195150115473
0.345213849287 0.195727482679
0.345879959308 0.196304849885
0.346544715447 0.19688221709
0.346192893401 0.19688221709
0.34584178499 0.19688221709
0.345491388045 0.19688221709
0.345141700405 0.19688221709
0.344792719919 0.19688221709
0.345454545455 0.197459584296
0.345105953582 0.197459584296
0.344758064516 0.197459584296
0.344410876133 0.197459584296
0.344064386318 0.197459584296
0.34472361809 0.198036951501
0.34437751004 0.198036951501
0.344032096289 0.198036951501
0.343687374749 0.198036951501
0.344344344344 0.198614318707
0.344 0.198614318707
0.344655344655 0.199191685912
0.344311377246 0.199191685912
0.343968095713 0.199191685912
0.344621513944 0.199769053118
0.344278606965 0.199769053118
0.34393638171 0.199769053118
0.343594836147 0.199769053118
0.344246031746 0.200346420323
0.343904856293 0.200346420323
0.343564356436 0.200346420323
0.343224530168 0.200346420323
0.342885375494 0.200346420323
0.343534057256 0.200923787529
0.343195266272 0.200923787529
0.342857142857 0.200923787529
0.343503937008 0.201501154734
0.344149459194 0.20207852194
0.344793713163 0.202655889145
0.344455348381 0.202655889145
0.345098039216 0.203233256351
0.344760039177 0.203233256351
0.344422700587 0.203233256351
0.345063538612 0.203810623557
0.345703125 0.204387990762
0.345365853659 0.204387990762
0.345029239766 0.204387990762
0.344693281402 0.204387990762
0.344357976654 0.204387990762
0.344023323615 0.204387990762
0.343689320388 0.204387990762
0.343355965082 0.204387990762
0.343992248062 0.204965357968
0.343659244918 0.204965357968
0.34332688588 0.204965357968
0.342995169082 0.204965357968
0.342664092664 0.204965357968
0.342333654773 0.204965357968
0.342967244701 0.205542725173
0.342637151107 0.205542725173
0.342307692308 0.205542725173
0.341978866475 0.205542725173
0.341650671785 0.205542725173
0.342281879195 0.206120092379
0.341954022989 0.206120092379
0.341626794258 0.206120092379
0.342256214149 0.206697459584
0.34288443171 0.20727482679
0.342557251908 0.20727482679
0.342230695901 0.20727482679
0.342857142857 0.207852193995
0.342530922931 0.207852193995
0.343155893536 0.208429561201
0.342830009497 0.208429561201
0.342504743833 0.208429561201
0.342180094787 0.208429561201
0.342803030303 0.209006928406
0.343424787133 0.209584295612
0.343100189036 0.209584295612
0.342776203966 0.209584295612
0.342452830189 0.209584295612
0.342130065975 0.209584295612
0.341807909605 0.209584295612
0.342427093133 0.210161662818
0.342105263158 0.210161662818
0.342723004695 0.210739030023
0.342401500938 0.210739030023
0.342080599813 0.210739030023
0.341760299625 0.210739030023
0.34144059869 0.210739030023
0.341121495327 0.210739030023
0.341736694678 0.211316397229
0.341417910448 0.211316397229
0.34109972041 0.211316397229
0.341713221601 0.211893764434
0.341395348837 0.211893764434
0.341078066914 0.211893764434
0.340761374188 0.211893764434
0.340445269017 0.211893764434
0.340129749768 0.211893764434
0.339814814815 0.211893764434
0.339500462535 0.211893764434
0.339186691312 0.211893764434
0.338873499538 0.211893764434
0.338560885609 0.211893764434
0.339170506912 0.21247113164
0.339779005525 0.213048498845
0.339466421343 0.213048498845
0.339154411765 0.213048498845
0.339761248852 0.213625866051
0.339449541284 0.213625866051
0.340054995417 0.214203233256
0.339743589744 0.214203233256
0.339432753888 0.214203233256
0.340036563071 0.214780600462
0.339726027397 0.214780600462
0.339416058394 0.214780600462
0.340018231541 0.215357967667
0.340619307832 0.215935334873
0.340309372157 0.215935334873
0.340909090909 0.216512702079
0.340599455041 0.216512702079
0.341197822142 0.217090069284
0.340888485947 0.217090069284
0.340579710145 0.217090069284
0.340271493213 0.217090069284
0.340867992767 0.21766743649
0.340560072267 0.21766743649
0.341155234657 0.218244803695
0.341749323715 0.218822170901
0.341441441441 0.218822170901
0.341134113411 0.218822170901
0.340827338129 0.218822170901
0.340521114106 0.218822170901
0.340215439856 0.218822170901
0.340807174888 0.219399538106
0.340501792115 0.219399538106
0.340196956132 0.219399538106
0.339892665474 0.219399538106
0.339588918677 0.219399538106
0.339285714286 0.219399538106
0.338983050847 0.219399538106
0.338680926916 0.219399538106
0.338379341051 0.219399538106
0.338078291815 0.219399538106
0.337777777778 0.219399538106
0.337477797513 0.219399538106
0.337178349601 0.219399538106
0.336879432624 0.219399538106
0.336581045173 0.219399538106
0.336283185841 0.219399538106
0.336870026525 0.219976905312
0.336572438163 0.219976905312
0.33627537511 0.219976905312
0.335978835979 0.219976905312
0.335682819383 0.219976905312
0.335387323944 0.219976905312
0.335092348285 0.219976905312
0.334797891037 0.219976905312
0.334503950834 0.219976905312
0.334210526316 0.219976905312
0.333917616126 0.219976905312
0.333625218914 0.219976905312
0.333333333333 0.219976905312
0.333041958042 0.219976905312
0.332751091703 0.219976905312
0.332460732984 0.219976905312
0.333042720139 0.220554272517
0.33362369338 0.221131639723
0.334203655352 0.221709006928
0.333913043478 0.221709006928
0.334491746308 0.222286374134
0.334201388889 0.222286374134
0.334778837814 0.222863741339
0.334488734835 0.222863741339
0.334199134199 0.222863741339
0.333910034602 0.222863741339
0.333621434745 0.222863741339
0.334196891192 0.223441108545
0.333908541846 0.223441108545
0.333620689655 0.223441108545
0.333333333333 0.223441108545
0.333046471601 0.223441108545
0.332760103181 0.223441108545
0.332474226804 0.223441108545
0.332188841202 0.223441108545
0.331903945111 0.223441108545
0.331619537275 0.223441108545
0.332191780822 0.224018475751
0.331907613345 0.224018475751
0.331623931624 0.224018475751
0.331340734415 0.224018475751
0.331058020478 0.224018475751
0.330775788576 0.224018475751
0.331345826235 0.224595842956
0.331914893617 0.225173210162
0.331632653061 0.225173210162
0.331350892099 0.225173210162
0.331069609508 0.225173210162
0.330788804071 0.225173210162
0.330508474576 0.225173210162
0.331075359865 0.225750577367
0.331641285956 0.226327944573
0.331360946746 0.226327944573
0.331081081081 0.226327944573
0.33164556962 0.226905311778
0.332209106239 0.227482678984
0.331929233361 0.227482678984
0.332491582492 0.228060046189
0.333052985702 0.228637413395
0.332773109244 0.228637413395
0.332493702771 0.228637413395
0.333053691275 0.2292147806
0.332774518022 0.2292147806
0.332495812395 0.2292147806
0.332217573222 0.2292147806
0.331939799331 0.2292147806
0.332497911445 0.229792147806
0.332220367279 0.229792147806
0.331943286072 0.229792147806
0.331666666667 0.229792147806
0.33139050791 0.229792147806
0.331114808652 0.229792147806
0.330839567747 0.229792147806
0.330564784053 0.229792147806
0.330290456432 0.229792147806
0.330016583748 0.229792147806
0.329743164872 0.229792147806
0.329470198675 0.229792147806
0.330024813896 0.230369515012
0.330578512397 0.230946882217
0.330305532618 0.230946882217
0.3300330033 0.230946882217
0.329760923331 0.230946882217
0.329489291598 0.230946882217
0.329218106996 0.230946882217
0.328947368421 0.230946882217
0.328677074774 0.230946882217
0.329228243021 0.231524249423
0.328958162428 0.231524249423
0.32868852459 0.231524249423
0.328419328419 0.231524249423
0.328150572831 0.231524249423
0.327882256746 0.231524249423
0.327614379085 0.231524249423
0.327346938776 0.231524249423
0.327079934747 0.231524249423
0.326813365933 0.231524249423
0.327361563518 0.232101616628
0.327095199349 0.232101616628
0.326829268293 0.232101616628
0.326563769293 0.232101616628
0.326298701299 0.232101616628
0.32603406326 0.232101616628
0.325769854133 0.232101616628
0.325506072874 0.232101616628
0.325242718447 0.232101616628
0.325788197251 0.232678983834
0.325525040388 0.232678983834
0.325262308313 0.232678983834
0.325 0.232678983834
0.324738114424 0.232678983834
0.325281803543 0.233256351039
0.32582461786 0.233833718245
0.325562700965 0.233833718245
0.325301204819 0.233833718245
0.325040128411 0.233833718245
0.325581395349 0.23441108545
0.325320512821 0.23441108545
0.325060048038 0.23441108545
0.3256 0.234988452656
0.325339728217 0.234988452656
0.325079872204 0.234988452656
0.324820430966 0.234988452656
0.325358851675 0.235565819861
0.325099601594 0.235565819861
0.324840764331 0.235565819861
0.324582338902 0.235565819861
0.324324324324 0.235565819861
0.324066719619 0.235565819861
0.32380952381 0.235565819861
0.323552735924 0.235565819861
0.323296354992 0.235565819861
0.323040380048 0.235565819861
0.323575949367 0.236143187067
0.323320158103 0.236143187067
0.323064770932 0.236143187067
0.322809786898 0.236143187067
0.322555205047 0.236143187067
0.322301024429 0.236143187067
0.322047244094 0.236143187067
0.3217938631 0.236143187067
0.321540880503 0.236143187067
0.32207384132 0.236720554273
0.321821036107 0.236720554273
0.321568627451 0.236720554273
0.32131661442 0.236720554273
0.321064996085 0.236720554273
0.320813771518 0.236720554273
0.320562939797 0.236720554273
0.3203125 0.236720554273
0.32006245121 0.236720554273
0.319812792512 0.236720554273
0.319563522993 0.236720554273
0.319314641745 0.236720554273
0.319844357977 0.237297921478
0.319595645412 0.237297921478
0.320124320124 0.237875288684
0.319875776398 0.237875288684
0.319627618309 0.237875288684
0.319379844961 0.237875288684
0.319132455461 0.237875288684
0.318885448916 0.237875288684
0.318638824439 0.237875288684
0.318392581144 0.237875288684
0.318146718147 0.237875288684
0.317901234568 0.237875288684
0.318427139553 0.238452655889
0.318181818182 0.238452655889
0.317936874519 0.238452655889
0.317692307692 0.238452655889
0.317448116833 0.238452655889
0.317204301075 0.238452655889
0.317728319263 0.239030023095
0.317484662577 0.239030023095
0.31724137931 0.239030023095
0.316998468606 0.239030023095
0.31675592961 0.239030023095
0.316513761468 0.239030023095
0.316271963331 0.239030023095
0.31679389313 0.2396073903
0.316552250191 0.2396073903
0.31631097561 0.2396073903
0.316831683168 0.240184757506
0.316590563166 0.240184757506
0.316349809886 0.240184757506
0.316109422492 0.240184757506
0.315869400152 0.240184757506
0.315629742033 0.240184757506
0.315390447309 0.240184757506
0.315151515152 0.240184757506
0.31566994701 0.240762124711
0.315431164902 0.240762124711
0.315192743764 0.240762124711
0.314954682779 0.240762124711
0.314716981132 0.240762124711
0.314479638009 0.240762124711
0.314996232102 0.241339491917
0.314759036145 0.241339491917
0.314522197141 0.241339491917
0.314285714286 0.241339491917
0.314800901578 0.241916859122
0.314564564565 0.241916859122
0.314328582146 0.241916859122
0.314092953523 0.241916859122
0.313857677903 0.241916859122
0.313622754491 0.241916859122
0.314136125654 0.242494226328
0.313901345291 0.242494226328
0.313666915609 0.242494226328
0.314179104478 0.243071593533
0.313944817301 0.243071593533
0.314456035768 0.243648960739
0.314966492926 0.244226327945
0.314732142857 0.244226327945
0.314498141264 0.244226327945
0.31426448737 0.244226327945
0.314031180401 0.244226327945
0.313798219585 0.244226327945
0.313565604151 0.244226327945
0.313333333333 0.244226327945
0.313101406366 0.244226327945
0.312869822485 0.244226327945
0.312638580931 0.244226327945
0.313146233383 0.24480369515
0.312915129151 0.24480369515
0.312684365782 0.24480369515
0.31245394252 0.24480369515
0.312960235641 0.245381062356
0.312729948492 0.245381062356
0.3125 0.245381062356
0.31227038942 0.245381062356
0.312041116006 0.245381062356
0.311812179017 0.245381062356
0.311583577713 0.245381062356
0.311355311355 0.245381062356
0.311127379209 0.245381062356
0.311631309437 0.245958429561
0.311403508772 0.245958429561
0.311176040906 0.245958429561
0.310948905109 0.245958429561
0.310722100656 0.245958429561
0.310495626822 0.245958429561
0.310269482884 0.245958429561
0.310043668122 0.245958429561
0.309818181818 0.245958429561
0.309593023256 0.245958429561
0.310094408134 0.246535796767
0.309869375907 0.246535796767
0.309644670051 0.246535796767
0.310144927536 0.247113163972
0.309920347574 0.247113163972
0.309696092619 0.247113163972
0.309472161967 0.247113163972
0.309248554913 0.247113163972
0.309025270758 0.247113163972
0.308802308802 0.247113163972
0.309300648882 0.247690531178
0.309077809798 0.247690531178
0.308855291577 0.247690531178
0.308633093525 0.247690531178
0.308411214953 0.247690531178
0.308189655172 0.247690531178
0.307968413496 0.247690531178
0.308464849354 0.248267898383
0.308960573477 0.248845265589
0.308739255014 0.248845265589
0.3085182534 0.248845265589
0.308297567954 0.248845265589
0.308077197999 0.248845265589
0.307857142857 0.248845265589
0.30835117773 0.249422632794
0.308844507846 0.25
0.308624376336 0.25
0.308404558405 0.25
0.308185053381 0.25
0.307965860597 0.25
0.307746979389 0.25
0.307528409091 0.25
0.307310149042 0.25
0.307092198582 0.25
0.306874557052 0.25
0.306657223796 0.25
0.307147912243 0.250577367206
0.306930693069 0.250577367206
0.3074204947 0.251154734411
0.307203389831 0.251154734411
0.30698659139 0.251154734411
0.306770098731 0.251154734411
0.306553911205 0.251154734411
0.307042253521 0.251732101617
0.306826178747 0.251732101617
0.306610407876 0.251732101617
0.306394940267 0.251732101617
0.306179775281 0.251732101617
0.305964912281 0.251732101617
0.306451612903 0.252309468822
0.306236860547 0.252309468822
0.306022408964 0.252309468822
0.305808257523 0.252309468822
0.305594405594 0.252309468822
0.305380852551 0.252309468822
0.305167597765 0.252309468822
0.304954640614 0.252309468822
0.304741980474 0.252309468822
0.304529616725 0.252309468822
0.304317548747 0.252309468822
0.304105775922 0.252309468822
0.304589707928 0.252886836028
0.304378040306 0.252886836028
0.304166666667 0.252886836028
0.304649548924 0.253464203233
0.304438280166 0.253464203233
0.304227304227 0.253464203233
0.304016620499 0.253464203233
0.304498269896 0.254041570439
0.304979253112 0.254618937644
0.304768486524 0.254618937644
0.305248618785 0.25519630485
0.305037957212 0.25519630485
0.305517241379 0.255773672055
0.305306685045 0.255773672055
0.305096418733 0.255773672055
0.304886441844 0.255773672055
0.304676753783 0.255773672055
0.304467353952 0.255773672055
0.304258241758 0.255773672055
0.304049416609 0.255773672055
0.303840877915 0.255773672055
0.303632625086 0.255773672055
0.303424657534 0.255773672055
0.303216974675 0.255773672055
0.303009575923 0.255773672055
0.302802460697 0.255773672055
0.303278688525 0.256351039261
0.303071672355 0.256351039261
0.302864938608 0.256351039261
0.302658486708 0.256351039261
0.302452316076 0.256351039261
0.30224642614 0.256351039261
0.302721088435 0.256928406467
0.30319510537 0.257505773672
0.302989130435 0.257505773672
0.302783435166 0.257505773672
0.302578018996 0.257505773672
0.302372881356 0.257505773672
0.30216802168 0.257505773672
0.301963439404 0.257505773672
0.301759133965 0.257505773672
0.301555104801 0.257505773672
0.301351351351 0.257505773672
0.301147873059 0.257505773672
0.300944669366 0.257505773672
0.300741739717 0.257505773672
0.300539083558 0.257505773672
0.300336700337 0.257505773672
0.300134589502 0.257505773672
0.299932750504 0.257505773672
0.299731182796 0.257505773672
0.299529885829 0.257505773672
0.29932885906 0.257505773672
0.299128101945 0.257505773672
0.298927613941 0.257505773672
0.298727394508 0.257505773672
0.298527443106 0.257505773672
0.298327759197 0.257505773672
0.298796791444 0.258083140878
0.298597194389 0.258083140878
0.298397863818 0.258083140878
0.298198799199 0.258083140878
0.298 0.258083140878
0.29780146569 0.258083140878
0.297603195739 0.258083140878
0.297405189621 0.258083140878
0.297872340426 0.258660508083
0.297674418605 0.258660508083
0.297476759628 0.258660508083
0.297279362973 0.258660508083
0.29774535809 0.259237875289
0.297548045063 0.259237875289
0.297350993377 0.259237875289
0.297154202515 0.259237875289
0.296957671958 0.259237875289
0.29676140119 0.259237875289
0.297225891678 0.259815242494
0.29702970297 0.259815242494
0.296833773087 0.259815242494
0.296638101516 0.259815242494
0.296442687747 0.259815242494
0.296905859118 0.2603926097
0.296710526316 0.2603926097
0.296515450362 0.2603926097
0.296977660972 0.260969976905
0.296782665791 0.260969976905
0.296587926509 0.260969976905
0.296393442623 0.260969976905
0.29619921363 0.260969976905
0.296005239031 0.260969976905
0.296465968586 0.261547344111
0.29627207325 0.261547344111
0.296732026144 0.262124711316
0.29653821032 0.262124711316
0.296997389034 0.262702078522
0.296803652968 0.262702078522
0.296610169492 0.262702078522
0.296416938111 0.262702078522
0.296223958333 0.262702078522
0.296031229668 0.262702078522
0.296488946684 0.263279445727
0.296296296296 0.263279445727
0.296753246753 0.263856812933
0.296560674886 0.263856812933
0.296368352789 0.263856812933
0.296176279974 0.263856812933
0.296632124352 0.264434180139
0.29644012945 0.264434180139
0.296248382924 0.264434180139
0.296056884292 0.264434180139
0.295865633075 0.264434180139
0.295674628793 0.264434180139
0.295483870968 0.264434180139
0.295293359123 0.264434180139
0.295103092784 0.264434180139
0.294913071475 0.264434180139
0.294723294723 0.264434180139
0.294533762058 0.264434180139
0.294344473008 0.264434180139
0.294155427103 0.264434180139
0.293966623877 0.264434180139
0.293778062861 0.264434180139
0.29358974359 0.264434180139
0.293401665599 0.264434180139
0.293213828425 0.264434180139
0.293026231606 0.264434180139
0.29283887468 0.264434180139
0.293290734824 0.265011547344
0.293103448276 0.265011547344
0.292916400766 0.265011547344
0.292729591837 0.265011547344
0.293180369662 0.26558891455
0.293630573248 0.266166281755
0.293443666454 0.266166281755
0.293256997455 0.266166281755
0.293070565798 0.266166281755
0.293519695044 0.266743648961
0.293333333333 0.266743648961
0.293147208122 0.266743648961
0.29296131896 0.266743648961
0.292775665399 0.266743648961
0.293223559215 0.267321016166
0.293037974684 0.267321016166
0.292852624921 0.267321016166
0.293299620733 0.267898383372
0.2937460518 0.268475750577
0.294191919192 0.269053117783
0.294006309148 0.269053117783
0.293820933165 0.269053117783
0.2936357908 0.269053117783
0.294080604534 0.269630484988
0.293895531781 0.269630484988
0.294339622642 0.270207852194
0.294154619736 0.270207852194
0.293969849246 0.270207852194
0.293785310734 0.270207852194
0.293601003764 0.270207852194
0.2934169279 0.270207852194
0.293233082707 0.270207852194
0.293049467752 0.270207852194
0.292866082603 0.270207852194
0.292682926829 0.270207852194
0.2925 0.270207852194
0.292317301686 0.270207852194
0.292134831461 0.270207852194
0.291952588896 0.270207852194
0.291770573566 0.270207852194
0.291588785047 0.270207852194
0.291407222914 0.270207852194
0.291225886745 0.270207852194
0.291044776119 0.270207852194
0.291485394655 0.2707852194
0.291304347826 0.2707852194
0.291744258225 0.271362586605
0.291563275434 0.271362586605
0.291382517049 0.271362586605
0.291201982652 0.271362586605
0.291021671827 0.271362586605
0.290841584158 0.271362586605
0.290661719233 0.271362586605
0.290482076638 0.271362586605
0.29030265596 0.271362586605
0.29012345679 0.271362586605
0.289944478717 0.271362586605
0.289765721332 0.271362586605
0.290203327172 0.271939953811
0.290024630542 0.271939953811
0.290461538462 0.272517321016
0.290282902829 0.272517321016
0.290104486785 0.272517321016
0.289926289926 0.272517321016
0.289748311848 0.272517321016
0.289570552147 0.272517321016
0.289393010423 0.272517321016
0.289215686275 0.272517321016
0.289038579302 0.272517321016
0.289473684211 0.273094688222
0.289296636086 0.273094688222
0.289119804401 0.273094688222
0.28894318876 0.273094688222
0.288766788767 0.273094688222
0.288590604027 0.273094688222
0.289024390244 0.273672055427
0.288848263254 0.273672055427
0.288672350792 0.273672055427
0.288496652465 0.273672055427
0.288321167883 0.273672055427
0.288753799392 0.274249422633
0.28857837181 0.274249422633
0.288403157256 0.274249422633
0.28822815534 0.274249422633
0.288053365676 0.274249422633
0.287878787879 0.274249422633
0.287704421563 0.274249422633
0.287530266344 0.274249422633
0.287356321839 0.274249422633
0.287182587666 0.274249422633
0.287009063444 0.274249422633
0.286835748792 0.274249422633
0.286662643331 0.274249422633
0.286489746683 0.274249422633
0.286317058469 0.274249422633
0.286144578313 0.274249422633
0.2865743528 0.274826789838
0.286401925391 0.274826789838
0.286229705352 0.274826789838
0.286057692308 0.274826789838
0.285885885886 0.274826789838
0.285714285714 0.274826789838
0.286142771446 0.275404157044
0.285971223022 0.275404157044
0.285799880168 0.275404157044
0.285628742515 0.275404157044
0.285457809695 0.275404157044
0.28528708134 0.275404157044
0.285116557083 0.275404157044
0.284946236559 0.275404157044
0.284776119403 0.275404157044
0.285202863962 0.275981524249
0.285032796661 0.275981524249
0.284862932062 0.275981524249
0.284693269803 0.275981524249
0.284523809524 0.275981524249
0.284354550863 0.275981524249
0.28418549346 0.275981524249
0.284016636958 0.275981524249
0.283847980998 0.275981524249
0.283679525223 0.275981524249
0.283511269276 0.275981524249
0.283343212804 0.275981524249
0.28317535545 0.275981524249
0.283007696862 0.275981524249
0.282840236686 0.275981524249
0.283264340627 0.276558891455
0.283096926714 0.276558891455
0.282929710573 0.276558891455
0.282762691854 0.276558891455
0.282595870206 0.276558891455
0.283018867925 0.277136258661
0.283441367118 0.277713625866
0.283274440518 0.277713625866
0.283107710418 0.277713625866
0.282941176471 0.277713625866
0.283362727807 0.278290993072
0.283196239718 0.278290993072
0.283029947152 0.278290993072
0.282863849765 0.278290993072
0.282697947214 0.278290993072
0.282532239156 0.278290993072
0.28295254833 0.278868360277
0.28337236534 0.279445727483
0.283791691047 0.280023094688
0.283625730994 0.280023094688
0.283459964933 0.280023094688
0.283294392523 0.280023094688
0.283129013427 0.280023094688
0.282963827305 0.280023094688
0.282798833819 0.280023094688
0.282634032634 0.280023094688
0.283051834595 0.280600461894
0.282887077998 0.280600461894
0.282722513089 0.280600461894
0.282558139535 0.280600461894
0.282393957002 0.280600461894
0.282229965157 0.280600461894
0.282066163668 0.280600461894
0.281902552204 0.280600461894
0.28231884058 0.281177829099
0.282734646582 0.281755196305
0.282570932252 0.281755196305
0.282986111111 0.28233256351
0.282822440717 0.28233256351
0.282658959538 0.28233256351
0.282495667244 0.28233256351
0.28233256351 0.28233256351
0.282169648009 0.28233256351
0.282006920415 0.28233256351
0.281844380403 0.28233256351
0.28168202765 0.28233256351
0.281519861831 0.28233256351
0.281357882624 0.28233256351
0.281771132835 0.282909930716
0.281609195402 0.282909930716
0.281447443998 0.282909930716
0.281285878301 0.282909930716
0.281124497992 0.282909930716
0.281536697248 0.283487297921
0.281375358166 0.283487297921
0.281214203895 0.283487297921
0.281625643961 0.284064665127
0.281464530892 0.284064665127
0.281303602058 0.284064665127
0.281142857143 0.284064665127
0.280982295831 0.284064665127
0.281392694064 0.284642032333
0.281232173417 0.284642032333
0.281071835804 0.284642032333
0.280911680912 0.284642032333
0.280751708428 0.284642032333
0.280591918042 0.284642032333
0.280432309443 0.284642032333
0.280272882319 0.284642032333
0.280113636364 0.284642032333
0.280522430437 0.285219399538
0.28036322361 0.285219399538
0.280771412365 0.285796766744
0.280612244898 0.285796766744
0.281019830028 0.286374133949
0.280860702152 0.286374133949
0.281267685342 0.286951501155
0.281108597285 0.286951501155
0.28094968909 0.286951501155
0.280790960452 0.286951501155
0.280632411067 0.286951501155
0.280474040632 0.286951501155
0.280315848844 0.286951501155
0.2801578354 0.286951501155
0.280563380282 0.28752886836
0.280405405405 0.28752886836
0.280247608329 0.28752886836
0.280089988751 0.28752886836
0.279932546374 0.28752886836
0.279775280899 0.28752886836
0.279618192027 0.28752886836
0.280022446689 0.288106235566
0.279865395401 0.288106235566
0.279708520179 0.288106235566
0.280112044818 0.288683602771
0.279955207167 0.288683602771
0.279798545048 0.288683602771
0.280201342282 0.289260969977
0.280044717719 0.289260969977
0.279888268156 0.289260969977
0.2797319933 0.289260969977
0.280133928571 0.289838337182
0.279977691021 0.289838337182
0.279821627648 0.289838337182
0.279665738162 0.289838337182
0.280066815145 0.290415704388
0.279910962716 0.290415704388
0.279755283648 0.290415704388
0.280155642023 0.290993071594
0.28 0.290993071594
0.280399777901 0.291570438799
0.280244173141 0.291570438799
0.280088740987 0.291570438799
0.279933481153 0.291570438799
0.279778393352 0.291570438799
0.279623477298 0.291570438799
0.280022136137 0.292147806005
0.279867256637 0.292147806005
0.279712548369 0.292147806005
0.280110497238 0.29272517321
0.279955825511 0.29272517321
0.279801324503 0.29272517321
0.279646993933 0.29272517321
0.279492833517 0.29272517321
0.279338842975 0.29272517321
0.279185022026 0.29272517321
0.279031370391 0.29272517321
0.278877887789 0.29272517321
0.278724573942 0.29272517321
0.278571428571 0.29272517321
0.27896760022 0.293302540416
0.278814489572 0.293302540416
0.278661546901 0.293302540416
0.27850877193 0.293302540416
0.278356164384 0.293302540416
0.278203723987 0.293302540416
0.278051450465 0.293302540416
0.277899343545 0.293302540416
0.278294149809 0.293879907621
0.27868852459 0.294457274827
0.278536318951 0.294457274827
0.278384279476 0.294457274827
0.278232405892 0.294457274827
0.278080697928 0.294457274827
0.278474114441 0.295034642032
0.278322440087 0.295034642032
0.278170930866 0.295034642032
0.278019586507 0.295034642032
0.277868406743 0.295034642032
0.277717391304 0.295034642032
0.277566539924 0.295034642032
0.277415852334 0.295034642032
0.277265328269 0.295034642032
0.277114967462 0.295034642032
0.276964769648 0.295034642032
0.276814734561 0.295034642032
0.277206280455 0.295612009238
0.277597402597 0.296189376443
0.277447268794 0.296189376443
0.277837837838 0.296766743649
0.277687736359 0.296766743649
0.277537796976 0.296766743649
0.277388019428 0.296766743649
0.277238403452 0.296766743649
0.277088948787 0.296766743649
0.276939655172 0.296766743649
0.276790522348 0.296766743649
0.276641550054 0.296766743649
0.277030661646 0.297344110855
0.27688172043 0.297344110855
0.27673293928 0.297344110855
0.277121374866 0.29792147806
0.276972624799 0.29792147806
0.276824034335 0.29792147806
0.276675603217 0.29792147806
0.27652733119 0.29792147806
0.276379217997 0.29792147806
0.276231263383 0.29792147806
0.276083467095 0.29792147806
0.276470588235 0.298498845266
0.27632282202 0.298498845266
0.276175213675 0.298498845266
0.276027762947 0.298498845266
0.275880469584 0.298498845266
0.275733333333 0.298498845266
0.275586353945 0.298498845266
0.275439531167 0.298498845266
0.27529286475 0.298498845266
0.275146354444 0.298498845266
0.275 0.298498845266
0.27538543328 0.299076212471
0.275239107333 0.299076212471
0.275092936803 0.299076212471
0.274946921444 0.299076212471
0.274801061008 0.299076212471
0.274655355249 0.299076212471
0.275039745628 0.299653579677
0.274894067797 0.299653579677
0.274748544203 0.299653579677
0.275132275132 0.300230946882
0.274986779482 0.300230946882
0.274841437632 0.300230946882
0.27469624934 0.300230946882
0.274551214361 0.300230946882
0.274406332454 0.300230946882
0.274261603376 0.300230946882
0.274117026885 0.300230946882
0.27397260274 0.300230946882
0.2738283307 0.300230946882
0.273684210526 0.300230946882
0.273540241978 0.300230946882
0.273396424816 0.300230946882
0.273252758802 0.300230946882
0.273634453782 0.300808314088
0.273490813648 0.300808314088
0.273347324239 0.300808314088
0.273203985317 0.300808314088
0.27358490566 0.301385681293
0.273441592457 0.301385681293
0.273298429319 0.301385681293
0.273155416013 0.301385681293
0.273012552301 0.301385681293
0.272869837951 0.301385681293
0.272727272727 0.301385681293
0.273107049608 0.301963048499
0.272964509395 0.301963048499
0.272822117893 0.301963048499
0.27267987487 0.301963048499
0.272537780094 0.301963048499
0.272395833333 0.301963048499
0.272774596564 0.302540415704
0.273152965661 0.30311778291
0.273010920437 0.30311778291
0.272869022869 0.30311778291
0.273246753247 0.303695150115
0.273104880582 0.303695150115
0.272963155163 0.303695150115
0.272821576763 0.303695150115
0.272680145153 0.303695150115
0.272538860104 0.303695150115
0.272397721388 0.303695150115
0.272256728778 0.303695150115
0.272633212623 0.304272517321
0.272492244054 0.304272517321
0.272351421189 0.304272517321
0.272210743802 0.304272517321
0.272070211668 0.304272517321
0.271929824561 0.304272517321
0.271789582259 0.304272517321
0.271649484536 0.304272517321
0.27150953117 0.304272517321
0.271369721936 0.304272517321
0.271230056613 0.304272517321
0.271090534979 0.304272517321
0.270951156812 0.304272517321
0.270811921891 0.304272517321
0.270672829995 0.304272517321
0.271047227926 0.304849884527
0.27090815803 0.304849884527
0.270769230769 0.304849884527
0.270630445925 0.304849884527
0.270491803279 0.304849884527
0.270353302611 0.304849884527
0.270726714432 0.305427251732
0.270588235294 0.305427251732
0.270449897751 0.305427251732
0.270311701584 0.305427251732
0.270173646578 0.305427251732
0.270035732517 0.305427251732
0.269897959184 0.305427251732
0.269760326364 0.305427251732
0.269622833843 0.305427251732
0.269994905756 0.306004618938
0.269857433809 0.306004618938
0.270229007634 0.306581986143
0.27009155646 0.306581986143
0.269954245043 0.306581986143
0.269817073171 0.306581986143
0.26968004063 0.306581986143
0.269543147208 0.306581986143
0.269406392694 0.306581986143
0.269269776876 0.306581986143
0.269133299544 0.306581986143
0.268996960486 0.306581986143
0.268860759494 0.306581986143
0.268724696356 0.306581986143
