14082 4 0.991068065166
52262 4 0.988601386547
58500 1 0.988298892975
22177 4 0.987413167953
5231 1 0.982337594032
60763 4 0.979728639126
11801 4 0.96969628334
634 1 0.969500184059
79503 4 0.96681112051
1913 4 0.964281976223
65577 4 0.960842788219
91210 1 0.959984123707
76866 4 0.959896326065
48117 4 0.959506869316
82160 4 0.958995163441
55623 4 0.957115709782
65433 4 0.956979453564
62181 4 0.955731272697
50546 4 0.955576658249
22257 1 0.955467164516
29398 4 0.952829301357
91277 4 0.951492726803
8745 1 0.949555814266
10306 4 0.949391067028
51715 1 0.947664618492
78189 4 0.946467220783
1321 4 0.946091711521
88783 1 0.945638597012
46690 4 0.945497274399
25872 1 0.943276405334
85006 4 0.943055510521
8518 4 0.938152015209
57243 1 0.936141252518
27028 1 0.935847222805
90352 4 0.935807228088
18460 1 0.935462117195
64637 3 0.935287117958
25828 4 0.934668123722
89191 4 0.93234372139
55507 4 0.931858122349
20045 4 0.931068003178
8715 4 0.929504811764
48372 4 0.928368806839
47717 4 0.92761015892
66772 4 0.925147950649
10307 4 0.924650549889
34665 4 0.923240959644
23356 1 0.921700894833
12657 1 0.921131551266
371 1 0.91808873415
32622 4 0.916469156742
20917 1 0.916070222855
62682 1 0.915426850319
9460 1 0.915287673473
85153 1 0.915055334568
62098 4 0.913269221783
62182 4 0.91279321909
28736 1 0.912776827812
1919 4 0.912423968315
72207 4 0.912167191505
57882 3 0.911264777184
88137 1 0.905975043774
69665 1 0.90474241972
87308 1 0.903492569923
91609 1 0.90345287323
77568 4 0.902603268623
5784 7 0.902417063713
32110 4 0.900405526161
72198 1 0.897299945354
52821 7 0.892731428146
51192 4 0.892727732658
45773 4 0.891273736954
87927 1 0.890869140625
12810 1 0.88813740015
20804 1 0.886687934399
67140 1 0.885067224503
48181 4 0.884690403938
89000 1 0.884391844273
2067 1 0.88400387764
22721 1 0.88390570879
83491 3 0.883822083473
42711 1 0.882437348366
10397 4 0.88215225935
29149 7 0.882110118866
54976 1 0.882086396217
19227 1 0.881287395954
28049 4 0.880053341389
42812 4 0.879300713539
31906 4 0.878760099411
10153 1 0.874041557312
37173 4 0.873564004898
19589 1 0.873205661774
23150 1 0.872204184532
35032 4 0.87165915966
89585 3 0.87017428875
6552 4 0.870164692402
20283 4 0.866750061512
12234 4 0.865427672863
35197 1 0.865254640579
53230 1 0.865165889263
16647 4 0.864656507969
17501 1 0.863030552864
76245 1 0.862459480762
5661 1 0.862410485744
50241 1 0.862179279327
1852 1 0.862046122551
32660 1 0.860460758209
48689 1 0.860446035862
26137 4 0.860320031643
65431 4 0.859250128269
7243 1 0.858453214169
21635 4 0.858439207077
89796 1 0.85738658905
76717 1 0.857093393803
36405 4 0.857093036175
37843 1 0.856279432774
26790 1 0.855522692204
12190 4 0.85486638546
1610 4 0.854319453239
34156 1 0.853639245033
19175 4 0.853497803211
52820 1 0.853372991085
39710 1 0.853016376495
51074 4 0.852609753609
80608 1 0.851952493191
37761 1 0.851939320564
49018 1 0.850791335106
53638 1 0.849966347218
4429 4 0.84948438406
26497 1 0.847425580025
81131 4 0.847097396851
46512 1 0.846413433552
21548 1 0.845322191715
44997 1 0.845182180405
82299 1 0.844959974289
1244 4 0.843962073326
43894 1 0.843040585518
46201 1 0.842685043812
26715 1 0.842236816883
70388 4 0.839946091175
3160 1 0.83925819397
51581 4 0.8391700387
46209 4 0.839017093182
5585 1 0.837813258171
83997 4 0.837280273438
71726 1 0.834934353828
82879 1 0.834515333176
74243 4 0.834502875805
83262 3 0.834047019482
62216 4 0.832429528236
65390 7 0.832385420799
68555 4 0.832135498524
10956 1 0.831745624542
4526 4 0.831100463867
11595 1 0.830665290356
25204 4 0.830557525158
71725 1 0.830009758472
25891 1 0.82974499464
57650 7 0.829566776752
67504 3 0.828264832497
6971 2 0.824646353722
55877 1 0.824412286282
51065 4 0.824150204659
20369 4 0.823654949665
33326 4 0.82210278511
71006 1 0.819072723389
58418 1 0.818697750568
22247 1 0.818382680416
88844 4 0.81765550375
2364 1 0.814819693565
38092 1 0.813672840595
34116 4 0.8135227561
84960 4 0.813501417637
38374 1 0.810876071453
45000 1 0.81037825346
12868 3 0.810032367706
5248 1 0.807622432709
23001 4 0.807521998882
48702 4 0.807327389717
62683 1 0.806380450726
76475 1 0.805015861988
88379 1 0.804254829884
41789 1 0.803498327732
8692 1 0.803482711315
6709 2 0.802561581135
4095 1 0.801150083542
52402 4 0.799335122108
62556 7 0.798650503159
6572 4 0.798640072346
40127 4 0.797781586647
91062 2 0.797216296196
83806 4 0.79607206583
22526 1 0.794743835926
62894 1 0.79448223114
74246 4 0.793963730335
62518 3 0.793311476707
12298 4 0.792225658894
11123 3 0.791178166866
11152 2 0.790937662125
3852 1 0.788915574551
12980 4 0.788882315159
19082 4 0.78879404068
16004 2 0.78805077076
55134 1 0.787839055061
36052 1 0.786519765854
90475 1 0.786145627499
19330 1 0.785932183266
60907 1 0.785416960716
90633 1 0.784845590591
4331 1 0.784050047398
8770 3 0.783385574818
9676 1 0.782686591148
81104 1 0.781735360622
78322 1 0.781735241413
10345 4 0.780410051346
74254 4 0.780334830284
900 1 0.777392685413
38955 1 0.777056694031
40502 1 0.776505708694
15471 4 0.775891244411
38094 1 0.774479568005
31959 1 0.774046838284
48791 4 0.773500561714
42978 4 0.773269593716
65391 7 0.77284514904
9327 4 0.77268075943
5384 1 0.772478282452
85804 1 0.771849930286
3137 1 0.770954310894
76958 4 0.770789384842
59721 1 0.77033406496
79453 1 0.769799053669
17091 2 0.768879055977
4681 1 0.768275439739
35795 1 0.766093671322
90607 1 0.763923823833
74303 1 0.76241850853
87910 4 0.761890590191
40227 3 0.760798096657
86981 1 0.760780453682
3527 1 0.759405016899
42227 4 0.759249925613
62379 4 0.757915735245
24100 4 0.757001280785
34091 3 0.754826128483
16049 1 0.754239857197
81742 4 0.750317037106
89266 1 0.750132918358
34256 1 0.750040233135
88594 1 0.748974919319
2356 1 0.748757064342
89443 1 0.748678922653
60106 1 0.748019993305
10038 1 0.74772143364
73889 7 0.746662795544
4265 1 0.745572865009
86133 1 0.744876921177
70281 1 0.743681907654
59029 1 0.743632435799
2973 1 0.743338048458
63589 4 0.742912471294
88735 4 0.742165446281
3226 1 0.741589307785
12463 1 0.741278350353
13538 1 0.741102337837
7393 1 0.740182936192
16945 2 0.739611387253
53924 1 0.739480912685
21930 1 0.738933861256
11462 1 0.7386059165
60218 1 0.737479805946
21634 4 0.737324655056
66775 1 0.736400604248
5914 1 0.736235916615
88914 4 0.73544895649
5697 1 0.734878957272
66030 1 0.734745502472
46513 1 0.734500169754
29687 4 0.734408259392
46007 1 0.734353899956
66901 1 0.733385205269
7539 1 0.733212769032
25695 1 0.733170092106
76606 1 0.73307800293
34334 1 0.733057618141
58385 1 0.732779443264
68024 4 0.732533872128
83595 4 0.732407212257
5398 4 0.73191511631
76572 1 0.730796098709
89121 4 0.730393826962
6973 2 0.729864060879
44676 1 0.729012310505
87013 3 0.728398323059
17284 4 0.728320360184
12686 3 0.728182435036
5356 1 0.728077352047
34729 2 0.727528810501
50965 1 0.727172374725
49556 4 0.726798772812
81757 7 0.726502537727
60483 1 0.725701928139
30298 1 0.725267231464
54265 1 0.724649846554
66591 1 0.724398434162
66443 7 0.723987698555
60937 4 0.723244547844
21937 1 0.723001539707
44713 4 0.722882509232
1958 1 0.722838461399
57651 1 0.721146225929
4391 2 0.721019625664
41670 1 0.720846533775
49044 4 0.720437407494
7628 4 0.719156861305
69911 4 0.71911740303
25820 4 0.718148767948
54679 1 0.717339336872
88737 4 0.716904222965
642 1 0.714613437653
26310 3 0.714520871639
59772 1 0.71290063858
71279 1 0.71115309
47043 4 0.710906744003
50997 2 0.710502624512
32044 1 0.710163533688
38247 1 0.709605634212
48387 1 0.709544539452
18509 1 0.708948373795
42522 1 0.708170413971
84797 1 0.706981480122
47616 1 0.706584513187
16093 1 0.706270456314
59442 2 0.705899596214
66010 1 0.705575108528
61312 4 0.705004155636
1304 1 0.704780220985
86336 1 0.704613626003
66956 1 0.703802406788
58158 4 0.702467620373
8779 3 0.701852321625
73473 3 0.700433790684
38957 1 0.700394928455
61751 4 0.69940161705
3138 1 0.698641598225
57739 1 0.698570609093
68907 4 0.69853925705
9371 4 0.697924554348
50967 1 0.697087407112
5558 1 0.696756601334
84887 3 0.695886552334
47569 4 0.695789933205
50334 1 0.692923247814
67029 1 0.692155361176
42763 4 0.689634144306
34094 1 0.68938434124
78741 1 0.6887332201
71468 1 0.688528180122
16051 1 0.688418924809
53240 4 0.688161492348
27250 4 0.687827169895
74340 4 0.68735742569
34792 1 0.686366021633
44020 1 0.685608029366
43375 1 0.685022950172
44223 3 0.684993326664
15832 4 0.684813201427
70760 1 0.684496581554
1420 4 0.684130489826
17333 1 0.683340787888
48719 4 0.683207154274
83955 4 0.682740628719
17634 4 0.682387948036
56913 2 0.681959152222
68642 1 0.680614769459
15305 1 0.680451631546
2155 1 0.679790914059
72592 1 0.679494798183
59276 1 0.678937017918
19747 1 0.678884923458
66082 3 0.678604483604
50687 4 0.678433179855
42415 1 0.678393900394
78650 1 0.675419569016
3856 4 0.675145924091
27539 1 0.674815714359
87498 1 0.674322962761
23617 4 0.673614323139
8175 1 0.673247098923
1914 4 0.673057675362
59019 4 0.673035681248
69938 1 0.672528326511
78566 3 0.671776950359
54278 2 0.671156585217
62554 1 0.670859694481
25168 4 0.670701801777
89669 1 0.670142233372
28616 1 0.669681668282
8762 2 0.669317245483
20501 1 0.668863594532
3236 1 0.66749972105
1947 1 0.6672347188
52508 4 0.667041957378
41696 1 0.666693150997
90061 1 0.666587591171
4880 1 0.666437625885
66592 1 0.664599359035
80969 1 0.663970172405
48908 1 0.662280917168
49076 1 0.661992847919
23149 7 0.661774635315
28455 1 0.661307752132
45492 1 0.660383760929
40405 1 0.659040689468
13027 1 0.658819198608
64040 1 0.658779263496
33603 1 0.658520102501
10427 2 0.65759241581
39181 1 0.656774938107
12582 1 0.656185984612
44993 2 0.655590713024
69181 1 0.655307471752
16634 1 0.654626727104
1419 4 0.654201686382
83301 1 0.653563320637
30336 4 0.653401494026
62552 1 0.652663230896
78567 3 0.652629137039
70856 3 0.65185970068
2102 1 0.651203155518
81473 4 0.650702416897
50190 1 0.650335133076
18858 4 0.649732112885
8665 1 0.649621725082
30880 1 0.649520456791
4294 4 0.648517310619
60801 3 0.648348987103
73947 1 0.648254215717
51699 1 0.647719919682
6578 4 0.646547615528
18427 1 0.645295917988
18170 1 0.645261824131
24163 1 0.644335329533
2257 1 0.643528997898
71975 4 0.643430829048
50966 3 0.643235862255
33695 4 0.643199324608
89337 4 0.643076956272
14156 1 0.642359137535
5700 1 0.642331182957
61241 4 0.640391349792
22239 1 0.639590859413
67478 1 0.639520287514
74775 1 0.639475107193
18652 1 0.639049708843
63133 1 0.638934910297
62213 1 0.637726128101
52337 3 0.637146115303
84936 1 0.636061787605
79467 1 0.635979354382
56310 4 0.635611236095
61213 2 0.635007679462
67141 1 0.63238209486
11509 4 0.6317512393
43610 1 0.631646573544
5563 1 0.631336688995
3821 4 0.63061517477
34090 1 0.630111932755
39831 1 0.629167616367
87338 1 0.629038870335
5913 1 0.628647685051
7976 1 0.627774894238
23196 1 0.626986980438
62529 4 0.626343429089
4113 1 0.626016378403
2350 2 0.625426650047
63153 1 0.625061035156
66711 1 0.624779462814
49853 2 0.624712467194
60088 1 0.624312877655
20732 1 0.622960805893
50 4 0.621773958206
6586 2 0.62169867754
3754 4 0.621650159359
13884 2 0.621624588966
74567 1 0.620541393757
78651 1 0.620213031769
59697 1 0.620160996914
3706 1 0.619571864605
5475 1 0.619045674801
40390 4 0.618951022625
81508 1 0.617873311043
34787 1 0.617644846439
20440 1 0.616839826107
36183 3 0.616825282574
40422 2 0.616082549095
53921 1 0.61606156826
73200 1 0.615054547787
13882 2 0.614712357521
66150 1 0.613549470901
52357 1 0.612734019756
46865 1 0.612669467926
40721 1 0.612407684326
68911 4 0.611463487148
34367 3 0.611394941807
1173 1 0.611218571663
18976 1 0.611075639725
87366 1 0.610612392426
342 4 0.610368072987
3534 4 0.610062360764
25672 1 0.6100435853
45625 1 0.610009372234
29440 4 0.609991014004
83903 4 0.609907746315
78216 1 0.609797477722
62168 4 0.608458578587
41233 1 0.608448803425
39938 1 0.608419239521
57463 1 0.608056843281
7240 1 0.608019709587
12662 2 0.607942402363
35410 1 0.607749581337
15614 1 0.607616066933
20746 1 0.607609272003
76784 1 0.606724858284
84368 4 0.606702148914
30926 1 0.606459200382
36616 1 0.605866312981
21924 1 0.605493783951
37914 1 0.605474889278
80144 1 0.605441808701
40197 1 0.605314075947
55668 1 0.605228900909
5932 1 0.60361379385
54255 1 0.60358184576
85896 1 0.60283946991
15793 1 0.602628469467
82904 1 0.60224545002
7852 1 0.602235198021
62517 3 0.601993262768
61917 1 0.601538777351
49199 3 0.601066529751
65748 3 0.600818574429
24146 1 0.598903417587
42531 1 0.598729968071
22836 3 0.59870749712
65238 1 0.597973525524
10162 1 0.597792983055
36922 1 0.596768260002
39712 3 0.596663296223
67849 4 0.596470296383
55778 2 0.596342563629
23869 4 0.595847308636
30873 4 0.595274567604
83543 1 0.594341516495
32256 3 0.593787491322
33904 1 0.593244731426
45979 1 0.592718660831
7699 1 0.592090725899
15833 4 0.591538369656
42426 1 0.59102499485
2163 4 0.590839028358
63900 1 0.590513110161
90380 3 0.590510368347
2313 2 0.590508699417
31568 1 0.589791715145
68425 1 0.589725673199
7394 1 0.58941668272
22693 1 0.589245021343
68658 1 0.588635087013
4173 4 0.587719678879
77983 4 0.586185932159
73338 1 0.585863530636
35703 1 0.58520513773
60135 1 0.584960997105
73337 1 0.584716260433
10238 2 0.583935141563
85799 1 0.582589507103
89074 4 0.581718742847
27488 4 0.581683218479
17473 1 0.58093214035
4447 10 0.580913960934
41718 1 0.580661296844
74777 3 0.580657303333
1178 1 0.58038187027
80122 4 0.579702675343
51668 1 0.57953774929
23003 1 0.578802525997
67918 3 0.578337132931
64488 2 0.578159630299
41260 2 0.57759052515
23399 1 0.577057123184
68156 4 0.577038228512
68720 1 0.576632082462
56566 4 0.576623916626
8981 3 0.576193749905
30371 1 0.575937747955
10511 4 0.575284779072
16301 1 0.575008511543
16046 3 0.573511183262
9361 2 0.573424637318
45169 2 0.573418617249
76910 4 0.572937726974
48813 3 0.57279253006
64554 1 0.57278418541
63937 1 0.572735309601
25829 4 0.572535157204
74057 4 0.572218358517
21349 1 0.571910560131
81447 1 0.571476221085
17468 3 0.571452021599
52507 4 0.570784270763
43256 1 0.5701841712
45933 4 0.570146679878
3690 1 0.569792032242
64521 3 0.569450497627
70562 1 0.569378912449
33207 6 0.569324731827
35668 1 0.568642854691
13313 4 0.568498551846
60136 1 0.5684851408
44286 1 0.568272292614
11698 4 0.568230688572
20747 1 0.567766427994
88736 4 0.567760169506
80988 2 0.567454099655
26386 1 0.567413508892
42594 1 0.56670665741
77331 1 0.566401124001
16011 1 0.56628715992
76854 3 0.565640091896
84822 1 0.565322756767
29148 7 0.565129101276
83988 3 0.563540458679
5059 1 0.562461078167
3157 1 0.56187671423
64146 1 0.561490297318
22198 2 0.56084805727
32139 1 0.560769617558
43202 1 0.560580968857
30471 1 0.56011235714
65754 4 0.559889614582
8445 1 0.559474229813
20713 1 0.558544039726
83872 4 0.558262467384
31915 1 0.557842552662
25688 4 0.557698190212
325 1 0.557506322861
32807 1 0.557348549366
34458 7 0.556976020336
5783 1 0.556644618511
23278 1 0.55660367012
49274 1 0.556053102016
59471 1 0.555087208748
83582 4 0.554743111134
46212 7 0.554597616196
82915 4 0.554492354393
54305 1 0.554456293583
59516 4 0.554140508175
19645 1 0.553857028484
68230 4 0.55339294672
72879 1 0.553064286709
80828 1 0.552297353745
18571 1 0.552029848099
18109 7 0.549591004848
55049 1 0.548976778984
37178 4 0.548917412758
7750 1 0.548775017262
39432 4 0.548321783543
56049 1 0.547910988331
62555 7 0.547800064087
84800 1 0.547477424145
84911 1 0.547194421291
6652 4 0.546508610249
3306 3 0.546121180058
62824 1 0.54551076889
50469 1 0.54546880722
728 2 0.54352414608
72839 3 0.543372809887
40156 1 0.54324555397
81175 1 0.541960120201
82521 1 0.541819870472
46949 4 0.541321754456
53548 1 0.541191101074
68714 1 0.540588438511
21852 1 0.540407538414
39583 1 0.539840877056
90173 1 0.539819777012
48720 4 0.539416909218
62370 1 0.539056658745
20435 2 0.53801971674
46600 1 0.537793040276
17387 1 0.536979556084
49616 1 0.536575555801
81082 1 0.536521673203
55578 1 0.536129593849
41064 3 0.535296976566
1174 1 0.535296082497
76575 1 0.534195125103
43464 4 0.53356307745
48585 1 0.533545851707
73474 3 0.53343629837
43580 1 0.5333994627
64152 1 0.53317040205
5910 1 0.531593441963
73365 4 0.531506061554
14166 3 0.53107136488
10244 2 0.529946208
16910 4 0.529877603054
3865 1 0.529245436192
18983 1 0.528789401054
67627 1 0.528729557991
57819 3 0.528612613678
11269 2 0.528602302074
1702 4 0.528270542622
16050 1 0.52812731266
38380 1 0.527951478958
38952 1 0.52769947052
64789 1 0.526372849941
30855 4 0.526250004768
71477 1 0.525625646114
654 6 0.525228977203
23355 1 0.525222957134
34373 2 0.525222718716
12474 4 0.525153875351
69299 7 0.524532258511
34553 1 0.523957252502
85305 7 0.523602306843
49687 7 0.523505270481
82559 1 0.52314054966
89666 1 0.522791206837
90399 4 0.522233963013
91626 10 0.521821737289
32859 1 0.521692752838
67880 2 0.521207749844
33963 4 0.521006584167
11143 1 0.52015453577
51507 4 0.519209563732
17774 1 0.518977344036
60726 1 0.51895159483
61513 1 0.518701910973
54560 1 0.518378555775
53332 1 0.517895936966
90510 1 0.517547726631
49084 1 0.517119050026
57081 4 0.516836583614
70943 1 0.51669216156
69802 4 0.516287565231
8162 1 0.516091227531
38370 1 0.51557290554
79167 2 0.515407025814
53177 1 0.514996826649
6801 1 0.514733433723
85306 1 0.514417231083
45718 1 0.514282941818
70680 3 0.513964951038
88646 3 0.513953626156
36888 1 0.513766169548
23374 4 0.513150393963
4525 4 0.511882305145
1252 1 0.511597573757
22171 1 0.51156026125
77205 1 0.511156499386
76714 1 0.511018037796
54712 4 0.510100066662
5521 1 0.509995996952
1285 1 0.509875297546
25018 4 0.508988618851
52211 1 0.508759796619
3822 4 0.508737325668
48389 1 0.508544266224
31152 4 0.508542835712
69940 1 0.507680356503
27691 1 0.507243335247
43157 1 0.506991684437
91113 4 0.506792128086
3737 4 0.506341516972
78215 1 0.506066858768
32904 1 0.506022930145
71394 1 0.505569279194
48587 7 0.50548517704
37567 2 0.505358815193
78878 2 0.505172133446
24380 4 0.505092680454
55464 1 0.504512906075
37167 2 0.504451036453
45972 1 0.503880858421
81925 1 0.503844916821
67112 4 0.503688097
8680 1 0.503202855587
28799 1 0.503081262112
38938 1 0.502960264683
71957 4 0.502482175827
46252 1 0.502123773098
6634 1 0.502044320107
86949 1 0.501385807991
77523 6 0.500635623932
65114 3 0.50010830164
28634 1 0.499973654747
73113 1 0.499613285065
67475 4 0.499373078346
45117 4 0.499300271273
87873 3 0.498695790768
64562 1 0.498646825552
32042 1 0.498342007399
45982 1 0.497762024403
26687 1 0.497262984514
9227 2 0.495382368565
9458 3 0.495200067759
16461 4 0.494621634483
11596 1 0.493491947651
55457 1 0.493490606546
13247 1 0.492987543344
1743 2 0.492889046669
19247 1 0.491825550795
8325 1 0.491406470537
15399 3 0.490863978863
33097 4 0.490535378456
57726 3 0.490251719952
64208 3 0.489388883114
2754 6 0.489324182272
31427 4 0.488995939493
30630 3 0.488794326782
69817 1 0.488493055105
56223 6 0.487276136875
3231 1 0.48699760437
65060 4 0.486938476562
55695 2 0.48684155941
18237 1 0.48653998971
19791 4 0.485681980848
8786 3 0.485052853823
73431 4 0.484563261271
14744 4 0.484305113554
69300 7 0.48336365819
47991 2 0.483120948076
51621 3 0.483037441969
19655 1 0.479725301266
9425 4 0.479501694441
3117 6 0.478323787451
78482 3 0.477324396372
12450 1 0.476988226175
11051 2 0.47683596611
20745 2 0.47682377696
52789 3 0.47681081295
83653 3 0.476321518421
2305 2 0.476090222597
20203 1 0.4755192101
73434 2 0.474996984005
66491 4 0.474551677704
7336 3 0.474239706993
5476 1 0.470853388309
2700 3 0.470762759447
66441 1 0.470705837011
90632 1 0.468987345695
348 4 0.468506723642
10305 4 0.468082010746
27668 6 0.467659890652
34803 3 0.467289477587
5759 1 0.465932816267
89525 2 0.46496796608
52617 3 0.464053213596
34381 4 0.464046567678
41956 2 0.461628854275
79477 1 0.45968875289
78487 3 0.458520174026
66444 7 0.458486765623
5911 1 0.45835596323
44174 3 0.457730233669
78785 1 0.457492649555
33268 2 0.45640322566
51404 6 0.453518778086
68313 2 0.452950686216
13026 1 0.452428936958
22774 6 0.44986063242
7975 1 0.448101311922
22551 2 0.446665197611
30444 3 0.442375391722
76765 4 0.438810884953
33576 4 0.436367720366
43116 1 0.435667723417
26143 2 0.435164064169
42425 1 0.434964954853
65013 3 0.434231668711
40140 2 0.432334542274
52852 4 0.431572884321
43080 10 0.431514501572
9510 6 0.431025952101
55970 1 0.429647862911
66771 10 0.429542988539
26412 4 0.426472038031
71643 4 0.4250010252
4355 2 0.42413982749
19774 2 0.418236970901
55463 1 0.414998680353
39180 1 0.41345384717
87269 3 0.41260138154
33781 7 0.412391483784
65353 2 0.410666853189
1779 2 0.408210605383
39582 3 0.407594621181
82079 6 0.402641236782
73938 2 0.401874899864
28001 2 0.395527333021
79107 4 0.394483327866
45754 2 0.394364774227
33782 1 0.393220812082
55750 3 0.391858696938
60813 6 0.391041696072
83982 3 0.390758305788
74793 2 0.390308499336
70185 2 0.387027204037
87447 2 0.385900020599
34791 1 0.383878171444
50079 6 0.381493777037
50094 3 0.381481558084
23507 3 0.378726154566
12051 4 0.378328502178
4356 2 0.377874165773
12705 2 0.376588284969
55467 2 0.368134140968
33308 1 0.366745740175
39383 4 0.360884547234
33309 1 0.360832691193
17280 3 0.356446444988
4416 6 0.35203781724
58326 6 0.351124644279
39905 3 0.349872708321
72758 4 0.339546501637
21086 4 0.324044257402
67934 2 0.312609404325
67870 2 0.311949342489
27117 3 0.303854614496
83505 2 0.275922238827
59770 2 0.266540199518
37927 4 0.25963100791
57449 2 0.241410404444
58874 3 0.232012763619
10181 6 0.218995571136
27125 2 0.176616057754
