58500 1 0.994416832924
634 1 0.98905223608
5231 1 0.987756609917
25872 1 0.982287228107
14082 4 0.976984739304
27028 1 0.976269900799
87308 1 0.974415421486
22257 1 0.971900939941
22177 4 0.965328156948
85153 1 0.963334918022
52262 4 0.960232317448
8745 1 0.959928870201
12657 1 0.959213972092
80608 1 0.958483576775
2067 1 0.956947743893
89000 1 0.956159472466
51715 1 0.954261541367
23356 1 0.951162040234
82299 1 0.946154415607
87927 1 0.946053266525
57243 1 0.945540904999
5248 1 0.944346487522
60763 4 0.944178104401
37843 1 0.943740606308
91210 1 0.943329870701
37761 1 0.9431630373
22721 1 0.942875862122
26497 1 0.942712008953
40502 1 0.9389103055
53638 1 0.938874840736
72198 1 0.938847064972
88783 1 0.938819348812
19589 1 0.936031520367
88137 1 0.934163212776
17501 1 0.933275341988
69665 1 0.933156371117
89266 1 0.930554032326
28736 1 0.930525481701
39710 1 0.930233061314
62894 1 0.929560959339
3160 1 0.928684353828
67140 1 0.928429782391
21548 1 0.927684545517
5585 1 0.926465749741
11595 1 0.925714373589
2364 1 0.925085544586
21937 1 0.925007879734
42711 1 0.924024045467
16049 1 0.92246478796
10038 1 0.921314895153
5914 1 0.920324921608
48689 1 0.920183777809
10153 1 0.918771386147
4331 1 0.918705880642
65433 4 0.91726154089
78322 1 0.917216420174
5384 1 0.916630864143
3137 1 0.914688289165
5356 1 0.912621319294
35197 1 0.91229557991
60907 1 0.911780655384
900 1 0.911498963833
55134 1 0.908360183239
10956 1 0.908327281475
20804 1 0.908046483994
1852 1 0.908030986786
79503 4 0.907697319984
11801 4 0.906517386436
7393 1 0.905708134174
20917 1 0.904750049114
52820 1 0.9029738307
38957 1 0.902847468853
79453 1 0.902794659138
30298 1 0.902342319489
71726 1 0.90098041296
31959 1 0.899991631508
71725 1 0.899451613426
36052 1 0.898905038834
5558 1 0.898003101349
65577 4 0.896803438663
49018 1 0.894519865513
46512 1 0.893905699253
9676 1 0.893885135651
1304 1 0.893413126469
76866 4 0.892238736153
38092 1 0.891412973404
50241 1 0.886763989925
3138 1 0.885967135429
78216 1 0.879784524441
1958 1 0.879697203636
62682 1 0.878610014915
4095 1 0.877361893654
76784 1 0.877139508724
3852 1 0.876912415028
65238 1 0.876691162586
371 1 0.876349925995
20501 1 0.875383913517
12810 1 0.875138700008
18460 1 0.874116182327
58418 1 0.873525977135
36616 1 0.869313180447
84797 1 0.868285417557
55623 4 0.867334246635
91609 1 0.866323530674
70760 1 0.865508317947
4265 1 0.865104973316
16051 1 0.864506840706
24163 1 0.863933265209
70281 1 0.863172113895
2356 1 0.862087666988
67141 1 0.85840934515
8692 1 0.858046710491
50190 1 0.856765985489
91277 4 0.856720745564
55877 1 0.856621980667
48387 1 0.856464505196
76717 1 0.855854034424
55507 4 0.855661869049
43375 1 0.85405510664
50546 4 0.854012548923
68642 1 0.853915512562
15305 1 0.85220849514
86336 1 0.851956665516
12463 1 0.85182672739
1913 4 0.851486444473
86133 1 0.851021647453
7394 1 0.850248336792
41670 1 0.849487781525
64789 1 0.848668634892
63133 1 0.845268011093
88594 1 0.844696998596
54265 1 0.844428300858
5661 1 0.844375252724
7699 1 0.844170629978
76245 1 0.842616856098
66711 1 0.841962516308
1321 4 0.841683387756
78189 4 0.841338276863
82904 1 0.841237187386
18509 1 0.840687632561
32660 1 0.837631344795
29398 4 0.83712375164
19227 1 0.836725831032
85006 4 0.836637854576
43894 1 0.83654075861
7243 1 0.83640730381
59276 1 0.835512816906
38094 1 0.835257470608
60106 1 0.835160791874
8680 1 0.834208905697
82160 4 0.833480596542
89796 1 0.833453595638
72207 4 0.832913696766
46690 4 0.832705378532
79467 1 0.831233501434
63937 1 0.829135477543
71279 1 0.828790068626
22247 1 0.828428804874
26790 1 0.827574968338
9460 1 0.826702296734
44997 1 0.825852930546
34792 1 0.825362920761
34665 4 0.822355210781
40197 1 0.820523321629
76714 1 0.819312274456
6971 2 0.819092810154
43256 1 0.818716347218
30926 1 0.818420052528
55578 1 0.818161308765
62181 4 0.816987931728
54976 1 0.816345095634
91062 2 0.81541210413
48372 4 0.81314098835
76475 1 0.812833786011
64637 3 0.811389327049
10306 4 0.810461103916
80144 1 0.810093104839
60483 1 0.810087025166
3706 1 0.809613406658
17333 1 0.80929017067
16660 1 0.80911308527
8518 4 0.807885706425
66775 1 0.804087996483
90352 4 0.802932560444
32622 4 0.802652180195
48117 4 0.802339971066
34094 1 0.801363408566
59029 1 0.800480246544
81104 1 0.800148546696
25891 1 0.800123512745
62683 1 0.7998457551
8715 4 0.79819303751
76572 1 0.798022866249
59772 1 0.797780513763
6357 1 0.797155022621
66282 1 0.797028720379
46007 1 0.796979546547
85896 1 0.796018660069
4681 1 0.79557287693
3236 1 0.794478595257
16004 2 0.793963193893
18652 1 0.793280541897
11596 1 0.790100514889
41789 1 0.788967907429
46201 1 0.788925468922
71281 1 0.788706183434
25672 1 0.788362503052
10432 1 0.788310050964
90475 1 0.788167059422
19730 1 0.787977397442
18170 1 0.787970662117
57463 1 0.787915050983
325 1 0.787409067154
71006 1 0.786967098713
7385 1 0.786571741104
66772 4 0.786530137062
51192 4 0.786493122578
18976 1 0.78446739912
17091 2 0.784258663654
65431 4 0.783965647221
3527 1 0.781519293785
55668 1 0.781458258629
8175 1 0.779707849026
5475 1 0.779262006283
62098 4 0.778579413891
22526 1 0.77857786417
59697 1 0.777830839157
44020 1 0.777474403381
38374 1 0.777423143387
27691 1 0.776498913765
25828 4 0.775574207306
64554 1 0.774800121784
7976 1 0.774175286293
26715 1 0.773449242115
21930 1 0.773375511169
33603 1 0.77300298214
16301 1 0.772736489773
20045 4 0.772409796715
32110 4 0.771938920021
63153 1 0.769546747208
6709 2 0.769005000591
88379 1 0.768326580524
5563 1 0.767677009106
13027 1 0.767412006855
11152 2 0.766448676586
54560 1 0.765948712826
16945 2 0.765824019909
60726 1 0.764972686768
8445 1 0.764666795731
50334 1 0.763477504253
89443 1 0.761083126068
48181 4 0.76105672121
13247 1 0.760800480843
3226 1 0.760302722454
7539 1 0.759412229061
24146 1 0.758569896221
23903 1 0.758202195168
66591 1 0.75724029541
32042 1 0.756596624851
17148 1 0.755545318127
49616 1 0.754845380783
420 1 0.754106223583
53230 1 0.753895759583
23399 1 0.75350600481
5784 7 0.752603173256
21349 1 0.752485513687
20459 1 0.752058446407
2102 1 0.749797821045
66010 1 0.749335765839
54255 1 0.748962044716
23003 1 0.747645735741
57651 1 0.746991574764
50997 2 0.746952354908
45492 1 0.746715247631
2973 1 0.746261000633
54679 1 0.746249139309
73337 1 0.745532333851
4679 1 0.745280146599
20440 1 0.74521702528
34156 1 0.743782818317
42522 1 0.743089735508
60088 1 0.743050813675
60479 1 0.742805540562
60136 1 0.742694854736
59721 1 0.741860747337
37173 4 0.741721332073
72879 1 0.740878283978
21852 1 0.739871144295
82521 1 0.739821791649
73338 1 0.738542377949
4064 1 0.737339913845
60135 1 0.736494898796
60218 1 0.73619812727
5932 1 0.73566609621
36505 1 0.735287487507
47717 4 0.734293162823
58146 1 0.733936846256
16647 4 0.73335814476
34729 2 0.732820153236
41696 1 0.73248487711
57306 1 0.731989502907
6973 2 0.73187071085
18427 1 0.731862545013
54305 1 0.731586456299
76606 1 0.73119610548
5913 1 0.731089651585
58385 1 0.730371594429
9295 1 0.728209078312
74243 4 0.727709054947
66592 1 0.726381719112
47616 1 0.725875854492
10307 4 0.724648058414
82559 1 0.724061250687
4391 2 0.72338193655
62213 1 0.723033130169
30880 1 0.722804009914
38955 1 0.722362756729
15793 1 0.722217857838
86981 1 0.721734941006
13538 1 0.718764781952
78650 1 0.718627274036
78785 1 0.718564689159
12234 4 0.717464268208
72592 1 0.716741025448
56135 1 0.714115679264
19330 1 0.713706076145
78651 1 0.713694810867
17387 1 0.713414847851
7409 1 0.713229656219
45773 4 0.711960613728
70353 1 0.711690962315
1174 1 0.711427330971
66956 1 0.710872590542
34256 1 0.709922134876
28634 1 0.708104252815
89191 4 0.707733750343
67478 1 0.706723868847
45000 1 0.706431567669
10397 4 0.705255508423
8762 2 0.70504963398
42812 4 0.703396081924
28049 4 0.702788054943
65082 1 0.702596068382
68425 1 0.701498150826
19247 1 0.700612187386
4113 1 0.700259208679
5933 1 0.699492275715
89669 1 0.699208915234
1610 4 0.69898724556
5697 1 0.698517620564
35032 4 0.698206841946
55415 1 0.697175741196
6552 4 0.696245193481
46745 1 0.695834100246
51699 1 0.694479703903
49274 1 0.694470465183
33326 4 0.693954110146
52821 7 0.693186998367
23701 1 0.693146169186
81508 1 0.693076848984
70943 1 0.691747784615
23355 1 0.691596269608
19729 1 0.69137185812
4880 1 0.689815878868
78215 1 0.689606666565
841 1 0.688238978386
4526 4 0.687951862812
90607 1 0.687803566456
61917 1 0.687740087509
50967 1 0.687032222748
82879 1 0.685342133045
12353 1 0.684014737606
87338 1 0.68395870924
20283 4 0.683834254742
565 1 0.683737516403
70937 1 0.683707535267
20746 1 0.683221817017
45875 1 0.682874262333
34334 1 0.681934297085
5700 1 0.681684017181
7240 1 0.681444823742
42076 1 0.681398570538
30470 1 0.68117338419
59442 2 0.681081950665
55778 2 0.679543733597
25695 1 0.678843259811
10427 2 0.678643941879
62554 1 0.677780151367
83506 1 0.677706003189
26137 4 0.67737364769
20732 1 0.674647510052
31906 4 0.67403191328
44993 2 0.67348921299
628 1 0.672426462173
12662 2 0.672125458717
53921 1 0.671817243099
64488 2 0.671503782272
2313 2 0.669550895691
53548 1 0.669090330601
39938 1 0.668420255184
59841 1 0.668007850647
46865 1 0.66786056757
74303 1 0.667791068554
66548 1 0.667533934116
69181 1 0.666918635368
13343 1 0.666550755501
28455 1 0.664985954762
68717 1 0.66474956274
82520 1 0.664033889771
6837 1 0.663282454014
17886 1 0.662817358971
90383 1 0.66238874197
19645 1 0.66238796711
37596 1 0.662335991859
76958 4 0.662236869335
51581 4 0.66132748127
8162 1 0.660612642765
51754 1 0.660242438316
68555 4 0.660116314888
19747 1 0.660067737103
81521 1 0.659981608391
39181 1 0.659702599049
83543 1 0.658959686756
77331 1 0.658823430538
84841 1 0.657189905643
81447 1 0.656402289867
51074 4 0.656343221664
89585 3 0.655764639378
1919 4 0.655612945557
66901 1 0.655519247055
85804 1 0.654783964157
62182 4 0.65475922823
81131 4 0.653824806213
20369 4 0.653243124485
34484 1 0.652428925037
35795 1 0.651850044727
32904 1 0.65087300539
6953 1 0.650485992432
73200 1 0.650139689445
39583 1 0.649774610996
712 1 0.64939135313
77568 4 0.649387955666
24100 4 0.649231672287
49161 1 0.64883184433
32044 1 0.647547066212
2796 1 0.647545695305
3690 1 0.647538244724
5910 1 0.647009313107
2257 1 0.646075308323
90633 1 0.644503474236
19175 4 0.644484341145
21635 4 0.644268631935
33107 1 0.644138097763
2155 1 0.643229067326
57882 3 0.642875492573
52350 1 0.641982674599
51124 1 0.641813278198
29149 7 0.640102863312
20213 1 0.639501273632
63145 1 0.639173448086
59727 1 0.639171481133
49090 1 0.63903015852
50090 1 0.638727426529
1313 1 0.637035965919
16093 1 0.636592209339
66567 1 0.635051488876
57739 1 0.63485878706
40433 1 0.634482324123
62370 1 0.633633613586
69138 1 0.633521735668
27539 1 0.63335865736
51065 4 0.632986724377
46513 1 0.632767558098
78741 1 0.631686508656
40422 2 0.631620168686
12980 4 0.631082415581
1851 1 0.630494296551
2350 2 0.630338788033
3231 1 0.630325675011
1244 4 0.628831744194
20203 1 0.628409564495
12190 4 0.627591431141
31204 1 0.626736044884
35410 1 0.62630546093
44267 1 0.626162111759
48702 4 0.626078665257
49853 2 0.625275552273
17784 1 0.624614834785
73947 1 0.624564409256
41260 2 0.624182879925
40818 1 0.623503983021
7975 1 0.623116374016
5916 1 0.622745394707
22693 1 0.622452437878
11123 3 0.619489312172
28616 1 0.61916911602
84800 1 0.618658661842
14156 1 0.618591964245
84936 1 0.618509292603
11166 1 0.618096292019
31584 1 0.616976261139
23196 1 0.616878390312
64040 1 0.616627395153
45121 1 0.616527795792
38952 1 0.616347193718
90632 1 0.61632579565
21549 1 0.615716934204
23150 1 0.615432739258
53332 1 0.614803254604
8770 3 0.614709734917
69938 1 0.614630639553
80988 2 0.614022672176
9304 1 0.613222181797
65777 1 0.612077116966
37914 1 0.611518263817
55463 1 0.611422002316
1667 1 0.611143410206
2773 1 0.610749542713
83806 4 0.61067199707
10165 1 0.610552430153
69962 1 0.610472857952
34373 2 0.609186887741
88844 4 0.608715355396
73113 1 0.608287155628
13246 1 0.607922911644
21546 1 0.607331812382
55884 1 0.607098340988
70388 4 0.607017695904
46052 1 0.606350898743
57552 1 0.60582524538
61213 2 0.60547375679
63900 1 0.604242086411
53924 1 0.604167103767
42415 1 0.602986514568
87498 1 0.602985024452
39959 1 0.602908670902
71477 1 0.602586746216
65390 7 0.60225969553
82585 1 0.600784480572
84822 1 0.599483013153
89664 1 0.598910987377
64005 1 0.598036885262
41013 1 0.59793317318
56913 2 0.597101926804
48908 1 0.597024857998
27428 1 0.596692204475
58485 1 0.596198379993
10345 4 0.595181047916
66030 1 0.594603538513
40155 1 0.593729674816
51218 1 0.593521654606
40127 4 0.592634260654
2697 1 0.592607736588
53930 1 0.59244197607
46252 1 0.591098666191
16634 1 0.591060817242
19745 1 0.590798377991
1178 1 0.59059458971
83491 3 0.589443981647
20435 2 0.589258611202
64010 1 0.588380098343
68024 4 0.587272286415
5521 1 0.587022125721
28079 1 0.586056470871
67504 3 0.585312068462
66444 1 0.585299015045
21152 1 0.585225641727
28072 1 0.585211634636
5911 1 0.584784030914
23648 1 0.584272265434
17329 1 0.58410102129
50965 1 0.583574831486
43202 1 0.583334565163
60803 1 0.582346975803
24295 1 0.58233243227
35785 1 0.581739842892
25807 1 0.580552637577
18983 1 0.580260157585
6586 2 0.580218017101
48389 1 0.580127298832
83262 3 0.579746007919
10244 2 0.579485595226
18436 1 0.577528357506
629 1 0.57750838995
62216 4 0.57740432024
33436 1 0.577334940434
924 1 0.577185511589
83105 1 0.57683557272
5783 1 0.576795697212
68714 1 0.576788544655
7806 1 0.575782835484
54774 1 0.575039386749
31568 1 0.575013458729
42425 1 0.574280738831
62552 1 0.573805749416
35718 1 0.573731541634
7852 1 0.573470950127
55970 1 0.572123169899
50469 1 0.571824550629
74246 4 0.571619987488
1996 1 0.571500837803
39061 1 0.571373164654
45625 1 0.57098120451
79329 1 0.570870757103
41233 1 0.570758342743
38742 1 0.570367097855
67029 1 0.570178091526
10467 1 0.569905102253
46209 4 0.569270312786
69952 1 0.568190872669
74254 4 0.567790031433
67184 1 0.567512452602
58548 1 0.567275643349
78630 1 0.566532850266
20747 1 0.566158413887
42531 1 0.565827190876
34090 1 0.565002918243
642 1 0.563956320286
26386 1 0.563695073128
34787 1 0.563416898251
76575 1 0.563330411911
23176 1 0.562834501266
11051 2 0.562803924084
81825 1 0.562792301178
21183 1 0.562587857246
75236 1 0.562583088875
61751 4 0.562420964241
67346 1 0.561444044113
4109 1 0.561111748219
41675 1 0.561083912849
54278 2 0.558992683887
70410 1 0.558285355568
45972 1 0.55782020092
15832 4 0.55760037899
84960 4 0.557514607906
58158 4 0.557455182076
77205 1 0.557448804379
13882 2 0.557417392731
21762 1 0.557156980038
69911 4 0.557149767876
67880 2 0.556976735592
85800 1 0.555556535721
11269 2 0.555551946163
69051 1 0.555459022522
12298 4 0.555169224739
71394 1 0.55490809679
39831 1 0.553993701935
61596 1 0.553473114967
64146 1 0.553079128265
30471 1 0.551969230175
61513 1 0.551794350147
1743 2 0.551232337952
10238 2 0.551177382469
32807 1 0.551105618477
79167 2 0.550969004631
45979 1 0.550846278667
20511 1 0.55036598444
49080 1 0.549587965012
19082 4 0.549226641655
28460 1 0.54880720377
80828 1 0.548642873764
89731 1 0.548154175282
70999 1 0.548111736774
89666 1 0.547734439373
55194 1 0.547474503517
1176 1 0.546059548855
81820 1 0.545895159245
16174 1 0.545769453049
21659 1 0.544425070286
51665 1 0.544116616249
32412 1 0.543829798698
68658 1 0.543475210667
52357 1 0.543311595917
81175 1 0.542640447617
34009 1 0.542618751526
8597 1 0.54240578413
78834 1 0.542347669601
18998 1 0.541547834873
13380 1 0.541249990463
56694 1 0.540810167789
25204 4 0.54034101963
43711 1 0.539802730083
63523 1 0.53918159008
39926 1 0.538944244385
34116 4 0.538404524326
3170 1 0.537796616554
74567 1 0.537661015987
5059 1 0.537660002708
7750 1 0.536907970905
69300 1 0.536503970623
11462 1 0.536203384399
88914 4 0.536176025867
269 1 0.535979151726
16350 1 0.535962760448
48435 1 0.535312712193
44286 1 0.534977972507
70562 1 0.533663570881
15471 4 0.533622980118
50464 1 0.532590329647
57650 7 0.532245218754
38509 1 0.531932771206
86484 1 0.531788349152
2284 1 0.531286001205
38247 1 0.531077921391
72889 1 0.530992567539
50485 1 0.530501186848
23354 1 0.530393302441
72199 1 0.530291855335
40405 1 0.530264019966
41074 1 0.529841065407
4493 1 0.529473543167
25345 2 0.529389202595
1737 1 0.529261291027
87910 4 0.528692245483
1285 1 0.528444588184
61727 1 0.528207421303
89050 1 0.526914596558
49556 4 0.526581168175
44676 1 0.526574075222
66150 1 0.526547133923
55049 1 0.525538742542
3711 1 0.525393664837
1947 1 0.525094807148
52402 4 0.52500128746
62379 4 0.524485826492
25820 4 0.524302005768
16295 1 0.524213671684
88737 4 0.523932754993
1420 4 0.521679699421
22198 2 0.521641492844
16050 1 0.521530151367
35077 1 0.521194815636
12868 3 0.519788742065
4429 4 0.51911842823
83997 4 0.51905888319
4025 1 0.51892888546
33904 1 0.518622994423
11716 1 0.518400251865
48791 4 0.518197417259
47991 2 0.517563998699
7537 1 0.517230629921
29687 4 0.516593635082
9227 2 0.515983879566
43580 1 0.515603840351
19752 1 0.515147686005
9361 2 0.515040099621
64562 1 0.514973938465
32164 1 0.514725625515
85459 1 0.514666497707
59471 1 0.514073848724
13884 2 0.513554275036
55165 1 0.513112485409
40227 3 0.512797355652
67138 1 0.512773633003
1237 1 0.512720942497
46779 1 0.512145400047
45817 1 0.512105941772
25777 1 0.511844277382
74592 1 0.511768102646
37880 1 0.511537134647
48162 1 0.511389553547
2536 1 0.510811269283
5939 1 0.510214686394
3250 1 0.509600222111
51668 1 0.50904083252
69816 1 0.508762836456
16011 1 0.507532000542
79629 1 0.506876766682
36405 4 0.506652832031
7935 1 0.506167411804
43169 1 0.50611615181
43610 1 0.50518476963
88735 4 0.504970788956
87749 1 0.504782557487
48907 1 0.504753947258
90474 1 0.504702866077
91099 1 0.504415512085
45169 2 0.504083931446
31915 1 0.50401031971
22239 1 0.503813922405
43706 1 0.503537714481
68720 1 0.5030580163
28451 1 0.502793133259
81082 1 0.502609014511
23020 1 0.502580523491
728 2 0.502012610435
46563 1 0.501685500145
65147 1 0.501564741135
22583 1 0.501333415508
36922 1 0.501278817654
34553 1 0.501237273216
72591 1 0.500957250595
27835 1 0.500947654247
44361 1 0.500561356544
43349 1 0.499796897173
7268 1 0.499736577272
90061 1 0.499557346106
56310 4 0.499285161495
34791 1 0.498803496361
67343 1 0.498754739761
42978 4 0.498126059771
63589 4 0.497722804546
11208 1 0.495686173439
8665 1 0.49544480443
4048 1 0.495036542416
53177 1 0.494668960571
48802 1 0.492972016335
48020 1 0.49227771163
5398 4 0.491183072329
66443 1 0.490883499384
73889 7 0.490851342678
5476 1 0.489682674408
32139 1 0.489138633013
41956 2 0.488082706928
89525 2 0.486979693174
4788 2 0.486289739609
13026 1 0.48592326045
6859 1 0.483433634043
55695 2 0.479042321444
55464 1 0.477299302816
1510 1 0.476445972919
85306 1 0.475524187088
68313 2 0.474216967821
33268 2 0.472522884607
42763 4 0.464971005917
20745 2 0.464564681053
73434 2 0.4634757936
3821 4 0.463367193937
29148 1 0.457049697638
57652 1 0.456753104925
62556 7 0.454004466534
65527 1 0.453644156456
19774 2 0.446452319622
37167 2 0.445329338312
87447 2 0.444391548634
78878 2 0.44354403019
68911 4 0.43976444006
69299 1 0.437023490667
33308 1 0.43125474453
34458 7 0.430096238852
60801 3 0.429365843534
44223 3 0.426572203636
73473 3 0.42234390974
81757 7 0.420631766319
3754 4 0.409393817186
2754 2 0.403890550137
26143 2 0.399601072073
73938 2 0.380830347538
73474 3 0.379635721445
74793 2 0.367338567972
4356 2 0.359696567059
18109 1 0.359461009502
67870 2 0.342891931534
4355 2 0.338744431734
33207 6 0.306907057762
83505 2 0.304819017649
57449 5 0.294716477394
56223 2 0.289808005095
59770 2 0.273853451014
3117 2 0.268370479345
27125 5 0.263779044151
654 2 0.262850373983
