5231 1 0.996181607246
58500 1 0.992016911507
14082 4 0.986812412739
8745 1 0.986569583416
52262 4 0.9852039814
634 1 0.984952032566
57243 1 0.982041239738
22177 4 0.981803059578
12657 1 0.973725020885
85153 1 0.973171830177
88137 1 0.970603406429
25872 1 0.97051101923
60763 4 0.967884242535
1913 4 0.959984660149
89000 1 0.95845413208
23356 1 0.956663072109
37843 1 0.955132305622
2067 1 0.953832745552
87308 1 0.953084647655
48117 4 0.952723145485
50546 4 0.952204346657
79503 4 0.951376259327
69665 1 0.949667870998
27028 1 0.948665857315
67140 1 0.947979152203
11801 4 0.946570277214
48689 1 0.945035994053
91277 4 0.94241642952
82160 4 0.941823601723
62181 4 0.940765142441
25891 1 0.940340459347
22257 1 0.939819276333
65433 4 0.939220130444
80608 1 0.939116358757
22721 1 0.935783326626
55623 4 0.935018599033
87927 1 0.933880865574
5248 1 0.933298707008
91210 1 0.933090746403
65577 4 0.930781006813
1244 4 0.92870849371
71725 1 0.927005708218
89443 1 0.923347771168
9676 1 0.921884298325
82299 1 0.921849489212
37761 1 0.921738028526
51715 1 0.921706736088
34665 4 0.920137882233
89191 4 0.919314205647
90352 4 0.919291257858
62894 1 0.91844445467
52820 1 0.917768120766
72198 1 0.915749013424
76866 4 0.915337502956
85006 4 0.914938807487
8518 4 0.91414052248
71726 1 0.911643505096
20804 1 0.911477208138
88783 1 0.909114062786
1321 4 0.905903577805
19589 1 0.904106914997
371 1 0.903076767921
62682 1 0.902323782444
29398 4 0.901409029961
55134 1 0.901106536388
58385 1 0.89929318428
32660 1 0.898290753365
10153 1 0.897029221058
70281 1 0.895342886448
22526 1 0.894918322563
76572 1 0.893895328045
26497 1 0.893811881542
2364 1 0.891718566418
47717 4 0.891510248184
28736 1 0.891289293766
72207 4 0.891120195389
66772 4 0.890964984894
5585 1 0.889754593372
48372 4 0.889486074448
91609 1 0.888608217239
1610 4 0.885157287121
8715 4 0.88435959816
1852 1 0.884282529354
10306 4 0.88421690464
39710 1 0.881681680679
21548 1 0.879685759544
3137 1 0.879548072815
53638 1 0.878380358219
40502 1 0.872755587101
65431 4 0.872190892696
7393 1 0.871660768986
64637 3 0.870792150497
46007 1 0.870145201683
38092 1 0.869768559933
60907 1 0.869591474533
62182 4 0.868467926979
4331 1 0.867295086384
16049 1 0.867294728756
5356 1 0.866299271584
21937 1 0.866121649742
51192 4 0.864896059036
45492 1 0.864281594753
10307 4 0.862756848335
35197 1 0.861940383911
30298 1 0.860654711723
66592 1 0.859387516975
20917 1 0.859295248985
16050 1 0.858177065849
21635 4 0.858079195023
34792 1 0.856753408909
18460 1 0.85653924942
38957 1 0.855411708355
19227 1 0.855383098125
16051 1 0.855096101761
46690 4 0.854966044426
10038 1 0.854140281677
55507 4 0.853466451168
82879 1 0.853396713734
62098 4 0.852995634079
31959 1 0.85273617506
76717 1 0.85175126791
6552 4 0.848703920841
900 1 0.848486304283
5384 1 0.848315298557
3852 1 0.847498834133
74243 4 0.846945941448
17501 1 0.845122396946
86133 1 0.845010876656
12234 4 0.843929946423
32622 4 0.842918872833
8692 1 0.841910302639
1304 1 0.841231882572
81131 4 0.840124249458
48387 1 0.839764893055
89266 1 0.839494526386
3138 1 0.839438915253
39926 1 0.838536977768
4095 1 0.837818622589
24163 1 0.837734639645
12463 1 0.837677776814
20369 4 0.836882889271
25828 4 0.834108710289
1958 1 0.833948671818
60088 1 0.833143532276
78322 1 0.831912577152
63133 1 0.831448614597
2356 1 0.830719828606
20045 4 0.830187261105
32110 4 0.83015704155
4265 1 0.82932060957
45773 4 0.828762233257
78189 4 0.827223002911
12190 4 0.824159264565
36052 1 0.823708117008
5697 1 0.823261976242
72592 1 0.823002934456
1919 4 0.822678387165
5914 1 0.822608113289
38094 1 0.82108515501
4681 1 0.820589005947
5558 1 0.818894207478
52821 7 0.818240940571
46512 1 0.817642331123
70760 1 0.817533016205
3160 1 0.816082417965
57882 3 0.814825713634
11595 1 0.813830256462
68425 1 0.812933027744
68642 1 0.812507748604
42711 1 0.812128543854
5784 7 0.811896264553
10956 1 0.811336994171
10397 4 0.810945093632
8175 1 0.809892714024
19082 4 0.808763802052
6971 2 0.808647751808
58418 1 0.808611512184
33326 4 0.806444346905
63153 1 0.806389093399
87910 4 0.805739104748
19175 4 0.805427193642
66956 1 0.803590655327
89585 3 0.802900850773
20746 1 0.802645683289
81742 4 0.801640927792
54976 1 0.801095604897
85896 1 0.80049598217
15832 4 0.8004078269
5556 1 0.800157606602
76575 1 0.799581766129
83997 4 0.79855966568
8445 1 0.797799944878
20283 4 0.79709392786
14156 1 0.795591294765
54265 1 0.795419096947
26137 4 0.795140564442
9460 1 0.793753385544
20501 1 0.793090045452
44997 1 0.793012320995
30926 1 0.792153835297
48181 4 0.791969537735
55877 1 0.791920125484
16647 4 0.791734695435
6672 1 0.791218876839
17333 1 0.791143298149
83806 4 0.789560496807
66710 1 0.789446175098
51074 4 0.78944593668
45625 1 0.788836061954
84797 1 0.788582384586
86981 1 0.787293851376
28049 4 0.78709089756
67141 1 0.787074804306
80144 1 0.786004960537
12810 1 0.785716593266
1174 1 0.785473287106
25204 4 0.785295069218
88379 1 0.784361362457
55578 1 0.78288257122
42812 4 0.781394600868
77568 4 0.780502617359
8770 3 0.780215442181
16004 2 0.779891908169
35032 4 0.778869152069
59029 1 0.778652727604
91062 2 0.778003334999
73337 1 0.777663171291
52508 4 0.777631402016
20747 1 0.777323961258
2102 1 0.77713239193
40127 4 0.775970816612
87307 1 0.774911046028
65238 1 0.772997140884
36616 1 0.772911608219
86336 1 0.772671639919
17091 2 0.770538985729
5475 1 0.769250333309
7539 1 0.767865478992
49616 1 0.767038941383
54560 1 0.766718089581
59276 1 0.76630628109
79453 1 0.763232886791
68555 4 0.760503768921
37173 4 0.760071694851
13247 1 0.759436249733
13027 1 0.759422123432
90475 1 0.759249210358
31906 4 0.759231865406
3821 4 0.757798910141
66711 1 0.75667321682
5563 1 0.756416678429
5913 1 0.756369113922
49018 1 0.75592571497
11152 2 0.755659520626
43375 1 0.755209684372
67478 1 0.754728615284
83491 3 0.754384636879
43894 1 0.753808557987
7394 1 0.752885699272
43256 1 0.752574443817
88844 4 0.752182066441
53177 1 0.752025783062
15793 1 0.751778066158
79467 1 0.751419126987
76245 1 0.750268340111
76784 1 0.748630404472
5932 1 0.748411297798
76475 1 0.747776627541
20203 1 0.747444033623
55668 1 0.747057855129
3236 1 0.746932983398
50190 1 0.746633589268
78216 1 0.745993316174
18170 1 0.744476497173
18976 1 0.743956148624
77331 1 0.742237925529
50241 1 0.740890085697
4064 1 0.736119568348
63937 1 0.735286951065
38374 1 0.734644949436
73889 7 0.734323680401
18509 1 0.734018683434
23001 4 0.73384732008
66775 1 0.733608722687
7243 1 0.733088731766
73338 1 0.732378840446
21634 4 0.731665790081
89796 1 0.731630206108
51581 4 0.731110572815
69911 4 0.730852365494
7240 1 0.730533778667
5700 1 0.730255126953
5661 1 0.730026006699
6709 2 0.729216992855
47616 1 0.728621006012
46209 4 0.72818595171
20440 1 0.727813482285
34094 1 0.72559851408
71006 1 0.725336313248
54679 1 0.724809110165
90633 1 0.724549531937
16055 1 0.724163115025
78215 1 0.724047005177
3706 1 0.723854839802
59697 1 0.723832190037
7975 1 0.723060369492
67504 3 0.722915172577
66591 1 0.722643256187
6973 2 0.721578061581
4880 1 0.721474945545
15833 4 0.721421658993
2257 1 0.720472097397
6953 1 0.720422744751
60135 1 0.719732403755
36405 4 0.719014644623
90607 1 0.718618690968
7935 1 0.717945456505
18427 1 0.717765629292
4429 4 0.715424478054
34116 4 0.715141296387
70937 1 0.714105010033
2163 4 0.713503599167
48389 1 0.713295519352
52507 4 0.712348043919
44020 1 0.712108314037
89444 1 0.711803197861
34156 1 0.711134850979
81104 1 0.709083020687
64789 1 0.708779156208
82904 1 0.708750367165
21546 1 0.708621144295
34729 2 0.707596480846
62370 1 0.707578659058
41696 1 0.707291781902
20459 1 0.706170499325
76714 1 0.705983221531
16945 2 0.705803334713
71279 1 0.705793440342
25695 1 0.705407857895
74254 4 0.705385327339
19747 1 0.704031229019
29149 7 0.70266187191
66010 1 0.70198982954
50967 1 0.701088070869
10432 1 0.7005661726
41670 1 0.698833703995
23003 1 0.698703289032
2973 1 0.698534488678
83262 3 0.698240578175
29687 4 0.696397542953
24146 1 0.695385694504
24100 4 0.694743156433
16301 1 0.693852424622
21349 1 0.693502187729
52402 4 0.693200945854
51124 1 0.690459609032
4391 2 0.690286874771
60136 1 0.689387321472
88594 1 0.689310073853
53548 1 0.689138710499
26790 1 0.688087522984
22247 1 0.687977731228
64005 1 0.687471449375
78650 1 0.687386870384
68024 4 0.68702685833
32044 1 0.685341477394
89337 4 0.683927834034
3226 1 0.683900713921
57463 1 0.683259189129
51754 1 0.681124925613
77205 1 0.679995954037
50997 2 0.679933011532
38955 1 0.678807795048
82559 1 0.677401959896
53230 1 0.677098333836
16910 4 0.676794230938
62216 4 0.675616919994
46201 1 0.675491154194
23399 1 0.674286603928
51065 4 0.674191832542
76958 4 0.67404538393
70388 4 0.67378526926
42522 1 0.673558115959
37914 1 0.672400176525
54255 1 0.671352267265
65390 7 0.670794963837
36505 1 0.670096278191
19745 1 0.669733285904
49274 1 0.669245779514
65391 7 0.668354332447
8680 1 0.666078031063
50334 1 0.665967047215
62683 1 0.664921522141
18652 1 0.663625538349
84960 4 0.663357675076
3822 4 0.663001179695
59442 2 0.660981595516
7699 1 0.660094499588
26715 1 0.660022675991
51699 1 0.659882128239
48702 4 0.659627199173
49556 4 0.658756375313
11123 3 0.658385634422
33603 1 0.65831553936
61917 1 0.657033205032
67849 4 0.656515836716
60726 1 0.656488478184
4447 10 0.656084299088
49161 1 0.654800832272
27250 4 0.654581129551
48585 1 0.653991103172
91626 10 0.652072608471
28634 1 0.651403307915
88735 4 0.651261508465
10427 2 0.650714337826
81757 7 0.649724125862
15471 4 0.649709999561
19330 1 0.649709224701
47569 4 0.648989915848
45121 1 0.647561073303
57650 7 0.647160947323
8762 2 0.644888520241
325 1 0.644537687302
40156 1 0.643615722656
89669 1 0.642609119415
74246 4 0.642385005951
23150 1 0.641225934029
30880 1 0.641054689884
39181 1 0.638423979282
48791 4 0.638209700584
4113 1 0.638149559498
16053 1 0.637773394585
33695 4 0.637604773045
1178 1 0.637422978878
69802 4 0.636625349522
32042 1 0.636126101017
54278 2 0.635483682156
68907 4 0.635266900063
61241 4 0.63491332531
64554 1 0.634726405144
32139 1 0.634640336037
12868 3 0.634241044521
54305 1 0.634016752243
72879 1 0.633009254932
60483 1 0.632817149162
5134 1 0.631944000721
41675 1 0.631942987442
26310 3 0.630505383015
6357 1 0.630355775356
59772 1 0.63030654192
5911 1 0.629119157791
56913 2 0.629096388817
53930 1 0.628697514534
88737 4 0.627872467041
44993 2 0.625878691673
66491 4 0.62565112114
42426 1 0.623775422573
22219 1 0.623480439186
60106 1 0.621871888638
4679 1 0.621278345585
11596 1 0.621247470379
17387 1 0.620302736759
42227 4 0.619322180748
7806 1 0.618361055851
5933 1 0.617471814156
69138 1 0.615668177605
62554 1 0.615432262421
7409 1 0.615420937538
6572 4 0.614875555038
63589 4 0.614653408527
45000 1 0.614104866982
21659 1 0.614074528217
33107 1 0.612568616867
78630 1 0.611714959145
2350 2 0.611209511757
66443 7 0.611023008823
12980 4 0.610190808773
34484 1 0.60994040966
40818 1 0.609094083309
21852 1 0.608594179153
49524 1 0.608540832996
12298 4 0.608463048935
3527 1 0.607683539391
74340 4 0.606687664986
25807 1 0.606573462486
28455 1 0.605192899704
10345 4 0.603530883789
59721 1 0.603484928608
9327 4 0.603451669216
73473 3 0.602981567383
42978 4 0.601112186909
78651 1 0.601044893265
32886 1 0.600958704948
7385 1 0.600435435772
69938 1 0.599980771542
23196 1 0.59744977951
62556 7 0.597383201122
49090 1 0.597094118595
66282 1 0.596749305725
19247 1 0.596278131008
60071 1 0.595788002014
51022 1 0.594962418079
1420 4 0.592434167862
64146 1 0.591161429882
76606 1 0.591113388538
83506 1 0.590672016144
65777 1 0.590466916561
5139 1 0.589896857738
45979 1 0.589157044888
55463 1 0.588997423649
20497 1 0.588551282883
54712 4 0.587760090828
4358 1 0.587431848049
17284 4 0.586922347546
27691 1 0.586567878723
73200 1 0.586423397064
13246 1 0.586132824421
20394 1 0.585754513741
80828 1 0.585034549236
22367 1 0.584833025932
46745 1 0.5843116045
50687 4 0.58325356245
40197 1 0.583159983158
46383 1 0.582498848438
56566 4 0.582369565964
55778 2 0.580615818501
62213 1 0.579663455486
80327 1 0.579568684101
58158 4 0.578711628914
25890 1 0.578544378281
81447 1 0.578362047672
79890 1 0.57783716917
81521 1 0.577320039272
55194 1 0.576941549778
566 1 0.576869904995
5232 8 0.576734542847
12662 2 0.576719939709
40227 3 0.575487792492
31204 1 0.575433015823
56310 4 0.574730455875
88914 4 0.57465159893
78785 1 0.573782742023
7852 1 0.573679089546
43169 1 0.573269069195
81508 1 0.572946429253
2284 1 0.572840034962
53921 1 0.572535514832
1514 1 0.572039186954
21930 1 0.571999192238
56694 1 0.571765482426
5939 1 0.571626186371
15305 1 0.57099711895
84887 3 0.570943176746
1173 1 0.570616841316
269 1 0.570483326912
12582 1 0.570446431637
41260 2 0.570344805717
32859 1 0.569755971432
83543 1 0.569738507271
13882 2 0.568787574768
38208 1 0.568649351597
30336 4 0.567552387714
62518 3 0.567371189594
27835 1 0.565092086792
19645 1 0.565030694008
23701 1 0.564058840275
31915 1 0.563459694386
61213 2 0.563450574875
48390 1 0.563125550747
16093 1 0.560973465443
58485 1 0.560583651066
40390 4 0.560466051102
13538 1 0.560434401035
25672 1 0.559997856617
44905 1 0.559713482857
38247 1 0.559702813625
4726 1 0.558805406094
19730 1 0.558475732803
7537 1 0.557844042778
66030 1 0.557763278484
33207 6 0.557462513447
54586 1 0.55699133873
57651 1 0.556200921535
46563 1 0.555745065212
16461 4 0.555216014385
10305 4 0.555157363415
57552 1 0.554592549801
56135 1 0.554152846336
20732 1 0.553313136101
70943 1 0.553210496902
17784 1 0.552956521511
48719 4 0.552405893803
41789 1 0.551434338093
17148 1 0.551309704781
24295 1 0.550803244114
85459 1 0.550792455673
76910 4 0.550015032291
49044 4 0.55000859499
89666 1 0.548575937748
27539 1 0.548572421074
84822 1 0.548394024372
5059 1 0.548197031021
34256 1 0.548065602779
60937 4 0.547833621502
60479 1 0.547740697861
11509 4 0.547629952431
34334 1 0.547543168068
10558 1 0.54753780365
32904 1 0.546967983246
49853 2 0.545990288258
11394 1 0.545196652412
4526 4 0.545064985752
2313 2 0.545042872429
89050 1 0.545031249523
841 1 0.543804585934
3754 4 0.543270885944
4192 1 0.543155133724
7976 1 0.542723834515
87612 1 0.542669951916
85804 1 0.541192650795
30471 1 0.541067123413
53924 1 0.540778040886
60218 1 0.54075306654
10238 2 0.539591729641
4493 1 0.538689315319
71321 4 0.538631796837
21549 1 0.53825622797
68714 1 0.537656486034
48908 1 0.537518143654
72591 1 0.537206292152
46865 1 0.537163197994
38742 1 0.536938309669
3170 1 0.536583483219
45982 1 0.536514341831
48511 1 0.536466002464
3690 1 0.535805642605
59841 1 0.535360813141
43116 1 0.534341096878
53332 1 0.534016907215
10439 1 0.533929944038
17634 4 0.533432066441
32807 1 0.533411920071
11462 1 0.53337430954
61312 4 0.532893538475
63619 1 0.532754480839
76074 4 0.531958460808
28520 1 0.531903684139
64488 2 0.531832158566
3231 1 0.530025064945
42425 1 0.528998851776
4048 1 0.528757035732
50464 1 0.52850985527
57306 1 0.528462350368
17329 1 0.528453111649
83988 3 0.528422236443
40433 1 0.528078138828
25688 4 0.526897847652
3090 1 0.526592373848
629 1 0.526363730431
87067 1 0.526338160038
50090 1 0.525539338589
50965 1 0.525378882885
80988 2 0.524430096149
1914 4 0.523765802383
44713 4 0.523707807064
7545 1 0.523644328117
1176 1 0.523591458797
12353 1 0.523578643799
34787 1 0.523510336876
89664 1 0.522744178772
59019 4 0.522191345692
7628 4 0.522078871727
1996 1 0.520726263523
81820 1 0.520635008812
4351 4 0.520560443401
66567 1 0.520476043224
38992 1 0.520160377026
23354 1 0.519829690456
24176 1 0.519826769829
9304 1 0.519421517849
23355 1 0.519369006157
43349 1 0.518731474876
77523 6 0.517735242844
3250 1 0.51761507988
89271 1 0.517569482327
10304 4 0.517566800117
66901 1 0.517546355724
26133 1 0.517004966736
32138 1 0.516826629639
42763 4 0.516787290573
83595 4 0.514970481396
62379 4 0.514896810055
39959 1 0.514815151691
65082 1 0.514109253883
34090 1 0.514016509056
90061 1 0.513482153416
27668 6 0.512339651585
78878 2 0.511688530445
67029 1 0.510819613934
29440 4 0.509821593761
42415 1 0.509217023849
88938 1 0.509049296379
34458 7 0.508684456348
28079 1 0.508154034615
11208 1 0.507853865623
12450 1 0.507675886154
91099 1 0.507362544537
1252 1 0.506502270699
8503 1 0.506497263908
37167 2 0.506401777267
25168 4 0.506268918514
85306 1 0.506130635738
41718 1 0.505971550941
75236 1 0.505947232246
41674 1 0.505594432354
77417 1 0.505514860153
39583 1 0.505158603191
58146 1 0.505044639111
29148 7 0.504572153091
60801 3 0.504028320312
90632 1 0.503820002079
83315 1 0.503399252892
911 1 0.503028810024
21152 1 0.502412736416
44676 1 0.502265393734
8779 3 0.502082765102
34091 3 0.501963555813
1667 1 0.501818060875
6586 2 0.501592516899
74303 1 0.500445663929
49199 3 0.499550819397
35795 1 0.49933630228
22198 2 0.499108463526
44286 1 0.499098747969
56360 1 0.498487710953
33619 1 0.498054236174
76196 4 0.497551739216
66771 10 0.496147155762
68156 4 0.495332986116
58781 4 0.494636178017
6634 1 0.493424832821
40422 2 0.49275007844
13884 2 0.491962730885
91209 1 0.491815567017
31584 1 0.490375012159
64521 3 0.490060567856
68911 4 0.489656955004
56386 4 0.489443093538
728 2 0.489065557718
630 1 0.48818808794
10511 4 0.487971693277
42531 1 0.487143605947
5910 1 0.486966639757
85305 7 0.48630169034
82520 1 0.485760182142
45933 4 0.484681010246
62552 1 0.482606321573
83582 4 0.482455551624
68313 2 0.480087161064
67880 2 0.478484213352
62529 4 0.478075116873
8786 3 0.477819681168
2796 1 0.47620126605
13313 4 0.475173741579
25820 4 0.472397446632
33268 2 0.471371591091
20435 2 0.466341763735
5398 4 0.466191083193
69299 7 0.465881705284
67918 3 0.465659022331
57726 3 0.462721556425
70680 3 0.459828287363
59994 2 0.459731727839
4355 2 0.459226310253
9510 6 0.454472541809
79167 2 0.453701853752
20745 2 0.453390330076
76854 3 0.452396780252
18109 7 0.451044142246
26143 2 0.449682176113
68874 1 0.449325978756
45169 2 0.44888266921
44223 3 0.448135912418
11269 2 0.447900235653
41956 2 0.446311473846
654 6 0.441394418478
9361 2 0.439716219902
51404 6 0.439066410065
22774 6 0.43673953414
56223 6 0.435553967953
74057 4 0.435506343842
9227 2 0.433437943459
59516 4 0.43307068944
3117 6 0.431519776583
65434 10 0.427826374769
34367 3 0.424439907074
23507 4 0.423446416855
43080 10 0.420948266983
65353 2 0.416716039181
28001 2 0.414781481028
73434 2 0.410717606544
2754 6 0.409950345755
47991 2 0.40932443738
14342 2 0.408657163382
57652 1 0.407062768936
87447 2 0.400872796774
51621 3 0.398046463728
4356 2 0.392500281334
66444 1 0.387768775225
50079 6 0.387707680464
91113 4 0.386228322983
74793 2 0.385660529137
39383 4 0.383830189705
8374 6 0.383546054363
19774 2 0.380191713572
69300 7 0.380032092333
82079 6 0.379101276398
12705 2 0.375662982464
73474 3 0.374454140663
17280 3 0.367295533419
58326 6 0.362187236547
4416 6 0.361404955387
57728 4 0.355499148369
60813 6 0.35377702117
79107 4 0.349891066551
55467 2 0.345120608807
31709 2 0.341842710972
67934 2 0.336663037539
73938 2 0.336660504341
54555 3 0.335742205381
65527 1 0.330851048231
32651 3 0.324700862169
7336 3 0.323657333851
33308 1 0.321195483208
29832 5 0.317359387875
27125 5 0.315316230059
57449 5 0.305587768555
27117 6 0.302008271217
37927 5 0.301238507032
84447 5 0.29359215498
59770 2 0.277410686016
28709 5 0.246331349015
83505 2 0.236006170511
10181 6 0.22006842494
