8745 1 0.998926341534
5231 1 0.997737526894
634 1 0.997239232063
58500 1 0.9967238307
25872 1 0.994818031788
14082 4 0.993658363819
52262 4 0.993067860603
87308 1 0.991494417191
80608 1 0.990978956223
22177 4 0.990217208862
22257 1 0.987470209599
39926 1 0.985353827477
82879 1 0.98441016674
26497 1 0.984143733978
60763 4 0.983025193214
82299 1 0.981504738331
62894 1 0.980809628963
48117 4 0.980432391167
88137 1 0.980147242546
30298 1 0.980123460293
3852 1 0.980114400387
37761 1 0.979933738708
1913 4 0.978312492371
40502 1 0.978112280369
371 1 0.977635025978
16050 1 0.977486908436
2364 1 0.977175354958
69665 1 0.976411819458
21937 1 0.976048052311
91210 1 0.97566151619
11801 4 0.975516200066
57243 1 0.974030733109
51715 1 0.973075211048
4331 1 0.972955584526
60907 1 0.972901761532
12657 1 0.972758948803
55134 1 0.972310304642
47717 4 0.971346080303
79503 4 0.970457553864
10038 1 0.970287621021
89000 1 0.970174372196
85153 1 0.970017075539
5248 1 0.969890356064
89191 4 0.969581067562
71725 1 0.969495773315
21548 1 0.969165921211
1958 1 0.967893123627
5356 1 0.967721998692
58385 1 0.967367351055
91277 4 0.967270493507
16049 1 0.966488599777
20804 1 0.966488420963
5556 1 0.966039538383
5585 1 0.964828550816
24163 1 0.964771509171
66710 1 0.964352250099
86133 1 0.964223086834
2067 1 0.963883221149
32660 1 0.963882982731
50546 4 0.963623642921
78322 1 0.963370323181
48387 1 0.963363587856
5384 1 0.963076710701
3236 1 0.962882816792
89266 1 0.961915552616
52820 1 0.961769759655
76866 4 0.961183309555
53177 1 0.961070179939
25891 1 0.960572957993
36052 1 0.960561335087
1852 1 0.960338413715
4265 1 0.960301160812
72198 1 0.960107266903
65577 4 0.959664404392
84797 1 0.95898848772
6672 1 0.958858072758
48689 1 0.958421587944
87927 1 0.957836866379
23356 1 0.957758367062
5558 1 0.957154452801
82160 4 0.957133293152
19589 1 0.957049608231
87307 1 0.956477165222
29398 4 0.955800533295
38957 1 0.954790532589
27028 1 0.954718589783
55623 4 0.954397797585
1321 4 0.953388512135
5914 1 0.95333302021
37843 1 0.952227592468
12463 1 0.951303422451
62181 4 0.951155662537
55877 1 0.950751185417
44997 1 0.950742006302
35197 1 0.950563311577
22721 1 0.950394332409
16051 1 0.949442982674
89443 1 0.949147760868
88783 1 0.949022471905
57552 1 0.948968052864
90352 4 0.947582185268
3160 1 0.947520673275
65433 4 0.947393417358
28736 1 0.946632444859
900 1 0.946604967117
70760 1 0.946106076241
78189 4 0.946095108986
48372 4 0.945980846882
85006 4 0.94585198164
62682 1 0.944180846214
50190 1 0.943810343742
66711 1 0.943679451942
39710 1 0.943636238575
4681 1 0.943309366703
34665 4 0.942275464535
5139 1 0.94052118063
10306 4 0.940498948097
68642 1 0.940167844296
20501 1 0.939776659012
53638 1 0.939119637012
5475 1 0.938597083092
1919 4 0.937310576439
71726 1 0.937290668488
91609 1 0.937224566936
8715 4 0.936589837074
43256 1 0.936374127865
65238 1 0.936120033264
8518 4 0.935871481895
10153 1 0.935602664948
55668 1 0.935146570206
67140 1 0.93503588438
25828 4 0.93433791399
5232 1 0.933646678925
6357 1 0.932833909988
30926 1 0.932219803333
58418 1 0.931090414524
78216 1 0.931010007858
67141 1 0.930959224701
1237 1 0.92995685339
79467 1 0.929785132408
17333 1 0.92900454998
82904 1 0.927939653397
20045 4 0.927514314651
36616 1 0.927454710007
46690 4 0.926509022713
2257 1 0.925437390804
10956 1 0.925411701202
23150 1 0.92491877079
32622 4 0.924912035465
62098 4 0.92463696003
1244 4 0.924027383327
10307 4 0.923987686634
44020 1 0.921586155891
18460 1 0.921211719513
83997 4 0.921088695526
3706 1 0.921024560928
21852 1 0.920115768909
3137 1 0.918189704418
55507 4 0.91767847538
80144 1 0.91736382246
51192 4 0.916146755219
66772 4 0.916014075279
26133 1 0.915906071663
15793 1 0.915607154369
43894 1 0.913133919239
42711 1 0.91261100769
8680 1 0.912406802177
60483 1 0.912005245686
19227 1 0.911378383636
45773 4 0.911135554314
55578 1 0.910806894302
18652 1 0.9105245471
31959 1 0.910036861897
32110 4 0.909791111946
72207 4 0.909308552742
76475 1 0.908759176731
76572 1 0.908660650253
325 1 0.908218324184
1304 1 0.90750002861
20283 4 0.905718684196
56694 1 0.905212819576
76717 1 0.904902994633
91209 1 0.904863357544
63937 1 0.903673827648
51074 4 0.902576386929
23399 1 0.902573645115
9676 1 0.902540743351
10397 4 0.902470529079
77568 4 0.900942802429
16055 1 0.900667309761
38092 1 0.899161338806
6552 4 0.898363947868
79453 1 0.898206472397
2102 1 0.897673308849
7393 1 0.896899163723
20369 4 0.896697998047
59029 1 0.896630704403
20917 1 0.896301031113
4679 1 0.895929276943
57651 1 0.895400106907
64789 1 0.89508754015
11595 1 0.894491732121
38094 1 0.893249213696
82559 1 0.893237709999
71006 1 0.892764389515
48181 4 0.891379535198
8692 1 0.890428543091
21635 4 0.889606416225
49161 1 0.889045834541
70281 1 0.88795119524
50334 1 0.885940372944
16301 1 0.885878622532
26137 4 0.885524213314
10432 1 0.885056853294
66591 1 0.884774327278
46007 1 0.884578287601
38374 1 0.884180366993
45492 1 0.884109437466
16647 4 0.883715569973
19730 1 0.883497357368
33326 4 0.883160948753
62182 4 0.881961643696
54976 1 0.88181912899
65431 4 0.880201458931
71279 1 0.879667699337
17387 1 0.879335999489
7976 1 0.878886699677
52821 7 0.878825843334
42812 4 0.878493666649
19082 4 0.877956569195
9460 1 0.876475334167
66282 1 0.876272082329
89796 1 0.876204192638
90475 1 0.875789165497
81131 4 0.87549996376
20203 1 0.874494612217
4095 1 0.873482167721
49018 1 0.873183071613
32139 1 0.873178124428
12810 1 0.872947871685
18170 1 0.871615409851
74243 4 0.871611893177
66010 1 0.871302068233
7409 1 0.871276557446
66956 1 0.870845317841
61917 1 0.870710790157
16295 1 0.870405316353
89669 1 0.869702994823
49524 1 0.867801487446
86336 1 0.867713868618
23701 1 0.866399228573
62683 1 0.865882754326
47616 1 0.865873873234
48389 1 0.865830302238
12234 4 0.865794658661
25695 1 0.865757465363
12190 4 0.864781975746
60726 1 0.863032817841
1610 4 0.862510681152
34792 1 0.862380385399
269 1 0.862119853497
34094 1 0.860941290855
5563 1 0.860442698002
17501 1 0.860097289085
23001 4 0.859298884869
18976 1 0.858686029911
90633 1 0.858456373215
841 1 0.857949316502
32042 1 0.857593476772
14364 1 0.856218516827
28634 1 0.855444788933
51581 4 0.853827178478
34156 1 0.853172957897
21349 1 0.852290153503
51433 1 0.8521027565
43375 1 0.852036416531
32138 1 0.851761817932
14156 1 0.851064562798
64152 1 0.849922657013
76784 1 0.849667489529
5697 1 0.849537193775
31906 4 0.849391222
23648 1 0.8490421772
54265 1 0.848610162735
46209 4 0.848107814789
90607 1 0.847882509232
70943 1 0.844051480293
37173 4 0.842751085758
81742 4 0.842726230621
22526 1 0.84258890152
41696 1 0.841269850731
1737 1 0.840798318386
88379 1 0.840452194214
28049 4 0.840089082718
41670 1 0.837843716145
31288 1 0.83752310276
88594 1 0.836826920509
83806 4 0.834801435471
6971 2 0.833836853504
2973 1 0.833374619484
56135 1 0.833026587963
52508 4 0.832442343235
50241 1 0.831488668919
57306 1 0.831434071064
1176 1 0.830498158932
64637 3 0.830209136009
76714 1 0.829725861549
19175 4 0.82954198122
25204 4 0.82916945219
69938 1 0.828712284565
5661 1 0.828467726707
59721 1 0.828035891056
78650 1 0.827033042908
87910 4 0.826979637146
24100 4 0.826278090477
35032 4 0.825401902199
46512 1 0.825332462788
31204 1 0.82521545887
21152 1 0.825071871281
6634 1 0.824872910976
40433 1 0.824553966522
21184 1 0.823578059673
8445 1 0.823465764523
74246 4 0.823017895222
3231 1 0.822464704514
5554 1 0.821940898895
86981 1 0.821572959423
4880 1 0.821556508541
5932 1 0.821356713772
60135 1 0.821158647537
60136 1 0.821054041386
15832 4 0.821032822132
42522 1 0.820946276188
20497 1 0.820941925049
81104 1 0.820053696632
7539 1 0.818920314312
51065 4 0.817191004753
7699 1 0.81713283062
54305 1 0.81661516428
3090 1 0.816587746143
54679 1 0.815687179565
34411 1 0.815643370152
23903 1 0.815312802792
60106 1 0.812961399555
24146 1 0.812854349613
16762 1 0.811276733875
81825 1 0.810516238213
48908 1 0.809362232685
88117 1 0.80904340744
66592 1 0.808412373066
45000 1 0.808358848095
53548 1 0.808299422264
16053 1 0.807513594627
13027 1 0.807051897049
27691 1 0.806179702282
5700 1 0.805504441261
38247 1 0.805142998695
91062 2 0.805139064789
76245 1 0.804882586002
32807 1 0.803877592087
66441 1 0.803759932518
10467 1 0.803663909435
55049 1 0.803565561771
76958 4 0.802231013775
84960 4 0.801953554153
46563 1 0.801337480545
37914 1 0.800522744656
65082 1 0.800510287285
7243 1 0.80043900013
56913 2 0.800298631191
74254 4 0.799782216549
78215 1 0.799616098404
77361 1 0.799143671989
46745 1 0.798909008503
88735 4 0.798603594303
68024 4 0.797447919846
62216 4 0.797444403172
62554 1 0.797397911549
3138 1 0.79717040062
48702 4 0.796974003315
20732 1 0.795984387398
34116 4 0.795918226242
50469 1 0.795872032642
5134 1 0.79580104351
16004 2 0.795430362225
60088 1 0.794856369495
53921 1 0.794571459293
20440 1 0.794314444065
88844 4 0.794280171394
41074 1 0.793920695782
566 1 0.793603181839
17091 2 0.792320072651
26790 1 0.792096734047
50090 1 0.79173386097
7935 1 0.791557252407
32044 1 0.791371822357
3865 1 0.790764510632
45933 4 0.790756225586
68555 4 0.79032844305
76575 1 0.789717793465
59772 1 0.789005219936
16660 1 0.78899371624
29687 4 0.788483142853
61241 4 0.787931442261
57463 1 0.787856340408
68720 1 0.786680340767
44286 1 0.785723507404
708 1 0.785469472408
73200 1 0.784582436085
24176 1 0.78337430954
40127 4 0.782580971718
5913 1 0.782558977604
22367 1 0.782433450222
5784 7 0.782203316689
1510 1 0.78175932169
64010 1 0.781439602375
42531 1 0.781418859959
11166 1 0.780786216259
48791 4 0.780221581459
1174 1 0.779872775078
69300 1 0.778228342533
18509 1 0.778216898441
16945 2 0.778206944466
59697 1 0.778182029724
13247 1 0.77812308073
51148 1 0.777944386005
41789 1 0.777422845364
7975 1 0.777109563351
11152 2 0.777026057243
78785 1 0.77596694231
7394 1 0.775074660778
63133 1 0.775033295155
22247 1 0.77491247654
57882 3 0.77483689785
36922 1 0.774680197239
13882 2 0.774170041084
9694 1 0.773925960064
11509 4 0.773724496365
37596 1 0.773355662823
69911 4 0.773244380951
64600 1 0.773205399513
46201 1 0.772421956062
6709 2 0.772242963314
9327 4 0.772023916245
64190 1 0.770883858204
3821 4 0.770867109299
10345 4 0.770440876484
38992 1 0.770005583763
33436 1 0.769831180573
3170 1 0.769806683064
54278 2 0.769515573978
73337 1 0.769486486912
23773 1 0.768555819988
81473 4 0.767021000385
42227 4 0.766419529915
34729 2 0.765844345093
50997 2 0.765231013298
39181 1 0.764540374279
61043 1 0.763576567173
34256 1 0.762763977051
45121 1 0.762748003006
12298 4 0.761081039906
25807 1 0.760935366154
19747 1 0.76077157259
62556 7 0.760328233242
68182 1 0.759803056717
6973 2 0.759761333466
2356 1 0.759198963642
63145 1 0.759121060371
30880 1 0.758971095085
70388 4 0.758740544319
78630 1 0.758654415607
21930 1 0.758556842804
87366 1 0.758148610592
55884 1 0.75793749094
46779 1 0.757842719555
81757 7 0.757742345333
42426 1 0.757186114788
84822 1 0.756832242012
1851 1 0.756673932076
52507 4 0.756521642208
83543 1 0.755873322487
76606 1 0.755573689938
3226 1 0.755473911762
1420 4 0.755047261715
21155 1 0.754226028919
90061 1 0.753581881523
8762 2 0.75353205204
3159 1 0.752774357796
53230 1 0.751587152481
7307 1 0.751434326172
4429 4 0.750348091125
76910 4 0.749945104122
4391 2 0.749836623669
49274 1 0.749799847603
1102 1 0.749448239803
68907 4 0.748773932457
4358 1 0.748363137245
28455 1 0.747952997684
42763 4 0.747704863548
29440 4 0.74759465456
79 1 0.746222198009
33603 1 0.746093451977
81508 1 0.745651125908
42978 4 0.745153486729
58146 1 0.74420529604
16910 4 0.743814349174
87338 1 0.74354916811
33017 1 0.743235826492
51754 1 0.743055820465
20963 1 0.742902874947
5059 1 0.742079615593
3690 1 0.741612017155
59442 2 0.741388261318
87067 1 0.741296172142
41718 1 0.74051129818
36405 4 0.740333616734
85896 1 0.740130841732
49556 4 0.740125417709
71477 1 0.739675581455
19645 1 0.738969743252
89444 1 0.738916754723
9304 1 0.738254487514
26715 1 0.737574994564
55415 1 0.737571835518
31915 1 0.736987292767
44905 1 0.735715866089
12582 1 0.734191775322
64638 1 0.733541607857
55194 1 0.733361542225
54560 1 0.73315012455
5398 4 0.733100116253
67478 1 0.732866168022
40197 1 0.732504010201
20746 1 0.731899261475
1914 4 0.731758117676
26386 1 0.73141425848
35718 1 0.730698108673
61312 4 0.730344295502
46865 1 0.730020403862
59276 1 0.729921936989
51124 1 0.729622900486
91626 10 0.729231834412
6953 1 0.729088127613
90383 1 0.728511571884
16634 1 0.727824389935
8503 1 0.727757751942
50967 1 0.727665245533
89337 4 0.727405190468
55755 1 0.725773751736
10427 2 0.724466443062
68425 1 0.723361730576
4447 10 0.722305297852
64146 1 0.721896886826
45982 1 0.721611499786
15833 4 0.721107721329
2163 4 0.720660746098
89585 3 0.720655620098
62434 1 0.720251202583
17436 1 0.719424843788
40390 4 0.718888580799
15471 4 0.717904686928
10165 1 0.717746913433
77983 4 0.717526197433
27835 1 0.717418551445
12980 4 0.71712654829
19745 1 0.716891050339
12353 1 0.716803312302
21634 4 0.71650904417
48719 4 0.716417133808
53930 1 0.716221392155
54774 1 0.715917944908
78651 1 0.713197886944
70410 1 0.712997198105
4159 1 0.712663054466
3527 1 0.712528407574
19247 1 0.712441504002
27539 1 0.712263524532
12662 2 0.711510717869
20747 1 0.711098730564
13538 1 0.711022078991
49991 1 0.710980176926
437 1 0.710150778294
23003 1 0.70988214016
21659 1 0.709547221661
69802 4 0.708736300468
55778 2 0.708736181259
83491 3 0.708415865898
66491 4 0.70818400383
17329 1 0.707899034023
38955 1 0.707891285419
67849 4 0.707601189613
85804 1 0.707033813
5933 1 0.706822216511
27250 4 0.706443667412
28460 1 0.706124424934
69816 1 0.705572843552
2350 2 0.705492019653
44267 1 0.705345213413
45875 1 0.705086231232
30470 1 0.705019056797
3157 1 0.704740107059
73889 7 0.704258322716
52402 4 0.70414942503
25168 4 0.703968703747
8770 3 0.703877151012
66444 1 0.703475534916
88914 4 0.703346669674
8175 1 0.701923131943
15305 1 0.701487243176
50464 1 0.701057314873
63153 1 0.700429022312
23374 4 0.700398147106
65391 7 0.699888110161
60071 1 0.699462532997
88737 4 0.699446678162
56360 1 0.699331223965
17284 4 0.697486519814
39959 1 0.697087705135
23176 1 0.696704804897
3250 1 0.696315824986
64554 1 0.696168124676
16011 1 0.695981919765
47569 4 0.695474565029
62379 4 0.694332301617
20394 1 0.694326043129
62552 1 0.694256365299
59841 1 0.693455457687
7852 1 0.693339169025
90137 1 0.693318724632
21183 1 0.692791342735
1996 1 0.691613972187
47043 4 0.690438628197
67504 3 0.690071642399
8178 1 0.689133048058
32904 1 0.689092457294
2313 2 0.688711762428
18858 4 0.688551902771
91099 1 0.687964498997
25890 1 0.687801122665
76887 1 0.687068641186
4048 1 0.686917424202
4526 4 0.686682581902
84800 1 0.686349749565
19330 1 0.685211598873
38208 1 0.684932529926
17634 4 0.684816420078
12868 3 0.684665501118
73338 1 0.683699011803
3822 4 0.683480083942
45625 1 0.682555854321
68717 1 0.681409299374
20459 1 0.68060952425
34787 1 0.680178761482
6837 1 0.68017077446
59727 1 0.67899620533
19000 1 0.678427219391
60479 1 0.678174138069
54712 4 0.678010225296
83201 1 0.67761772871
25672 1 0.676877975464
11596 1 0.676697969437
6453 1 0.676663458347
33695 4 0.676017045975
62213 1 0.676010727882
11394 1 0.675362825394
28462 1 0.674995839596
30471 1 0.673864662647
32859 1 0.673736870289
23196 1 0.673523724079
67029 1 0.671875715256
5521 1 0.671697497368
45122 1 0.671594023705
1671 1 0.671474397182
5911 1 0.671002924442
53924 1 0.670890629292
33782 1 0.670680403709
712 1 0.66960734129
23633 1 0.669569134712
572 1 0.669188916683
16535 1 0.669139802456
16174 1 0.668377518654
14063 1 0.667819917202
55463 1 0.667688429356
629 1 0.66759544611
74340 4 0.667351067066
65777 1 0.66714990139
34373 2 0.666532337666
64488 2 0.666041135788
10244 2 0.666002094746
32164 1 0.665683090687
68911 4 0.665504693985
27072 1 0.665005743504
60937 4 0.664898633957
34458 7 0.663471162319
29148 1 0.663223266602
89121 4 0.662954568863
34638 1 0.662796080112
71975 4 0.662459790707
53465 1 0.661948084831
20435 2 0.660775959492
21549 1 0.660434007645
81521 1 0.65955299139
45981 1 0.659517884254
4493 1 0.659026622772
73947 1 0.658679425716
9506 1 0.658176779747
43116 1 0.657046020031
35795 1 0.656746149063
44285 1 0.656315565109
83872 4 0.655846953392
10305 4 0.65567523241
34553 1 0.655398786068
69138 1 0.654867768288
80327 1 0.654670476913
37567 2 0.65439748764
62370 1 0.653875648975
52350 1 0.652885496616
79629 1 0.652800142765
13624 1 0.652147531509
62529 4 0.651620388031
5783 1 0.651149511337
47618 1 0.650740921497
49853 2 0.650677621365
6572 4 0.649718344212
44713 4 0.649191379547
85317 1 0.64877229929
49616 1 0.648526191711
17435 1 0.648107767105
56310 4 0.647642254829
16461 4 0.646474540234
69299 1 0.645340561867
79477 1 0.645151793957
51699 1 0.645072937012
43041 1 0.64446336031
50277 1 0.644083917141
72592 1 0.643694102764
83595 4 0.643477022648
4113 1 0.643361330032
56566 4 0.643213391304
3155 1 0.643018901348
34791 1 0.64257645607
19729 1 0.642167985439
87612 1 0.641863048077
13313 4 0.640813410282
48435 1 0.640301287174
84936 1 0.639946103096
39924 1 0.639296591282
21032 1 0.638999819756
59019 4 0.637880206108
32666 1 0.637584030628
1013 1 0.637450158596
29481 2 0.637168228626
9921 1 0.636844098568
48585 1 0.636838018894
30336 4 0.636831462383
87013 3 0.636082112789
54586 1 0.63542842865
23507 4 0.635388314724
67184 1 0.635004103184
2305 2 0.634948611259
1667 1 0.634767353535
82521 1 0.634587049484
80988 2 0.634534299374
50687 4 0.634285986423
84620 1 0.633218646049
45169 2 0.631963133812
83262 3 0.630743682384
820 1 0.630601704121
31239 1 0.630187034607
39938 1 0.63017308712
6706 1 0.628555297852
5916 1 0.628304004669
88736 4 0.627949118614
29149 7 0.627877295017
3534 4 0.627433359623
5885 1 0.62712931633
2773 1 0.626977741718
57661 1 0.62680965662
32920 1 0.626728236675
54255 1 0.626494109631
66775 1 0.626464426517
76196 4 0.626417815685
84887 3 0.626311182976
68714 1 0.626245975494
6592 1 0.624439716339
10511 4 0.624242007732
28666 1 0.6236333251
80828 1 0.623609602451
57650 7 0.62337988615
58158 4 0.622874498367
45380 1 0.622619867325
12217 1 0.621718168259
924 1 0.620976150036
21022 1 0.620839953423
6652 4 0.620339155197
3856 4 0.620233714581
44993 2 0.620133757591
51668 1 0.620030641556
72879 1 0.619822502136
61513 1 0.619438171387
16093 1 0.619416475296
911 1 0.619345784187
37785 1 0.619162738323
41013 1 0.618457794189
44730 1 0.618413984776
42825 1 0.618250191212
40422 2 0.618092060089
86484 1 0.617893159389
40405 1 0.61758095026
82890 1 0.616941392422
25580 1 0.616416871548
71468 1 0.616142630577
24177 1 0.615890800953
62787 1 0.615881085396
33107 1 0.615175783634
20350 1 0.614181756973
74592 1 0.613693833351
40983 1 0.612691402435
84841 1 0.612682521343
11051 2 0.612534165382
58485 1 0.61229711771
51507 4 0.61198836565
68156 4 0.611977994442
43598 1 0.611469089985
6586 2 0.611455559731
25426 1 0.611350238323
58463 1 0.611231088638
83506 1 0.610802948475
71321 4 0.610632717609
47431 1 0.609416902065
64005 1 0.609280347824
21804 1 0.609237372875
70219 4 0.608886778355
35077 1 0.608122467995
18983 1 0.608115494251
565 1 0.607963681221
1178 1 0.607578754425
27656 1 0.606422007084
12450 1 0.605395376682
61242 1 0.605365097523
48390 1 0.604870796204
50473 1 0.60483622551
22762 1 0.603904724121
7537 1 0.603574991226
34484 1 0.603487551212
74567 1 0.602575480938
85305 7 0.602459788322
89074 4 0.602231264114
33904 1 0.602138698101
7268 1 0.602115750313
41260 2 0.601968944073
728 2 0.601966381073
22219 1 0.601816833019
89018 4 0.60159265995
32886 1 0.600642800331
25772 1 0.599857866764
10304 4 0.599754333496
48511 1 0.599320709705
63589 4 0.59926211834
56009 1 0.598818421364
22693 1 0.598641932011
37936 1 0.598250567913
78878 2 0.597419559956
86741 1 0.597385823727
61053 1 0.596264481544
65390 7 0.596188902855
3754 4 0.595968902111
34091 3 0.594198048115
1743 2 0.594171524048
55165 1 0.593608081341
41719 1 0.59325838089
36940 1 0.59308218956
7385 1 0.592701852322
76261 1 0.591163992882
45979 1 0.590865015984
67343 1 0.59058123827
21546 1 0.590516507626
90374 1 0.589965462685
51623 1 0.589765429497
432 1 0.589751362801
34334 1 0.589678525925
2284 1 0.588251888752
42076 1 0.588153541088
80665 1 0.587958753109
18427 1 0.587453305721
65094 1 0.58703494072
16370 1 0.586317777634
73365 4 0.58482670784
18045 1 0.584152936935
89678 1 0.58411949873
6958 1 0.583925902843
46513 1 0.583563268185
85459 1 0.583403706551
5476 1 0.583346188068
55457 1 0.582874715328
89666 1 0.581712007523
52236 1 0.581214606762
25820 4 0.581195473671
23355 1 0.580784678459
33781 1 0.580710709095
9513 1 0.580691099167
2260 1 0.580689430237
69316 1 0.580232322216
10039 1 0.578841209412
89525 2 0.578632175922
55695 2 0.578514933586
77205 1 0.57831710577
7240 1 0.578092098236
35410 1 0.578050971031
9361 2 0.577522218227
34679 1 0.577512741089
67880 2 0.577155530453
27488 4 0.576934278011
11269 2 0.576572179794
22640 1 0.576525628567
50 4 0.576467037201
28635 1 0.576066017151
13380 1 0.575849831104
17468 1 0.575752556324
64040 1 0.574308097363
31846 1 0.574212729931
31427 4 0.574200153351
47991 2 0.574042916298
20511 1 0.574038207531
13343 1 0.573429346085
4355 2 0.573345720768
54235 1 0.573342323303
85088 1 0.573289215565
28616 1 0.573182523251
73473 3 0.572858035564
69181 1 0.572381496429
69263 1 0.571842491627
16012 1 0.570755660534
25345 2 0.570729315281
44676 1 0.570219516754
22761 1 0.570156097412
5759 1 0.570110321045
89050 1 0.569914519787
66753 1 0.56979060173
82271 1 0.569592535496
82790 4 0.569190263748
67346 1 0.569039463997
38229 1 0.56874614954
66030 1 0.568718194962
2802 2 0.568330466747
13884 2 0.568101465702
59066 1 0.568049609661
91254 1 0.567850291729
86982 1 0.567764699459
48185 1 0.567434966564
17148 1 0.567265212536
6359 1 0.56681907177
14021 2 0.566323101521
62518 3 0.566130936146
64186 1 0.56572073698
40227 3 0.565124332905
74303 1 0.564820885658
4025 1 0.563855171204
1179 1 0.563785910606
46252 1 0.5637794137
76074 4 0.563118100166
48720 4 0.562645077705
61213 2 0.562474668026
58079 1 0.562012851238
39831 1 0.561833441257
47029 1 0.561435043812
49044 4 0.561399817467
89664 1 0.561268270016
77417 1 0.560554385185
73431 4 0.560086667538
8325 1 0.560041487217
54544 1 0.559978723526
59994 2 0.559809923172
80969 1 0.559775292873
10509 4 0.559719383717
8656 1 0.559715986252
42378 1 0.559144377708
75236 1 0.559014379978
40733 1 0.558635473251
3711 1 0.558572649956
13026 1 0.558190643787
9227 2 0.558056116104
29821 1 0.558028757572
22583 1 0.556983113289
81447 1 0.556954741478
40284 1 0.556536972523
89731 1 0.556043565273
39432 4 0.555843114853
10238 2 0.555405139923
79167 2 0.555401623249
18109 7 0.555144190788
2155 1 0.555034339428
40140 2 0.554933011532
42415 1 0.554660022259
24165 1 0.554605543613
45545 1 0.554449915886
22043 1 0.55343490839
4192 1 0.553276598454
66771 10 0.55304646492
46242 1 0.553000569344
16350 1 0.552931010723
68313 2 0.552747309208
81501 1 0.55274695158
66150 1 0.552670836449
62168 4 0.551788926125
81152 1 0.551690459251
90173 1 0.551125347614
43464 4 0.551103234291
78214 1 0.550943851471
476 2 0.550845742226
91113 4 0.550451278687
78834 1 0.550299942493
25007 1 0.549982786179
76751 1 0.549217939377
9419 1 0.548457741737
46949 4 0.54828608036
28739 1 0.547982513905
4525 4 0.547844469547
25688 4 0.547339618206
81175 1 0.546745955944
45977 1 0.546526312828
23020 1 0.546331048012
15326 1 0.545988619328
60154 1 0.545794546604
5098 1 0.545511245728
18237 1 0.545128405094
23689 1 0.545018196106
1526 4 0.544907033443
46568 1 0.544891059399
11462 1 0.544766247272
50965 1 0.544632136822
27782 1 0.544539213181
78402 4 0.544519603252
65353 2 0.544282197952
3089 1 0.543914675713
2103 1 0.543787539005
17784 1 0.543760061264
57739 1 0.543335855007
46052 1 0.543251931667
39583 1 0.542401432991
70392 1 0.542124092579
11687 1 0.542000412941
11038 1 0.541795253754
4292 1 0.541542291641
77646 1 0.541364014149
21386 1 0.541309773922
37099 1 0.540867209435
57829 1 0.540807008743
91397 1 0.540155589581
69751 1 0.540121614933
4351 4 0.539373755455
86949 1 0.53928822279
69937 1 0.538476884365
62555 7 0.538433253765
11539 1 0.538362562656
65526 1 0.538106501102
28520 1 0.537858366966
1173 1 0.537796497345
57171 1 0.537207484245
71394 1 0.536895573139
51022 1 0.536865353584
1702 4 0.53652381897
630 1 0.536274850368
34381 4 0.536102950573
73509 1 0.53583574295
60218 1 0.53558754921
23149 7 0.53553289175
24179 1 0.53503715992
23617 4 0.534920454025
26143 2 0.53453618288
14342 2 0.534078061581
9295 1 0.533832848072
11123 3 0.533658146858
17473 1 0.53365701437
6240 1 0.53336083889
66443 7 0.53282815218
82634 1 0.531908512115
82920 1 0.531850993633
67664 1 0.531561672688
8597 1 0.531503736973
18436 1 0.531358242035
32108 1 0.531117141247
33207 6 0.530526399612
9210 1 0.529676198959
18431 1 0.529087781906
78009 1 0.52895128727
78119 1 0.528490543365
37167 2 0.528421938419
85306 1 0.527959883213
56651 1 0.527780294418
82821 1 0.527018904686
53332 1 0.526484191418
69803 4 0.526404321194
23506 1 0.525949954987
3095 4 0.525874614716
56984 1 0.525737941265
12330 1 0.525466024876
78741 1 0.52544438839
1374 2 0.524823844433
19075 1 0.524814546108
49076 1 0.524669647217
53841 4 0.524306833744
16056 1 0.524237930775
21924 1 0.524217784405
62789 1 0.52366733551
66901 1 0.523398995399
49832 1 0.52296769619
16058 1 0.522369801998
80122 4 0.521386921406
28001 2 0.521079838276
68189 4 0.520909965038
642 1 0.520818412304
15614 1 0.519899189472
85741 1 0.519874036312
2886 1 0.51967227459
23645 1 0.519373893738
4294 4 0.519114613533
49199 3 0.517841339111
84730 1 0.51745557785
70027 1 0.517442464828
37140 1 0.517320036888
11698 4 0.517246842384
30371 1 0.517119288445
31568 1 0.516923069954
41956 2 0.516750216484
61749 1 0.516719043255
66356 1 0.516714572906
41675 1 0.515671432018
75361 1 0.51565104723
36377 1 0.515087902546
27944 1 0.515053868294
36433 1 0.514699280262
36379 1 0.51467615366
76573 1 0.514287412167
55913 1 0.513781487942
83582 4 0.513503789902
42674 1 0.513335764408
9371 4 0.513323426247
13246 1 0.513014614582
53720 1 0.512483775616
1419 4 0.512325584888
81775 1 0.512076377869
31175 4 0.511914134026
14744 4 0.511659443378
41014 1 0.511491656303
22198 2 0.511408448219
17886 1 0.511026442051
19894 1 0.510951519012
70393 1 0.510589420795
137 1 0.510553300381
72607 1 0.510464847088
5368 2 0.50966501236
5910 1 0.509374916553
68658 1 0.509364843369
74793 2 0.508846342564
83935 1 0.508750557899
41720 1 0.508516073227
6862 1 0.508361756802
90632 1 0.50828319788
64521 3 0.507809579372
89196 4 0.507536530495
48388 1 0.507509768009
73888 1 0.507233321667
6787 2 0.50665897131
7545 1 0.506567358971
39061 1 0.506505966187
33268 2 0.506465256214
4788 2 0.506200432777
70885 4 0.506047308445
1252 1 0.505714118481
58781 4 0.505685925484
41233 1 0.505622208118
60877 1 0.505406916142
7628 4 0.505365788937
13922 1 0.504847228527
63619 1 0.504796802998
56386 4 0.504682838917
89662 1 0.504596889019
51784 1 0.504418671131
47859 1 0.504205346107
4726 1 0.504082739353
24513 1 0.504020810127
31584 1 0.503996610641
83988 3 0.503719627857
81820 1 0.503598988056
4173 4 0.503413438797
28649 1 0.502687513828
4646 1 0.502638339996
40156 1 0.502511203289
43024 1 0.501536905766
39936 2 0.501447796822
28072 1 0.501184642315
68560 1 0.501010715961
88938 1 0.50085324049
61858 1 0.50052511692
90783 2 0.500482141972
87498 1 0.500435531139
25777 1 0.499958753586
82915 4 0.499796062708
45924 2 0.498609423637
5275 1 0.498609185219
6578 4 0.498302340508
44532 1 0.498272329569
12686 3 0.498169958591
9425 4 0.498130828142
82520 1 0.497993677855
55464 1 0.497182428837
36904 1 0.497042477131
82585 1 0.496845424175
30085 1 0.496819585562
375 1 0.496733695269
34027 1 0.496164470911
50466 1 0.496098726988
26767 1 0.496089339256
1050 1 0.495878279209
65754 4 0.49521446228
3564 1 0.494818478823
67475 4 0.494445800781
63949 1 0.493976026773
55970 1 0.493761748075
42425 1 0.493617087603
43080 10 0.493035525084
73434 2 0.492662519217
68230 4 0.491159468889
50485 1 0.49079221487
18385 4 0.490662932396
25829 4 0.49061781168
48907 1 0.490279108286
632 1 0.489748418331
29774 1 0.488692611456
8779 3 0.487864345312
53178 1 0.487657099962
50966 3 0.486766189337
5408 1 0.486080765724
77523 6 0.485451638699
19774 2 0.485226243734
72839 3 0.484972268343
36238 1 0.483317196369
59516 4 0.482708960772
24380 4 0.481590867043
348 4 0.481256663799
87443 2 0.480739057064
1003 4 0.479546934366
75766 4 0.477568149567
90848 1 0.476907223463
87447 2 0.474714577198
4356 2 0.473501741886
12039 1 0.472958832979
15236 2 0.471639156342
19791 4 0.471152603626
72199 1 0.470966249704
12838 1 0.470932692289
16497 1 0.469025731087
67918 3 0.466551691294
73095 1 0.464222937822
57826 1 0.463164716959
26072 1 0.462584137917
20745 2 0.462467700243
38743 2 0.461037427187
36921 1 0.460584551096
57819 3 0.460560083389
71643 4 0.460516631603
64098 2 0.460208803415
27668 6 0.459807664156
74777 3 0.45958891511
71938 2 0.45878085494
32256 3 0.456199079752
68874 1 0.455468416214
60801 3 0.454667240381
25867 4 0.454064190388
5970 2 0.453415513039
11208 1 0.453218966722
19386 2 0.450694680214
26412 4 0.450568258762
43370 2 0.450442135334
2754 2 0.450339019299
47864 2 0.449510425329
8765 2 0.449092835188
3228 1 0.448841035366
33576 4 0.448081105947
25018 4 0.447931140661
21838 2 0.447401493788
80317 4 0.44724920392
82856 2 0.446869373322
39640 2 0.446087032557
47719 2 0.445900112391
57726 4 0.442474842072
57652 1 0.441430598497
46212 7 0.439566880465
45490 2 0.439054846764
45489 2 0.43865314126
31032 5 0.438185423613
40031 2 0.437443852425
12705 2 0.43689468503
50349 1 0.435793161392
20856 2 0.433552771807
31709 2 0.433110237122
9510 6 0.43276283145
45754 2 0.432680428028
44223 3 0.432250827551
25669 2 0.430498152971
72608 2 0.42844119668
70220 4 0.426181972027
90430 2 0.426026403904
45153 4 0.424312621355
91247 2 0.424276739359
55467 2 0.421720504761
22551 2 0.421673834324
27125 5 0.421605974436
83775 5 0.421449184418
70185 2 0.420178681612
21851 7 0.41888910532
90380 3 0.417759895325
33441 5 0.416197627783
48362 4 0.415720373392
5802 10 0.41554620862
52789 3 0.412659406662
78727 2 0.412622839212
7878 2 0.411218464375
30361 2 0.407294660807
73850 2 0.405791610479
30544 1 0.405449479818
44762 2 0.405124515295
62517 3 0.404739439487
58388 1 0.40409630537
791 2 0.403262972832
58464 1 0.402303367853
67870 2 0.401937782764
22774 6 0.401328474283
39382 4 0.400718718767
74621 2 0.400193959475
44174 3 0.400074243546
87536 3 0.39994969964
74057 4 0.399352163076
50486 8 0.395714342594
30230 4 0.394707769156
83653 3 0.39418438077
64020 2 0.393564283848
50962 1 0.393145412207
57728 4 0.393035650253
29832 5 0.391801416874
37927 5 0.391659766436
51404 6 0.390989750624
73938 2 0.390481173992
78870 2 0.388701170683
87365 1 0.38719573617
39383 4 0.386887401342
84447 2 0.386041760445
64565 2 0.385537207127
12051 4 0.384007841349
52852 4 0.38143274188
77972 2 0.379975169897
14340 2 0.379033982754
33308 1 0.379020184278
44165 1 0.377238154411
47211 2 0.375251293182
73474 3 0.374160736799
46060 2 0.373551905155
3117 6 0.372111529112
26262 2 0.370458841324
40806 2 0.369990766048
654 6 0.369826674461
57449 5 0.367450356483
90909 2 0.367256194353
67934 5 0.366869747639
78482 3 0.365387886763
28709 5 0.365283280611
72574 2 0.363823533058
51621 3 0.36302164197
47042 2 0.36159402132
88382 7 0.360698252916
54555 3 0.359380781651
8981 3 0.358025968075
7654 5 0.355775028467
5654 5 0.354118138552
43115 1 0.35217949748
56223 6 0.351585566998
41628 4 0.350640714169
43175 5 0.350573658943
75740 5 0.35017812252
60813 2 0.350094646215
76524 1 0.349904924631
21086 4 0.347814321518
56922 2 0.346750229597
10684 5 0.343441575766
75963 5 0.342310875654
43714 2 0.342290848494
53727 5 0.341539531946
86317 5 0.341051667929
50079 6 0.340332180262
40367 2 0.338857889175
17280 3 0.336985737085
17258 3 0.335151940584
68669 2 0.334011405706
87269 3 0.333656013012
85980 2 0.333173125982
91635 5 0.331010907888
83982 3 0.330659747124
54821 4 0.327095806599
32651 4 0.326487720013
13356 2 0.324905723333
42423 1 0.323890984058
22002 5 0.322026431561
91112 4 0.318955659866
73421 5 0.318873643875
15278 3 0.317837774754
79593 2 0.311887443066
83505 5 0.309995532036
33309 7 0.308203697205
4416 6 0.306881844997
71747 2 0.306451827288
82079 6 0.303531527519
4910 3 0.301900953054
85128 5 0.300881356001
85805 3 0.300696521997
59770 2 0.300196945667
40273 4 0.297720700502
27117 6 0.296761214733
18428 5 0.296578913927
52270 2 0.289372295141
72603 2 0.28712105751
40886 4 0.285812914371
58395 5 0.280878335238
76765 4 0.28035068512
79107 4 0.277824640274
5629 5 0.273873806
39712 3 0.273570179939
5591 5 0.267651945353
21348 5 0.265580117702
39905 3 0.261985987425
5944 2 0.261427074671
87349 5 0.256662964821
44329 5 0.251280039549
34403 5 0.243134468794
88728 5 0.240812107921
65527 8 0.240553900599
79250 5 0.232378721237
87705 2 0.231578141451
87928 2 0.230538696051
69159 5 0.226476326585
9814 5 0.218343570828
83813 4 0.218148306012
10181 2 0.216117113829
58874 4 0.142074361444
