1.0 0.0
0.0 0.0
0.5 0.000577367205543
0.333333333333 0.000577367205543
0.5 0.00115473441109
0.6 0.00173210161663
0.666666666667 0.00230946882217
0.714285714286 0.00288683602771
0.75 0.00346420323326
0.777777777778 0.0040415704388
0.7 0.0040415704388
0.727272727273 0.00461893764434
0.666666666667 0.00461893764434
0.692307692308 0.00519630484988
0.642857142857 0.00519630484988
0.6 0.00519630484988
0.625 0.00577367205543
0.647058823529 0.00635103926097
0.666666666667 0.00692840646651
0.684210526316 0.00750577367206
0.7 0.0080831408776
0.666666666667 0.0080831408776
0.636363636364 0.0080831408776
0.652173913043 0.00866050808314
0.666666666667 0.00923787528868
0.68 0.00981524249423
0.692307692308 0.0103926096998
0.703703703704 0.0109699769053
0.714285714286 0.0115473441109
0.724137931034 0.0121247113164
0.733333333333 0.0127020785219
0.741935483871 0.0132794457275
0.71875 0.0132794457275
0.69696969697 0.0132794457275
0.705882352941 0.013856812933
0.714285714286 0.0144341801386
0.694444444444 0.0144341801386
0.675675675676 0.0144341801386
0.684210526316 0.0150115473441
0.692307692308 0.0155889145497
0.675 0.0155889145497
0.682926829268 0.0161662817552
0.690476190476 0.0167436489607
0.697674418605 0.0173210161663
0.704545454545 0.0178983833718
0.711111111111 0.0184757505774
0.717391304348 0.0190531177829
0.723404255319 0.0196304849885
0.729166666667 0.020207852194
0.734693877551 0.0207852193995
0.74 0.0213625866051
0.725490196078 0.0213625866051
0.730769230769 0.0219399538106
0.735849056604 0.0225173210162
0.740740740741 0.0230946882217
0.745454545455 0.0236720554273
0.75 0.0242494226328
0.736842105263 0.0242494226328
0.741379310345 0.0248267898383
0.745762711864 0.0254041570439
0.75 0.0259815242494
0.754098360656 0.026558891455
0.758064516129 0.0271362586605
0.746031746032 0.0271362586605
0.75 0.0277136258661
0.738461538462 0.0277136258661
0.727272727273 0.0277136258661
0.731343283582 0.0282909930716
0.720588235294 0.0282909930716
0.710144927536 0.0282909930716
0.7 0.0282909930716
0.69014084507 0.0282909930716
0.694444444444 0.0288683602771
0.698630136986 0.0294457274827
0.689189189189 0.0294457274827
0.693333333333 0.0300230946882
0.684210526316 0.0300230946882
0.675324675325 0.0300230946882
0.666666666667 0.0300230946882
0.658227848101 0.0300230946882
0.6625 0.0306004618938
0.666666666667 0.0311778290993
0.670731707317 0.0317551963048
0.674698795181 0.0323325635104
0.666666666667 0.0323325635104
0.670588235294 0.0329099307159
0.662790697674 0.0329099307159
0.655172413793 0.0329099307159
0.647727272727 0.0329099307159
0.651685393258 0.0334872979215
0.644444444444 0.0334872979215
0.637362637363 0.0334872979215
0.630434782609 0.0334872979215
0.634408602151 0.034064665127
0.63829787234 0.0346420323326
0.631578947368 0.0346420323326
0.635416666667 0.0352193995381
0.628865979381 0.0352193995381
0.622448979592 0.0352193995381
0.616161616162 0.0352193995381
0.61 0.0352193995381
0.613861386139 0.0357967667436
0.617647058824 0.0363741339492
0.621359223301 0.0369515011547
0.615384615385 0.0369515011547
0.619047619048 0.0375288683603
0.622641509434 0.0381062355658
0.626168224299 0.0386836027714
0.62037037037 0.0386836027714
0.623853211009 0.0392609699769
0.627272727273 0.0398383371824
0.621621621622 0.0398383371824
0.625 0.040415704388
0.628318584071 0.0409930715935
0.631578947368 0.0415704387991
0.634782608696 0.0421478060046
0.629310344828 0.0421478060046
0.623931623932 0.0421478060046
0.618644067797 0.0421478060046
0.613445378151 0.0421478060046
0.608333333333 0.0421478060046
0.611570247934 0.0427251732102
0.614754098361 0.0433025404157
0.609756097561 0.0433025404157
0.612903225806 0.0438799076212
0.608 0.0438799076212
0.603174603175 0.0438799076212
0.606299212598 0.0444572748268
0.609375 0.0450346420323
0.604651162791 0.0450346420323
0.607692307692 0.0456120092379
0.603053435115 0.0456120092379
0.606060606061 0.0461893764434
0.601503759398 0.0461893764434
0.60447761194 0.046766743649
0.607407407407 0.0473441108545
0.602941176471 0.0473441108545
0.598540145985 0.0473441108545
0.594202898551 0.0473441108545
0.589928057554 0.0473441108545
0.592857142857 0.04792147806
0.58865248227 0.04792147806
0.591549295775 0.0484988452656
0.594405594406 0.0490762124711
0.590277777778 0.0490762124711
0.593103448276 0.0496535796767
0.595890410959 0.0502309468822
0.591836734694 0.0502309468822
0.594594594595 0.0508083140878
0.597315436242 0.0513856812933
0.593333333333 0.0513856812933
0.58940397351 0.0513856812933
0.585526315789 0.0513856812933
0.581699346405 0.0513856812933
0.577922077922 0.0513856812933
0.58064516129 0.0519630484988
0.576923076923 0.0519630484988
0.579617834395 0.0525404157044
0.575949367089 0.0525404157044
0.578616352201 0.0531177829099
0.58125 0.0536951501155
0.577639751553 0.0536951501155
0.574074074074 0.0536951501155
0.576687116564 0.054272517321
0.573170731707 0.054272517321
0.575757575758 0.0548498845266
0.572289156627 0.0548498845266
0.568862275449 0.0548498845266
0.571428571429 0.0554272517321
0.573964497041 0.0560046189376
0.570588235294 0.0560046189376
0.567251461988 0.0560046189376
0.56976744186 0.0565819861432
0.566473988439 0.0565819861432
0.563218390805 0.0565819861432
0.56 0.0565819861432
0.5625 0.0571593533487
0.564971751412 0.0577367205543
0.561797752809 0.0577367205543
0.558659217877 0.0577367205543
0.561111111111 0.0583140877598
0.558011049724 0.0583140877598
0.56043956044 0.0588914549654
0.562841530055 0.0594688221709
0.565217391304 0.0600461893764
0.567567567568 0.060623556582
0.569892473118 0.0612009237875
0.566844919786 0.0612009237875
0.56914893617 0.0617782909931
0.566137566138 0.0617782909931
0.563157894737 0.0617782909931
0.560209424084 0.0617782909931
0.5625 0.0623556581986
0.564766839378 0.0629330254042
0.561855670103 0.0629330254042
0.564102564103 0.0635103926097
0.561224489796 0.0635103926097
0.558375634518 0.0635103926097
0.555555555556 0.0635103926097
0.557788944724 0.0640877598152
0.56 0.0646651270208
0.562189054726 0.0652424942263
0.564356435644 0.0658198614319
0.566502463054 0.0663972286374
0.563725490196 0.0663972286374
0.565853658537 0.066974595843
0.563106796117 0.066974595843
0.565217391304 0.0675519630485
0.5625 0.0675519630485
0.564593301435 0.068129330254
0.561904761905 0.068129330254
0.563981042654 0.0687066974596
0.561320754717 0.0687066974596
0.558685446009 0.0687066974596
0.556074766355 0.0687066974596
0.558139534884 0.0692840646651
0.555555555556 0.0692840646651
0.552995391705 0.0692840646651
0.550458715596 0.0692840646651
0.547945205479 0.0692840646651
0.545454545455 0.0692840646651
0.547511312217 0.0698614318707
0.545045045045 0.0698614318707
0.542600896861 0.0698614318707
0.544642857143 0.0704387990762
0.542222222222 0.0704387990762
0.53982300885 0.0704387990762
0.541850220264 0.0710161662818
0.543859649123 0.0715935334873
0.541484716157 0.0715935334873
0.54347826087 0.0721709006928
0.545454545455 0.0727482678984
0.543103448276 0.0727482678984
0.540772532189 0.0727482678984
0.538461538462 0.0727482678984
0.536170212766 0.0727482678984
0.533898305085 0.0727482678984
0.53164556962 0.0727482678984
0.529411764706 0.0727482678984
0.52719665272 0.0727482678984
0.525 0.0727482678984
0.522821576763 0.0727482678984
0.520661157025 0.0727482678984
0.522633744856 0.0733256351039
0.524590163934 0.0739030023095
0.522448979592 0.0739030023095
0.520325203252 0.0739030023095
0.518218623482 0.0739030023095
0.516129032258 0.0739030023095
0.5140562249 0.0739030023095
0.516 0.074480369515
0.517928286853 0.0750577367206
0.519841269841 0.0756351039261
0.521739130435 0.0762124711316
0.51968503937 0.0762124711316
0.517647058824 0.0762124711316
0.515625 0.0762124711316
0.513618677043 0.0762124711316
0.511627906977 0.0762124711316
0.513513513514 0.0767898383372
0.511538461538 0.0767898383372
0.509578544061 0.0767898383372
0.507633587786 0.0767898383372
0.505703422053 0.0767898383372
0.503787878788 0.0767898383372
0.505660377358 0.0773672055427
0.507518796992 0.0779445727483
0.505617977528 0.0779445727483
0.503731343284 0.0779445727483
0.501858736059 0.0779445727483
0.5 0.0779445727483
0.49815498155 0.0779445727483
0.5 0.0785219399538
0.498168498168 0.0785219399538
0.496350364964 0.0785219399538
0.494545454545 0.0785219399538
0.492753623188 0.0785219399538
0.490974729242 0.0785219399538
0.492805755396 0.0790993071594
0.491039426523 0.0790993071594
0.489285714286 0.0790993071594
0.487544483986 0.0790993071594
0.489361702128 0.0796766743649
0.491166077739 0.0802540415704
0.489436619718 0.0802540415704
0.487719298246 0.0802540415704
0.486013986014 0.0802540415704
0.484320557491 0.0802540415704
0.482638888889 0.0802540415704
0.484429065744 0.080831408776
0.48275862069 0.080831408776
0.481099656357 0.080831408776
0.479452054795 0.080831408776
0.481228668942 0.0814087759815
0.482993197279 0.0819861431871
0.481355932203 0.0819861431871
0.483108108108 0.0825635103926
0.481481481481 0.0825635103926
0.48322147651 0.0831408775982
0.481605351171 0.0831408775982
0.48 0.0831408775982
0.478405315615 0.0831408775982
0.476821192053 0.0831408775982
0.478547854785 0.0837182448037
0.476973684211 0.0837182448037
0.47868852459 0.0842956120092
0.477124183007 0.0842956120092
0.475570032573 0.0842956120092
0.474025974026 0.0842956120092
0.47572815534 0.0848729792148
0.474193548387 0.0848729792148
0.472668810289 0.0848729792148
0.474358974359 0.0854503464203
0.476038338658 0.0860277136259
0.477707006369 0.0866050808314
0.47619047619 0.0866050808314
0.477848101266 0.087182448037
0.476340694006 0.087182448037
0.474842767296 0.087182448037
0.473354231975 0.087182448037
0.471875 0.087182448037
0.470404984424 0.087182448037
0.468944099379 0.087182448037
0.467492260062 0.087182448037
0.466049382716 0.087182448037
0.467692307692 0.0877598152425
0.469325153374 0.088337182448
0.467889908257 0.088337182448
0.469512195122 0.0889145496536
0.468085106383 0.0889145496536
0.466666666667 0.0889145496536
0.465256797583 0.0889145496536
0.463855421687 0.0889145496536
0.462462462462 0.0889145496536
0.461077844311 0.0889145496536
0.459701492537 0.0889145496536
0.46130952381 0.0894919168591
0.462908011869 0.0900692840647
0.46449704142 0.0906466512702
0.466076696165 0.0912240184758
0.464705882353 0.0912240184758
0.463343108504 0.0912240184758
0.461988304094 0.0912240184758
0.460641399417 0.0912240184758
0.462209302326 0.0918013856813
0.463768115942 0.0923787528868
0.462427745665 0.0923787528868
0.463976945245 0.0929561200924
0.462643678161 0.0929561200924
0.461318051576 0.0929561200924
0.462857142857 0.0935334872979
0.461538461538 0.0935334872979
0.460227272727 0.0935334872979
0.458923512748 0.0935334872979
0.460451977401 0.0941108545035
0.459154929577 0.0941108545035
0.457865168539 0.0941108545035
0.459383753501 0.094688221709
0.458100558659 0.094688221709
0.456824512535 0.094688221709
0.455555555556 0.094688221709
0.457063711911 0.0952655889145
0.458563535912 0.0958429561201
0.457300275482 0.0958429561201
0.458791208791 0.0964203233256
0.457534246575 0.0964203233256
0.456284153005 0.0964203233256
0.457765667575 0.0969976905312
0.45652173913 0.0969976905312
0.455284552846 0.0969976905312
0.454054054054 0.0969976905312
0.455525606469 0.0975750577367
0.454301075269 0.0975750577367
0.45308310992 0.0975750577367
0.451871657754 0.0975750577367
0.453333333333 0.0981524249423
0.452127659574 0.0981524249423
0.450928381963 0.0981524249423
0.449735449735 0.0981524249423
0.451187335092 0.0987297921478
0.452631578947 0.0993071593533
0.451443569554 0.0993071593533
0.450261780105 0.0993071593533
0.44908616188 0.0993071593533
0.447916666667 0.0993071593533
0.446753246753 0.0993071593533
0.448186528497 0.0998845265589
0.449612403101 0.100461893764
0.448453608247 0.100461893764
0.447300771208 0.100461893764
0.448717948718 0.10103926097
0.447570332481 0.10103926097
0.446428571429 0.10103926097
0.447837150127 0.101616628176
0.44923857868 0.102193995381
0.450632911392 0.102771362587
0.449494949495 0.102771362587
0.450881612091 0.103348729792
0.449748743719 0.103348729792
0.451127819549 0.103926096998
0.45 0.103926096998
0.448877805486 0.103926096998
0.44776119403 0.103926096998
0.449131513648 0.104503464203
0.44801980198 0.104503464203
0.446913580247 0.104503464203
0.445812807882 0.104503464203
0.444717444717 0.104503464203
0.44362745098 0.104503464203
0.442542787286 0.104503464203
0.443902439024 0.105080831409
0.442822384428 0.105080831409
0.441747572816 0.105080831409
0.440677966102 0.105080831409
0.442028985507 0.105658198614
0.440963855422 0.105658198614
0.442307692308 0.10623556582
0.441247002398 0.10623556582
0.44019138756 0.10623556582
0.439140811456 0.10623556582
0.438095238095 0.10623556582
0.437054631829 0.10623556582
0.438388625592 0.106812933025
0.439716312057 0.107390300231
0.438679245283 0.107390300231
0.437647058824 0.107390300231
0.43661971831 0.107390300231
0.435597189696 0.107390300231
0.43691588785 0.107967667436
0.435897435897 0.107967667436
0.437209302326 0.108545034642
0.436194895592 0.108545034642
0.435185185185 0.108545034642
0.43648960739 0.109122401848
0.435483870968 0.109122401848
0.434482758621 0.109122401848
0.433486238532 0.109122401848
0.432494279176 0.109122401848
0.431506849315 0.109122401848
0.430523917995 0.109122401848
0.429545454545 0.109122401848
0.428571428571 0.109122401848
0.429864253394 0.109699769053
0.428893905192 0.109699769053
0.427927927928 0.109699769053
0.426966292135 0.109699769053
0.42600896861 0.109699769053
0.425055928412 0.109699769053
0.426339285714 0.110277136259
0.425389755011 0.110277136259
0.426666666667 0.110854503464
0.427937915743 0.11143187067
0.426991150442 0.11143187067
0.426048565121 0.11143187067
0.425110132159 0.11143187067
0.426373626374 0.112009237875
0.425438596491 0.112009237875
0.424507658643 0.112009237875
0.423580786026 0.112009237875
0.42265795207 0.112009237875
0.423913043478 0.112586605081
0.425162689805 0.113163972286
0.426406926407 0.113741339492
0.427645788337 0.114318706697
0.426724137931 0.114318706697
0.425806451613 0.114318706697
0.427038626609 0.114896073903
0.426124197002 0.114896073903
0.42735042735 0.115473441109
0.426439232409 0.115473441109
0.425531914894 0.115473441109
0.424628450106 0.115473441109
0.425847457627 0.116050808314
0.427061310782 0.11662817552
0.426160337553 0.11662817552
0.427368421053 0.117205542725
0.428571428571 0.117782909931
0.427672955975 0.117782909931
0.426778242678 0.117782909931
0.427974947808 0.118360277136
0.427083333333 0.118360277136
0.426195426195 0.118360277136
0.427385892116 0.118937644342
0.428571428571 0.119515011547
0.429752066116 0.120092378753
0.428865979381 0.120092378753
0.430041152263 0.120669745958
0.431211498973 0.121247113164
0.43237704918 0.12182448037
0.431492842536 0.12182448037
0.430612244898 0.12182448037
0.431771894094 0.122401847575
0.430894308943 0.122401847575
0.432048681542 0.122979214781
0.431174089069 0.122979214781
0.430303030303 0.122979214781
0.431451612903 0.123556581986
0.432595573441 0.124133949192
0.431726907631 0.124133949192
0.432865731463 0.124711316397
0.432 0.124711316397
0.433133732535 0.125288683603
0.432270916335 0.125288683603
0.433399602386 0.125866050808
0.43253968254 0.125866050808
0.431683168317 0.125866050808
0.430830039526 0.125866050808
0.429980276134 0.125866050808
0.429133858268 0.125866050808
0.428290766208 0.125866050808
0.427450980392 0.125866050808
0.426614481409 0.125866050808
0.427734375 0.126443418014
0.426900584795 0.126443418014
0.426070038911 0.126443418014
0.425242718447 0.126443418014
0.424418604651 0.126443418014
0.425531914894 0.127020785219
0.426640926641 0.127598152425
0.425818882466 0.127598152425
0.425 0.127598152425
0.426103646833 0.12817551963
0.425287356322 0.12817551963
0.42447418738 0.12817551963
0.423664122137 0.12817551963
0.422857142857 0.12817551963
0.423954372624 0.128752886836
0.423149905123 0.128752886836
0.422348484848 0.128752886836
0.421550094518 0.128752886836
0.420754716981 0.128752886836
0.419962335217 0.128752886836
0.421052631579 0.129330254042
0.420262664165 0.129330254042
0.419475655431 0.129330254042
0.418691588785 0.129330254042
0.417910447761 0.129330254042
0.417132216015 0.129330254042
0.418215613383 0.129907621247
0.417439703154 0.129907621247
0.416666666667 0.129907621247
0.415896487985 0.129907621247
0.415129151292 0.129907621247
0.414364640884 0.129907621247
0.413602941176 0.129907621247
0.414678899083 0.130484988453
0.413919413919 0.130484988453
0.413162705667 0.130484988453
0.412408759124 0.130484988453
0.411657559199 0.130484988453
0.410909090909 0.130484988453
0.411978221416 0.131062355658
0.411231884058 0.131062355658
0.410488245931 0.131062355658
0.409747292419 0.131062355658
0.410810810811 0.131639722864
0.410071942446 0.131639722864
0.411131059246 0.132217090069
0.410394265233 0.132217090069
0.409660107335 0.132217090069
0.408928571429 0.132217090069
0.409982174688 0.132794457275
0.409252669039 0.132794457275
0.408525754885 0.132794457275
0.40780141844 0.132794457275
0.408849557522 0.13337182448
0.408127208481 0.13337182448
0.407407407407 0.13337182448
0.406690140845 0.13337182448
0.405975395431 0.13337182448
0.40701754386 0.133949191686
0.406304728546 0.133949191686
0.405594405594 0.133949191686
0.406631762653 0.134526558891
0.407665505226 0.135103926097
0.406956521739 0.135103926097
0.407986111111 0.135681293303
0.407279029463 0.135681293303
0.406574394464 0.135681293303
0.407599309154 0.136258660508
0.406896551724 0.136258660508
0.407917383821 0.136836027714
0.407216494845 0.136836027714
0.408233276158 0.137413394919
0.409246575342 0.137990762125
0.410256410256 0.13856812933
0.409556313993 0.13856812933
0.408858603066 0.13856812933
0.408163265306 0.13856812933
0.409168081494 0.139145496536
0.410169491525 0.139722863741
0.409475465313 0.139722863741
0.408783783784 0.139722863741
0.408094435076 0.139722863741
0.407407407407 0.139722863741
0.408403361345 0.140300230947
0.407718120805 0.140300230947
0.407035175879 0.140300230947
0.40635451505 0.140300230947
0.405676126878 0.140300230947
0.405 0.140300230947
0.404326123128 0.140300230947
0.40365448505 0.140300230947
0.402985074627 0.140300230947
0.402317880795 0.140300230947
0.401652892562 0.140300230947
0.40099009901 0.140300230947
0.400329489292 0.140300230947
0.401315789474 0.140877598152
0.40065681445 0.140877598152
0.401639344262 0.141454965358
0.402618657938 0.142032332564
0.403594771242 0.142609699769
0.402936378467 0.142609699769
0.402280130293 0.142609699769
0.40162601626 0.142609699769
0.400974025974 0.142609699769
0.401944894652 0.143187066975
0.402912621359 0.14376443418
0.403877221325 0.144341801386
0.403225806452 0.144341801386
0.402576489533 0.144341801386
0.40192926045 0.144341801386
0.401284109149 0.144341801386
0.400641025641 0.144341801386
0.4 0.144341801386
0.399361022364 0.144341801386
0.398724082935 0.144341801386
0.398089171975 0.144341801386
0.399046104928 0.144919168591
0.398412698413 0.144919168591
0.397781299525 0.144919168591
0.397151898734 0.144919168591
0.396524486572 0.144919168591
0.395899053628 0.144919168591
0.395275590551 0.144919168591
0.396226415094 0.145496535797
0.397174254317 0.146073903002
0.396551724138 0.146073903002
0.397496087637 0.146651270208
0.3984375 0.147228637413
0.397815912637 0.147228637413
0.398753894081 0.147806004619
0.399688958009 0.148383371824
0.399068322981 0.148383371824
0.398449612403 0.148383371824
0.397832817337 0.148383371824
0.397217928903 0.148383371824
0.398148148148 0.14896073903
0.397534668721 0.14896073903
0.396923076923 0.14896073903
0.396313364055 0.14896073903
0.395705521472 0.14896073903
0.395099540582 0.14896073903
0.396024464832 0.149538106236
0.395419847328 0.149538106236
0.396341463415 0.150115473441
0.395738203957 0.150115473441
0.395136778116 0.150115473441
0.394537177542 0.150115473441
0.393939393939 0.150115473441
0.393343419062 0.150115473441
0.392749244713 0.150115473441
0.392156862745 0.150115473441
0.39156626506 0.150115473441
0.392481203008 0.150692840647
0.393393393393 0.151270207852
0.392803598201 0.151270207852
0.392215568862 0.151270207852
0.391629297459 0.151270207852
0.391044776119 0.151270207852
0.391952309985 0.151847575058
0.392857142857 0.152424942263
0.393759286776 0.153002309469
0.393175074184 0.153002309469
0.392592592593 0.153002309469
0.39349112426 0.153579676674
0.394387001477 0.15415704388
0.393805309735 0.15415704388
0.39469808542 0.154734411085
0.394117647059 0.154734411085
0.393538913363 0.154734411085
0.392961876833 0.154734411085
0.392386530015 0.154734411085
0.391812865497 0.154734411085
0.391240875912 0.154734411085
0.390670553936 0.154734411085
0.390101892285 0.154734411085
0.389534883721 0.154734411085
0.388969521045 0.154734411085
0.389855072464 0.155311778291
0.389290882779 0.155311778291
0.388728323699 0.155311778291
0.38961038961 0.155889145497
0.389048991354 0.155889145497
0.389928057554 0.156466512702
0.389367816092 0.156466512702
0.388809182209 0.156466512702
0.388252148997 0.156466512702
0.387696709585 0.156466512702
0.388571428571 0.157043879908
0.389443651926 0.157621247113
0.388888888889 0.157621247113
0.388335704125 0.157621247113
0.387784090909 0.157621247113
0.387234042553 0.157621247113
0.388101983003 0.158198614319
0.387553041018 0.158198614319
0.388418079096 0.158775981524
0.38928067701 0.15935334873
0.388732394366 0.15935334873
0.389592123769 0.159930715935
0.38904494382 0.159930715935
0.388499298738 0.159930715935
0.389355742297 0.160508083141
0.388811188811 0.160508083141
0.388268156425 0.160508083141
0.387726638773 0.160508083141
0.387186629526 0.160508083141
0.386648122392 0.160508083141
0.386111111111 0.160508083141
0.385575589459 0.160508083141
0.386426592798 0.161085450346
0.387275242047 0.161662817552
0.386740331492 0.161662817552
0.386206896552 0.161662817552
0.387052341598 0.162240184758
0.387895460798 0.162817551963
0.387362637363 0.162817551963
0.38683127572 0.162817551963
0.386301369863 0.162817551963
0.385772913817 0.162817551963
0.385245901639 0.162817551963
0.386084583902 0.163394919169
0.385558583106 0.163394919169
0.385034013605 0.163394919169
0.385869565217 0.163972286374
0.385345997286 0.163972286374
0.384823848238 0.163972286374
0.385656292287 0.16454965358
0.385135135135 0.16454965358
0.385964912281 0.165127020785
0.385444743935 0.165127020785
0.384925975774 0.165127020785
0.385752688172 0.165704387991
0.385234899329 0.165704387991
0.386058981233 0.166281755196
0.385542168675 0.166281755196
0.385026737968 0.166281755196
0.384512683578 0.166281755196
0.384 0.166281755196
0.383488681758 0.166281755196
0.382978723404 0.166281755196
0.382470119522 0.166281755196
0.383289124668 0.166859122402
0.382781456954 0.166859122402
0.382275132275 0.166859122402
0.38177014531 0.166859122402
0.381266490765 0.166859122402
0.380764163373 0.166859122402
0.380263157895 0.166859122402
0.37976346912 0.166859122402
0.380577427822 0.167436489607
0.381389252949 0.168013856813
0.380890052356 0.168013856813
0.381699346405 0.168591224018
0.382506527415 0.169168591224
0.382007822686 0.169168591224
0.381510416667 0.169168591224
0.381014304291 0.169168591224
0.381818181818 0.16974595843
0.381322957198 0.16974595843
0.382124352332 0.170323325635
0.381630012937 0.170323325635
0.381136950904 0.170323325635
0.381935483871 0.170900692841
0.381443298969 0.170900692841
0.380952380952 0.170900692841
0.380462724936 0.170900692841
0.381258023107 0.171478060046
0.380769230769 0.171478060046
0.381562099872 0.172055427252
0.382352941176 0.172632794457
0.381864623244 0.172632794457
0.382653061224 0.173210161663
0.382165605096 0.173210161663
0.382951653944 0.173787528868
0.382465057179 0.173787528868
0.383248730964 0.174364896074
0.382762991128 0.174364896074
0.382278481013 0.174364896074
0.381795195954 0.174364896074
0.381313131313 0.174364896074
0.380832282472 0.174364896074
0.380352644836 0.174364896074
0.379874213836 0.174364896074
0.380653266332 0.174942263279
0.38017565872 0.174942263279
0.37969924812 0.174942263279
0.380475594493 0.175519630485
0.38 0.175519630485
0.380774032459 0.176096997691
0.38029925187 0.176096997691
0.379825653798 0.176096997691
0.379353233831 0.176096997691
0.378881987578 0.176096997691
0.379652605459 0.176674364896
0.379182156134 0.176674364896
0.378712871287 0.176674364896
0.379480840544 0.177251732102
0.38024691358 0.177829099307
0.379778051788 0.177829099307
0.379310344828 0.177829099307
0.378843788438 0.177829099307
0.378378378378 0.177829099307
0.377914110429 0.177829099307
0.377450980392 0.177829099307
0.376988984088 0.177829099307
0.376528117359 0.177829099307
0.376068376068 0.177829099307
0.376829268293 0.178406466513
0.376370280146 0.178406466513
0.375912408759 0.178406466513
0.375455650061 0.178406466513
0.375 0.178406466513
0.374545454545 0.178406466513
0.374092009685 0.178406466513
0.37484885127 0.178983833718
0.374396135266 0.178983833718
0.37394451146 0.178983833718
0.374698795181 0.179561200924
0.374247894103 0.179561200924
0.373798076923 0.179561200924
0.374549819928 0.180138568129
0.374100719424 0.180138568129
0.373652694611 0.180138568129
0.373205741627 0.180138568129
0.372759856631 0.180138568129
0.3723150358 0.180138568129
0.371871275328 0.180138568129
0.371428571429 0.180138568129
0.370986920333 0.180138568129
0.37054631829 0.180138568129
0.370106761566 0.180138568129
0.370853080569 0.180715935335
0.371597633136 0.18129330254
0.371158392435 0.18129330254
0.370720188902 0.18129330254
0.370283018868 0.18129330254
0.369846878681 0.18129330254
0.369411764706 0.18129330254
0.368977673325 0.18129330254
0.369718309859 0.181870669746
0.369284876905 0.181870669746
0.368852459016 0.181870669746
0.369590643275 0.182448036952
0.370327102804 0.183025404157
0.369894982497 0.183025404157
0.369463869464 0.183025404157
0.37019790454 0.183602771363
0.36976744186 0.183602771363
0.369337979094 0.183602771363
0.368909512761 0.183602771363
0.368482039397 0.183602771363
0.368055555556 0.183602771363
0.367630057803 0.183602771363
0.367205542725 0.183602771363
0.367935409458 0.184180138568
0.367511520737 0.184180138568
0.367088607595 0.184180138568
0.366666666667 0.184180138568
0.36739380023 0.184757505774
0.366972477064 0.184757505774
0.366552119129 0.184757505774
0.367276887872 0.185334872979
0.366857142857 0.185334872979
0.366438356164 0.185334872979
0.366020524515 0.185334872979
0.365603644647 0.185334872979
0.365187713311 0.185334872979
0.364772727273 0.185334872979
0.365493757094 0.185912240185
0.365079365079 0.185912240185
0.364665911665 0.185912240185
0.364253393665 0.185912240185
0.364971751412 0.18648960739
0.364559819413 0.18648960739
0.36527621195 0.187066974596
0.364864864865 0.187066974596
0.364454443195 0.187066974596
0.36404494382 0.187066974596
0.363636363636 0.187066974596
0.363228699552 0.187066974596
0.362821948488 0.187066974596
0.363534675615 0.187644341801
0.364245810056 0.188221709007
0.364955357143 0.188799076212
0.364548494983 0.188799076212
0.364142538976 0.188799076212
0.363737486096 0.188799076212
0.363333333333 0.188799076212
0.362930077691 0.188799076212
0.362527716186 0.188799076212
0.362126245847 0.188799076212
0.361725663717 0.188799076212
0.362430939227 0.189376443418
0.363134657837 0.189953810624
0.362734288864 0.189953810624
0.363436123348 0.190531177829
0.364136413641 0.191108545035
0.363736263736 0.191108545035
0.363336992316 0.191108545035
0.364035087719 0.19168591224
0.363636363636 0.19168591224
0.363238512035 0.19168591224
0.362841530055 0.19168591224
0.362445414847 0.19168591224
0.363140676118 0.192263279446
0.362745098039 0.192263279446
0.362350380849 0.192263279446
0.361956521739 0.192263279446
0.362649294245 0.192840646651
0.362255965293 0.192840646651
0.362946912243 0.193418013857
0.362554112554 0.193418013857
0.362162162162 0.193418013857
0.361771058315 0.193418013857
0.361380798274 0.193418013857
0.36099137931 0.193418013857
0.360602798708 0.193418013857
0.361290322581 0.193995381062
0.361976369495 0.194572748268
0.361587982833 0.194572748268
0.361200428725 0.194572748268
0.360813704497 0.194572748268
0.360427807487 0.194572748268
0.361111111111 0.195150115473
0.361792956243 0.195727482679
0.362473347548 0.196304849885
0.362087326944 0.196304849885
0.36170212766 0.196304849885
0.361317747078 0.196304849885
0.36093418259 0.196304849885
0.360551431601 0.196304849885
0.360169491525 0.196304849885
0.359788359788 0.196304849885
0.359408033827 0.196304849885
0.359028511088 0.196304849885
0.35864978903 0.196304849885
0.358271865121 0.196304849885
0.357894736842 0.196304849885
0.357518401682 0.196304849885
0.357142857143 0.196304849885
0.356768100735 0.196304849885
0.356394129979 0.196304849885
0.357068062827 0.19688221709
0.356694560669 0.19688221709
0.35632183908 0.19688221709
0.355949895616 0.19688221709
0.356621480709 0.197459584296
0.35625 0.197459584296
0.355879292404 0.197459584296
0.355509355509 0.197459584296
0.355140186916 0.197459584296
0.355809128631 0.198036951501
0.355440414508 0.198036951501
0.356107660455 0.198614318707
0.355739400207 0.198614318707
0.356404958678 0.199191685912
0.357069143447 0.199769053118
0.357731958763 0.200346420323
0.357363542739 0.200346420323
0.358024691358 0.200923787529
0.357656731757 0.200923787529
0.357289527721 0.200923787529
0.356923076923 0.200923787529
0.357581967213 0.201501154734
0.357215967247 0.201501154734
0.356850715746 0.201501154734
0.357507660878 0.20207852194
0.357142857143 0.20207852194
0.357798165138 0.202655889145
0.357433808554 0.202655889145
0.357070193286 0.202655889145
0.356707317073 0.202655889145
0.356345177665 0.202655889145
0.355983772819 0.202655889145
0.355623100304 0.202655889145
0.355263157895 0.202655889145
0.355915065723 0.203233256351
0.355555555556 0.203233256351
0.355196770938 0.203233256351
0.354838709677 0.203233256351
0.354481369587 0.203233256351
0.354124748491 0.203233256351
0.353768844221 0.203233256351
0.354417670683 0.203810623557
0.35406218656 0.203810623557
0.35370741483 0.203810623557
0.354354354354 0.204387990762
0.354 0.204387990762
0.353646353646 0.204387990762
0.353293413174 0.204387990762
0.353938185444 0.204965357968
0.354581673307 0.205542725173
0.354228855721 0.205542725173
0.353876739563 0.205542725173
0.353525322741 0.205542725173
0.353174603175 0.205542725173
0.352824578791 0.205542725173
0.352475247525 0.205542725173
0.352126607319 0.205542725173
0.352766798419 0.206120092379
0.352418558736 0.206120092379
0.353057199211 0.206697459584
0.352709359606 0.206697459584
0.352362204724 0.206697459584
0.352999016716 0.20727482679
0.352652259332 0.20727482679
0.352306182532 0.20727482679
0.352941176471 0.207852193995
0.353574926543 0.208429561201
0.353228962818 0.208429561201
0.352883675464 0.208429561201
0.3525390625 0.208429561201
0.353170731707 0.209006928406
0.352826510721 0.209006928406
0.352482960078 0.209006928406
0.352140077821 0.209006928406
0.351797862002 0.209006928406
0.35145631068 0.209006928406
0.35111542192 0.209006928406
0.351744186047 0.209584295612
0.351403678606 0.209584295612
0.351063829787 0.209584295612
0.351690821256 0.210161662818
0.351351351351 0.210161662818
0.351976856316 0.210739030023
0.351637764933 0.210739030023
0.351299326275 0.210739030023
0.350961538462 0.210739030023
0.350624399616 0.210739030023
0.350287907869 0.210739030023
0.349952061361 0.210739030023
0.349616858238 0.210739030023
0.349282296651 0.210739030023
0.348948374761 0.210739030023
0.349570200573 0.211316397229
0.350190839695 0.211893764434
0.35081029552 0.21247113164
0.350476190476 0.21247113164
0.350142721218 0.21247113164
0.350760456274 0.213048498845
0.350427350427 0.213048498845
0.35009487666 0.213048498845
0.349763033175 0.213048498845
0.349431818182 0.213048498845
0.349101229896 0.213048498845
0.348771266541 0.213048498845
0.348441926346 0.213048498845
0.349056603774 0.213625866051
0.349670122526 0.214203233256
0.350282485876 0.214780600462
0.349952963311 0.214780600462
0.34962406015 0.214780600462
0.349295774648 0.214780600462
0.34990619137 0.215357967667
0.349578256795 0.215357967667
0.34925093633 0.215357967667
0.349859681946 0.215935334873
0.34953271028 0.215935334873
0.350140056022 0.216512702079
0.349813432836 0.216512702079
0.349487418453 0.216512702079
0.35009310987 0.217090069284
0.34976744186 0.217090069284
0.350371747212 0.21766743649
0.350046425255 0.21766743649
0.349721706865 0.21766743649
0.349397590361 0.21766743649
0.349074074074 0.21766743649
0.348751156337 0.21766743649
0.34842883549 0.21766743649
0.34810710988 0.21766743649
0.34778597786 0.21766743649
0.347465437788 0.21766743649
0.347145488029 0.21766743649
0.346826126955 0.21766743649
0.346507352941 0.21766743649
0.346189164371 0.21766743649
0.345871559633 0.21766743649
0.345554537122 0.21766743649
0.345238095238 0.21766743649
0.344922232388 0.21766743649
0.345521023766 0.218244803695
0.346118721461 0.218822170901
0.345802919708 0.218822170901
0.34548769371 0.218822170901
0.345173041894 0.218822170901
0.344858962693 0.218822170901
0.344545454545 0.218822170901
0.344232515895 0.218822170901
0.343920145191 0.218822170901
0.344514959202 0.219399538106
0.344202898551 0.219399538106
0.343891402715 0.219399538106
0.343580470163 0.219399538106
0.343270099368 0.219399538106
0.342960288809 0.219399538106
0.34265103697 0.219399538106
0.343243243243 0.219976905312
0.342934293429 0.219976905312
0.342625899281 0.219976905312
0.342318059299 0.219976905312
0.342010771993 0.219976905312
0.341704035874 0.219976905312
0.34229390681 0.220554272517
0.341987466428 0.220554272517
0.342576028623 0.221131639723
0.342269883825 0.221131639723
0.342857142857 0.221709006928
0.342551293488 0.221709006928
0.342245989305 0.221709006928
0.342831700801 0.222286374134
0.343416370107 0.222863741339
0.343111111111 0.222863741339
0.342806394316 0.222863741339
0.343389529725 0.223441108545
0.343085106383 0.223441108545
0.343666961913 0.224018475751
0.343362831858 0.224018475751
0.343943412909 0.224595842956
0.343639575972 0.224595842956
0.343336275375 0.224595842956
0.3430335097 0.224595842956
0.342731277533 0.224595842956
0.342429577465 0.224595842956
0.342128408091 0.224595842956
0.341827768014 0.224595842956
0.341527655838 0.224595842956
0.341228070175 0.224595842956
0.340929009641 0.224595842956
0.340630472855 0.224595842956
0.340332458443 0.224595842956
0.340034965035 0.224595842956
0.339737991266 0.224595842956
0.340314136126 0.225173210162
0.340017436792 0.225173210162
0.339721254355 0.225173210162
0.340295909487 0.225750577367
0.340869565217 0.226327944573
0.340573414422 0.226327944573
0.340277777778 0.226327944573
0.339982653946 0.226327944573
0.339688041594 0.226327944573
0.339393939394 0.226327944573
0.339965397924 0.226905311778
0.339671564391 0.226905311778
0.339378238342 0.226905311778
0.339948231234 0.227482678984
0.339655172414 0.227482678984
0.339362618432 0.227482678984
0.339070567986 0.227482678984
0.338779019776 0.227482678984
0.338487972509 0.227482678984
0.339055793991 0.228060046189
0.338765008576 0.228060046189
0.338474721508 0.228060046189
0.338184931507 0.228060046189
0.337895637297 0.228060046189
0.338461538462 0.228637413395
0.338172502135 0.228637413395
0.337883959044 0.228637413395
0.337595907928 0.228637413395
0.338160136286 0.2292147806
0.337872340426 0.2292147806
0.33843537415 0.229792147806
0.338147833475 0.229792147806
0.337860780985 0.229792147806
0.338422391858 0.230369515012
0.33813559322 0.230369515012
0.337849280271 0.230369515012
0.337563451777 0.230369515012
0.337278106509 0.230369515012
0.336993243243 0.230369515012
0.337552742616 0.230946882217
0.338111298482 0.231524249423
0.338668913227 0.232101616628
0.338383838384 0.232101616628
0.338940285955 0.232678983834
0.338655462185 0.232678983834
0.338371116709 0.232678983834
0.338087248322 0.232678983834
0.337803855826 0.232678983834
0.337520938023 0.232678983834
0.338075313808 0.233256351039
0.338628762542 0.233833718245
0.338345864662 0.233833718245
0.338063439065 0.233833718245
0.33778148457 0.233833718245
0.3375 0.233833718245
0.33721898418 0.233833718245
0.33693843594 0.233833718245
0.33748960931 0.23441108545
0.337209302326 0.23441108545
0.3377593361 0.234988452656
0.337479270315 0.234988452656
0.3371996686 0.234988452656
0.336920529801 0.234988452656
0.336641852771 0.234988452656
0.336363636364 0.234988452656
0.33691164327 0.235565819861
0.336633663366 0.235565819861
0.336356141797 0.235565819861
0.336902800659 0.236143187067
0.336625514403 0.236143187067
0.337171052632 0.236720554273
0.336894001643 0.236720554273
0.336617405583 0.236720554273
0.336341263331 0.236720554273
0.33606557377 0.236720554273
0.33579033579 0.236720554273
0.335515548282 0.236720554273
0.335241210139 0.236720554273
0.334967320261 0.236720554273
0.334693877551 0.236720554273
0.334420880914 0.236720554273
0.334148329258 0.236720554273
0.333876221498 0.236720554273
0.33360455655 0.236720554273
0.333333333333 0.236720554273
0.333874898457 0.237297921478
0.333603896104 0.237297921478
0.333333333333 0.237297921478
0.333873581848 0.237875288684
0.333603238866 0.237875288684
0.334142394822 0.238452655889
0.334680679062 0.239030023095
0.334410339257 0.239030023095
0.334140435835 0.239030023095
0.333870967742 0.239030023095
0.333601933924 0.239030023095
0.334138486312 0.2396073903
0.334674175382 0.240184757506
0.334405144695 0.240184757506
0.334136546185 0.240184757506
0.333868378812 0.240184757506
0.334402566159 0.240762124711
0.334134615385 0.240762124711
0.333867093675 0.240762124711
0.3336 0.240762124711
0.334132693845 0.241339491917
0.334664536741 0.241916859122
0.334397446129 0.241916859122
0.334130781499 0.241916859122
0.333864541833 0.241916859122
0.334394904459 0.242494226328
0.334128878282 0.242494226328
0.33386327504 0.242494226328
0.333598093725 0.242494226328
0.333333333333 0.242494226328
0.333862014274 0.243071593533
0.334389857369 0.243648960739
0.334125098971 0.243648960739
0.334651898734 0.244226327945
0.334387351779 0.244226327945
0.334913112164 0.24480369515
0.334648776638 0.24480369515
0.334384858044 0.24480369515
