8745 1 0.999358713627
5231 1 0.999000370502
634 1 0.997597396374
58500 1 0.997235715389
3852 1 0.996312081814
3236 1 0.996011853218
91210 1 0.995905995369
27028 1 0.995577335358
87308 1 0.995134532452
25872 1 0.995116233826
14082 4 0.99500644207
1913 4 0.993836581707
22177 4 0.992721259594
52262 4 0.992714703083
82879 1 0.991738915443
2067 1 0.991386532784
58385 1 0.991281867027
71725 1 0.990908801556
708 1 0.989762127399
71726 1 0.989682137966
39926 1 0.988726556301
20804 1 0.988532543182
62682 1 0.988530874252
16050 1 0.988034784794
38247 1 0.987675905228
87927 1 0.987356066704
56694 1 0.986595928669
57243 1 0.98639768362
67140 1 0.985879838467
88783 1 0.985373198986
71468 1 0.983508527279
11801 4 0.983297944069
16049 1 0.982573032379
91609 1 0.982443571091
12657 1 0.981998324394
5248 1 0.981961905956
25891 1 0.981916844845
76575 1 0.981878101826
76572 1 0.98175483942
60763 4 0.981626152992
46512 1 0.981340229511
38092 1 0.980952084064
371 1 0.980305433273
16051 1 0.980078756809
37843 1 0.97876816988
9676 1 0.978380739689
48117 4 0.978310763836
5134 1 0.977114498615
50546 4 0.976862549782
89000 1 0.976413786411
54976 1 0.975612282753
6672 1 0.975582003593
87307 1 0.975497663021
91277 4 0.975364327431
5556 1 0.974956870079
39710 1 0.974841117859
3090 1 0.974165797234
53177 1 0.974124193192
32660 1 0.973977923393
85153 1 0.97389549017
88137 1 0.973585367203
55623 4 0.973264575005
66710 1 0.972753167152
20917 1 0.9721570611
17501 1 0.970018684864
47717 4 0.969534337521
79503 4 0.969114124775
5558 1 0.967866897583
18460 1 0.96783465147
62894 1 0.967410027981
3160 1 0.966940820217
52820 1 0.96658962965
31959 1 0.966583490372
29398 4 0.966541409492
41696 1 0.965787351131
10306 4 0.965652763844
80608 1 0.965508699417
48689 1 0.96486979723
69665 1 0.964540839195
82160 4 0.964460551739
22526 1 0.963476002216
5661 1 0.963114619255
48389 1 0.962862372398
26133 1 0.961683869362
2364 1 0.961664795876
89191 4 0.961488008499
48387 1 0.96146863699
30298 1 0.961026132107
89443 1 0.960567593575
10307 4 0.960539638996
76866 4 0.960443079472
19589 1 0.959950149059
10038 1 0.95988547802
59029 1 0.959724366665
62181 4 0.959449589252
4880 1 0.958284854889
5585 1 0.956347942352
85006 4 0.956228554249
55507 4 0.955418288708
54265 1 0.955010533333
90352 4 0.954004704952
65577 4 0.953282296658
5232 1 0.952739655972
78322 1 0.95267444849
22257 1 0.952207028866
50241 1 0.951800048351
5356 1 0.951186180115
19227 1 0.951014518738
55134 1 0.949925541878
12810 1 0.948478221893
25890 1 0.948194026947
1321 4 0.947943925858
23356 1 0.947096943855
32139 1 0.947091042995
13027 1 0.944535315037
26497 1 0.944345831871
1852 1 0.944104790688
8692 1 0.943328917027
60907 1 0.9431604743
9460 1 0.942955136299
66592 1 0.942928850651
66711 1 0.942587137222
78189 4 0.941614031792
48181 4 0.941447079182
1958 1 0.941432416439
82299 1 0.941265821457
4681 1 0.940870881081
40502 1 0.939889431
22721 1 0.938925266266
63133 1 0.938843727112
20394 1 0.937419056892
48372 4 0.93630194664
2163 4 0.93598151207
34156 1 0.935902178288
8518 4 0.93581277132
4095 1 0.935633778572
5475 1 0.935411632061
79 1 0.935238718987
72207 4 0.934766232967
20203 1 0.934122860432
26790 1 0.933683991432
17387 1 0.930767714977
51074 4 0.930353760719
16055 1 0.930038630962
10153 1 0.929790496826
63153 1 0.929370105267
16647 4 0.929071068764
70392 1 0.92889046669
20045 4 0.928706169128
34665 4 0.928296387196
2257 1 0.928148508072
37761 1 0.927718937397
7243 1 0.925865888596
25828 4 0.925612866879
65433 4 0.925166130066
91209 1 0.923519670963
70393 1 0.923320412636
7393 1 0.923240661621
64637 3 0.922468245029
32138 1 0.920268714428
90383 1 0.919787466526
54586 1 0.91974157095
70281 1 0.919667065144
57552 1 0.91929680109
46007 1 0.918895602226
86133 1 0.918599843979
84797 1 0.918458044529
83997 4 0.918440461159
1304 1 0.918119072914
5384 1 0.917080998421
62098 4 0.917007029057
44997 1 0.916745781898
8175 1 0.915975689888
23720 1 0.915197610855
32110 4 0.915050089359
50190 1 0.9149736166
1237 1 0.914543092251
76717 1 0.914372801781
8178 1 0.912994205952
2102 1 0.912916183472
32622 4 0.911966323853
20283 4 0.910623967648
46690 4 0.909082889557
34996 1 0.908358991146
21937 1 0.907641112804
38374 1 0.907161951065
4265 1 0.906897723675
25695 1 0.906455636024
4331 1 0.905856788158
6552 4 0.904723405838
62683 1 0.903824269772
71006 1 0.903727829456
69938 1 0.90291172266
8715 4 0.899675250053
51581 4 0.898990213871
46563 1 0.898691356182
38094 1 0.89741897583
1244 4 0.896924197674
90633 1 0.896548688412
53638 1 0.896156311035
45492 1 0.894418776035
46565 1 0.894061863422
69937 1 0.893370449543
27944 1 0.892933249474
76606 1 0.891392529011
62182 4 0.8913859725
78009 1 0.891094923019
50334 1 0.890178143978
66772 4 0.889383077621
64152 1 0.889130294323
89796 1 0.889041304588
73338 1 0.88899230957
43894 1 0.888697981834
25613 1 0.888533830643
24163 1 0.888492047787
30926 1 0.88762897253
17436 1 0.886380910873
29687 4 0.885853111744
56360 1 0.884243190289
51124 1 0.884082138538
5139 1 0.883948087692
41778 1 0.883618533611
14364 1 0.88347440958
12190 4 0.883150517941
66441 1 0.883144855499
16053 1 0.882795214653
12463 1 0.882589757442
42812 4 0.881171286106
71279 1 0.880731463432
46513 1 0.879565238953
43256 1 0.879462599754
6634 1 0.87928134203
84960 4 0.878683805466
51192 4 0.877409219742
30880 1 0.876723945141
44020 1 0.876704514027
43071 1 0.876595497131
10397 4 0.876423537731
55970 1 0.875214219093
10511 4 0.874255120754
67141 1 0.874054133892
17435 1 0.873713135719
76910 4 0.873453915119
5914 1 0.872434675694
1178 1 0.872038841248
45545 1 0.871568500996
72198 1 0.87133783102
79453 1 0.87058275938
8503 1 0.869627416134
68642 1 0.869416594505
20369 4 0.868145883083
17333 1 0.868092238903
49018 1 0.86801302433
89669 1 0.867835581303
53548 1 0.866969525814
26967 1 0.865604877472
57463 1 0.865043520927
76958 4 0.864660084248
5759 1 0.864312469959
41718 1 0.864114701748
5911 1 0.863653957844
2973 1 0.862915098667
31584 1 0.861933350563
62554 1 0.860283136368
85804 1 0.858882009983
9327 4 0.858673512936
48702 4 0.85848236084
23773 1 0.85844451189
23001 4 0.858146071434
47616 1 0.857904195786
46201 1 0.857753932476
34792 1 0.856736600399
4358 1 0.855067074299
52508 4 0.854777336121
21635 4 0.854472875595
51715 1 0.853859424591
74243 4 0.853840231895
9921 1 0.851779401302
42522 1 0.851770341396
20801 1 0.85159099102
26715 1 0.851550340652
3138 1 0.849882423878
68555 4 0.848704040051
57651 1 0.848355233669
2356 1 0.847973287106
83806 4 0.847883880138
3137 1 0.847543954849
24100 4 0.847475111485
22359 1 0.846581637859
87366 1 0.846485495567
17919 1 0.845147490501
20497 1 0.844961106777
12234 4 0.844610333443
35197 1 0.844171822071
51022 1 0.843708693981
3865 1 0.843660533428
8680 1 0.843347668648
11595 1 0.842865586281
16011 1 0.842836260796
50464 1 0.842800736427
1919 4 0.84272390604
36052 1 0.842522203922
33017 1 0.842019736767
80327 1 0.841933429241
86982 1 0.84184640646
62790 1 0.841422498226
7394 1 0.841028153896
25204 4 0.840528130531
88938 1 0.840057015419
49524 1 0.838697433472
73200 1 0.838406980038
18509 1 0.836618721485
18170 1 0.836502373219
14156 1 0.836183071136
22247 1 0.836023449898
55877 1 0.835692882538
55668 1 0.835332751274
31906 4 0.835090517998
48020 1 0.833908140659
69263 1 0.833628475666
25672 1 0.833611965179
38957 1 0.833161890507
78652 1 0.832870483398
57882 3 0.831593334675
73337 1 0.830869138241
60483 1 0.830718278885
45625 1 0.830076515675
18652 1 0.829527676105
17329 1 0.829185128212
30179 1 0.828750133514
59697 1 0.828704833984
69615 1 0.828639388084
35795 1 0.828215420246
62596 1 0.828177630901
66591 1 0.82723402977
64638 1 0.826534688473
90863 1 0.826442658901
41789 1 0.82518941164
28455 1 0.824662089348
67478 1 0.82398968935
81143 1 0.823904454708
21852 1 0.823711693287
31246 1 0.823312044144
49616 1 0.822519719601
90868 1 0.822398662567
9694 1 0.821279585361
33326 4 0.82126301527
83506 1 0.82117420435
7539 1 0.82108771801
26137 4 0.81923186779
20746 1 0.819162487984
81473 4 0.819032967091
32807 1 0.818286538124
79467 1 0.817923128605
66548 1 0.817873895168
34334 1 0.817581295967
81104 1 0.816763877869
1737 1 0.815001070499
81131 4 0.814960300922
74246 4 0.813532590866
70760 1 0.813283979893
10956 1 0.813064515591
78215 1 0.8123909235
86336 1 0.811637163162
51065 4 0.810580790043
90475 1 0.809990227222
55578 1 0.809528529644
53930 1 0.808657765388
88379 1 0.808621108532
85305 7 0.80807942152
53230 1 0.807048141956
48791 4 0.806928992271
48390 1 0.806626617908
90607 1 0.805988609791
7699 1 0.805913925171
52821 7 0.804962933064
40405 1 0.804636836052
21349 1 0.804631590843
17791 1 0.803994834423
16762 1 0.803737223148
3157 1 0.803716242313
20963 1 0.803564071655
38234 1 0.803413033485
82559 1 0.803011000156
66150 1 0.802604973316
53332 1 0.801754176617
7935 1 0.801620841026
21183 1 0.80067384243
76245 1 0.800576508045
74254 4 0.799680233002
71281 1 0.79937928915
88594 1 0.799118995667
3170 1 0.79873675108
40654 1 0.79850423336
69911 4 0.797204494476
34314 1 0.796533703804
21184 1 0.796295404434
64005 1 0.795989751816
61917 1 0.795682728291
60088 1 0.795637845993
65238 1 0.795268237591
62216 4 0.794855773449
90061 1 0.79473721981
64561 1 0.793166279793
14062 1 0.792999744415
38955 1 0.792741954327
18976 1 0.790750980377
66010 1 0.789760768414
62370 1 0.789463579655
41670 1 0.789051473141
7976 1 0.788676023483
65431 4 0.788403689861
64190 1 0.788015604019
40390 4 0.787842690945
60726 1 0.787245512009
1851 1 0.787242054939
22761 1 0.785737991333
34094 1 0.784882962704
3250 1 0.783593416214
77361 1 0.782001256943
27578 1 0.781860411167
23903 1 0.781740427017
1610 4 0.781171679497
36922 1 0.780760884285
59721 1 0.77968621254
89585 3 0.779079556465
19175 4 0.778913021088
39181 1 0.778168439865
14063 1 0.776811599731
34411 1 0.776797175407
89337 4 0.776766479015
62552 1 0.776600956917
23399 1 0.776546001434
24176 1 0.77617585659
45773 4 0.775127649307
1174 1 0.775034189224
40127 4 0.774806916714
18427 1 0.774369716644
1514 1 0.773827195168
36616 1 0.773020029068
4679 1 0.771950006485
62168 4 0.771082639694
90137 1 0.770575404167
41390 1 0.770368158817
81757 7 0.770226657391
48908 1 0.769626557827
7537 1 0.769313037395
18237 1 0.76814520359
21659 1 0.767911791801
66444 1 0.767685413361
48719 4 0.767518222332
88844 4 0.767299890518
91397 1 0.766480565071
78216 1 0.765433430672
25168 4 0.765161812305
900 1 0.763324022293
70783 1 0.763052582741
15471 4 0.762263894081
66356 1 0.762214660645
83491 3 0.762098670006
85896 1 0.761941432953
81742 4 0.76172798872
87338 1 0.761450588703
54278 2 0.761439800262
17793 1 0.760944724083
77983 4 0.760411560535
10509 4 0.760264933109
49991 1 0.760128676891
26258 1 0.760062992573
23150 1 0.759852290154
42978 4 0.759309649467
32044 1 0.758627355099
5563 1 0.758242785931
54560 1 0.757286429405
26144 1 0.756577193737
66775 1 0.756244003773
87365 1 0.754893600941
64600 1 0.754665434361
31288 1 0.752242326736
70303 1 0.75164681673
60816 1 0.751294434071
20213 1 0.751214325428
16301 1 0.750412583351
9012 1 0.749978244305
76285 1 0.74980288744
18011 1 0.749062299728
19330 1 0.749055564404
1420 4 0.748824775219
50463 1 0.748104691505
13717 1 0.748032450676
28049 4 0.747503519058
87910 4 0.747177958488
37173 4 0.747151196003
61043 1 0.74712407589
3527 1 0.74518930912
11462 1 0.744960784912
66956 1 0.744860172272
54712 4 0.74287378788
68717 1 0.742696106434
6971 2 0.742095172405
5784 7 0.741940319538
6953 1 0.740988731384
6357 1 0.740526258945
42763 4 0.739777803421
34027 1 0.737646520138
51215 1 0.737520933151
61241 4 0.736581921577
77568 4 0.736255705357
39162 1 0.734540522099
83426 1 0.734152138233
5554 1 0.734102487564
77523 6 0.733869791031
89969 1 0.732884764671
45000 1 0.732805669308
8445 1 0.732181727886
47431 1 0.731737315655
56913 2 0.730961501598
32904 1 0.730723440647
80144 1 0.730685412884
76714 1 0.730051398277
33107 1 0.729284107685
1050 1 0.7282589674
23648 1 0.728216469288
70388 4 0.72807019949
34787 1 0.727626860142
36405 4 0.727571189404
4429 4 0.726838231087
90632 1 0.72678399086
45122 1 0.726696193218
33603 1 0.725702047348
51148 1 0.724917769432
45121 1 0.724488735199
81152 1 0.724016964436
5476 1 0.723385334015
76582 1 0.722956418991
25692 1 0.720212042332
8770 3 0.72008150816
66068 1 0.719799101353
70410 1 0.717797458172
5697 1 0.716905415058
8325 1 0.71653842926
13538 1 0.716130793095
5059 1 0.715886116028
4493 1 0.714203417301
72592 1 0.713415443897
70943 1 0.713163137436
43375 1 0.712787151337
69816 1 0.712599098682
28736 1 0.712512850761
31204 1 0.712231457233
61053 1 0.711947441101
6709 2 0.71136868
3754 4 0.710656940937
81388 1 0.710459291935
43169 1 0.710119605064
23355 1 0.709397792816
42531 1 0.709299147129
81501 1 0.709093630314
49274 1 0.708709537983
51699 1 0.708591759205
19645 1 0.707149505615
13026 1 0.705428600311
41719 1 0.70521235466
27656 1 0.705080330372
42711 1 0.705039560795
87067 1 0.704837024212
68425 1 0.704825341702
33302 1 0.704640984535
4447 10 0.704332768917
89444 1 0.704255342484
62556 7 0.704054474831
9430 1 0.703769385815
50965 1 0.703665792942
34729 2 0.703543961048
10558 1 0.703310728073
31123 1 0.702341377735
91099 1 0.702114999294
67664 1 0.7018648386
68911 4 0.701197087765
52329 1 0.699394464493
80969 1 0.699336647987
57652 1 0.699111938477
89681 1 0.69818520546
54235 1 0.697154819965
23003 1 0.69688642025
5885 1 0.696881175041
7405 1 0.696540415287
57285 1 0.696533024311
33207 6 0.69638210535
3706 1 0.696126937866
32886 1 0.695534110069
65391 7 0.695499956608
13882 2 0.693980753422
33695 4 0.693447709084
20501 1 0.693130552769
34638 1 0.69213193655
5398 4 0.691536664963
34645 1 0.690350174904
27035 1 0.690120100975
11509 4 0.690067708492
29149 7 0.689776539803
9304 1 0.689425766468
55194 1 0.68759304285
27250 4 0.686579406261
74303 1 0.686422884464
20440 1 0.686208367348
4192 1 0.685581445694
42426 1 0.684884130955
39924 1 0.684575140476
12582 1 0.684497416019
28616 1 0.684038639069
10432 1 0.683838546276
24146 1 0.683647572994
5660 1 0.682374358177
63937 1 0.682287037373
86981 1 0.68214225769
2791 1 0.681729853153
19730 1 0.680315375328
60071 1 0.677974820137
59276 1 0.677684307098
57650 7 0.67755240202
4849 1 0.676966071129
67029 1 0.676828384399
632 1 0.676515877247
45979 1 0.676482141018
67265 1 0.67524933815
29774 1 0.675218343735
27835 1 0.674647033215
30371 1 0.674629151821
53924 1 0.674144089222
68720 1 0.67395401001
46209 4 0.673719525337
66030 1 0.673296928406
10345 4 0.673212587833
78650 1 0.672055900097
4726 1 0.671391546726
17091 2 0.669992566109
76475 1 0.669735729694
55165 1 0.667923569679
43116 1 0.667528867722
66491 4 0.666808664799
28634 1 0.666701078415
58158 4 0.666496634483
68024 4 0.666439771652
1173 1 0.666319966316
84936 1 0.666010141373
75236 1 0.665817201138
42425 1 0.665805578232
42227 4 0.664474248886
85317 1 0.663390934467
25820 4 0.663070082664
4048 1 0.662238061428
74567 1 0.661788761616
62289 1 0.661697208881
76523 1 0.661601603031
33195 1 0.661470770836
73473 3 0.66079300642
9513 1 0.660299181938
11152 2 0.660244524479
90312 1 0.660176098347
44713 4 0.660166919231
58487 1 0.659717798233
20822 1 0.659558653831
27668 6 0.659402728081
5700 1 0.659358084202
84887 3 0.658591508865
16093 1 0.658337116241
21152 1 0.658270478249
20747 1 0.658174335957
62434 1 0.657215178013
30471 1 0.654812693596
55049 1 0.654705643654
40227 3 0.654175579548
16535 1 0.65406447649
33782 1 0.653972804546
51754 1 0.653647959232
53921 1 0.653412699699
1667 1 0.653337717056
65390 7 0.652939200401
10039 1 0.652878880501
4391 2 0.652495980263
3821 4 0.652423560619
16004 2 0.652145445347
1176 1 0.652008056641
7975 1 0.651856780052
21546 1 0.651804149151
34679 1 0.651791751385
11596 1 0.651343762875
34116 4 0.651298165321
21634 4 0.651049375534
15832 4 0.650916397572
68907 4 0.650688350201
642 1 0.650593400002
66901 1 0.650349259377
88998 1 0.650199711323
13230 1 0.649458289146
86949 1 0.64896517992
1179 1 0.648831188679
56230 1 0.648499310017
654 6 0.647875845432
69802 4 0.647875785828
15302 1 0.647377789021
1914 4 0.64710855484
629 1 0.646690428257
7409 1 0.646634578705
57739 1 0.646219849586
67849 4 0.64579218626
24177 1 0.645402312279
64040 1 0.645162761211
711 1 0.644807755947
48585 1 0.644601941109
22693 1 0.644212245941
79621 1 0.644160687923
22583 1 0.644078910351
88117 1 0.643725216389
4675 1 0.643446922302
19729 1 0.64341968298
91062 2 0.64336591959
10427 2 0.643167555332
50090 1 0.641508758068
22156 1 0.641092121601
48511 1 0.640934884548
59004 1 0.640900492668
20206 1 0.640664219856
44267 1 0.640456020832
42415 1 0.640205681324
78014 1 0.640173792839
70995 1 0.63929527998
58463 1 0.639115810394
45875 1 0.638642549515
44905 1 0.638061523438
82904 1 0.637952208519
39938 1 0.637273669243
54679 1 0.636210441589
73889 7 0.635956764221
25411 1 0.635427117348
6572 4 0.634181499481
45933 4 0.634178578854
3228 1 0.63413476944
48907 1 0.634021937847
7545 1 0.63341909647
26264 1 0.632772505283
2155 1 0.632312774658
24776 1 0.632129728794
68714 1 0.63084757328
48699 1 0.628288030624
12298 4 0.627293229103
22640 1 0.626859903336
26310 3 0.626754879951
34090 1 0.626332998276
50967 1 0.626206815243
11123 3 0.624783694744
77331 1 0.624667286873
572 1 0.623860895634
6578 4 0.623586714268
29148 1 0.623224318027
34256 1 0.622803092003
20350 1 0.622775256634
20732 1 0.622604370117
47618 1 0.622329294682
39662 1 0.62222379446
24165 1 0.621690928936
25807 1 0.620450019836
39831 1 0.620130479336
40156 1 0.619279265404
1217 1 0.619246125221
37936 1 0.618932843208
269 1 0.617544353008
90873 1 0.617413163185
78785 1 0.617194116116
67504 3 0.61691993475
85799 1 0.616769731045
61312 4 0.616714119911
11539 1 0.616310179234
7307 1 0.615887641907
28520 1 0.615721404552
22762 1 0.615675330162
1102 1 0.615606844425
16634 1 0.61476880312
91113 4 0.614708185196
40284 1 0.614578425884
1419 4 0.614015102386
82821 1 0.613979578018
53178 1 0.613498449326
62518 3 0.613206028938
35032 4 0.613030135632
67280 1 0.612766206264
437 1 0.612679839134
59727 1 0.612514019012
51433 1 0.612192213535
36894 1 0.611872673035
325 1 0.61148416996
21155 1 0.61131632328
15833 4 0.610623538494
27539 1 0.60984814167
16497 1 0.609118759632
6973 2 0.60909485817
55463 1 0.608577430248
51507 4 0.608459532261
49525 1 0.608308851719
34458 7 0.607690632343
56566 4 0.606132805347
64639 1 0.604860723019
56047 1 0.604842483997
9510 6 0.604664504528
71463 1 0.603852212429
22774 6 0.60378742218
76404 1 0.603313922882
66282 1 0.602727770805
54305 1 0.602348089218
47714 1 0.601917266846
82634 1 0.601862847805
5916 1 0.601811587811
58485 1 0.601782202721
12450 1 0.601280093193
43157 1 0.601246833801
63589 4 0.600455880165
65777 1 0.600258767605
9920 1 0.599702179432
8993 1 0.599686920643
10047 1 0.599650800228
18370 1 0.599519312382
46745 1 0.598872721195
88735 4 0.59805226326
49832 1 0.597969532013
7240 1 0.597840845585
83262 3 0.596521914005
91626 10 0.596447169781
12868 3 0.596269309521
89121 4 0.596159279346
78119 1 0.59598916769
89678 1 0.595953643322
68607 1 0.595691978931
89266 1 0.595524549484
45380 1 0.594757199287
53467 1 0.594624459743
16945 2 0.594029605389
47043 4 0.593825757504
27072 1 0.592383205891
54020 1 0.59121465683
23689 1 0.591061770916
15793 1 0.591043770313
90848 1 0.590526461601
52164 1 0.590259075165
80667 1 0.590177893639
54199 1 0.590135812759
9210 1 0.590122580528
42494 1 0.589951455593
38992 1 0.58987736702
44676 1 0.589819014072
25873 1 0.589640021324
5913 1 0.589421510696
8944 1 0.589387953281
6801 1 0.589025735855
21548 1 0.588482022285
23196 1 0.587823748589
8176 1 0.586384117603
2773 1 0.586223244667
62379 4 0.5861338377
36921 1 0.586120188236
27780 1 0.585541903973
46562 1 0.585344851017
78355 1 0.585323393345
56223 6 0.585278332233
2754 6 0.584702014923
23608 1 0.584633886814
18109 7 0.584519684315
52507 4 0.583907902241
76261 1 0.581996560097
17634 4 0.581102192402
4113 1 0.581049382687
89271 1 0.580418288708
39054 1 0.580313563347
60135 1 0.580273807049
84911 1 0.57959908247
663 1 0.579505801201
49127 1 0.579323589802
48315 1 0.579012393951
69817 1 0.578875362873
48388 1 0.578856408596
17284 4 0.578815758228
3226 1 0.578416526318
17784 1 0.578146517277
63900 1 0.577933490276
1252 1 0.57618445158
58464 1 0.575996518135
73431 4 0.573903918266
37927 5 0.573869168758
17473 1 0.573724806309
51404 6 0.573560357094
7815 1 0.573544085026
10940 1 0.573352813721
59772 1 0.573213279247
33781 1 0.572799563408
66443 1 0.572484493256
35410 1 0.571881890297
64010 1 0.571636795998
39583 1 0.571203827858
49044 4 0.570826113224
81825 1 0.569840252399
44021 1 0.569465100765
74775 1 0.569001615047
4256 1 0.568703055382
56984 1 0.568292796612
76784 1 0.567426383495
73888 1 0.567357242107
22239 1 0.565588533878
89666 1 0.56546652317
46779 1 0.564543604851
45817 1 0.564452052116
18436 1 0.563978791237
3089 1 0.563750863075
46744 1 0.563559889793
40721 1 0.562419950962
69181 1 0.561153829098
2350 2 0.560664772987
16461 4 0.56039494276
28650 1 0.559900045395
18542 1 0.559639573097
79477 1 0.558822333813
3711 1 0.558541119099
88902 1 0.557904362679
83301 1 0.557667374611
23869 4 0.556639432907
29481 2 0.555949151516
23701 1 0.555868685246
26317 1 0.55576467514
12093 1 0.555652976036
60351 1 0.555622518063
33619 1 0.555551111698
42521 1 0.555158853531
12980 4 0.555157899857
85306 1 0.554905176163
3117 6 0.554865956306
65094 1 0.554045796394
33904 1 0.553702890873
29440 4 0.553698599339
8693 1 0.553678750992
79094 1 0.553346157074
24778 1 0.552788078785
78741 1 0.552733302116
81820 1 0.552544176579
69138 1 0.552268445492
60843 1 0.55082565546
32042 1 0.550712287426
28635 1 0.550594389439
60937 4 0.550420701504
48720 4 0.54994738102
16370 1 0.549038171768
87749 1 0.548306405544
375 1 0.548018813133
41074 1 0.546647369862
41010 1 0.545962095261
15305 1 0.545237362385
47029 1 0.545089364052
27032 1 0.544515192509
5373 1 0.542575478554
22219 1 0.541914761066
90999 1 0.541387856007
4599 1 0.540450751781
9441 1 0.540387630463
55457 1 0.540069520473
85088 1 0.539593577385
78214 1 0.539093732834
82890 1 0.538646817207
31915 1 0.538403093815
50104 1 0.537266492844
87060 1 0.537080407143
42675 1 0.536484599113
76718 7 0.536076962948
60801 3 0.535972297192
67264 1 0.535523831844
50997 2 0.535463035107
30873 4 0.534946501255
28739 1 0.534711956978
63523 1 0.534415960312
10684 5 0.533725380898
83595 4 0.533639371395
83 1 0.533535420895
20413 1 0.532434284687
87498 1 0.530713438988
84940 1 0.52980107069
3856 4 0.529613018036
45982 1 0.528820931911
67139 1 0.528751075268
88737 4 0.528588235378
47567 1 0.527773439884
4064 1 0.527663648129
35785 1 0.527562856674
38742 1 0.527426540852
62824 1 0.526986837387
13313 4 0.526723325253
35077 1 0.526677250862
10527 4 0.526557326317
50173 1 0.526317238808
40197 1 0.526294469833
26235 1 0.526274323463
57661 1 0.52528488636
8570 1 0.525135219097
84841 1 0.524985253811
35904 1 0.52467995882
63928 1 0.524562239647
56310 4 0.524559140205
50473 1 0.524552047253
62817 1 0.524300038815
84822 1 0.523333132267
75766 4 0.523319602013
6359 1 0.523167967796
24135 1 0.523107588291
30336 4 0.523038089275
81082 1 0.522223770618
1216 1 0.522220313549
63145 1 0.52106654644
32859 1 0.520688712597
43170 1 0.520316541195
25688 4 0.519833087921
43349 1 0.519381344318
3159 1 0.518490612507
28960 1 0.518249750137
89074 4 0.517465233803
8762 2 0.517311096191
4355 2 0.516870439053
23507 4 0.516040503979
50960 1 0.515199124813
21924 1 0.515184760094
37253 1 0.513325810432
8656 1 0.51249974966
27113 1 0.512290537357
16540 1 0.511099755764
43072 1 0.511020123959
55433 1 0.510442554951
51668 1 0.510291695595
841 1 0.510186314583
27125 5 0.509959280491
50468 1 0.509871184826
32303 1 0.508848786354
59841 1 0.508746623993
74340 4 0.508730709553
89970 1 0.507641017437
68156 4 0.507617473602
2706 1 0.507431685925
62213 1 0.50709682703
20459 1 0.506798744202
88914 4 0.506347060204
57277 1 0.505966424942
78834 1 0.505818426609
19075 1 0.505794882774
87367 1 0.505455255508
56135 1 0.505378127098
52357 1 0.505256533623
42353 1 0.504570364952
41391 1 0.504334151745
90866 1 0.503943860531
45981 1 0.503639936447
12217 1 0.503557503223
75499 1 0.50337100029
19082 4 0.503343820572
5910 1 0.503343641758
11659 1 0.502780377865
704 1 0.502662479877
34381 4 0.502488791943
58079 1 0.502298653126
38229 1 0.502109646797
68182 1 0.501962125301
63949 1 0.501938402653
74584 4 0.501595199108
35703 1 0.501293420792
16012 1 0.501166701317
12451 1 0.50110656023
12215 1 0.500878155231
4357 1 0.500637114048
10162 1 0.500295102596
2727 1 0.500091135502
85459 1 0.499716848135
20074 1 0.499140679836
83564 1 0.499113410711
75819 1 0.498779416084
3690 1 0.498661249876
19074 1 0.498362332582
25829 4 0.497753202915
6586 2 0.496863424778
18045 1 0.496669054031
78324 1 0.496127843857
37252 1 0.49586430192
9813 1 0.49584671855
83872 4 0.495790213346
4159 1 0.495219886303
6958 1 0.494783610106
49076 1 0.494114398956
65147 1 0.494030147791
42674 1 0.492813885212
50962 1 0.492643892765
80122 4 0.491840660572
3822 4 0.491115897894
39663 1 0.490808933973
59589 1 0.490448415279
37567 2 0.488131374121
31427 4 0.487874239683
1175 1 0.486574232578
45153 4 0.485934853554
50079 6 0.485853850842
29832 5 0.485849410295
90710 1 0.485732287169
728 2 0.483869433403
41720 1 0.482076317072
41695 1 0.482053250074
82025 1 0.481156855822
67138 1 0.480758488178
43175 5 0.478990137577
3800 4 0.478070318699
79092 1 0.477292954922
22137 1 0.477267712355
41698 1 0.477050423622
20967 1 0.476974636316
83988 3 0.476197242737
62555 7 0.475328296423
76063 6 0.475254714489
33308 1 0.474854260683
59019 4 0.474079430103
78878 5 0.473930567503
4416 6 0.472637832165
36904 1 0.471186667681
37167 5 0.469682574272
45490 2 0.46874165535
4356 2 0.467611640692
47569 4 0.467442244291
22198 5 0.466934084892
57449 5 0.466306865215
86459 4 0.464921832085
46212 7 0.464075982571
34367 3 0.463782280684
46213 1 0.463312625885
82915 4 0.462322980165
76524 1 0.461506694555
89525 2 0.461476892233
82920 1 0.460732489824
45489 2 0.460657089949
49614 1 0.451388418674
20740 1 0.451178342104
55778 2 0.451017737389
69300 1 0.450937092304
13884 2 0.450765103102
31709 5 0.446296274662
73509 1 0.446188777685
41956 2 0.446028590202
57726 4 0.445643693209
84447 5 0.44208741188
34373 2 0.440891414881
12705 5 0.439890086651
82856 2 0.439573079348
61213 2 0.437148690224
60813 6 0.43598908186
69299 7 0.43512943387
59442 2 0.434511184692
10244 2 0.430097192526
82079 6 0.426833570004
39383 4 0.426421016455
16056 1 0.424540609121
68313 2 0.423496425152
52852 4 0.422928899527
59516 4 0.421648383141
44993 2 0.418459445238
80096 1 0.416953116655
12662 2 0.407734811306
20745 5 0.404977351427
65526 1 0.404923766851
10238 2 0.404853254557
73474 3 0.404627025127
16534 1 0.402071356773
80988 2 0.401976704597
21537 1 0.401573747396
67934 5 0.395678788424
83505 5 0.390164464712
39712 1 0.388784974813
91112 4 0.388407438993
12051 3 0.383171468973
41260 2 0.379957795143
81860 1 0.379335820675
11269 2 0.375867635012
47864 6 0.373543381691
49556 10 0.372022390366
47211 5 0.371349394321
50486 8 0.368896722794
4179 4 0.368178486824
28709 5 0.366853833199
73434 5 0.36467641592
74793 5 0.363892912865
18428 5 0.360872983932
51621 3 0.360043376684
27117 6 0.356649070978
33268 2 0.356378078461
75740 5 0.353885024786
26143 5 0.351234406233
43176 5 0.347924411297
62967 5 0.34756398201
17949 2 0.344055742025
83582 4 0.338461130857
791 5 0.335422575474
5654 5 0.333082407713
13356 6 0.324027478695
76765 4 0.314746320248
87349 5 0.303383350372
75963 5 0.29606539011
73938 2 0.28790089488
59770 5 0.273298412561
57737 9 0.267367869616
65527 1 0.264060527086
81145 5 0.262931495905
781 5 0.258171826601
58395 5 0.249582096934
1517 5 0.239651456475
79107 10 0.235797435045
9814 5 0.209851294756
3961 1 0.205633193254
83813 4 0.20556999743
58874 3 0.177327215672
