1.0 0.0
0.0 0.0
0.5 0.000577367205543
0.333333333333 0.000577367205543
0.5 0.00115473441109
0.6 0.00173210161663
0.666666666667 0.00230946882217
0.571428571429 0.00230946882217
0.5 0.00230946882217
0.555555555556 0.00288683602771
0.5 0.00288683602771
0.454545454545 0.00288683602771
0.5 0.00346420323326
0.461538461538 0.00346420323326
0.428571428571 0.00346420323326
0.466666666667 0.0040415704388
0.4375 0.0040415704388
0.411764705882 0.0040415704388
0.444444444444 0.00461893764434
0.421052631579 0.00461893764434
0.45 0.00519630484988
0.47619047619 0.00577367205543
0.5 0.00635103926097
0.521739130435 0.00692840646651
0.5 0.00692840646651
0.52 0.00750577367206
0.538461538462 0.0080831408776
0.555555555556 0.00866050808314
0.571428571429 0.00923787528868
0.586206896552 0.00981524249423
0.6 0.0103926096998
0.58064516129 0.0103926096998
0.5625 0.0103926096998
0.575757575758 0.0109699769053
0.558823529412 0.0109699769053
0.571428571429 0.0115473441109
0.583333333333 0.0121247113164
0.567567567568 0.0121247113164
0.552631578947 0.0121247113164
0.538461538462 0.0121247113164
0.55 0.0127020785219
0.560975609756 0.0132794457275
0.571428571429 0.013856812933
0.558139534884 0.013856812933
0.545454545455 0.013856812933
0.555555555556 0.0144341801386
0.565217391304 0.0150115473441
0.574468085106 0.0155889145497
0.583333333333 0.0161662817552
0.571428571429 0.0161662817552
0.56 0.0161662817552
0.549019607843 0.0161662817552
0.557692307692 0.0167436489607
0.566037735849 0.0173210161663
0.555555555556 0.0173210161663
0.545454545455 0.0173210161663
0.553571428571 0.0178983833718
0.543859649123 0.0178983833718
0.551724137931 0.0184757505774
0.559322033898 0.0190531177829
0.566666666667 0.0196304849885
0.573770491803 0.020207852194
0.58064516129 0.0207852193995
0.571428571429 0.0207852193995
0.5625 0.0207852193995
0.569230769231 0.0213625866051
0.560606060606 0.0213625866051
0.55223880597 0.0213625866051
0.558823529412 0.0219399538106
0.565217391304 0.0225173210162
0.571428571429 0.0230946882217
0.577464788732 0.0236720554273
0.569444444444 0.0236720554273
0.575342465753 0.0242494226328
0.567567567568 0.0242494226328
0.573333333333 0.0248267898383
0.565789473684 0.0248267898383
0.558441558442 0.0248267898383
0.564102564103 0.0254041570439
0.569620253165 0.0259815242494
0.5625 0.0259815242494
0.555555555556 0.0259815242494
0.548780487805 0.0259815242494
0.542168674699 0.0259815242494
0.535714285714 0.0259815242494
0.529411764706 0.0259815242494
0.523255813953 0.0259815242494
0.528735632184 0.026558891455
0.522727272727 0.026558891455
0.52808988764 0.0271362586605
0.522222222222 0.0271362586605
0.516483516484 0.0271362586605
0.521739130435 0.0277136258661
0.52688172043 0.0282909930716
0.521276595745 0.0282909930716
0.526315789474 0.0288683602771
0.520833333333 0.0288683602771
0.515463917526 0.0288683602771
0.520408163265 0.0294457274827
0.525252525253 0.0300230946882
0.53 0.0306004618938
0.524752475248 0.0306004618938
0.519607843137 0.0306004618938
0.52427184466 0.0311778290993
0.519230769231 0.0311778290993
0.52380952381 0.0317551963048
0.518867924528 0.0317551963048
0.514018691589 0.0317551963048
0.509259259259 0.0317551963048
0.504587155963 0.0317551963048
0.509090909091 0.0323325635104
0.504504504505 0.0323325635104
0.5 0.0323325635104
0.495575221239 0.0323325635104
0.491228070175 0.0323325635104
0.486956521739 0.0323325635104
0.48275862069 0.0323325635104
0.478632478632 0.0323325635104
0.483050847458 0.0329099307159
0.478991596639 0.0329099307159
0.483333333333 0.0334872979215
0.479338842975 0.0334872979215
0.483606557377 0.034064665127
0.479674796748 0.034064665127
0.483870967742 0.0346420323326
0.488 0.0352193995381
0.484126984127 0.0352193995381
0.48031496063 0.0352193995381
0.4765625 0.0352193995381
0.480620155039 0.0357967667436
0.484615384615 0.0363741339492
0.480916030534 0.0363741339492
0.477272727273 0.0363741339492
0.481203007519 0.0369515011547
0.485074626866 0.0375288683603
0.481481481481 0.0375288683603
0.477941176471 0.0375288683603
0.481751824818 0.0381062355658
0.478260869565 0.0381062355658
0.474820143885 0.0381062355658
0.471428571429 0.0381062355658
0.475177304965 0.0386836027714
0.478873239437 0.0392609699769
0.475524475524 0.0392609699769
0.472222222222 0.0392609699769
0.468965517241 0.0392609699769
0.465753424658 0.0392609699769
0.462585034014 0.0392609699769
0.459459459459 0.0392609699769
0.456375838926 0.0392609699769
0.46 0.0398383371824
0.456953642384 0.0398383371824
0.460526315789 0.040415704388
0.457516339869 0.040415704388
0.461038961039 0.0409930715935
0.464516129032 0.0415704387991
0.467948717949 0.0421478060046
0.471337579618 0.0427251732102
0.474683544304 0.0433025404157
0.477987421384 0.0438799076212
0.475 0.0438799076212
0.472049689441 0.0438799076212
0.475308641975 0.0444572748268
0.472392638037 0.0444572748268
0.469512195122 0.0444572748268
0.466666666667 0.0444572748268
0.463855421687 0.0444572748268
0.461077844311 0.0444572748268
0.458333333333 0.0444572748268
0.461538461538 0.0450346420323
0.464705882353 0.0456120092379
0.461988304094 0.0456120092379
0.459302325581 0.0456120092379
0.462427745665 0.0461893764434
0.459770114943 0.0461893764434
0.457142857143 0.0461893764434
0.454545454545 0.0461893764434
0.457627118644 0.046766743649
0.460674157303 0.0473441108545
0.458100558659 0.0473441108545
0.455555555556 0.0473441108545
0.453038674033 0.0473441108545
0.456043956044 0.04792147806
0.459016393443 0.0484988452656
0.45652173913 0.0484988452656
0.459459459459 0.0490762124711
0.462365591398 0.0496535796767
0.465240641711 0.0502309468822
0.462765957447 0.0502309468822
0.465608465608 0.0508083140878
0.463157894737 0.0508083140878
0.460732984293 0.0508083140878
0.458333333333 0.0508083140878
0.461139896373 0.0513856812933
0.463917525773 0.0519630484988
0.461538461538 0.0519630484988
0.464285714286 0.0525404157044
0.46192893401 0.0525404157044
0.459595959596 0.0525404157044
0.457286432161 0.0525404157044
0.46 0.0531177829099
0.462686567164 0.0536951501155
0.465346534653 0.054272517321
0.463054187192 0.054272517321
0.460784313725 0.054272517321
0.458536585366 0.054272517321
0.461165048544 0.0548498845266
0.458937198068 0.0548498845266
0.461538461538 0.0554272517321
0.464114832536 0.0560046189376
0.461904761905 0.0560046189376
0.45971563981 0.0560046189376
0.462264150943 0.0565819861432
0.460093896714 0.0565819861432
0.46261682243 0.0571593533487
0.460465116279 0.0571593533487
0.458333333333 0.0571593533487
0.456221198157 0.0571593533487
0.454128440367 0.0571593533487
0.456621004566 0.0577367205543
0.454545454545 0.0577367205543
0.452488687783 0.0577367205543
0.45045045045 0.0577367205543
0.448430493274 0.0577367205543
0.446428571429 0.0577367205543
0.444444444444 0.0577367205543
0.442477876106 0.0577367205543
0.440528634361 0.0577367205543
0.438596491228 0.0577367205543
0.441048034934 0.0583140877598
0.439130434783 0.0583140877598
0.437229437229 0.0583140877598
0.439655172414 0.0588914549654
0.442060085837 0.0594688221709
0.440170940171 0.0594688221709
0.442553191489 0.0600461893764
0.444915254237 0.060623556582
0.447257383966 0.0612009237875
0.445378151261 0.0612009237875
0.44769874477 0.0617782909931
0.445833333333 0.0617782909931
0.44398340249 0.0617782909931
0.442148760331 0.0617782909931
0.440329218107 0.0617782909931
0.438524590164 0.0617782909931
0.436734693878 0.0617782909931
0.434959349593 0.0617782909931
0.437246963563 0.0623556581986
0.435483870968 0.0623556581986
0.437751004016 0.0629330254042
0.436 0.0629330254042
0.438247011952 0.0635103926097
0.440476190476 0.0640877598152
0.442687747036 0.0646651270208
0.444881889764 0.0652424942263
0.443137254902 0.0652424942263
0.44140625 0.0652424942263
0.443579766537 0.0658198614319
0.441860465116 0.0658198614319
0.440154440154 0.0658198614319
0.438461538462 0.0658198614319
0.436781609195 0.0658198614319
0.435114503817 0.0658198614319
0.433460076046 0.0658198614319
0.431818181818 0.0658198614319
0.430188679245 0.0658198614319
0.432330827068 0.0663972286374
0.430711610487 0.0663972286374
0.432835820896 0.066974595843
0.434944237918 0.0675519630485
0.437037037037 0.068129330254
0.435424354244 0.068129330254
0.4375 0.0687066974596
0.435897435897 0.0687066974596
0.43795620438 0.0692840646651
0.436363636364 0.0692840646651
0.434782608696 0.0692840646651
0.436823104693 0.0698614318707
0.435251798561 0.0698614318707
0.433691756272 0.0698614318707
0.435714285714 0.0704387990762
0.434163701068 0.0704387990762
0.436170212766 0.0710161662818
0.43816254417 0.0715935334873
0.44014084507 0.0721709006928
0.442105263158 0.0727482678984
0.440559440559 0.0727482678984
0.439024390244 0.0727482678984
0.4375 0.0727482678984
0.43598615917 0.0727482678984
0.434482758621 0.0727482678984
0.436426116838 0.0733256351039
0.438356164384 0.0739030023095
0.436860068259 0.0739030023095
0.43537414966 0.0739030023095
0.437288135593 0.074480369515
0.435810810811 0.074480369515
0.434343434343 0.074480369515
0.43288590604 0.074480369515
0.434782608696 0.0750577367206
0.436666666667 0.0756351039261
0.43853820598 0.0762124711316
0.440397350993 0.0767898383372
0.438943894389 0.0767898383372
0.4375 0.0767898383372
0.43606557377 0.0767898383372
0.437908496732 0.0773672055427
0.436482084691 0.0773672055427
0.438311688312 0.0779445727483
0.436893203883 0.0779445727483
0.435483870968 0.0779445727483
0.434083601286 0.0779445727483
0.435897435897 0.0785219399538
0.434504792332 0.0785219399538
0.433121019108 0.0785219399538
0.434920634921 0.0790993071594
0.436708860759 0.0796766743649
0.438485804416 0.0802540415704
0.437106918239 0.0802540415704
0.435736677116 0.0802540415704
0.434375 0.0802540415704
0.433021806854 0.0802540415704
0.434782608696 0.080831408776
0.43653250774 0.0814087759815
0.435185185185 0.0814087759815
0.433846153846 0.0814087759815
0.432515337423 0.0814087759815
0.434250764526 0.0819861431871
0.432926829268 0.0819861431871
0.431610942249 0.0819861431871
0.433333333333 0.0825635103926
0.432024169184 0.0825635103926
0.433734939759 0.0831408775982
0.432432432432 0.0831408775982
0.431137724551 0.0831408775982
0.432835820896 0.0837182448037
0.434523809524 0.0842956120092
0.436201780415 0.0848729792148
0.434911242604 0.0848729792148
0.433628318584 0.0848729792148
0.435294117647 0.0854503464203
0.436950146628 0.0860277136259
0.43567251462 0.0860277136259
0.437317784257 0.0866050808314
0.438953488372 0.087182448037
0.43768115942 0.087182448037
0.439306358382 0.0877598152425
0.440922190202 0.088337182448
0.439655172414 0.088337182448
0.438395415473 0.088337182448
0.44 0.0889145496536
0.438746438746 0.0889145496536
0.4375 0.0889145496536
0.436260623229 0.0889145496536
0.437853107345 0.0894919168591
0.43661971831 0.0894919168591
0.438202247191 0.0900692840647
0.439775910364 0.0906466512702
0.438547486034 0.0906466512702
0.437325905292 0.0906466512702
0.436111111111 0.0906466512702
0.434903047091 0.0906466512702
0.433701657459 0.0906466512702
0.432506887052 0.0906466512702
0.431318681319 0.0906466512702
0.430136986301 0.0906466512702
0.431693989071 0.0912240184758
0.433242506812 0.0918013856813
0.432065217391 0.0918013856813
0.430894308943 0.0918013856813
0.42972972973 0.0918013856813
0.428571428571 0.0918013856813
0.427419354839 0.0918013856813
0.426273458445 0.0918013856813
0.42513368984 0.0918013856813
0.426666666667 0.0923787528868
0.425531914894 0.0923787528868
0.427055702918 0.0929561200924
0.425925925926 0.0929561200924
0.424802110818 0.0929561200924
0.426315789474 0.0935334872979
0.42782152231 0.0941108545035
0.426701570681 0.0941108545035
0.425587467363 0.0941108545035
0.424479166667 0.0941108545035
0.423376623377 0.0941108545035
0.422279792746 0.0941108545035
0.423772609819 0.094688221709
0.422680412371 0.094688221709
0.421593830334 0.094688221709
0.420512820513 0.094688221709
0.42199488491 0.0952655889145
0.420918367347 0.0952655889145
0.422391857506 0.0958429561201
0.421319796954 0.0958429561201
0.422784810127 0.0964203233256
0.424242424242 0.0969976905312
0.423173803526 0.0969976905312
0.422110552764 0.0969976905312
0.421052631579 0.0969976905312
0.4225 0.0975750577367
0.42144638404 0.0975750577367
0.42039800995 0.0975750577367
0.421836228288 0.0981524249423
0.420792079208 0.0981524249423
0.41975308642 0.0981524249423
0.418719211823 0.0981524249423
0.41769041769 0.0981524249423
0.416666666667 0.0981524249423
0.418092909535 0.0987297921478
0.417073170732 0.0987297921478
0.416058394161 0.0987297921478
0.415048543689 0.0987297921478
0.416464891041 0.0993071593533
0.415458937198 0.0993071593533
0.414457831325 0.0993071593533
0.415865384615 0.0998845265589
0.414868105516 0.0998845265589
0.413875598086 0.0998845265589
0.412887828162 0.0998845265589
0.411904761905 0.0998845265589
0.410926365796 0.0998845265589
0.412322274882 0.100461893764
0.413711583924 0.10103926097
0.412735849057 0.10103926097
0.411764705882 0.10103926097
0.410798122066 0.10103926097
0.409836065574 0.10103926097
0.408878504673 0.10103926097
0.407925407925 0.10103926097
0.406976744186 0.10103926097
0.406032482599 0.10103926097
0.405092592593 0.10103926097
0.40415704388 0.10103926097
0.403225806452 0.10103926097
0.402298850575 0.10103926097
0.401376146789 0.10103926097
0.402745995423 0.101616628176
0.401826484018 0.101616628176
0.400911161731 0.101616628176
0.402272727273 0.102193995381
0.401360544218 0.102193995381
0.400452488688 0.102193995381
0.401805869074 0.102771362587
0.403153153153 0.103348729792
0.402247191011 0.103348729792
0.40134529148 0.103348729792
0.400447427293 0.103348729792
0.401785714286 0.103926096998
0.400890868597 0.103926096998
0.4 0.103926096998
0.39911308204 0.103926096998
0.400442477876 0.104503464203
0.399558498896 0.104503464203
0.398678414097 0.104503464203
0.397802197802 0.104503464203
0.396929824561 0.104503464203
0.398249452954 0.105080831409
0.397379912664 0.105080831409
0.39651416122 0.105080831409
0.397826086957 0.105658198614
0.396963123644 0.105658198614
0.396103896104 0.105658198614
0.39524838013 0.105658198614
0.394396551724 0.105658198614
0.395698924731 0.10623556582
0.394849785408 0.10623556582
0.394004282655 0.10623556582
0.393162393162 0.10623556582
0.392324093817 0.10623556582
0.391489361702 0.10623556582
0.390658174098 0.10623556582
0.389830508475 0.10623556582
0.389006342495 0.10623556582
0.388185654008 0.10623556582
0.389473684211 0.106812933025
0.388655462185 0.106812933025
0.38784067086 0.106812933025
0.387029288703 0.106812933025
0.388308977035 0.107390300231
0.3875 0.107390300231
0.386694386694 0.107390300231
0.385892116183 0.107390300231
0.387163561077 0.107967667436
0.388429752066 0.108545034642
0.387628865979 0.108545034642
0.38683127572 0.108545034642
0.386036960986 0.108545034642
0.385245901639 0.108545034642
0.38445807771 0.108545034642
0.383673469388 0.108545034642
0.382892057026 0.108545034642
0.382113821138 0.108545034642
0.381338742394 0.108545034642
0.382591093117 0.109122401848
0.381818181818 0.109122401848
0.381048387097 0.109122401848
0.380281690141 0.109122401848
0.379518072289 0.109122401848
0.380761523046 0.109699769053
0.38 0.109699769053
0.379241516966 0.109699769053
0.380478087649 0.110277136259
0.381709741551 0.110854503464
0.382936507937 0.11143187067
0.382178217822 0.11143187067
0.381422924901 0.11143187067
0.38067061144 0.11143187067
0.379921259843 0.11143187067
0.379174852652 0.11143187067
0.378431372549 0.11143187067
0.377690802348 0.11143187067
0.376953125 0.11143187067
0.376218323587 0.11143187067
0.377431906615 0.112009237875
0.376699029126 0.112009237875
0.375968992248 0.112009237875
0.375241779497 0.112009237875
0.374517374517 0.112009237875
0.373795761079 0.112009237875
0.375 0.112586605081
0.374280230326 0.112586605081
0.373563218391 0.112586605081
0.372848948375 0.112586605081
0.37213740458 0.112586605081
0.373333333333 0.113163972286
0.374524714829 0.113741339492
0.373814041746 0.113741339492
0.373106060606 0.113741339492
0.372400756144 0.113741339492
0.371698113208 0.113741339492
0.370998116761 0.113741339492
0.37030075188 0.113741339492
0.369606003752 0.113741339492
0.368913857678 0.113741339492
0.368224299065 0.113741339492
0.367537313433 0.113741339492
0.368715083799 0.114318706697
0.369888475836 0.114896073903
0.369202226345 0.114896073903
0.368518518519 0.114896073903
0.367837338262 0.114896073903
0.367158671587 0.114896073903
0.366482504604 0.114896073903
0.365808823529 0.114896073903
0.366972477064 0.115473441109
0.368131868132 0.116050808314
0.367458866545 0.116050808314
0.366788321168 0.116050808314
0.366120218579 0.116050808314
0.367272727273 0.11662817552
0.366606170599 0.11662817552
0.365942028986 0.11662817552
0.365280289331 0.11662817552
0.364620938628 0.11662817552
0.365765765766 0.117205542725
0.365107913669 0.117205542725
0.364452423698 0.117205542725
0.363799283154 0.117205542725
0.364937388193 0.117782909931
0.364285714286 0.117782909931
0.365418894831 0.118360277136
0.364768683274 0.118360277136
0.364120781528 0.118360277136
0.363475177305 0.118360277136
0.364601769912 0.118937644342
0.363957597173 0.118937644342
0.363315696649 0.118937644342
0.362676056338 0.118937644342
0.362038664323 0.118937644342
0.361403508772 0.118937644342
0.360770577933 0.118937644342
0.36013986014 0.118937644342
0.359511343805 0.118937644342
0.358885017422 0.118937644342
0.358260869565 0.118937644342
0.359375 0.119515011547
0.358752166378 0.119515011547
0.359861591696 0.120092378753
0.359240069085 0.120092378753
0.358620689655 0.120092378753
0.358003442341 0.120092378753
0.357388316151 0.120092378753
0.356775300172 0.120092378753
0.357876712329 0.120669745958
0.358974358974 0.121247113164
0.358361774744 0.121247113164
0.359454855196 0.12182448037
0.358843537415 0.12182448037
0.358234295416 0.12182448037
0.357627118644 0.12182448037
0.357021996616 0.12182448037
0.356418918919 0.12182448037
0.355817875211 0.12182448037
0.355218855219 0.12182448037
0.354621848739 0.12182448037
0.354026845638 0.12182448037
0.353433835846 0.12182448037
0.352842809365 0.12182448037
0.35225375626 0.12182448037
0.351666666667 0.12182448037
0.351081530782 0.12182448037
0.35049833887 0.12182448037
0.34991708126 0.12182448037
0.349337748344 0.12182448037
0.348760330579 0.12182448037
0.349834983498 0.122401847575
0.349258649094 0.122401847575
0.348684210526 0.122401847575
0.348111658456 0.122401847575
0.347540983607 0.122401847575
0.346972176759 0.122401847575
0.346405228758 0.122401847575
0.345840130506 0.122401847575
0.345276872964 0.122401847575
0.344715447154 0.122401847575
0.345779220779 0.122979214781
0.346839546191 0.123556581986
0.346278317152 0.123556581986
0.345718901454 0.123556581986
0.345161290323 0.123556581986
0.346215780998 0.124133949192
0.347266881029 0.124711316397
0.346709470305 0.124711316397
0.346153846154 0.124711316397
0.3456 0.124711316397
0.346645367412 0.125288683603
0.346092503987 0.125288683603
0.345541401274 0.125288683603
0.346581875994 0.125866050808
0.346031746032 0.125866050808
0.345483359746 0.125866050808
0.346518987342 0.126443418014
0.347551342812 0.127020785219
0.347003154574 0.127020785219
0.346456692913 0.127020785219
0.345911949686 0.127020785219
0.345368916797 0.127020785219
0.346394984326 0.127598152425
0.345852895149 0.127598152425
0.3453125 0.127598152425
0.346333853354 0.12817551963
0.345794392523 0.12817551963
0.345256609642 0.12817551963
0.344720496894 0.12817551963
0.345736434109 0.128752886836
0.34520123839 0.128752886836
0.346213292117 0.129330254042
0.345679012346 0.129330254042
0.345146379045 0.129330254042
0.346153846154 0.129907621247
0.345622119816 0.129907621247
0.34509202454 0.129907621247
0.346094946401 0.130484988453
0.347094801223 0.131062355658
0.346564885496 0.131062355658
0.34756097561 0.131639722864
0.34703196347 0.131639722864
0.346504559271 0.131639722864
0.34597875569 0.131639722864
0.34696969697 0.132217090069
0.346444780635 0.132217090069
0.345921450151 0.132217090069
0.345399698341 0.132217090069
0.346385542169 0.132794457275
0.345864661654 0.132794457275
0.345345345345 0.132794457275
0.344827586207 0.132794457275
0.344311377246 0.132794457275
0.345291479821 0.13337182448
0.344776119403 0.13337182448
0.344262295082 0.13337182448
0.345238095238 0.133949191686
0.344725111441 0.133949191686
0.344213649852 0.133949191686
0.343703703704 0.133949191686
0.343195266272 0.133949191686
0.342688330871 0.133949191686
0.343657817109 0.134526558891
0.343151693667 0.134526558891
0.342647058824 0.134526558891
0.343612334802 0.135103926097
0.344574780059 0.135681293303
0.344070278184 0.135681293303
0.343567251462 0.135681293303
0.344525547445 0.136258660508
0.344023323615 0.136258660508
0.343522561863 0.136258660508
0.343023255814 0.136258660508
0.342525399129 0.136258660508
0.342028985507 0.136258660508
0.341534008683 0.136258660508
0.342485549133 0.136836027714
0.343434343434 0.137413394919
0.342939481268 0.137413394919
0.342446043165 0.137413394919
0.341954022989 0.137413394919
0.341463414634 0.137413394919
0.340974212034 0.137413394919
0.340486409156 0.137413394919
0.34 0.137413394919
0.339514978602 0.137413394919
0.339031339031 0.137413394919
0.338549075391 0.137413394919
0.338068181818 0.137413394919
0.337588652482 0.137413394919
0.337110481586 0.137413394919
0.336633663366 0.137413394919
0.33615819209 0.137413394919
0.335684062059 0.137413394919
0.335211267606 0.137413394919
0.336146272855 0.137990762125
0.337078651685 0.13856812933
0.336605890603 0.13856812933
0.337535014006 0.139145496536
0.337062937063 0.139145496536
0.337988826816 0.139722863741
0.338912133891 0.140300230947
0.338440111421 0.140300230947
0.337969401947 0.140300230947
0.3375 0.140300230947
0.337031900139 0.140300230947
0.337950138504 0.140877598152
0.338865836791 0.141454965358
0.338397790055 0.141454965358
0.337931034483 0.141454965358
0.337465564738 0.141454965358
0.337001375516 0.141454965358
0.336538461538 0.141454965358
0.336076817558 0.141454965358
0.335616438356 0.141454965358
0.336525307798 0.142032332564
0.33606557377 0.142032332564
0.335607094134 0.142032332564
0.33514986376 0.142032332564
0.334693877551 0.142032332564
0.334239130435 0.142032332564
0.333785617368 0.142032332564
0.333333333333 0.142032332564
0.332882273342 0.142032332564
0.332432432432 0.142032332564
0.331983805668 0.142032332564
0.332884097035 0.142609699769
0.332436069987 0.142609699769
0.331989247312 0.142609699769
0.33288590604 0.143187066975
0.333780160858 0.14376443418
0.333333333333 0.14376443418
0.332887700535 0.14376443418
0.332443257677 0.14376443418
0.332 0.14376443418
0.33155792277 0.14376443418
0.331117021277 0.14376443418
0.330677290837 0.14376443418
0.331564986737 0.144341801386
0.332450331126 0.144919168591
0.332010582011 0.144919168591
0.331571994716 0.144919168591
0.332453825858 0.145496535797
0.332015810277 0.145496535797
0.331578947368 0.145496535797
0.332457293035 0.146073903002
0.332020997375 0.146073903002
0.331585845347 0.146073903002
0.331151832461 0.146073903002
0.332026143791 0.146651270208
0.331592689295 0.146651270208
0.331160365059 0.146651270208
0.330729166667 0.146651270208
0.331599479844 0.147228637413
0.331168831169 0.147228637413
0.330739299611 0.147228637413
0.330310880829 0.147228637413
0.329883570505 0.147228637413
0.329457364341 0.147228637413
0.329032258065 0.147228637413
0.329896907216 0.147806004619
0.329472329472 0.147806004619
0.330334190231 0.148383371824
0.331193838254 0.14896073903
0.332051282051 0.149538106236
0.331626120359 0.149538106236
0.331202046036 0.149538106236
0.330779054917 0.149538106236
0.330357142857 0.149538106236
0.329936305732 0.149538106236
0.330788804071 0.150115473441
0.330368487929 0.150115473441
0.329949238579 0.150115473441
0.329531051965 0.150115473441
0.329113924051 0.150115473441
0.329962073325 0.150692840647
0.330808080808 0.151270207852
0.330390920555 0.151270207852
0.329974811083 0.151270207852
0.329559748428 0.151270207852
0.33040201005 0.151847575058
0.329987452949 0.151847575058
0.330827067669 0.152424942263
0.33041301627 0.152424942263
0.33125 0.153002309469
0.332084893883 0.153579676674
0.331670822943 0.153579676674
0.331257783313 0.153579676674
0.330845771144 0.153579676674
0.331677018634 0.15415704388
0.331265508685 0.15415704388
0.330855018587 0.15415704388
0.330445544554 0.15415704388
0.330037082818 0.15415704388
0.32962962963 0.15415704388
0.329223181258 0.15415704388
0.32881773399 0.15415704388
0.328413284133 0.15415704388
0.32800982801 0.15415704388
0.327607361963 0.15415704388
0.327205882353 0.15415704388
0.326805385557 0.15415704388
0.326405867971 0.15415704388
0.326007326007 0.15415704388
0.326829268293 0.154734411085
0.326431181486 0.154734411085
0.327250608273 0.155311778291
0.326852976914 0.155311778291
0.32645631068 0.155311778291
0.326060606061 0.155311778291
0.325665859564 0.155311778291
0.325272067715 0.155311778291
0.324879227053 0.155311778291
0.324487334138 0.155311778291
0.325301204819 0.155889145497
0.326113116727 0.156466512702
0.325721153846 0.156466512702
0.326530612245 0.157043879908
0.327338129496 0.157621247113
0.326946107784 0.157621247113
0.326555023923 0.157621247113
0.327359617682 0.158198614319
0.326968973747 0.158198614319
0.326579261025 0.158198614319
0.32619047619 0.158198614319
0.325802615933 0.158198614319
0.32541567696 0.158198614319
0.326215895611 0.158775981524
0.325829383886 0.158775981524
0.325443786982 0.158775981524
0.326241134752 0.15935334873
0.32585596222 0.15935334873
0.325471698113 0.15935334873
0.325088339223 0.15935334873
0.324705882353 0.15935334873
0.324324324324 0.15935334873
0.323943661972 0.15935334873
0.324736225088 0.159930715935
0.324355971897 0.159930715935
0.323976608187 0.159930715935
0.323598130841 0.159930715935
0.3243873979 0.160508083141
0.325174825175 0.161085450346
0.324796274738 0.161085450346
0.324418604651 0.161085450346
0.324041811847 0.161085450346
0.323665893271 0.161085450346
0.324449594438 0.161662817552
0.324074074074 0.161662817552
0.323699421965 0.161662817552
0.323325635104 0.161662817552
0.322952710496 0.161662817552
0.322580645161 0.161662817552
0.32336018412 0.162240184758
0.322988505747 0.162240184758
0.322617680827 0.162240184758
0.322247706422 0.162240184758
0.321878579611 0.162240184758
0.322654462243 0.162817551963
0.323428571429 0.163394919169
0.323059360731 0.163394919169
0.323831242873 0.163972286374
0.324601366743 0.16454965358
0.324232081911 0.16454965358
0.323863636364 0.16454965358
0.324631101022 0.165127020785
0.324263038549 0.165127020785
0.325028312571 0.165704387991
0.324660633484 0.165704387991
0.325423728814 0.166281755196
0.325056433409 0.166281755196
0.324689966178 0.166281755196
0.324324324324 0.166281755196
0.323959505062 0.166281755196
0.323595505618 0.166281755196
0.324354657688 0.166859122402
0.325112107623 0.167436489607
0.324748040314 0.167436489607
0.324384787472 0.167436489607
0.324022346369 0.167436489607
0.323660714286 0.167436489607
0.323299888517 0.167436489607
0.32293986637 0.167436489607
0.323692992214 0.168013856813
0.323333333333 0.168013856813
0.322974472808 0.168013856813
0.322616407982 0.168013856813
0.322259136213 0.168013856813
0.323008849558 0.168591224018
0.322651933702 0.168591224018
0.323399558499 0.169168591224
0.323042998897 0.169168591224
0.323788546256 0.16974595843
0.323432343234 0.16974595843
0.324175824176 0.170323325635
0.323819978046 0.170323325635
0.323464912281 0.170323325635
0.323110624315 0.170323325635
0.323851203501 0.170900692841
0.32349726776 0.170900692841
0.323144104803 0.170900692841
0.322791712105 0.170900692841
0.323529411765 0.171478060046
0.323177366703 0.171478060046
0.322826086957 0.171478060046
0.323561346363 0.172055427252
0.323210412148 0.172055427252
0.322860238353 0.172055427252
0.323593073593 0.172632794457
0.323243243243 0.172632794457
0.322894168467 0.172632794457
0.322545846818 0.172632794457
0.322198275862 0.172632794457
0.321851453175 0.172632794457
0.321505376344 0.172632794457
0.321160042965 0.172632794457
0.320815450644 0.172632794457
0.320471596999 0.172632794457
0.321199143469 0.173210161663
0.32192513369 0.173787528868
0.321581196581 0.173787528868
0.321237993597 0.173787528868
0.321961620469 0.174364896074
0.32268370607 0.174942263279
0.322340425532 0.174942263279
0.321997874601 0.174942263279
0.322717622081 0.175519630485
0.322375397667 0.175519630485
0.322033898305 0.175519630485
0.322751322751 0.176096997691
0.323467230444 0.176674364896
0.324181626188 0.177251732102
0.323839662447 0.177251732102
0.323498419389 0.177251732102
0.323157894737 0.177251732102
0.322818086225 0.177251732102
0.322478991597 0.177251732102
0.322140608604 0.177251732102
0.32180293501 0.177251732102
0.321465968586 0.177251732102
0.321129707113 0.177251732102
0.32183908046 0.177829099307
0.32254697286 0.178406466513
0.322210636079 0.178406466513
0.321875 0.178406466513
0.321540062435 0.178406466513
0.321205821206 0.178406466513
0.320872274143 0.178406466513
0.320539419087 0.178406466513
0.320207253886 0.178406466513
0.319875776398 0.178406466513
0.320579110651 0.178983833718
0.320247933884 0.178983833718
0.31991744066 0.178983833718
0.319587628866 0.178983833718
0.319258496395 0.178983833718
0.319958847737 0.179561200924
0.319630010277 0.179561200924
0.319301848049 0.179561200924
0.318974358974 0.179561200924
0.318647540984 0.179561200924
0.31934493347 0.180138568129
0.320040899796 0.180715935335
0.319713993871 0.180715935335
0.319387755102 0.180715935335
0.319062181448 0.180715935335
0.318737270876 0.180715935335
0.319430315361 0.18129330254
0.319105691057 0.18129330254
0.319796954315 0.181870669746
0.319472616633 0.181870669746
0.31914893617 0.181870669746
0.318825910931 0.181870669746
0.318503538928 0.181870669746
0.318181818182 0.181870669746
0.31786074672 0.181870669746
0.317540322581 0.181870669746
0.317220543807 0.181870669746
0.316901408451 0.181870669746
0.316582914573 0.181870669746
0.316265060241 0.181870669746
0.315947843531 0.181870669746
0.315631262525 0.181870669746
0.315315315315 0.181870669746
0.316 0.182448036952
0.315684315684 0.182448036952
0.315369261477 0.182448036952
0.315054835494 0.182448036952
0.314741035857 0.182448036952
0.314427860697 0.182448036952
0.314115308151 0.182448036952
0.313803376365 0.182448036952
0.313492063492 0.182448036952
0.313181367691 0.182448036952
0.313861386139 0.183025404157
0.313550939664 0.183025404157
0.313241106719 0.183025404157
0.312931885489 0.183025404157
0.312623274162 0.183025404157
0.312315270936 0.183025404157
0.312007874016 0.183025404157
0.311701081613 0.183025404157
0.311394891945 0.183025404157
0.311089303238 0.183025404157
0.311764705882 0.183602771363
0.311459353575 0.183602771363
0.312133072407 0.184180138568
0.311827956989 0.184180138568
0.3115234375 0.184180138568
0.311219512195 0.184180138568
0.310916179337 0.184180138568
0.310613437196 0.184180138568
0.310311284047 0.184180138568
0.310009718173 0.184180138568
0.309708737864 0.184180138568
0.309408341416 0.184180138568
0.309108527132 0.184180138568
0.30880929332 0.184180138568
0.309477756286 0.184757505774
0.309178743961 0.184757505774
0.30888030888 0.184757505774
0.308582449373 0.184757505774
0.308285163776 0.184757505774
0.307988450433 0.184757505774
0.308653846154 0.185334872979
0.309317963497 0.185912240185
0.309980806142 0.18648960739
0.309683604986 0.18648960739
0.30938697318 0.18648960739
0.309090909091 0.18648960739
0.30879541109 0.18648960739
0.309455587393 0.187066974596
0.309160305344 0.187066974596
0.308865586273 0.187066974596
0.308571428571 0.187066974596
0.308277830637 0.187066974596
0.307984790875 0.187066974596
0.307692307692 0.187066974596
0.30834914611 0.187644341801
0.308056872038 0.187644341801
0.307765151515 0.187644341801
0.308420056764 0.188221709007
0.308128544423 0.188221709007
0.307837582625 0.188221709007
0.307547169811 0.188221709007
0.308199811499 0.188799076212
0.30790960452 0.188799076212
0.307619943556 0.188799076212
0.308270676692 0.189376443418
0.307981220657 0.189376443418
0.307692307692 0.189376443418
0.30740393627 0.189376443418
0.307116104869 0.189376443418
0.306828811974 0.189376443418
0.307476635514 0.189953810624
0.307189542484 0.189953810624
0.307835820896 0.190531177829
0.307548928239 0.190531177829
0.307262569832 0.190531177829
0.306976744186 0.190531177829
0.306691449814 0.190531177829
0.306406685237 0.190531177829
0.30612244898 0.190531177829
0.305838739574 0.190531177829
0.305555555556 0.190531177829
0.305272895467 0.190531177829
0.304990757856 0.190531177829
0.304709141274 0.190531177829
0.30442804428 0.190531177829
0.304147465438 0.190531177829
0.303867403315 0.190531177829
0.304507819687 0.191108545035
0.304227941176 0.191108545035
0.303948576676 0.191108545035
0.303669724771 0.191108545035
0.303391384051 0.191108545035
0.303113553114 0.191108545035
0.303751143641 0.19168591224
0.303473491773 0.19168591224
0.303196347032 0.19168591224
0.303832116788 0.192263279446
0.30355515041 0.192263279446
0.303278688525 0.192263279446
0.303002729754 0.192263279446
0.303636363636 0.192840646651
0.30336058129 0.192840646651
0.303085299456 0.192840646651
0.302810516772 0.192840646651
0.302536231884 0.192840646651
0.302262443439 0.192840646651
0.30198915009 0.192840646651
0.301716350497 0.192840646651
0.302346570397 0.193418013857
0.302073940487 0.193418013857
0.301801801802 0.193418013857
0.301530153015 0.193418013857
0.301258992806 0.193418013857
0.300988319856 0.193418013857
0.301615798923 0.193995381062
0.30134529148 0.193995381062
0.301075268817 0.193995381062
0.300805729633 0.193995381062
0.30053667263 0.193995381062
0.300268096515 0.193995381062
0.300892857143 0.194572748268
0.301516503122 0.195150115473
0.301247771836 0.195150115473
0.300979519145 0.195150115473
0.300711743772 0.195150115473
0.300444444444 0.195150115473
0.300177619893 0.195150115473
0.299911268855 0.195150115473
0.299645390071 0.195150115473
0.299379982285 0.195150115473
0.299115044248 0.195150115473
0.299734748011 0.195727482679
0.299469964664 0.195727482679
0.29920564872 0.195727482679
0.298941798942 0.195727482679
0.298678414097 0.195727482679
0.298415492958 0.195727482679
0.298153034301 0.195727482679
0.297891036907 0.195727482679
0.297629499561 0.195727482679
0.297368421053 0.195727482679
0.297984224365 0.196304849885
0.298598949212 0.19688221709
0.299212598425 0.197459584296
0.299825174825 0.198036951501
0.300436681223 0.198614318707
0.30017452007 0.198614318707
0.299912816042 0.198614318707
0.299651567944 0.198614318707
0.299390774587 0.198614318707
0.299130434783 0.198614318707
0.29887054735 0.198614318707
0.298611111111 0.198614318707
0.298352124892 0.198614318707
0.298093587522 0.198614318707
0.298701298701 0.199191685912
0.298442906574 0.199191685912
0.298184961106 0.199191685912
0.29792746114 0.199191685912
0.297670405522 0.199191685912
0.297413793103 0.199191685912
0.297157622739 0.199191685912
0.296901893287 0.199191685912
0.296646603611 0.199191685912
0.296391752577 0.199191685912
0.296137339056 0.199191685912
0.295883361921 0.199191685912
0.295629820051 0.199191685912
0.296232876712 0.199769053118
0.295979469632 0.199769053118
0.296581196581 0.200346420323
0.296327924851 0.200346420323
0.296928327645 0.200923787529
0.296675191816 0.200923787529
0.296422487223 0.200923787529
0.297021276596 0.201501154734
0.296768707483 0.201501154734
0.296516567545 0.201501154734
0.296264855688 0.201501154734
0.296013570823 0.201501154734
0.295762711864 0.201501154734
0.295512277731 0.201501154734
0.295262267343 0.201501154734
0.295012679628 0.201501154734
0.294763513514 0.201501154734
0.294514767932 0.201501154734
0.295109612142 0.20207852194
0.295703454086 0.202655889145
0.295454545455 0.202655889145
0.295206055509 0.202655889145
0.295798319328 0.203233256351
0.295549958018 0.203233256351
0.296140939597 0.203810623557
0.29589270746 0.203810623557
0.295644891122 0.203810623557
0.29539748954 0.203810623557
0.295986622074 0.204387990762
0.295739348371 0.204387990762
0.295492487479 0.204387990762
0.295246038365 0.204387990762
0.295 0.204387990762
0.294754371357 0.204387990762
0.294509151414 0.204387990762
0.294264339152 0.204387990762
0.294019933555 0.204387990762
0.294605809129 0.204965357968
0.294361525705 0.204965357968
0.294117647059 0.204965357968
0.293874172185 0.204965357968
0.293631100083 0.204965357968
0.294214876033 0.205542725173
0.29397192403 0.205542725173
0.293729372937 0.205542725173
0.294311624073 0.206120092379
0.294069192751 0.206120092379
0.293827160494 0.206120092379
0.293585526316 0.206120092379
0.293344289236 0.206120092379
0.293103448276 0.206120092379
0.292863002461 0.206120092379
0.29262295082 0.206120092379
0.292383292383 0.206120092379
0.292144026187 0.206120092379
0.291905151267 0.206120092379
0.291666666667 0.206120092379
0.292244897959 0.206697459584
0.292006525285 0.206697459584
0.292583537082 0.20727482679
0.292345276873 0.20727482679
0.292107404394 0.20727482679
0.291869918699 0.20727482679
0.291632818846 0.20727482679
0.291396103896 0.20727482679
0.291159772912 0.20727482679
0.291734197731 0.207852193995
0.292307692308 0.208429561201
0.2928802589 0.209006928406
0.29264349232 0.209006928406
0.292407108239 0.209006928406
0.29217110573 0.209006928406
0.291935483871 0.209006928406
0.291700241741 0.209006928406
0.291465378422 0.209006928406
0.291230893001 0.209006928406
0.291800643087 0.209584295612
0.29156626506 0.209584295612
0.292134831461 0.210161662818
0.291900561347 0.210161662818
0.291666666667 0.210161662818
0.291433146517 0.210161662818
0.2912 0.210161662818
0.290967226219 0.210161662818
0.290734824281 0.210161662818
0.290502793296 0.210161662818
0.290271132376 0.210161662818
0.290039840637 0.210161662818
0.289808917197 0.210161662818
0.289578361177 0.210161662818
0.289348171701 0.210161662818
0.289118347895 0.210161662818
0.288888888889 0.210161662818
0.288659793814 0.210161662818
0.288431061807 0.210161662818
0.288202692003 0.210161662818
0.287974683544 0.210161662818
0.287747035573 0.210161662818
0.287519747235 0.210161662818
0.28729281768 0.210161662818
0.28785488959 0.210739030023
0.287628053586 0.210739030023
0.288188976378 0.211316397229
0.287962234461 0.211316397229
0.287735849057 0.211316397229
0.287509819324 0.211316397229
0.287284144427 0.211316397229
0.287843137255 0.211893764434
0.287617554859 0.211893764434
0.287392325764 0.211893764434
0.287167449139 0.211893764434
0.286942924159 0.211893764434
0.2875 0.21247113164
0.287275565964 0.21247113164
0.287831513261 0.213048498845
0.287607170694 0.213048498845
0.288161993769 0.213625866051
0.287937743191 0.213625866051
0.287713841369 0.213625866051
0.28749028749 0.213625866051
0.288043478261 0.214203233256
0.287820015516 0.214203233256
0.287596899225 0.214203233256
0.288148721921 0.214780600462
0.288699690402 0.215357967667
0.288476411446 0.215357967667
0.289026275116 0.215935334873
0.288803088803 0.215935334873
0.288580246914 0.215935334873
0.288357748651 0.215935334873
0.288906009245 0.216512702079
0.289453425712 0.217090069284
0.289230769231 0.217090069284
0.289008455035 0.217090069284
0.288786482335 0.217090069284
0.288564850345 0.217090069284
0.288343558282 0.217090069284
0.288122605364 0.217090069284
0.287901990812 0.217090069284
0.287681713849 0.217090069284
0.2874617737 0.217090069284
0.288006111536 0.21766743649
0.287786259542 0.21766743649
0.287566742944 0.21766743649
0.287347560976 0.21766743649
0.287890327494 0.218244803695
0.287671232877 0.218244803695
0.287452471483 0.218244803695
0.287234042553 0.218244803695
0.28701594533 0.218244803695
0.286798179059 0.218244803695
0.286580742987 0.218244803695
0.286363636364 0.218244803695
0.286903860712 0.218822170901
0.286686838124 0.218822170901
0.286470143613 0.218822170901
0.286253776435 0.218822170901
0.286037735849 0.218822170901
0.285822021116 0.218822170901
0.2856066315 0.218822170901
0.286144578313 0.219399538106
0.285929270128 0.219399538106
0.285714285714 0.219399538106
0.286250939144 0.219976905312
0.286036036036 0.219976905312
0.286571642911 0.220554272517
0.287106446777 0.221131639723
0.286891385768 0.221131639723
0.287425149701 0.221709006928
0.287210172027 0.221709006928
0.287742899851 0.222286374134
0.287528005975 0.222286374134
0.287313432836 0.222286374134
0.287099179717 0.222286374134
0.287630402385 0.222863741339
0.288160833954 0.223441108545
0.287946428571 0.223441108545
0.288475836431 0.224018475751
0.289004457652 0.224595842956
0.288789903489 0.224595842956
0.288575667656 0.224595842956
0.288361749444 0.224595842956
0.288148148148 0.224595842956
0.287934863064 0.224595842956
0.287721893491 0.224595842956
0.287509238729 0.224595842956
0.28729689808 0.224595842956
0.287084870849 0.224595842956
0.286873156342 0.224595842956
0.286661753869 0.224595842956
0.286450662739 0.224595842956
0.286239882266 0.224595842956
0.286029411765 0.224595842956
0.285819250551 0.224595842956
0.286343612335 0.225173210162
0.28613352898 0.225173210162
0.285923753666 0.225173210162
0.285714285714 0.225173210162
0.285505124451 0.225173210162
0.285296269203 0.225173210162
0.285087719298 0.225173210162
0.284879474069 0.225173210162
0.285401459854 0.225750577367
0.285922684172 0.226327944573
0.286443148688 0.226905311778
0.286234522942 0.226905311778
0.286754002911 0.227482678984
0.287272727273 0.228060046189
0.287790697674 0.228637413395
0.288307915759 0.2292147806
0.288098693759 0.2292147806
0.288614938361 0.229792147806
0.289130434783 0.230369515012
0.289645184649 0.230946882217
0.289435600579 0.230946882217
0.289226319595 0.230946882217
0.28901734104 0.230946882217
0.28880866426 0.230946882217
0.2886002886 0.230946882217
0.289113193944 0.231524249423
0.288904899135 0.231524249423
0.289416846652 0.232101616628
0.289208633094 0.232101616628
0.289719626168 0.232678983834
0.289511494253 0.232678983834
0.290021536253 0.233256351039
0.28981348637 0.233256351039
0.289605734767 0.233256351039
0.289398280802 0.233256351039
0.289191123837 0.233256351039
0.288984263233 0.233256351039
0.288777698356 0.233256351039
0.288571428571 0.233256351039
0.288365453248 0.233256351039
0.288159771755 0.233256351039
0.287954383464 0.233256351039
0.287749287749 0.233256351039
0.287544483986 0.233256351039
0.28733997155 0.233256351039
0.287135749822 0.233256351039
0.286931818182 0.233256351039
0.286728176011 0.233256351039
0.287234042553 0.233833718245
0.287030474841 0.233833718245
0.286827195467 0.233833718245
0.286624203822 0.233833718245
0.286421499293 0.233833718245
0.286219081272 0.233833718245
0.286016949153 0.233833718245
0.285815102329 0.233833718245
0.285613540197 0.233833718245
0.285412262156 0.233833718245
0.285211267606 0.233833718245
0.285714285714 0.23441108545
0.285513361463 0.23441108545
0.285312719606 0.23441108545
0.285112359551 0.23441108545
0.284912280702 0.23441108545
0.285413744741 0.234988452656
0.285213735109 0.234988452656
0.285014005602 0.234988452656
0.284814555633 0.234988452656
0.284615384615 0.234988452656
0.285115303983 0.235565819861
0.284916201117 0.235565819861
0.284717376134 0.235565819861
0.285216178522 0.236143187067
0.285714285714 0.236720554273
0.286211699164 0.237297921478
0.286012526096 0.237297921478
0.285813630042 0.237297921478
0.285615010424 0.237297921478
0.285416666667 0.237297921478
0.285218598196 0.237297921478
0.285020804438 0.237297921478
0.284823284823 0.237297921478
0.284626038781 0.237297921478
0.284429065744 0.237297921478
0.284232365145 0.237297921478
0.28403593642 0.237297921478
0.283839779006 0.237297921478
0.28364389234 0.237297921478
0.284137931034 0.237875288684
0.28394210889 0.237875288684
0.283746556474 0.237875288684
0.283551273228 0.237875288684
0.284044016506 0.238452655889
0.283848797251 0.238452655889
0.283653846154 0.238452655889
0.283459162663 0.238452655889
0.283950617284 0.239030023095
0.283755997258 0.239030023095
0.283561643836 0.239030023095
0.283367556468 0.239030023095
0.28317373461 0.239030023095
0.282980177717 0.239030023095
0.282786885246 0.239030023095
0.282593856655 0.239030023095
0.282401091405 0.239030023095
0.282890252215 0.2396073903
0.282697547684 0.2396073903
0.282505105514 0.2396073903
0.28231292517 0.2396073903
0.282800815772 0.240184757506
0.282608695652 0.240184757506
0.282416836388 0.240184757506
0.282225237449 0.240184757506
0.282033898305 0.240184757506
0.281842818428 0.240184757506
0.281651997292 0.240184757506
0.281461434371 0.240184757506
0.281271129141 0.240184757506
0.281756756757 0.240762124711
0.281566509115 0.240762124711
0.281376518219 0.240762124711
0.281186783547 0.240762124711
0.28167115903 0.241339491917
0.281481481481 0.241339491917
0.281292059219 0.241339491917
0.281102891728 0.241339491917
0.280913978495 0.241339491917
0.280725319006 0.241339491917
0.280536912752 0.241339491917
0.280348759222 0.241339491917
0.280160857909 0.241339491917
0.28064300067 0.241916859122
0.280455153949 0.241916859122
0.280267558528 0.241916859122
0.280080213904 0.241916859122
0.279893119572 0.241916859122
0.279706275033 0.241916859122
0.279519679787 0.241916859122
0.28 0.242494226328
0.279813457695 0.242494226328
0.279627163782 0.242494226328
0.279441117764 0.242494226328
0.279255319149 0.242494226328
0.279069767442 0.242494226328
0.278884462151 0.242494226328
0.278699402787 0.242494226328
0.278514588859 0.242494226328
0.278992710404 0.243071593533
0.27880794702 0.243071593533
0.278623428193 0.243071593533
0.278439153439 0.243071593533
0.278255122274 0.243071593533
0.278731836196 0.243648960739
0.278547854785 0.243648960739
0.278364116095 0.243648960739
0.278180619644 0.243648960739
0.277997364954 0.243648960739
0.278472679394 0.244226327945
0.278947368421 0.24480369515
0.279421433268 0.245381062356
0.279237844941 0.245381062356
0.279054497702 0.245381062356
0.279527559055 0.245958429561
0.279344262295 0.245958429561
0.279161205767 0.245958429561
0.278978388998 0.245958429561
0.278795811518 0.245958429561
0.278613472858 0.245958429561
0.27908496732 0.246535796767
0.278902677988 0.246535796767
0.278720626632 0.246535796767
0.278538812785 0.246535796767
0.278357235984 0.246535796767
0.278175895765 0.246535796767
0.277994791667 0.246535796767
0.277813923227 0.246535796767
0.277633289987 0.246535796767
0.277452891488 0.246535796767
0.277272727273 0.246535796767
0.277092796885 0.246535796767
0.27691309987 0.246535796767
0.276733635774 0.246535796767
0.276554404145 0.246535796767
0.276375404531 0.246535796767
0.276843467012 0.247113163972
0.276664511959 0.247113163972
0.276485788114 0.247113163972
0.276952872821 0.247690531178
0.276774193548 0.247690531178
0.277240490006 0.248267898383
0.27706185567 0.248267898383
0.276883451384 0.248267898383
0.276705276705 0.248267898383
0.277170418006 0.248845265589
0.27763496144 0.249422632794
0.277456647399 0.249422632794
0.277278562259 0.249422632794
0.277100705581 0.249422632794
0.277564102564 0.25
0.277386290839 0.25
0.277208706786 0.25
0.277031349968 0.25
0.276854219949 0.25
0.276677316294 0.25
0.277139208174 0.250577367206
0.276962348437 0.250577367206
0.276785714286 0.250577367206
0.27660930529 0.250577367206
0.276433121019 0.250577367206
0.276257161044 0.250577367206
0.276717557252 0.251154734411
0.277177368086 0.251732101617
0.277001270648 0.251732101617
0.276825396825 0.251732101617
0.276649746193 0.251732101617
0.276474318326 0.251732101617
0.276299112801 0.251732101617
0.276757441419 0.252309468822
0.277215189873 0.252886836028
0.277672359266 0.253464203233
0.277496839444 0.253464203233
0.277321541377 0.253464203233
0.277146464646 0.253464203233
0.276971608833 0.253464203233
0.276796973518 0.253464203233
0.277252678009 0.254041570439
0.277078085642 0.254041570439
0.276903713027 0.254041570439
0.276729559748 0.254041570439
0.277184160905 0.254618937644
0.277010050251 0.254618937644
0.276836158192 0.254618937644
0.276662484316 0.254618937644
0.277115987461 0.25519630485
0.27694235589 0.25519630485
0.276768941766 0.25519630485
0.276595744681 0.25519630485
0.276422764228 0.25519630485
0.27625 0.25519630485
0.276077451593 0.25519630485
0.276529338327 0.255773672055
0.276356830942 0.255773672055
0.276184538653 0.255773672055
0.276012461059 0.255773672055
0.275840597758 0.255773672055
0.276291225887 0.256351039261
0.276741293532 0.256928406467
0.2765692977 0.256928406467
0.276397515528 0.256928406467
0.276225946617 0.256928406467
0.276054590571 0.256928406467
0.275883446993 0.256928406467
0.275712515489 0.256928406467
0.275541795666 0.256928406467
0.275371287129 0.256928406467
0.275819418677 0.257505773672
0.27564894932 0.257505773672
0.27547869055 0.257505773672
0.275308641975 0.257505773672
0.275138803208 0.257505773672
0.274969173859 0.257505773672
0.274799753543 0.257505773672
0.274630541872 0.257505773672
0.274461538462 0.257505773672
0.274292742927 0.257505773672
0.274124154886 0.257505773672
0.273955773956 0.257505773672
0.273787599754 0.257505773672
0.273619631902 0.257505773672
0.273451870018 0.257505773672
0.273284313725 0.257505773672
0.273116962645 0.257505773672
0.272949816401 0.257505773672
0.272782874618 0.257505773672
0.273227383863 0.258083140878
0.273060476481 0.258083140878
0.272893772894 0.258083140878
0.272727272727 0.258083140878
0.27256097561 0.258083140878
0.27239488117 0.258083140878
0.272228989038 0.258083140878
0.27267194157 0.258660508083
0.272506082725 0.258660508083
0.272340425532 0.258660508083
0.272174969623 0.258660508083
0.272009714633 0.258660508083
0.272451456311 0.259237875289
0.27289266222 0.259815242494
0.272727272727 0.259815242494
0.272562083586 0.259815242494
0.272397094431 0.259815242494
0.2722323049 0.259815242494
0.272067714631 0.259815242494
0.27250755287 0.2603926097
0.272342995169 0.2603926097
0.272178636089 0.2603926097
0.272014475271 0.2603926097
0.271850512357 0.2603926097
0.271686746988 0.2603926097
0.271523178808 0.2603926097
0.271359807461 0.2603926097
0.271196632592 0.2603926097
0.271033653846 0.2603926097
0.270870870871 0.2603926097
0.270708283313 0.2603926097
0.270545890822 0.2603926097
