1.0 0.0
1.0 0.000577367205543
0.5 0.000577367205543
0.666666666667 0.00115473441109
0.75 0.00173210161663
0.8 0.00230946882217
0.833333333333 0.00288683602771
0.714285714286 0.00288683602771
0.75 0.00346420323326
0.666666666667 0.00346420323326
0.7 0.0040415704388
0.727272727273 0.00461893764434
0.75 0.00519630484988
0.769230769231 0.00577367205543
0.785714285714 0.00635103926097
0.8 0.00692840646651
0.75 0.00692840646651
0.764705882353 0.00750577367206
0.777777777778 0.0080831408776
0.789473684211 0.00866050808314
0.75 0.00866050808314
0.714285714286 0.00866050808314
0.727272727273 0.00923787528868
0.739130434783 0.00981524249423
0.75 0.0103926096998
0.76 0.0109699769053
0.730769230769 0.0109699769053
0.740740740741 0.0115473441109
0.75 0.0121247113164
0.758620689655 0.0127020785219
0.766666666667 0.0132794457275
0.774193548387 0.013856812933
0.78125 0.0144341801386
0.757575757576 0.0144341801386
0.764705882353 0.0150115473441
0.771428571429 0.0155889145497
0.777777777778 0.0161662817552
0.783783783784 0.0167436489607
0.789473684211 0.0173210161663
0.794871794872 0.0178983833718
0.8 0.0184757505774
0.780487804878 0.0184757505774
0.785714285714 0.0190531177829
0.790697674419 0.0196304849885
0.795454545455 0.020207852194
0.8 0.0207852193995
0.782608695652 0.0207852193995
0.787234042553 0.0213625866051
0.791666666667 0.0219399538106
0.795918367347 0.0225173210162
0.8 0.0230946882217
0.803921568627 0.0236720554273
0.807692307692 0.0242494226328
0.792452830189 0.0242494226328
0.777777777778 0.0242494226328
0.763636363636 0.0242494226328
0.767857142857 0.0248267898383
0.754385964912 0.0248267898383
0.758620689655 0.0254041570439
0.745762711864 0.0254041570439
0.75 0.0259815242494
0.737704918033 0.0259815242494
0.725806451613 0.0259815242494
0.730158730159 0.026558891455
0.734375 0.0271362586605
0.738461538462 0.0277136258661
0.742424242424 0.0282909930716
0.731343283582 0.0282909930716
0.735294117647 0.0288683602771
0.724637681159 0.0288683602771
0.714285714286 0.0288683602771
0.704225352113 0.0288683602771
0.694444444444 0.0288683602771
0.698630136986 0.0294457274827
0.689189189189 0.0294457274827
0.68 0.0294457274827
0.684210526316 0.0300230946882
0.675324675325 0.0300230946882
0.666666666667 0.0300230946882
0.658227848101 0.0300230946882
0.6625 0.0306004618938
0.654320987654 0.0306004618938
0.658536585366 0.0311778290993
0.66265060241 0.0317551963048
0.666666666667 0.0323325635104
0.670588235294 0.0329099307159
0.674418604651 0.0334872979215
0.67816091954 0.034064665127
0.681818181818 0.0346420323326
0.674157303371 0.0346420323326
0.666666666667 0.0346420323326
0.659340659341 0.0346420323326
0.652173913043 0.0346420323326
0.655913978495 0.0352193995381
0.659574468085 0.0357967667436
0.663157894737 0.0363741339492
0.65625 0.0363741339492
0.659793814433 0.0369515011547
0.65306122449 0.0369515011547
0.656565656566 0.0375288683603
0.65 0.0375288683603
0.643564356436 0.0375288683603
0.647058823529 0.0381062355658
0.650485436893 0.0386836027714
0.653846153846 0.0392609699769
0.657142857143 0.0398383371824
0.650943396226 0.0398383371824
0.644859813084 0.0398383371824
0.638888888889 0.0398383371824
0.633027522936 0.0398383371824
0.627272727273 0.0398383371824
0.621621621622 0.0398383371824
0.625 0.040415704388
0.628318584071 0.0409930715935
0.631578947368 0.0415704387991
0.626086956522 0.0415704387991
0.629310344828 0.0421478060046
0.623931623932 0.0421478060046
0.627118644068 0.0427251732102
0.621848739496 0.0427251732102
0.625 0.0433025404157
0.619834710744 0.0433025404157
0.614754098361 0.0433025404157
0.617886178862 0.0438799076212
0.612903225806 0.0438799076212
0.616 0.0444572748268
0.619047619048 0.0450346420323
0.622047244094 0.0456120092379
0.625 0.0461893764434
0.627906976744 0.046766743649
0.623076923077 0.046766743649
0.625954198473 0.0473441108545
0.628787878788 0.04792147806
0.624060150376 0.04792147806
0.626865671642 0.0484988452656
0.62962962963 0.0490762124711
0.625 0.0490762124711
0.620437956204 0.0490762124711
0.623188405797 0.0496535796767
0.625899280576 0.0502309468822
0.621428571429 0.0502309468822
0.617021276596 0.0502309468822
0.612676056338 0.0502309468822
0.608391608392 0.0502309468822
0.604166666667 0.0502309468822
0.606896551724 0.0508083140878
0.609589041096 0.0513856812933
0.612244897959 0.0519630484988
0.608108108108 0.0519630484988
0.610738255034 0.0525404157044
0.613333333333 0.0531177829099
0.615894039735 0.0536951501155
0.611842105263 0.0536951501155
0.607843137255 0.0536951501155
0.603896103896 0.0536951501155
0.6 0.0536951501155
0.602564102564 0.054272517321
0.605095541401 0.0548498845266
0.601265822785 0.0548498845266
0.59748427673 0.0548498845266
0.59375 0.0548498845266
0.590062111801 0.0548498845266
0.586419753086 0.0548498845266
0.58282208589 0.0548498845266
0.585365853659 0.0554272517321
0.581818181818 0.0554272517321
0.578313253012 0.0554272517321
0.580838323353 0.0560046189376
0.583333333333 0.0565819861432
0.579881656805 0.0565819861432
0.576470588235 0.0565819861432
0.573099415205 0.0565819861432
0.56976744186 0.0565819861432
0.57225433526 0.0571593533487
0.574712643678 0.0577367205543
0.577142857143 0.0583140877598
0.573863636364 0.0583140877598
0.570621468927 0.0583140877598
0.573033707865 0.0588914549654
0.569832402235 0.0588914549654
0.566666666667 0.0588914549654
0.563535911602 0.0588914549654
0.56043956044 0.0588914549654
0.562841530055 0.0594688221709
0.559782608696 0.0594688221709
0.556756756757 0.0594688221709
0.55376344086 0.0594688221709
0.550802139037 0.0594688221709
0.553191489362 0.0600461893764
0.555555555556 0.060623556582
0.552631578947 0.060623556582
0.55497382199 0.0612009237875
0.552083333333 0.0612009237875
0.554404145078 0.0617782909931
0.556701030928 0.0623556581986
0.558974358974 0.0629330254042
0.561224489796 0.0635103926097
0.56345177665 0.0640877598152
0.565656565657 0.0646651270208
0.562814070352 0.0646651270208
0.56 0.0646651270208
0.562189054726 0.0652424942263
0.564356435644 0.0658198614319
0.566502463054 0.0663972286374
0.563725490196 0.0663972286374
0.560975609756 0.0663972286374
0.558252427184 0.0663972286374
0.56038647343 0.066974595843
0.5625 0.0675519630485
0.564593301435 0.068129330254
0.566666666667 0.0687066974596
0.563981042654 0.0687066974596
0.561320754717 0.0687066974596
0.558685446009 0.0687066974596
0.556074766355 0.0687066974596
0.558139534884 0.0692840646651
0.555555555556 0.0692840646651
0.552995391705 0.0692840646651
0.550458715596 0.0692840646651
0.552511415525 0.0698614318707
0.55 0.0698614318707
0.552036199095 0.0704387990762
0.54954954955 0.0704387990762
0.551569506726 0.0710161662818
0.553571428571 0.0715935334873
0.555555555556 0.0721709006928
0.557522123894 0.0727482678984
0.559471365639 0.0733256351039
0.561403508772 0.0739030023095
0.563318777293 0.074480369515
0.565217391304 0.0750577367206
0.562770562771 0.0750577367206
0.560344827586 0.0750577367206
0.562231759657 0.0756351039261
0.559829059829 0.0756351039261
0.557446808511 0.0756351039261
0.555084745763 0.0756351039261
0.552742616034 0.0756351039261
0.550420168067 0.0756351039261
0.548117154812 0.0756351039261
0.55 0.0762124711316
0.551867219917 0.0767898383372
0.54958677686 0.0767898383372
0.551440329218 0.0773672055427
0.549180327869 0.0773672055427
0.551020408163 0.0779445727483
0.552845528455 0.0785219399538
0.554655870445 0.0790993071594
0.552419354839 0.0790993071594
0.550200803213 0.0790993071594
0.552 0.0796766743649
0.549800796813 0.0796766743649
0.547619047619 0.0796766743649
0.545454545455 0.0796766743649
0.543307086614 0.0796766743649
0.545098039216 0.0802540415704
0.546875 0.080831408776
0.548638132296 0.0814087759815
0.546511627907 0.0814087759815
0.544401544402 0.0814087759815
0.546153846154 0.0819861431871
0.544061302682 0.0819861431871
0.541984732824 0.0819861431871
0.539923954373 0.0819861431871
0.541666666667 0.0825635103926
0.543396226415 0.0831408775982
0.541353383459 0.0831408775982
0.539325842697 0.0831408775982
0.537313432836 0.0831408775982
0.53531598513 0.0831408775982
0.537037037037 0.0837182448037
0.535055350554 0.0837182448037
0.533088235294 0.0837182448037
0.531135531136 0.0837182448037
0.532846715328 0.0842956120092
0.534545454545 0.0848729792148
0.532608695652 0.0848729792148
0.534296028881 0.0854503464203
0.535971223022 0.0860277136259
0.537634408602 0.0866050808314
0.539285714286 0.087182448037
0.537366548043 0.087182448037
0.535460992908 0.087182448037
0.533568904594 0.087182448037
0.531690140845 0.087182448037
0.529824561404 0.087182448037
0.531468531469 0.0877598152425
0.529616724739 0.0877598152425
0.53125 0.088337182448
0.529411764706 0.088337182448
0.531034482759 0.0889145496536
0.529209621993 0.0889145496536
0.527397260274 0.0889145496536
0.525597269625 0.0889145496536
0.527210884354 0.0894919168591
0.525423728814 0.0894919168591
0.523648648649 0.0894919168591
0.521885521886 0.0894919168591
0.520134228188 0.0894919168591
0.518394648829 0.0894919168591
0.516666666667 0.0894919168591
0.514950166113 0.0894919168591
0.516556291391 0.0900692840647
0.518151815182 0.0906466512702
0.516447368421 0.0906466512702
0.514754098361 0.0906466512702
0.513071895425 0.0906466512702
0.511400651466 0.0906466512702
0.50974025974 0.0906466512702
0.508090614887 0.0906466512702
0.509677419355 0.0912240184758
0.508038585209 0.0912240184758
0.50641025641 0.0912240184758
0.504792332268 0.0912240184758
0.506369426752 0.0918013856813
0.507936507937 0.0923787528868
0.506329113924 0.0923787528868
0.507886435331 0.0929561200924
0.509433962264 0.0935334872979
0.507836990596 0.0935334872979
0.50625 0.0935334872979
0.507788161994 0.0941108545035
0.506211180124 0.0941108545035
0.50773993808 0.094688221709
0.506172839506 0.094688221709
0.507692307692 0.0952655889145
0.506134969325 0.0952655889145
0.504587155963 0.0952655889145
0.506097560976 0.0958429561201
0.507598784195 0.0964203233256
0.506060606061 0.0964203233256
0.507552870091 0.0969976905312
0.509036144578 0.0975750577367
0.510510510511 0.0981524249423
0.508982035928 0.0981524249423
0.510447761194 0.0987297921478
0.511904761905 0.0993071593533
0.510385756677 0.0993071593533
0.508875739645 0.0993071593533
0.507374631268 0.0993071593533
0.505882352941 0.0993071593533
0.504398826979 0.0993071593533
0.505847953216 0.0998845265589
0.504373177843 0.0998845265589
0.502906976744 0.0998845265589
0.501449275362 0.0998845265589
0.50289017341 0.100461893764
0.50144092219 0.100461893764
0.502873563218 0.10103926097
0.501432664756 0.10103926097
0.502857142857 0.101616628176
0.501424501425 0.101616628176
0.502840909091 0.102193995381
0.504249291785 0.102771362587
0.502824858757 0.102771362587
0.504225352113 0.103348729792
0.502808988764 0.103348729792
0.501400560224 0.103348729792
0.5 0.103348729792
0.49860724234 0.103348729792
0.5 0.103926096998
0.498614958449 0.103926096998
0.497237569061 0.103926096998
0.498622589532 0.104503464203
0.5 0.105080831409
0.501369863014 0.105658198614
0.5 0.105658198614
0.49863760218 0.105658198614
0.497282608696 0.105658198614
0.49593495935 0.105658198614
0.494594594595 0.105658198614
0.495956873315 0.10623556582
0.494623655914 0.10623556582
0.493297587131 0.10623556582
0.491978609626 0.10623556582
0.493333333333 0.106812933025
0.492021276596 0.106812933025
0.493368700265 0.107390300231
0.494708994709 0.107967667436
0.493403693931 0.107967667436
0.492105263158 0.107967667436
0.490813648294 0.107967667436
0.489528795812 0.107967667436
0.488250652742 0.107967667436
0.486979166667 0.107967667436
0.488311688312 0.108545034642
0.489637305699 0.109122401848
0.488372093023 0.109122401848
0.489690721649 0.109699769053
0.488431876607 0.109699769053
0.489743589744 0.110277136259
0.488491048593 0.110277136259
0.489795918367 0.110854503464
0.488549618321 0.110854503464
0.489847715736 0.11143187067
0.488607594937 0.11143187067
0.489898989899 0.112009237875
0.491183879093 0.112586605081
0.489949748744 0.112586605081
0.491228070175 0.113163972286
0.49 0.113163972286
0.488778054863 0.113163972286
0.490049751244 0.113741339492
0.488833746898 0.113741339492
0.487623762376 0.113741339492
0.486419753086 0.113741339492
0.485221674877 0.113741339492
0.484029484029 0.113741339492
0.482843137255 0.113741339492
0.481662591687 0.113741339492
0.480487804878 0.113741339492
0.481751824818 0.114318706697
0.480582524272 0.114318706697
0.481840193705 0.114896073903
0.480676328502 0.114896073903
0.479518072289 0.114896073903
0.478365384615 0.114896073903
0.479616306954 0.115473441109
0.478468899522 0.115473441109
0.477326968974 0.115473441109
0.478571428571 0.116050808314
0.477434679335 0.116050808314
0.478672985782 0.11662817552
0.479905437352 0.117205542725
0.478773584906 0.117205542725
0.477647058824 0.117205542725
0.478873239437 0.117782909931
0.480093676815 0.118360277136
0.481308411215 0.118937644342
0.480186480186 0.118937644342
0.479069767442 0.118937644342
0.480278422274 0.119515011547
0.479166666667 0.119515011547
0.478060046189 0.119515011547
0.476958525346 0.119515011547
0.475862068966 0.119515011547
0.474770642202 0.119515011547
0.475972540046 0.120092378753
0.474885844749 0.120092378753
0.473804100228 0.120092378753
0.472727272727 0.120092378753
0.473922902494 0.120669745958
0.472850678733 0.120669745958
0.471783295711 0.120669745958
0.470720720721 0.120669745958
0.469662921348 0.120669745958
0.468609865471 0.120669745958
0.467561521253 0.120669745958
0.466517857143 0.120669745958
0.467706013363 0.121247113164
0.468888888889 0.12182448037
0.470066518847 0.122401847575
0.469026548673 0.122401847575
0.470198675497 0.122979214781
0.469162995595 0.122979214781
0.47032967033 0.123556581986
0.47149122807 0.124133949192
0.4704595186 0.124133949192
0.46943231441 0.124133949192
0.468409586057 0.124133949192
0.467391304348 0.124133949192
0.466377440347 0.124133949192
0.465367965368 0.124133949192
0.464362850972 0.124133949192
0.465517241379 0.124711316397
0.464516129032 0.124711316397
0.463519313305 0.124711316397
0.464668094218 0.125288683603
0.465811965812 0.125866050808
0.464818763326 0.125866050808
0.463829787234 0.125866050808
0.464968152866 0.126443418014
0.463983050847 0.126443418014
0.463002114165 0.126443418014
0.464135021097 0.127020785219
0.463157894737 0.127020785219
0.46218487395 0.127020785219
0.461215932914 0.127020785219
0.462343096234 0.127598152425
0.461377870564 0.127598152425
0.4625 0.12817551963
0.461538461538 0.12817551963
0.460580912863 0.12817551963
0.459627329193 0.12817551963
0.45867768595 0.12817551963
0.457731958763 0.12817551963
0.456790123457 0.12817551963
0.457905544148 0.128752886836
0.459016393443 0.129330254042
0.460122699387 0.129907621247
0.461224489796 0.130484988453
0.460285132383 0.130484988453
0.459349593496 0.130484988453
0.458417849899 0.130484988453
0.45951417004 0.131062355658
0.460606060606 0.131639722864
0.461693548387 0.132217090069
0.46277665996 0.132794457275
0.461847389558 0.132794457275
0.460921843687 0.132794457275
0.46 0.132794457275
0.459081836327 0.132794457275
0.458167330677 0.132794457275
0.457256461233 0.132794457275
0.456349206349 0.132794457275
0.455445544554 0.132794457275
0.454545454545 0.132794457275
0.455621301775 0.13337182448
0.454724409449 0.13337182448
0.4557956778 0.133949191686
0.454901960784 0.133949191686
0.454011741683 0.133949191686
0.453125 0.133949191686
0.4522417154 0.133949191686
0.451361867704 0.133949191686
0.450485436893 0.133949191686
0.449612403101 0.133949191686
0.450676982592 0.134526558891
0.449806949807 0.134526558891
0.44894026975 0.134526558891
0.448076923077 0.134526558891
0.447216890595 0.134526558891
0.446360153257 0.134526558891
0.445506692161 0.134526558891
0.446564885496 0.135103926097
0.447619047619 0.135681293303
0.448669201521 0.136258660508
0.447817836812 0.136258660508
0.448863636364 0.136836027714
0.448015122873 0.136836027714
0.447169811321 0.136836027714
0.446327683616 0.136836027714
0.445488721805 0.136836027714
0.444652908068 0.136836027714
0.443820224719 0.136836027714
0.442990654206 0.136836027714
0.442164179104 0.136836027714
0.441340782123 0.136836027714
0.440520446097 0.136836027714
0.439703153989 0.136836027714
0.438888888889 0.136836027714
0.438077634011 0.136836027714
0.437269372694 0.136836027714
0.436464088398 0.136836027714
0.4375 0.137413394919
0.436697247706 0.137413394919
0.437728937729 0.137990762125
0.438756855576 0.13856812933
0.439781021898 0.139145496536
0.440801457195 0.139722863741
0.44 0.139722863741
0.439201451906 0.139722863741
0.440217391304 0.140300230947
0.439421338156 0.140300230947
0.440433212996 0.140877598152
0.43963963964 0.140877598152
0.438848920863 0.140877598152
0.439856373429 0.141454965358
0.439068100358 0.141454965358
0.438282647585 0.141454965358
0.4375 0.141454965358
0.436720142602 0.141454965358
0.435943060498 0.141454965358
0.435168738899 0.141454965358
0.434397163121 0.141454965358
0.435398230088 0.142032332564
0.434628975265 0.142032332564
0.433862433862 0.142032332564
0.433098591549 0.142032332564
0.434094903339 0.142609699769
0.433333333333 0.142609699769
0.432574430823 0.142609699769
0.431818181818 0.142609699769
0.431064572426 0.142609699769
0.43031358885 0.142609699769
0.431304347826 0.143187066975
0.432291666667 0.14376443418
0.431542461005 0.14376443418
0.430795847751 0.14376443418
0.430051813472 0.14376443418
0.431034482759 0.144341801386
0.430292598967 0.144341801386
0.429553264605 0.144341801386
0.428816466552 0.144341801386
0.428082191781 0.144341801386
0.42905982906 0.144919168591
0.430034129693 0.145496535797
0.42930153322 0.145496535797
0.428571428571 0.145496535797
0.427843803056 0.145496535797
0.427118644068 0.145496535797
0.428087986464 0.146073903002
0.427364864865 0.146073903002
0.428330522766 0.146651270208
0.427609427609 0.146651270208
0.428571428571 0.147228637413
0.429530201342 0.147806004619
0.428810720268 0.147806004619
0.428093645485 0.147806004619
0.427378964942 0.147806004619
0.428333333333 0.148383371824
0.42762063228 0.148383371824
0.428571428571 0.14896073903
0.42951907131 0.149538106236
0.42880794702 0.149538106236
0.428099173554 0.149538106236
0.427392739274 0.149538106236
0.426688632619 0.149538106236
0.425986842105 0.149538106236
0.425287356322 0.149538106236
0.424590163934 0.149538106236
0.423895253682 0.149538106236
0.423202614379 0.149538106236
0.42251223491 0.149538106236
0.421824104235 0.149538106236
0.421138211382 0.149538106236
0.420454545455 0.149538106236
0.421393841167 0.150115473441
0.42071197411 0.150115473441
0.420032310178 0.150115473441
0.41935483871 0.150115473441
0.420289855072 0.150692840647
0.41961414791 0.150692840647
0.418940609952 0.150692840647
0.418269230769 0.150692840647
0.4176 0.150692840647
0.416932907348 0.150692840647
0.417862838915 0.151270207852
0.418789808917 0.151847575058
0.419713831479 0.152424942263
0.419047619048 0.152424942263
0.418383518225 0.152424942263
0.417721518987 0.152424942263
0.417061611374 0.152424942263
0.416403785489 0.152424942263
0.415748031496 0.152424942263
0.415094339623 0.152424942263
0.414442700157 0.152424942263
0.413793103448 0.152424942263
0.413145539906 0.152424942263
0.4125 0.152424942263
0.411856474259 0.152424942263
0.411214953271 0.152424942263
0.410575427683 0.152424942263
0.409937888199 0.152424942263
0.409302325581 0.152424942263
0.40866873065 0.152424942263
0.409582689335 0.153002309469
0.408950617284 0.153002309469
0.408320493066 0.153002309469
0.409230769231 0.153579676674
0.408602150538 0.153579676674
0.407975460123 0.153579676674
0.407350689127 0.153579676674
0.406727828746 0.153579676674
0.406106870229 0.153579676674
0.405487804878 0.153579676674
0.406392694064 0.15415704388
0.407294832827 0.154734411085
0.408194233687 0.155311778291
0.407575757576 0.155311778291
0.406959152799 0.155311778291
0.406344410876 0.155311778291
0.407239819005 0.155889145497
0.406626506024 0.155889145497
0.406015037594 0.155889145497
0.405405405405 0.155889145497
0.404797601199 0.155889145497
0.405688622754 0.156466512702
0.406576980568 0.157043879908
0.405970149254 0.157043879908
0.405365126677 0.157043879908
0.404761904762 0.157043879908
0.404160475483 0.157043879908
0.403560830861 0.157043879908
0.402962962963 0.157043879908
0.402366863905 0.157043879908
0.401772525849 0.157043879908
0.402654867257 0.157621247113
0.40206185567 0.157621247113
0.401470588235 0.157621247113
0.40234948605 0.158198614319
0.401759530792 0.158198614319
0.401171303075 0.158198614319
0.400584795322 0.158198614319
0.4 0.158198614319
0.400874635569 0.158775981524
0.401746724891 0.15935334873
0.401162790698 0.15935334873
0.400580551524 0.15935334873
0.4 0.15935334873
0.399421128799 0.15935334873
0.398843930636 0.15935334873
0.398268398268 0.15935334873
0.397694524496 0.15935334873
0.397122302158 0.15935334873
0.396551724138 0.15935334873
0.397417503587 0.159930715935
0.396848137536 0.159930715935
0.396280400572 0.159930715935
0.395714285714 0.159930715935
0.39514978602 0.159930715935
0.396011396011 0.160508083141
0.396870554765 0.161085450346
0.396306818182 0.161085450346
0.395744680851 0.161085450346
0.395184135977 0.161085450346
0.394625176803 0.161085450346
0.39406779661 0.161085450346
0.393511988717 0.161085450346
0.392957746479 0.161085450346
0.392405063291 0.161085450346
0.393258426966 0.161662817552
0.39270687237 0.161662817552
0.393557422969 0.162240184758
0.393006993007 0.162240184758
0.392458100559 0.162240184758
0.391910739191 0.162240184758
0.391364902507 0.162240184758
0.392211404729 0.162817551963
0.391666666667 0.162817551963
0.391123439667 0.162817551963
0.390581717452 0.162817551963
0.39142461964 0.163394919169
0.390883977901 0.163394919169
0.390344827586 0.163394919169
0.389807162534 0.163394919169
0.389270976616 0.163394919169
0.39010989011 0.163972286374
0.390946502058 0.16454965358
0.391780821918 0.165127020785
0.392612859097 0.165704387991
0.392076502732 0.165704387991
0.391541609823 0.165704387991
0.391008174387 0.165704387991
0.390476190476 0.165704387991
0.389945652174 0.165704387991
0.389416553596 0.165704387991
0.388888888889 0.165704387991
0.389715832206 0.166281755196
0.390540540541 0.166859122402
0.390013495277 0.166859122402
0.38948787062 0.166859122402
0.388963660834 0.166859122402
0.388440860215 0.166859122402
0.387919463087 0.166859122402
0.387399463807 0.166859122402
0.388219544846 0.167436489607
0.387700534759 0.167436489607
0.387182910547 0.167436489607
0.386666666667 0.167436489607
0.386151797603 0.167436489607
0.385638297872 0.167436489607
0.386454183267 0.168013856813
0.385941644562 0.168013856813
0.386754966887 0.168591224018
0.387566137566 0.169168591224
0.387054161162 0.169168591224
0.38654353562 0.169168591224
0.387351778656 0.16974595843
0.388157894737 0.170323325635
0.3876478318 0.170323325635
0.387139107612 0.170323325635
0.386631716907 0.170323325635
0.38612565445 0.170323325635
0.385620915033 0.170323325635
0.385117493473 0.170323325635
0.384615384615 0.170323325635
0.384114583333 0.170323325635
0.383615084525 0.170323325635
0.383116883117 0.170323325635
0.38261997406 0.170323325635
0.382124352332 0.170323325635
0.381630012937 0.170323325635
0.381136950904 0.170323325635
0.38064516129 0.170323325635
0.380154639175 0.170323325635
0.379665379665 0.170323325635
0.380462724936 0.170900692841
0.379974326059 0.170900692841
0.379487179487 0.170900692841
0.37900128041 0.170900692841
0.378516624041 0.170900692841
0.379310344828 0.171478060046
0.378826530612 0.171478060046
0.378343949045 0.171478060046
0.37786259542 0.171478060046
0.378653113088 0.172055427252
0.378172588832 0.172055427252
0.377693282636 0.172055427252
0.377215189873 0.172055427252
0.376738305942 0.172055427252
0.377525252525 0.172632794457
0.377049180328 0.172632794457
0.377833753149 0.173210161663
0.377358490566 0.173210161663
0.376884422111 0.173210161663
0.377666248432 0.173787528868
0.377192982456 0.173787528868
0.376720901126 0.173787528868
0.37625 0.173787528868
0.377028714107 0.174364896074
0.376558603491 0.174364896074
0.377334993773 0.174942263279
0.376865671642 0.174942263279
0.376397515528 0.174942263279
0.375930521092 0.174942263279
0.375464684015 0.174942263279
0.375 0.174942263279
0.374536464771 0.174942263279
0.374074074074 0.174942263279
0.373612823674 0.174942263279
0.374384236453 0.175519630485
0.375153751538 0.176096997691
0.374692874693 0.176096997691
0.374233128834 0.176096997691
0.373774509804 0.176096997691
0.373317013464 0.176096997691
0.374083129584 0.176674364896
0.373626373626 0.176674364896
0.374390243902 0.177251732102
0.37515225335 0.177829099307
0.374695863747 0.177829099307
0.375455650061 0.178406466513
0.376213592233 0.178983833718
0.375757575758 0.178983833718
0.375302663438 0.178983833718
0.37484885127 0.178983833718
0.374396135266 0.178983833718
0.375150784077 0.179561200924
0.374698795181 0.179561200924
0.374247894103 0.179561200924
0.373798076923 0.179561200924
0.374549819928 0.180138568129
0.374100719424 0.180138568129
0.373652694611 0.180138568129
0.373205741627 0.180138568129
0.372759856631 0.180138568129
0.3723150358 0.180138568129
0.373063170441 0.180715935335
0.372619047619 0.180715935335
0.372175980975 0.180715935335
0.371733966746 0.180715935335
0.371293001186 0.180715935335
0.370853080569 0.180715935335
0.371597633136 0.18129330254
0.371158392435 0.18129330254
0.370720188902 0.18129330254
0.371462264151 0.181870669746
0.371024734982 0.181870669746
0.370588235294 0.181870669746
0.370152761457 0.181870669746
0.369718309859 0.181870669746
0.369284876905 0.181870669746
0.370023419204 0.182448036952
0.370760233918 0.183025404157
0.370327102804 0.183025404157
0.371061843641 0.183602771363
0.370629370629 0.183602771363
0.37019790454 0.183602771363
0.36976744186 0.183602771363
0.369337979094 0.183602771363
0.368909512761 0.183602771363
0.368482039397 0.183602771363
0.368055555556 0.183602771363
0.367630057803 0.183602771363
0.368360277136 0.184180138568
0.367935409458 0.184180138568
0.367511520737 0.184180138568
0.368239355581 0.184757505774
0.367816091954 0.184757505774
0.368541905855 0.185334872979
0.368119266055 0.185334872979
0.368843069874 0.185912240185
0.368421052632 0.185912240185
0.368 0.185912240185
0.367579908676 0.185912240185
0.368301026226 0.18648960739
0.369020501139 0.187066974596
0.369738339022 0.187644341801
0.369318181818 0.187644341801
0.368898978434 0.187644341801
0.369614512472 0.188221709007
0.36919592299 0.188221709007
0.368778280543 0.188221709007
0.368361581921 0.188221709007
0.367945823928 0.188221709007
0.367531003382 0.188221709007
0.368243243243 0.188799076212
0.367829021372 0.188799076212
0.367415730337 0.188799076212
0.368125701459 0.189376443418
0.367713004484 0.189376443418
0.367301231803 0.189376443418
0.366890380313 0.189376443418
0.367597765363 0.189953810624
0.3671875 0.189953810624
0.366778149387 0.189953810624
0.366369710468 0.189953810624
0.3659621802 0.189953810624
0.365555555556 0.189953810624
0.366259711432 0.190531177829
0.365853658537 0.190531177829
0.365448504983 0.190531177829
0.366150442478 0.191108545035
0.366850828729 0.19168591224
0.366445916115 0.19168591224
0.366041896362 0.19168591224
0.36563876652 0.19168591224
0.366336633663 0.192263279446
0.365934065934 0.192263279446
0.365532381998 0.192263279446
0.365131578947 0.192263279446
0.364731653888 0.192263279446
0.364332603939 0.192263279446
0.36393442623 0.192263279446
0.364628820961 0.192840646651
0.3653217012 0.193418013857
0.364923747277 0.193418013857
0.364526659412 0.193418013857
0.365217391304 0.193995381062
0.364820846906 0.193995381062
0.36442516269 0.193995381062
0.36511375948 0.194572748268
0.364718614719 0.194572748268
0.364324324324 0.194572748268
0.363930885529 0.194572748268
0.363538295577 0.194572748268
0.364224137931 0.195150115473
0.363832077503 0.195150115473
0.364516129032 0.195727482679
0.364124597207 0.195727482679
0.363733905579 0.195727482679
0.363344051447 0.195727482679
0.364025695931 0.196304849885
0.363636363636 0.196304849885
0.363247863248 0.196304849885
0.363927427962 0.19688221709
0.36460554371 0.197459584296
0.364217252396 0.197459584296
0.363829787234 0.197459584296
0.36344314559 0.197459584296
0.363057324841 0.197459584296
0.362672322375 0.197459584296
0.362288135593 0.197459584296
0.361904761905 0.197459584296
0.362579281184 0.198036951501
0.362196409715 0.198036951501
0.362869198312 0.198614318707
0.36248682824 0.198614318707
0.362105263158 0.198614318707
0.361724500526 0.198614318707
0.361344537815 0.198614318707
0.362014690451 0.199191685912
0.361635220126 0.199191685912
0.362303664921 0.199769053118
0.361924686192 0.199769053118
0.362591431557 0.200346420323
0.362212943633 0.200346420323
0.361835245047 0.200346420323
0.361458333333 0.200346420323
0.362122788762 0.200923787529
0.361746361746 0.200923787529
0.361370716511 0.200923787529
0.360995850622 0.200923787529
0.361658031088 0.201501154734
0.361283643892 0.201501154734
0.360910031024 0.201501154734
0.360537190083 0.201501154734
0.361197110423 0.20207852194
0.360824742268 0.20207852194
0.360453141092 0.20207852194
0.361111111111 0.202655889145
0.360739979445 0.202655889145
0.360369609856 0.202655889145
0.36 0.202655889145
0.359631147541 0.202655889145
0.359263050154 0.202655889145
0.358895705521 0.202655889145
0.359550561798 0.203233256351
0.359183673469 0.203233256351
0.359836901121 0.203810623557
0.359470468432 0.203810623557
0.359104781282 0.203810623557
0.358739837398 0.203810623557
0.358375634518 0.203810623557
0.359026369168 0.204387990762
0.358662613982 0.204387990762
0.359311740891 0.204965357968
0.359959555106 0.205542725173
0.359595959596 0.205542725173
0.359233097881 0.205542725173
0.358870967742 0.205542725173
0.358509566969 0.205542725173
0.35814889336 0.205542725173
0.357788944724 0.205542725173
0.357429718876 0.205542725173
0.357071213641 0.205542725173
0.357715430862 0.206120092379
0.357357357357 0.206120092379
0.357 0.206120092379
0.356643356643 0.206120092379
0.357285429142 0.206697459584
0.356929212363 0.206697459584
0.356573705179 0.206697459584
0.356218905473 0.206697459584
0.355864811133 0.206697459584
0.356504468719 0.20727482679
0.356150793651 0.20727482679
0.356788899901 0.207852193995
0.356435643564 0.207852193995
0.356083086053 0.207852193995
0.355731225296 0.207852193995
0.35538005923 0.207852193995
0.355029585799 0.207852193995
0.354679802956 0.207852193995
0.354330708661 0.207852193995
0.353982300885 0.207852193995
0.353634577603 0.207852193995
0.35426889107 0.208429561201
0.353921568627 0.208429561201
0.353574926543 0.208429561201
0.354207436399 0.209006928406
0.353861192571 0.209006928406
0.353515625 0.209006928406
0.353170731707 0.209006928406
0.352826510721 0.209006928406
0.352482960078 0.209006928406
0.352140077821 0.209006928406
0.351797862002 0.209006928406
0.35145631068 0.209006928406
0.35111542192 0.209006928406
0.350775193798 0.209006928406
0.350435624395 0.209006928406
0.351063829787 0.209584295612
0.350724637681 0.209584295612
0.350386100386 0.209584295612
0.350048216008 0.209584295612
0.349710982659 0.209584295612
0.34937439846 0.209584295612
0.349038461538 0.209584295612
0.349663784822 0.210161662818
0.349328214971 0.210161662818
0.348993288591 0.210161662818
0.349616858238 0.210739030023
0.35023923445 0.211316397229
0.349904397706 0.211316397229
0.349570200573 0.211316397229
0.350190839695 0.211893764434
0.35081029552 0.21247113164
0.350476190476 0.21247113164
0.351094196004 0.213048498845
0.350760456274 0.213048498845
0.350427350427 0.213048498845
0.351043643264 0.213625866051
0.350710900474 0.213625866051
0.350378787879 0.213625866051
0.35004730369 0.213625866051
0.349716446125 0.213625866051
0.349386213409 0.213625866051
0.349056603774 0.213625866051
0.348727615457 0.213625866051
0.348399246704 0.213625866051
0.348071495767 0.213625866051
0.347744360902 0.213625866051
0.347417840376 0.213625866051
0.347091932458 0.213625866051
0.346766635426 0.213625866051
0.346441947566 0.213625866051
0.347053320861 0.214203233256
0.347663551402 0.214780600462
0.347338935574 0.214780600462
0.347014925373 0.214780600462
0.346691519105 0.214780600462
0.346368715084 0.214780600462
0.346976744186 0.215357967667
0.346654275093 0.215357967667
0.346332404828 0.215357967667
0.346011131725 0.215357967667
0.345690454124 0.215357967667
0.34537037037 0.215357967667
0.345050878816 0.215357967667
0.344731977819 0.215357967667
0.344413665743 0.215357967667
0.344095940959 0.215357967667
0.343778801843 0.215357967667
0.343462246777 0.215357967667
0.343146274149 0.215357967667
0.342830882353 0.215357967667
0.342516069789 0.215357967667
0.343119266055 0.215935334873
0.343721356554 0.216512702079
0.343406593407 0.216512702079
0.344007319305 0.217090069284
0.343692870201 0.217090069284
0.343378995434 0.217090069284
0.343065693431 0.217090069284
0.343664539654 0.21766743649
0.344262295082 0.218244803695
0.343949044586 0.218244803695
0.343636363636 0.218244803695
0.343324250681 0.218244803695
0.343012704174 0.218244803695
0.342701722575 0.218244803695
0.342391304348 0.218244803695
0.342081447964 0.218244803695
0.341772151899 0.218244803695
0.342366757001 0.218822170901
0.342057761733 0.218822170901
0.341749323715 0.218822170901
0.341441441441 0.218822170901
0.341134113411 0.218822170901
0.341726618705 0.219399538106
0.342318059299 0.219976905312
0.342908438061 0.220554272517
0.343497757848 0.221131639723
0.343189964158 0.221131639723
0.343777976723 0.221709006928
0.343470483005 0.221709006928
0.343163538874 0.221709006928
0.342857142857 0.221709006928
0.342551293488 0.221709006928
0.343137254902 0.222286374134
0.342831700801 0.222286374134
0.342526690391 0.222286374134
0.343111111111 0.222863741339
0.342806394316 0.222863741339
0.342502218279 0.222863741339
0.343085106383 0.223441108545
0.342781222321 0.223441108545
0.342477876106 0.223441108545
0.342175066313 0.223441108545
0.341872791519 0.223441108545
0.341571050309 0.223441108545
0.34126984127 0.223441108545
0.340969162996 0.223441108545
0.340669014085 0.223441108545
0.341248900616 0.224018475751
0.340949033392 0.224018475751
0.341527655838 0.224595842956
0.341228070175 0.224595842956
0.340929009641 0.224595842956
0.340630472855 0.224595842956
0.340332458443 0.224595842956
0.340034965035 0.224595842956
0.340611353712 0.225173210162
0.340314136126 0.225173210162
0.340017436792 0.225173210162
0.339721254355 0.225173210162
0.339425587467 0.225173210162
0.339130434783 0.225173210162
0.338835794961 0.225173210162
0.338541666667 0.225173210162
0.339115351258 0.225750577367
0.338821490468 0.225750577367
0.339393939394 0.226327944573
0.339100346021 0.226327944573
0.339671564391 0.226905311778
0.3402417962 0.227482678984
0.339948231234 0.227482678984
0.339655172414 0.227482678984
0.339362618432 0.227482678984
0.339931153184 0.228060046189
0.340498710232 0.228637413395
0.340206185567 0.228637413395
0.33991416309 0.228637413395
0.340480274443 0.2292147806
0.340188517566 0.2292147806
0.339897260274 0.2292147806
0.339606501283 0.2292147806
0.339316239316 0.2292147806
0.3390264731 0.2292147806
0.339590443686 0.229792147806
0.339300937766 0.229792147806
0.339011925043 0.229792147806
0.339574468085 0.230369515012
0.339285714286 0.230369515012
0.339847068819 0.230946882217
0.339558573854 0.230946882217
0.339270568278 0.230946882217
0.339830508475 0.231524249423
0.339542760373 0.231524249423
0.339255499154 0.231524249423
0.339814032122 0.232101616628
0.339527027027 0.232101616628
0.339240506329 0.232101616628
0.338954468803 0.232101616628
0.338668913227 0.232101616628
0.338383838384 0.232101616628
0.338940285955 0.232678983834
0.338655462185 0.232678983834
0.338371116709 0.232678983834
0.338087248322 0.232678983834
0.337803855826 0.232678983834
0.337520938023 0.232678983834
0.337238493724 0.232678983834
0.336956521739 0.232678983834
0.336675020886 0.232678983834
0.337228714524 0.233256351039
0.33778148457 0.233833718245
0.3375 0.233833718245
0.33721898418 0.233833718245
0.33693843594 0.233833718245
0.336658354115 0.233833718245
0.336378737542 0.233833718245
0.336099585062 0.233833718245
0.336650082919 0.23441108545
0.336371168186 0.23441108545
0.336092715232 0.23441108545
0.336641852771 0.234988452656
0.336363636364 0.234988452656
0.336085879438 0.234988452656
0.335808580858 0.234988452656
0.335531739489 0.234988452656
0.33607907743 0.235565819861
0.336625514403 0.236143187067
0.336348684211 0.236143187067
0.336072308956 0.236143187067
0.335796387521 0.236143187067
0.335520918786 0.236143187067
0.335245901639 0.236143187067
0.334971334971 0.236143187067
0.335515548282 0.236720554273
0.335241210139 0.236720554273
0.334967320261 0.236720554273
0.335510204082 0.237297921478
0.335236541599 0.237297921478
0.335778321108 0.237875288684
0.335504885993 0.237875288684
0.33523189585 0.237875288684
0.335772357724 0.238452655889
0.336311941511 0.239030023095
0.336038961039 0.239030023095
0.336577453366 0.2396073903
0.336304700162 0.2396073903
0.336842105263 0.240184757506
0.336569579288 0.240184757506
0.336297493937 0.240184757506
0.336025848142 0.240184757506
0.335754640839 0.240184757506
0.335483870968 0.240184757506
0.336019339243 0.240762124711
0.335748792271 0.240762124711
0.335478680611 0.240762124711
0.335209003215 0.240762124711
0.334939759036 0.240762124711
0.335473515249 0.241339491917
0.335204490778 0.241339491917
0.334935897436 0.241339491917
0.3354683747 0.241916859122
0.3352 0.241916859122
0.334932054357 0.241916859122
0.335463258786 0.242494226328
0.335195530726 0.242494226328
0.334928229665 0.242494226328
0.334661354582 0.242494226328
0.334394904459 0.242494226328
0.33492442323 0.243071593533
0.334658187599 0.243071593533
0.335186656076 0.243648960739
0.334920634921 0.243648960739
0.335448057098 0.244226327945
0.335182250396 0.244226327945
0.334916864608 0.244226327945
0.334651898734 0.244226327945
0.334387351779 0.244226327945
0.334123222749 0.244226327945
0.333859510655 0.244226327945
0.333596214511 0.244226327945
0.333333333333 0.244226327945
0.333070866142 0.244226327945
0.33359559402 0.24480369515
0.333333333333 0.24480369515
0.333071484682 0.24480369515
0.332810047096 0.24480369515
0.333333333333 0.245381062356
0.333072100313 0.245381062356
0.332811276429 0.245381062356
0.333333333333 0.245958429561
0.333854573886 0.246535796767
0.33359375 0.246535796767
0.333333333333 0.246535796767
0.333073322933 0.246535796767
0.332813717849 0.246535796767
0.332554517134 0.246535796767
0.332295719844 0.246535796767
0.332037325039 0.246535796767
0.331779331779 0.246535796767
0.33152173913 0.246535796767
0.33126454616 0.246535796767
0.331782945736 0.247113163972
0.332300542215 0.247690531178
0.332817337461 0.248267898383
