1.0 0.0
1.0 0.000577367205543
0.5 0.000577367205543
0.666666666667 0.00115473441109
0.75 0.00173210161663
0.8 0.00230946882217
0.833333333333 0.00288683602771
0.857142857143 0.00346420323326
0.875 0.0040415704388
0.888888888889 0.00461893764434
0.9 0.00519630484988
0.909090909091 0.00577367205543
0.833333333333 0.00577367205543
0.846153846154 0.00635103926097
0.857142857143 0.00692840646651
0.8 0.00692840646651
0.8125 0.00750577367206
0.823529411765 0.0080831408776
0.833333333333 0.00866050808314
0.842105263158 0.00923787528868
0.85 0.00981524249423
0.857142857143 0.0103926096998
0.818181818182 0.0103926096998
0.826086956522 0.0109699769053
0.791666666667 0.0109699769053
0.76 0.0109699769053
0.769230769231 0.0115473441109
0.740740740741 0.0115473441109
0.75 0.0121247113164
0.724137931034 0.0121247113164
0.733333333333 0.0127020785219
0.741935483871 0.0132794457275
0.75 0.013856812933
0.757575757576 0.0144341801386
0.764705882353 0.0150115473441
0.771428571429 0.0155889145497
0.777777777778 0.0161662817552
0.756756756757 0.0161662817552
0.763157894737 0.0167436489607
0.769230769231 0.0173210161663
0.775 0.0178983833718
0.756097560976 0.0178983833718
0.761904761905 0.0184757505774
0.767441860465 0.0190531177829
0.75 0.0190531177829
0.755555555556 0.0196304849885
0.760869565217 0.020207852194
0.744680851064 0.020207852194
0.75 0.0207852193995
0.755102040816 0.0213625866051
0.74 0.0213625866051
0.745098039216 0.0219399538106
0.730769230769 0.0219399538106
0.716981132075 0.0219399538106
0.722222222222 0.0225173210162
0.709090909091 0.0225173210162
0.714285714286 0.0230946882217
0.719298245614 0.0236720554273
0.724137931034 0.0242494226328
0.71186440678 0.0242494226328
0.716666666667 0.0248267898383
0.72131147541 0.0254041570439
0.725806451613 0.0259815242494
0.714285714286 0.0259815242494
0.71875 0.026558891455
0.723076923077 0.0271362586605
0.727272727273 0.0277136258661
0.716417910448 0.0277136258661
0.705882352941 0.0277136258661
0.710144927536 0.0282909930716
0.714285714286 0.0288683602771
0.704225352113 0.0288683602771
0.708333333333 0.0294457274827
0.712328767123 0.0300230946882
0.702702702703 0.0300230946882
0.693333333333 0.0300230946882
0.697368421053 0.0306004618938
0.701298701299 0.0311778290993
0.705128205128 0.0317551963048
0.708860759494 0.0323325635104
0.7125 0.0329099307159
0.703703703704 0.0329099307159
0.69512195122 0.0329099307159
0.686746987952 0.0329099307159
0.690476190476 0.0334872979215
0.694117647059 0.034064665127
0.697674418605 0.0346420323326
0.701149425287 0.0352193995381
0.704545454545 0.0357967667436
0.707865168539 0.0363741339492
0.7 0.0363741339492
0.692307692308 0.0363741339492
0.695652173913 0.0369515011547
0.688172043011 0.0369515011547
0.68085106383 0.0369515011547
0.684210526316 0.0375288683603
0.677083333333 0.0375288683603
0.670103092784 0.0375288683603
0.673469387755 0.0381062355658
0.666666666667 0.0381062355658
0.66 0.0381062355658
0.653465346535 0.0381062355658
0.656862745098 0.0386836027714
0.650485436893 0.0386836027714
0.653846153846 0.0392609699769
0.657142857143 0.0398383371824
0.660377358491 0.040415704388
0.654205607477 0.040415704388
0.648148148148 0.040415704388
0.642201834862 0.040415704388
0.645454545455 0.0409930715935
0.648648648649 0.0415704387991
0.642857142857 0.0415704387991
0.637168141593 0.0415704387991
0.631578947368 0.0415704387991
0.626086956522 0.0415704387991
0.629310344828 0.0421478060046
0.632478632479 0.0427251732102
0.635593220339 0.0433025404157
0.638655462185 0.0438799076212
0.633333333333 0.0438799076212
0.636363636364 0.0444572748268
0.639344262295 0.0450346420323
0.642276422764 0.0456120092379
0.637096774194 0.0456120092379
0.64 0.0461893764434
0.634920634921 0.0461893764434
0.637795275591 0.046766743649
0.640625 0.0473441108545
0.643410852713 0.04792147806
0.638461538462 0.04792147806
0.63358778626 0.04792147806
0.636363636364 0.0484988452656
0.631578947368 0.0484988452656
0.626865671642 0.0484988452656
0.62962962963 0.0490762124711
0.625 0.0490762124711
0.627737226277 0.0496535796767
0.630434782609 0.0502309468822
0.625899280576 0.0502309468822
0.621428571429 0.0502309468822
0.624113475177 0.0508083140878
0.62676056338 0.0513856812933
0.629370629371 0.0519630484988
0.631944444444 0.0525404157044
0.634482758621 0.0531177829099
0.630136986301 0.0531177829099
0.632653061224 0.0536951501155
0.628378378378 0.0536951501155
0.624161073826 0.0536951501155
0.62 0.0536951501155
0.615894039735 0.0536951501155
0.618421052632 0.054272517321
0.62091503268 0.0548498845266
0.616883116883 0.0548498845266
0.612903225806 0.0548498845266
0.615384615385 0.0554272517321
0.617834394904 0.0560046189376
0.620253164557 0.0565819861432
0.622641509434 0.0571593533487
0.61875 0.0571593533487
0.614906832298 0.0571593533487
0.611111111111 0.0571593533487
0.613496932515 0.0577367205543
0.609756097561 0.0577367205543
0.606060606061 0.0577367205543
0.60843373494 0.0583140877598
0.610778443114 0.0588914549654
0.607142857143 0.0588914549654
0.603550295858 0.0588914549654
0.6 0.0588914549654
0.59649122807 0.0588914549654
0.598837209302 0.0594688221709
0.595375722543 0.0594688221709
0.591954022989 0.0594688221709
0.588571428571 0.0594688221709
0.590909090909 0.0600461893764
0.587570621469 0.0600461893764
0.584269662921 0.0600461893764
0.586592178771 0.060623556582
0.588888888889 0.0612009237875
0.585635359116 0.0612009237875
0.582417582418 0.0612009237875
0.579234972678 0.0612009237875
0.576086956522 0.0612009237875
0.578378378378 0.0617782909931
0.58064516129 0.0623556581986
0.577540106952 0.0623556581986
0.579787234043 0.0629330254042
0.582010582011 0.0635103926097
0.578947368421 0.0635103926097
0.581151832461 0.0640877598152
0.583333333333 0.0646651270208
0.580310880829 0.0646651270208
0.582474226804 0.0652424942263
0.584615384615 0.0658198614319
0.586734693878 0.0663972286374
0.583756345178 0.0663972286374
0.585858585859 0.066974595843
0.587939698492 0.0675519630485
0.585 0.0675519630485
0.587064676617 0.068129330254
0.584158415842 0.068129330254
0.581280788177 0.068129330254
0.578431372549 0.068129330254
0.575609756098 0.068129330254
0.577669902913 0.0687066974596
0.574879227053 0.0687066974596
0.576923076923 0.0692840646651
0.578947368421 0.0698614318707
0.57619047619 0.0698614318707
0.57345971564 0.0698614318707
0.570754716981 0.0698614318707
0.568075117371 0.0698614318707
0.570093457944 0.0704387990762
0.567441860465 0.0704387990762
0.569444444444 0.0710161662818
0.566820276498 0.0710161662818
0.564220183486 0.0710161662818
0.566210045662 0.0715935334873
0.563636363636 0.0715935334873
0.561085972851 0.0715935334873
0.563063063063 0.0721709006928
0.565022421525 0.0727482678984
0.5625 0.0727482678984
0.564444444444 0.0733256351039
0.561946902655 0.0733256351039
0.559471365639 0.0733256351039
0.55701754386 0.0733256351039
0.554585152838 0.0733256351039
0.552173913043 0.0733256351039
0.554112554113 0.0739030023095
0.556034482759 0.074480369515
0.55364806867 0.074480369515
0.551282051282 0.074480369515
0.553191489362 0.0750577367206
0.550847457627 0.0750577367206
0.548523206751 0.0750577367206
0.550420168067 0.0756351039261
0.548117154812 0.0756351039261
0.55 0.0762124711316
0.551867219917 0.0767898383372
0.54958677686 0.0767898383372
0.547325102881 0.0767898383372
0.549180327869 0.0773672055427
0.54693877551 0.0773672055427
0.544715447154 0.0773672055427
0.542510121457 0.0773672055427
0.540322580645 0.0773672055427
0.538152610442 0.0773672055427
0.536 0.0773672055427
0.537848605578 0.0779445727483
0.539682539683 0.0785219399538
0.541501976285 0.0790993071594
0.53937007874 0.0790993071594
0.541176470588 0.0796766743649
0.5390625 0.0796766743649
0.536964980545 0.0796766743649
0.53488372093 0.0796766743649
0.53667953668 0.0802540415704
0.534615384615 0.0802540415704
0.532567049808 0.0802540415704
0.530534351145 0.0802540415704
0.532319391635 0.080831408776
0.534090909091 0.0814087759815
0.532075471698 0.0814087759815
0.53007518797 0.0814087759815
0.531835205993 0.0819861431871
0.529850746269 0.0819861431871
0.527881040892 0.0819861431871
0.525925925926 0.0819861431871
0.523985239852 0.0819861431871
0.522058823529 0.0819861431871
0.520146520147 0.0819861431871
0.518248175182 0.0819861431871
0.516363636364 0.0819861431871
0.514492753623 0.0819861431871
0.516245487365 0.0825635103926
0.514388489209 0.0825635103926
0.516129032258 0.0831408775982
0.514285714286 0.0831408775982
0.512455516014 0.0831408775982
0.514184397163 0.0837182448037
0.512367491166 0.0837182448037
0.514084507042 0.0842956120092
0.512280701754 0.0842956120092
0.513986013986 0.0848729792148
0.512195121951 0.0848729792148
0.513888888889 0.0854503464203
0.512110726644 0.0854503464203
0.513793103448 0.0860277136259
0.512027491409 0.0860277136259
0.513698630137 0.0866050808314
0.511945392491 0.0866050808314
0.513605442177 0.087182448037
0.51186440678 0.087182448037
0.510135135135 0.087182448037
0.508417508418 0.087182448037
0.506711409396 0.087182448037
0.505016722408 0.087182448037
0.506666666667 0.0877598152425
0.504983388704 0.0877598152425
0.506622516556 0.088337182448
0.508250825083 0.0889145496536
0.509868421053 0.0894919168591
0.511475409836 0.0900692840647
0.513071895425 0.0906466512702
0.511400651466 0.0906466512702
0.50974025974 0.0906466512702
0.508090614887 0.0906466512702
0.506451612903 0.0906466512702
0.504823151125 0.0906466512702
0.503205128205 0.0906466512702
0.504792332268 0.0912240184758
0.506369426752 0.0918013856813
0.504761904762 0.0918013856813
0.506329113924 0.0923787528868
0.504731861199 0.0923787528868
0.503144654088 0.0923787528868
0.504702194357 0.0929561200924
0.503125 0.0929561200924
0.501557632399 0.0929561200924
0.5 0.0929561200924
0.498452012384 0.0929561200924
0.496913580247 0.0929561200924
0.495384615385 0.0929561200924
0.493865030675 0.0929561200924
0.495412844037 0.0935334872979
0.493902439024 0.0935334872979
0.492401215805 0.0935334872979
0.490909090909 0.0935334872979
0.492447129909 0.0941108545035
0.493975903614 0.094688221709
0.492492492492 0.094688221709
0.491017964072 0.094688221709
0.489552238806 0.094688221709
0.488095238095 0.094688221709
0.489614243323 0.0952655889145
0.491124260355 0.0958429561201
0.492625368732 0.0964203233256
0.491176470588 0.0964203233256
0.492668621701 0.0969976905312
0.491228070175 0.0969976905312
0.492711370262 0.0975750577367
0.494186046512 0.0981524249423
0.492753623188 0.0981524249423
0.494219653179 0.0987297921478
0.492795389049 0.0987297921478
0.491379310345 0.0987297921478
0.492836676218 0.0993071593533
0.491428571429 0.0993071593533
0.490028490028 0.0993071593533
0.491477272727 0.0998845265589
0.490084985836 0.0998845265589
0.488700564972 0.0998845265589
0.487323943662 0.0998845265589
0.48595505618 0.0998845265589
0.487394957983 0.100461893764
0.488826815642 0.10103926097
0.487465181058 0.10103926097
0.488888888889 0.101616628176
0.487534626039 0.101616628176
0.488950276243 0.102193995381
0.490358126722 0.102771362587
0.491758241758 0.103348729792
0.490410958904 0.103348729792
0.491803278689 0.103926096998
0.490463215259 0.103926096998
0.489130434783 0.103926096998
0.487804878049 0.103926096998
0.486486486486 0.103926096998
0.485175202156 0.103926096998
0.483870967742 0.103926096998
0.485254691689 0.104503464203
0.486631016043 0.105080831409
0.485333333333 0.105080831409
0.48670212766 0.105658198614
0.485411140584 0.105658198614
0.484126984127 0.105658198614
0.482849604222 0.105658198614
0.481578947368 0.105658198614
0.48031496063 0.105658198614
0.479057591623 0.105658198614
0.480417754569 0.10623556582
0.479166666667 0.10623556582
0.477922077922 0.10623556582
0.476683937824 0.10623556582
0.475452196382 0.10623556582
0.476804123711 0.106812933025
0.47557840617 0.106812933025
0.474358974359 0.106812933025
0.473145780051 0.106812933025
0.474489795918 0.107390300231
0.473282442748 0.107390300231
0.47461928934 0.107967667436
0.473417721519 0.107967667436
0.472222222222 0.107967667436
0.47355163728 0.108545034642
0.472361809045 0.108545034642
0.471177944862 0.108545034642
0.47 0.108545034642
0.468827930175 0.108545034642
0.467661691542 0.108545034642
0.466501240695 0.108545034642
0.465346534653 0.108545034642
0.464197530864 0.108545034642
0.463054187192 0.108545034642
0.464373464373 0.109122401848
0.46568627451 0.109699769053
0.466992665037 0.110277136259
0.468292682927 0.110854503464
0.467153284672 0.110854503464
0.468446601942 0.11143187067
0.469733656174 0.112009237875
0.468599033816 0.112009237875
0.467469879518 0.112009237875
0.46875 0.112586605081
0.467625899281 0.112586605081
0.466507177033 0.112586605081
0.465393794749 0.112586605081
0.466666666667 0.113163972286
0.467933491686 0.113741339492
0.46682464455 0.113741339492
0.465721040189 0.113741339492
0.464622641509 0.113741339492
0.463529411765 0.113741339492
0.464788732394 0.114318706697
0.466042154567 0.114896073903
0.464953271028 0.114896073903
0.463869463869 0.114896073903
0.46511627907 0.115473441109
0.46403712297 0.115473441109
0.462962962963 0.115473441109
0.461893764434 0.115473441109
0.460829493088 0.115473441109
0.459770114943 0.115473441109
0.461009174312 0.116050808314
0.45995423341 0.116050808314
0.461187214612 0.11662817552
0.46013667426 0.11662817552
0.459090909091 0.11662817552
0.460317460317 0.117205542725
0.4592760181 0.117205542725
0.458239277652 0.117205542725
0.459459459459 0.117782909931
0.460674157303 0.118360277136
0.459641255605 0.118360277136
0.460850111857 0.118937644342
0.459821428571 0.118937644342
0.461024498886 0.119515011547
0.462222222222 0.120092378753
0.461197339246 0.120092378753
0.46017699115 0.120092378753
0.459161147903 0.120092378753
0.458149779736 0.120092378753
0.457142857143 0.120092378753
0.458333333333 0.120669745958
0.457330415755 0.120669745958
0.456331877729 0.120669745958
0.457516339869 0.121247113164
0.45652173913 0.121247113164
0.457700650759 0.12182448037
0.45670995671 0.12182448037
0.455723542117 0.12182448037
0.45474137931 0.12182448037
0.45376344086 0.12182448037
0.454935622318 0.122401847575
0.456102783726 0.122979214781
0.455128205128 0.122979214781
0.454157782516 0.122979214781
0.455319148936 0.123556581986
0.454352441614 0.123556581986
0.455508474576 0.124133949192
0.45665961945 0.124711316397
0.455696202532 0.124711316397
0.454736842105 0.124711316397
0.453781512605 0.124711316397
0.452830188679 0.124711316397
0.453974895397 0.125288683603
0.453027139875 0.125288683603
0.452083333333 0.125288683603
0.453222453222 0.125866050808
0.452282157676 0.125866050808
0.451345755694 0.125866050808
0.45041322314 0.125866050808
0.451546391753 0.126443418014
0.450617283951 0.126443418014
0.449691991786 0.126443418014
0.448770491803 0.126443418014
0.449897750511 0.127020785219
0.451020408163 0.127598152425
0.452138492872 0.12817551963
0.451219512195 0.12817551963
0.450304259635 0.12817551963
0.451417004049 0.128752886836
0.452525252525 0.129330254042
0.453629032258 0.129907621247
0.452716297787 0.129907621247
0.451807228916 0.129907621247
0.450901803607 0.129907621247
0.45 0.129907621247
0.449101796407 0.129907621247
0.450199203187 0.130484988453
0.451292246521 0.131062355658
0.450396825397 0.131062355658
0.449504950495 0.131062355658
0.448616600791 0.131062355658
0.447731755424 0.131062355658
0.446850393701 0.131062355658
0.445972495088 0.131062355658
0.445098039216 0.131062355658
0.446183953033 0.131639722864
0.4453125 0.131639722864
0.446393762183 0.132217090069
0.445525291829 0.132217090069
0.446601941748 0.132794457275
0.445736434109 0.132794457275
0.444874274662 0.132794457275
0.444015444015 0.132794457275
0.443159922929 0.132794457275
0.444230769231 0.13337182448
0.443378119002 0.13337182448
0.442528735632 0.13337182448
0.443594646272 0.133949191686
0.442748091603 0.133949191686
0.441904761905 0.133949191686
0.441064638783 0.133949191686
0.440227703985 0.133949191686
0.439393939394 0.133949191686
0.4404536862 0.134526558891
0.441509433962 0.135103926097
0.440677966102 0.135103926097
0.43984962406 0.135103926097
0.439024390244 0.135103926097
0.438202247191 0.135103926097
0.43738317757 0.135103926097
0.438432835821 0.135681293303
0.43947858473 0.136258660508
0.440520446097 0.136836027714
0.439703153989 0.136836027714
0.438888888889 0.136836027714
0.438077634011 0.136836027714
0.439114391144 0.137413394919
0.438305709024 0.137413394919
0.4375 0.137413394919
0.436697247706 0.137413394919
0.437728937729 0.137990762125
0.436928702011 0.137990762125
0.43795620438 0.13856812933
0.43897996357 0.139145496536
0.44 0.139722863741
0.441016333938 0.140300230947
0.440217391304 0.140300230947
0.439421338156 0.140300230947
0.438628158845 0.140300230947
0.43963963964 0.140877598152
0.438848920863 0.140877598152
0.439856373429 0.141454965358
0.439068100358 0.141454965358
0.438282647585 0.141454965358
0.439285714286 0.142032332564
0.438502673797 0.142032332564
0.437722419929 0.142032332564
0.436944937833 0.142032332564
0.437943262411 0.142609699769
0.438938053097 0.143187066975
0.439929328622 0.14376443418
0.440917107584 0.144341801386
0.44014084507 0.144341801386
0.439367311072 0.144341801386
0.438596491228 0.144341801386
0.437828371278 0.144341801386
0.437062937063 0.144341801386
0.438045375218 0.144919168591
0.437282229965 0.144919168591
0.43652173913 0.144919168591
0.435763888889 0.144919168591
0.436741767764 0.145496535797
0.43598615917 0.145496535797
0.436960276339 0.146073903002
0.436206896552 0.146073903002
0.435456110155 0.146073903002
0.43470790378 0.146073903002
0.433962264151 0.146073903002
0.433219178082 0.146073903002
0.434188034188 0.146651270208
0.433447098976 0.146651270208
0.434412265758 0.147228637413
0.43537414966 0.147806004619
0.436332767402 0.148383371824
0.435593220339 0.148383371824
0.434856175973 0.148383371824
0.435810810811 0.14896073903
0.43676222597 0.149538106236
0.436026936027 0.149538106236
0.435294117647 0.149538106236
0.434563758389 0.149538106236
0.433835845896 0.149538106236
0.434782608696 0.150115473441
0.434056761269 0.150115473441
0.433333333333 0.150115473441
0.434276206323 0.150692840647
0.433554817276 0.150692840647
0.434494195688 0.151270207852
0.435430463576 0.151847575058
0.436363636364 0.152424942263
0.435643564356 0.152424942263
0.434925864909 0.152424942263
0.435855263158 0.153002309469
0.436781609195 0.153579676674
0.43606557377 0.153579676674
0.43535188216 0.153579676674
0.434640522876 0.153579676674
0.433931484502 0.153579676674
0.4332247557 0.153579676674
0.432520325203 0.153579676674
0.431818181818 0.153579676674
0.432739059968 0.15415704388
0.433656957929 0.154734411085
0.43295638126 0.154734411085
0.432258064516 0.154734411085
0.433172302738 0.155311778291
0.432475884244 0.155311778291
0.433386837881 0.155889145497
0.432692307692 0.155889145497
0.432 0.155889145497
0.431309904153 0.155889145497
0.432216905901 0.156466512702
0.43152866242 0.156466512702
0.430842607313 0.156466512702
0.430158730159 0.156466512702
0.429477020602 0.156466512702
0.428797468354 0.156466512702
0.428120063191 0.156466512702
0.427444794953 0.156466512702
0.426771653543 0.156466512702
0.426100628931 0.156466512702
0.425431711146 0.156466512702
0.424764890282 0.156466512702
0.424100156495 0.156466512702
0.4234375 0.156466512702
0.422776911076 0.156466512702
0.422118380062 0.156466512702
0.421461897356 0.156466512702
0.420807453416 0.156466512702
0.421705426357 0.157043879908
0.421052631579 0.157043879908
0.421947449768 0.157621247113
0.422839506173 0.158198614319
0.42218798151 0.158198614319
0.421538461538 0.158198614319
0.42242703533 0.158775981524
0.421779141104 0.158775981524
0.42113323124 0.158775981524
0.420489296636 0.158775981524
0.419847328244 0.158775981524
0.420731707317 0.15935334873
0.420091324201 0.15935334873
0.419452887538 0.15935334873
0.418816388467 0.15935334873
0.418181818182 0.15935334873
0.417549167927 0.15935334873
0.416918429003 0.15935334873
0.41628959276 0.15935334873
0.415662650602 0.15935334873
0.415037593985 0.15935334873
0.414414414414 0.15935334873
0.413793103448 0.15935334873
0.413173652695 0.15935334873
0.412556053812 0.15935334873
0.411940298507 0.15935334873
0.411326378539 0.15935334873
0.412202380952 0.159930715935
0.411589895988 0.159930715935
0.412462908012 0.160508083141
0.411851851852 0.160508083141
0.412721893491 0.161085450346
0.413589364845 0.161662817552
0.414454277286 0.162240184758
0.413843888071 0.162240184758
0.413235294118 0.162240184758
0.4140969163 0.162817551963
0.41348973607 0.162817551963
0.412884333821 0.162817551963
0.413742690058 0.163394919169
0.413138686131 0.163394919169
0.412536443149 0.163394919169
0.411935953421 0.163394919169
0.411337209302 0.163394919169
0.410740203193 0.163394919169
0.410144927536 0.163394919169
0.410998552822 0.163972286374
0.410404624277 0.163972286374
0.409812409812 0.163972286374
0.409221902017 0.163972286374
0.408633093525 0.163972286374
0.409482758621 0.16454965358
0.408895265423 0.16454965358
0.408309455587 0.16454965358
0.407725321888 0.16454965358
0.408571428571 0.165127020785
0.407988587732 0.165127020785
0.407407407407 0.165127020785
0.408250355619 0.165704387991
0.407670454545 0.165704387991
0.407092198582 0.165704387991
0.406515580737 0.165704387991
0.405940594059 0.165704387991
0.406779661017 0.166281755196
0.406205923836 0.166281755196
0.405633802817 0.166281755196
0.4064697609 0.166859122402
0.405898876404 0.166859122402
0.405329593268 0.166859122402
0.406162464986 0.167436489607
0.405594405594 0.167436489607
0.405027932961 0.167436489607
0.404463040446 0.167436489607
0.405292479109 0.168013856813
0.404728789986 0.168013856813
0.404166666667 0.168013856813
0.403606102635 0.168013856813
0.403047091413 0.168013856813
0.402489626556 0.168013856813
0.401933701657 0.168013856813
0.401379310345 0.168013856813
0.400826446281 0.168013856813
0.400275103164 0.168013856813
0.401098901099 0.168591224018
0.401920438957 0.169168591224
0.401369863014 0.169168591224
0.400820793434 0.169168591224
0.400273224044 0.169168591224
0.399727148704 0.169168591224
0.400544959128 0.16974595843
0.4 0.16974595843
0.400815217391 0.170323325635
0.400271370421 0.170323325635
0.39972899729 0.170323325635
0.399188092016 0.170323325635
0.398648648649 0.170323325635
0.398110661269 0.170323325635
0.398921832884 0.170900692841
0.398384925976 0.170900692841
0.397849462366 0.170900692841
0.397315436242 0.170900692841
0.398123324397 0.171478060046
0.397590361446 0.171478060046
0.397058823529 0.171478060046
0.39652870494 0.171478060046
0.396 0.171478060046
0.395472703063 0.171478060046
0.396276595745 0.172055427252
0.395750332005 0.172055427252
0.396551724138 0.172632794457
0.396026490066 0.172632794457
0.396825396825 0.173210161663
0.396301188904 0.173210161663
0.395778364116 0.173210161663
0.395256916996 0.173210161663
0.394736842105 0.173210161663
0.395532194481 0.173787528868
0.396325459318 0.174364896074
0.395806028834 0.174364896074
0.395287958115 0.174364896074
0.39477124183 0.174364896074
0.394255874674 0.174364896074
0.393741851369 0.174364896074
0.39453125 0.174942263279
0.395318595579 0.175519630485
0.396103896104 0.176096997691
0.396887159533 0.176674364896
0.396373056995 0.176674364896
0.395860284605 0.176674364896
0.395348837209 0.176674364896
0.396129032258 0.177251732102
0.395618556701 0.177251732102
0.396396396396 0.177829099307
0.39588688946 0.177829099307
0.396662387677 0.178406466513
0.397435897436 0.178983833718
0.398207426376 0.179561200924
0.397698209719 0.179561200924
0.397190293742 0.179561200924
0.396683673469 0.179561200924
0.396178343949 0.179561200924
0.395674300254 0.179561200924
0.395171537484 0.179561200924
0.395939086294 0.180138568129
0.395437262357 0.180138568129
0.394936708861 0.180138568129
0.394437420986 0.180138568129
0.395202020202 0.180715935335
0.394703656999 0.180715935335
0.395465994962 0.18129330254
0.396226415094 0.181870669746
0.395728643216 0.181870669746
0.395232120452 0.181870669746
0.394736842105 0.181870669746
0.394242803504 0.181870669746
0.395 0.182448036952
0.394506866417 0.182448036952
0.394014962594 0.182448036952
0.393524283935 0.182448036952
0.393034825871 0.182448036952
0.393788819876 0.183025404157
0.393300248139 0.183025404157
0.39405204461 0.183602771363
0.394801980198 0.184180138568
0.394313967862 0.184180138568
0.393827160494 0.184180138568
0.39457459926 0.184757505774
0.394088669951 0.184757505774
0.393603936039 0.184757505774
0.39312039312 0.184757505774
0.39263803681 0.184757505774
0.392156862745 0.184757505774
0.391676866585 0.184757505774
0.392420537897 0.185334872979
0.393162393162 0.185912240185
0.392682926829 0.185912240185
0.392204628502 0.185912240185
0.392944038929 0.18648960739
0.392466585662 0.18648960739
0.391990291262 0.18648960739
0.391515151515 0.18648960739
0.391041162228 0.18648960739
0.390568319226 0.18648960739
0.391304347826 0.187066974596
0.392038600724 0.187644341801
0.39156626506 0.187644341801
0.39229843562 0.188221709007
0.391826923077 0.188221709007
0.391356542617 0.188221709007
0.390887290168 0.188221709007
0.390419161677 0.188221709007
0.38995215311 0.188221709007
0.389486260454 0.188221709007
0.389021479714 0.188221709007
0.388557806913 0.188221709007
0.388095238095 0.188221709007
0.387633769322 0.188221709007
0.388361045131 0.188799076212
0.389086595492 0.189376443418
0.388625592417 0.189376443418
0.388165680473 0.189376443418
0.388888888889 0.189953810624
0.388429752066 0.189953810624
0.387971698113 0.189953810624
0.388692579505 0.190531177829
0.389411764706 0.191108545035
0.390129259694 0.19168591224
0.389671361502 0.19168591224
0.389214536928 0.19168591224
0.389929742389 0.192263279446
0.389473684211 0.192263279446
0.389018691589 0.192263279446
0.388564760793 0.192263279446
0.388111888112 0.192263279446
0.387660069849 0.192263279446
0.388372093023 0.192840646651
0.387921022067 0.192840646651
0.38747099768 0.192840646651
0.387022016222 0.192840646651
0.386574074074 0.192840646651
0.387283236994 0.193418013857
0.386836027714 0.193418013857
0.386389850058 0.193418013857
0.387096774194 0.193995381062
0.38665132336 0.193995381062
0.386206896552 0.193995381062
0.385763490241 0.193995381062
0.385321100917 0.193995381062
0.384879725086 0.193995381062
0.385583524027 0.194572748268
0.385142857143 0.194572748268
0.384703196347 0.194572748268
0.384264538198 0.194572748268
0.383826879271 0.194572748268
0.383390216155 0.194572748268
0.382954545455 0.194572748268
0.383654937571 0.195150115473
0.383219954649 0.195150115473
0.383918459796 0.195727482679
0.383484162896 0.195727482679
0.383050847458 0.195727482679
0.382618510158 0.195727482679
0.383314543405 0.196304849885
0.382882882883 0.196304849885
0.382452193476 0.196304849885
0.38202247191 0.196304849885
0.381593714927 0.196304849885
0.381165919283 0.196304849885
0.381858902576 0.19688221709
0.381431767338 0.19688221709
0.381005586592 0.19688221709
0.380580357143 0.19688221709
0.38127090301 0.197459584296
0.381959910913 0.198036951501
0.381535038932 0.198036951501
0.381111111111 0.198036951501
0.380688124306 0.198036951501
0.381374722838 0.198614318707
0.380952380952 0.198614318707
0.380530973451 0.198614318707
0.381215469613 0.199191685912
0.380794701987 0.199191685912
0.380374862183 0.199191685912
0.379955947137 0.199191685912
0.379537953795 0.199191685912
0.379120879121 0.199191685912
0.378704720088 0.199191685912
0.378289473684 0.199191685912
0.378970427163 0.199769053118
0.378555798687 0.199769053118
0.378142076503 0.199769053118
0.377729257642 0.199769053118
0.37840785169 0.200346420323
0.377995642702 0.200346420323
0.378672470076 0.200923787529
0.378260869565 0.200923787529
0.377850162866 0.200923787529
0.377440347072 0.200923787529
0.377031419285 0.200923787529
0.377705627706 0.201501154734
0.377297297297 0.201501154734
0.377969762419 0.20207852194
0.377562028047 0.20207852194
0.377155172414 0.20207852194
0.37674919268 0.20207852194
0.376344086022 0.20207852194
0.375939849624 0.20207852194
0.375536480687 0.20207852194
0.37513397642 0.20207852194
0.374732334047 0.20207852194
0.374331550802 0.20207852194
0.373931623932 0.20207852194
0.373532550694 0.20207852194
0.374200426439 0.202655889145
0.373801916933 0.202655889145
0.373404255319 0.202655889145
0.374070138151 0.203233256351
0.373673036093 0.203233256351
0.373276776246 0.203233256351
0.372881355932 0.203233256351
0.373544973545 0.203810623557
0.373150105708 0.203810623557
0.373812038015 0.204387990762
0.373417721519 0.204387990762
0.374077976818 0.204965357968
0.373684210526 0.204965357968
0.374342797056 0.205542725173
0.373949579832 0.205542725173
0.373557187828 0.205542725173
0.373165618449 0.205542725173
0.37277486911 0.205542725173
0.372384937238 0.205542725173
0.371995820272 0.205542725173
0.371607515658 0.205542725173
0.372262773723 0.206120092379
0.372916666667 0.206697459584
0.372528616025 0.206697459584
0.373180873181 0.20727482679
0.372793354102 0.20727482679
0.373443983402 0.207852193995
0.374093264249 0.208429561201
0.373706004141 0.208429561201
0.373319544984 0.208429561201
0.372933884298 0.208429561201
0.372549019608 0.208429561201
0.372164948454 0.208429561201
0.371781668383 0.208429561201
0.372427983539 0.209006928406
0.372045220966 0.209006928406
0.372689938398 0.209584295612
0.373333333333 0.210161662818
0.372950819672 0.210161662818
0.372569089048 0.210161662818
0.372188139059 0.210161662818
0.371807967314 0.210161662818
0.372448979592 0.210739030023
0.372069317023 0.210739030023
0.371690427699 0.210739030023
0.371312309257 0.210739030023
0.37093495935 0.210739030023
0.370558375635 0.210739030023
0.371196754564 0.211316397229
0.370820668693 0.211316397229
0.371457489879 0.211893764434
0.37108190091 0.211893764434
0.370707070707 0.211893764434
0.371342078708 0.21247113164
0.370967741935 0.21247113164
0.371601208459 0.213048498845
0.371227364185 0.213048498845
0.370854271357 0.213048498845
0.370481927711 0.213048498845
0.370110330993 0.213048498845
0.370741482966 0.213625866051
0.371371371371 0.214203233256
0.371 0.214203233256
0.371628371628 0.214780600462
0.37125748503 0.214780600462
0.370887337986 0.214780600462
0.370517928287 0.214780600462
0.370149253731 0.214780600462
0.370775347913 0.215357967667
0.37040714995 0.215357967667
0.37003968254 0.215357967667
0.369672943508 0.215357967667
0.369306930693 0.215357967667
0.369930761622 0.215935334873
0.369565217391 0.215935334873
0.369200394867 0.215935334873
0.369822485207 0.216512702079
0.369458128079 0.216512702079
0.370078740157 0.217090069284
0.369714847591 0.217090069284
0.369351669941 0.217090069284
0.369970559372 0.21766743649
0.370588235294 0.218244803695
0.370225269344 0.218244803695
0.369863013699 0.218244803695
0.369501466276 0.218244803695
0.369140625 0.218244803695
0.369756097561 0.218822170901
0.37037037037 0.219399538106
0.370009737098 0.219399538106
0.369649805447 0.219399538106
0.369290573372 0.219399538106
0.368932038835 0.219399538106
0.368574199806 0.219399538106
0.369186046512 0.219976905312
0.368828654405 0.219976905312
0.368471953578 0.219976905312
0.369082125604 0.220554272517
0.369691119691 0.221131639723
0.369334619094 0.221131639723
0.368978805395 0.221131639723
0.368623676612 0.221131639723
0.368269230769 0.221131639723
0.368876080692 0.221709006928
0.368522072937 0.221709006928
0.368168744008 0.221709006928
0.367816091954 0.221709006928
0.367464114833 0.221709006928
0.367112810707 0.221709006928
0.36676217765 0.221709006928
0.36641221374 0.221709006928
0.366062917064 0.221709006928
0.365714285714 0.221709006928
0.365366317793 0.221709006928
0.365019011407 0.221709006928
0.364672364672 0.221709006928
0.364326375712 0.221709006928
0.363981042654 0.221709006928
0.363636363636 0.221709006928
0.364238410596 0.222286374134
0.363894139887 0.222286374134
0.363550519358 0.222286374134
0.364150943396 0.222863741339
0.364750235627 0.223441108545
0.364406779661 0.223441108545
0.365004703669 0.224018475751
0.364661654135 0.224018475751
0.364319248826 0.224018475751
0.363977485929 0.224018475751
0.363636363636 0.224018475751
0.36329588015 0.224018475751
0.362956033676 0.224018475751
0.363551401869 0.224595842956
0.363211951447 0.224595842956
0.362873134328 0.224595842956
0.362534948742 0.224595842956
0.362197392924 0.224595842956
0.362790697674 0.225173210162
0.362453531599 0.225173210162
0.36304549675 0.225750577367
0.362708719852 0.225750577367
0.362372567192 0.225750577367
0.362037037037 0.225750577367
0.36262719704 0.226327944573
0.362292051756 0.226327944573
0.361957525392 0.226327944573
0.361623616236 0.226327944573
0.362211981567 0.226905311778
0.361878453039 0.226905311778
0.361545538178 0.226905311778
0.361213235294 0.226905311778
0.361799816345 0.227482678984
0.361467889908 0.227482678984
0.361136571952 0.227482678984
0.361721611722 0.228060046189
0.361390667887 0.228060046189
0.361060329068 0.228060046189
0.360730593607 0.228060046189
0.360401459854 0.228060046189
0.360072926162 0.228060046189
0.360655737705 0.228637413395
0.360327570519 0.228637413395
0.36 0.228637413395
0.359673024523 0.228637413395
0.359346642468 0.228637413395
0.359020852221 0.228637413395
0.359601449275 0.2292147806
0.3592760181 0.2292147806
0.358951175407 0.2292147806
0.358626919603 0.2292147806
0.358303249097 0.2292147806
0.357980162308 0.2292147806
0.357657657658 0.2292147806
0.357335733573 0.2292147806
0.357014388489 0.2292147806
0.356693620845 0.2292147806
0.356373429084 0.2292147806
0.356053811659 0.2292147806
0.356630824373 0.229792147806
0.356311548791 0.229792147806
0.356887298748 0.230369515012
0.356568364611 0.230369515012
0.35625 0.230369515012
0.35682426405 0.230946882217
0.357397504456 0.231524249423
0.357969723954 0.232101616628
0.357651245552 0.232101616628
0.357333333333 0.232101616628
0.35701598579 0.232101616628
0.35669920142 0.232101616628
0.356382978723 0.232101616628
0.356067316209 0.232101616628
0.355752212389 0.232101616628
0.355437665782 0.232101616628
0.355123674912 0.232101616628
0.354810238305 0.232101616628
0.354497354497 0.232101616628
0.354185022026 0.232101616628
0.353873239437 0.232101616628
0.354441512753 0.232678983834
0.354130052724 0.232678983834
0.353819139596 0.232678983834
0.35350877193 0.232678983834
0.353198948291 0.232678983834
0.353765323993 0.233256351039
0.353455818023 0.233256351039
0.354020979021 0.233833718245
0.353711790393 0.233833718245
0.35427574171 0.23441108545
0.354838709677 0.234988452656
0.354529616725 0.234988452656
0.354221061793 0.234988452656
0.353913043478 0.234988452656
0.353605560382 0.234988452656
0.353298611111 0.234988452656
0.353859496964 0.235565819861
0.354419410745 0.236143187067
0.354112554113 0.236143187067
0.353806228374 0.236143187067
0.353500432152 0.236143187067
0.353195164076 0.236143187067
0.352890422778 0.236143187067
0.352586206897 0.236143187067
0.352282515073 0.236143187067
0.351979345955 0.236143187067
0.352536543422 0.236720554273
0.352233676976 0.236720554273
0.352789699571 0.237297921478
0.352487135506 0.237297921478
0.352185089974 0.237297921478
0.351883561644 0.237297921478
0.351582549187 0.237297921478
0.351282051282 0.237297921478
0.351836037575 0.237875288684
0.351535836177 0.237875288684
0.352088661552 0.238452655889
0.352640545145 0.239030023095
0.352340425532 0.239030023095
0.352040816327 0.239030023095
0.351741716228 0.239030023095
0.351443123939 0.239030023095
0.351145038168 0.239030023095
0.351694915254 0.2396073903
0.351397121084 0.2396073903
0.351099830795 0.2396073903
0.351648351648 0.240184757506
0.351351351351 0.240184757506
0.351054852321 0.240184757506
0.350758853288 0.240184757506
0.350463352991 0.240184757506
0.350168350168 0.240184757506
0.349873843566 0.240184757506
0.350420168067 0.240762124711
0.350965575147 0.241339491917
0.35067114094 0.241339491917
0.350377200335 0.241339491917
0.350921273032 0.241916859122
0.351464435146 0.242494226328
0.351170568562 0.242494226328
0.350877192982 0.242494226328
0.35141903172 0.243071593533
0.351125938282 0.243071593533
0.351666666667 0.243648960739
0.351373855121 0.243648960739
0.351913477537 0.244226327945
0.351620947631 0.244226327945
0.351328903654 0.244226327945
0.351867219917 0.24480369515
0.352404643449 0.245381062356
0.352112676056 0.245381062356
0.351821192053 0.245381062356
0.352357320099 0.245958429561
0.352066115702 0.245958429561
0.351775392238 0.245958429561
0.351485148515 0.245958429561
0.351195383347 0.245958429561
0.350906095552 0.245958429561
0.350617283951 0.245958429561
0.350328947368 0.245958429561
0.350862777321 0.246535796767
0.351395730706 0.247113163972
0.351107465135 0.247113163972
0.350819672131 0.247113163972
0.350532350532 0.247113163972
0.350245499182 0.247113163972
0.349959116926 0.247113163972
0.349673202614 0.247113163972
0.349387755102 0.247113163972
0.349102773246 0.247113163972
0.348818255909 0.247113163972
0.349348534202 0.247690531178
0.349064279902 0.247690531178
0.348780487805 0.247690531178
0.348497156783 0.247690531178
0.349025974026 0.248267898383
0.349553933496 0.248845265589
0.349270664506 0.248845265589
0.34979757085 0.249422632794
0.349514563107 0.249422632794
0.349232012935 0.249422632794
0.348949919225 0.249422632794
0.348668280872 0.249422632794
0.348387096774 0.249422632794
0.348106365834 0.249422632794
0.347826086957 0.249422632794
0.347546259051 0.249422632794
0.347266881029 0.249422632794
0.347791164659 0.25
0.347512038523 0.25
0.347233360064 0.25
0.346955128205 0.25
0.346677341873 0.25
0.3472 0.250577367206
0.347721822542 0.251154734411
0.348242811502 0.251732101617
0.347964884278 0.251732101617
0.347687400319 0.251732101617
0.347410358566 0.251732101617
0.347133757962 0.251732101617
0.346857597454 0.251732101617
0.346581875994 0.251732101617
0.347100873709 0.252309468822
0.346825396825 0.252309468822
0.34655035686 0.252309468822
0.346275752773 0.252309468822
0.346001583531 0.252309468822
0.346518987342 0.252886836028
0.346245059289 0.252886836028
0.345971563981 0.252886836028
0.345698500395 0.252886836028
0.345425867508 0.252886836028
0.345153664303 0.252886836028
0.345669291339 0.253464203233
0.346184107002 0.254041570439
0.345911949686 0.254041570439
0.346425765907 0.254618937644
0.34693877551 0.25519630485
0.346666666667 0.25519630485
0.346394984326 0.25519630485
0.346906812843 0.255773672055
0.346635367762 0.255773672055
0.346364347146 0.255773672055
0.34609375 0.255773672055
