1.0 0.0
1.0 0.000577367205543
1.0 0.00115473441109
0.666666666667 0.00115473441109
0.75 0.00173210161663
0.6 0.00173210161663
0.5 0.00173210161663
0.571428571429 0.00230946882217
0.625 0.00288683602771
0.666666666667 0.00346420323326
0.7 0.0040415704388
0.636363636364 0.0040415704388
0.666666666667 0.00461893764434
0.692307692308 0.00519630484988
0.714285714286 0.00577367205543
0.733333333333 0.00635103926097
0.75 0.00692840646651
0.705882352941 0.00692840646651
0.722222222222 0.00750577367206
0.736842105263 0.0080831408776
0.75 0.00866050808314
0.761904761905 0.00923787528868
0.727272727273 0.00923787528868
0.739130434783 0.00981524249423
0.75 0.0103926096998
0.76 0.0109699769053
0.769230769231 0.0115473441109
0.777777777778 0.0121247113164
0.785714285714 0.0127020785219
0.793103448276 0.0132794457275
0.8 0.013856812933
0.806451612903 0.0144341801386
0.8125 0.0150115473441
0.818181818182 0.0155889145497
0.823529411765 0.0161662817552
0.828571428571 0.0167436489607
0.833333333333 0.0173210161663
0.810810810811 0.0173210161663
0.789473684211 0.0173210161663
0.769230769231 0.0173210161663
0.775 0.0178983833718
0.780487804878 0.0184757505774
0.785714285714 0.0190531177829
0.767441860465 0.0190531177829
0.772727272727 0.0196304849885
0.755555555556 0.0196304849885
0.760869565217 0.020207852194
0.744680851064 0.020207852194
0.729166666667 0.020207852194
0.734693877551 0.0207852193995
0.72 0.0207852193995
0.705882352941 0.0207852193995
0.711538461538 0.0213625866051
0.716981132075 0.0219399538106
0.703703703704 0.0219399538106
0.690909090909 0.0219399538106
0.696428571429 0.0225173210162
0.701754385965 0.0230946882217
0.689655172414 0.0230946882217
0.677966101695 0.0230946882217
0.666666666667 0.0230946882217
0.655737704918 0.0230946882217
0.645161290323 0.0230946882217
0.650793650794 0.0236720554273
0.65625 0.0242494226328
0.661538461538 0.0248267898383
0.651515151515 0.0248267898383
0.641791044776 0.0248267898383
0.647058823529 0.0254041570439
0.63768115942 0.0254041570439
0.628571428571 0.0254041570439
0.619718309859 0.0254041570439
0.625 0.0259815242494
0.616438356164 0.0259815242494
0.608108108108 0.0259815242494
0.613333333333 0.026558891455
0.605263157895 0.026558891455
0.597402597403 0.026558891455
0.602564102564 0.0271362586605
0.607594936709 0.0277136258661
0.6125 0.0282909930716
0.604938271605 0.0282909930716
0.609756097561 0.0288683602771
0.602409638554 0.0288683602771
0.595238095238 0.0288683602771
0.588235294118 0.0288683602771
0.581395348837 0.0288683602771
0.574712643678 0.0288683602771
0.568181818182 0.0288683602771
0.573033707865 0.0294457274827
0.566666666667 0.0294457274827
0.56043956044 0.0294457274827
0.565217391304 0.0300230946882
0.569892473118 0.0306004618938
0.563829787234 0.0306004618938
0.568421052632 0.0311778290993
0.5625 0.0311778290993
0.567010309278 0.0317551963048
0.571428571429 0.0323325635104
0.565656565657 0.0323325635104
0.56 0.0323325635104
0.564356435644 0.0329099307159
0.56862745098 0.0334872979215
0.572815533981 0.034064665127
0.576923076923 0.0346420323326
0.571428571429 0.0346420323326
0.566037735849 0.0346420323326
0.570093457944 0.0352193995381
0.564814814815 0.0352193995381
0.56880733945 0.0357967667436
0.572727272727 0.0363741339492
0.567567567568 0.0363741339492
0.571428571429 0.0369515011547
0.566371681416 0.0369515011547
0.561403508772 0.0369515011547
0.565217391304 0.0375288683603
0.560344827586 0.0375288683603
0.564102564103 0.0381062355658
0.559322033898 0.0381062355658
0.563025210084 0.0386836027714
0.558333333333 0.0386836027714
0.553719008264 0.0386836027714
0.549180327869 0.0386836027714
0.544715447154 0.0386836027714
0.548387096774 0.0392609699769
0.544 0.0392609699769
0.539682539683 0.0392609699769
0.535433070866 0.0392609699769
0.53125 0.0392609699769
0.527131782946 0.0392609699769
0.530769230769 0.0398383371824
0.534351145038 0.040415704388
0.537878787879 0.0409930715935
0.541353383459 0.0415704387991
0.544776119403 0.0421478060046
0.548148148148 0.0427251732102
0.551470588235 0.0433025404157
0.554744525547 0.0438799076212
0.550724637681 0.0438799076212
0.546762589928 0.0438799076212
0.542857142857 0.0438799076212
0.539007092199 0.0438799076212
0.535211267606 0.0438799076212
0.531468531469 0.0438799076212
0.534722222222 0.0444572748268
0.531034482759 0.0444572748268
0.534246575342 0.0450346420323
0.537414965986 0.0456120092379
0.533783783784 0.0456120092379
0.536912751678 0.0461893764434
0.533333333333 0.0461893764434
0.529801324503 0.0461893764434
0.532894736842 0.046766743649
0.535947712418 0.0473441108545
0.532467532468 0.0473441108545
0.529032258065 0.0473441108545
0.532051282051 0.04792147806
0.528662420382 0.04792147806
0.525316455696 0.04792147806
0.528301886792 0.0484988452656
0.53125 0.0490762124711
0.527950310559 0.0490762124711
0.524691358025 0.0490762124711
0.527607361963 0.0496535796767
0.524390243902 0.0496535796767
0.521212121212 0.0496535796767
0.518072289157 0.0496535796767
0.51497005988 0.0496535796767
0.511904761905 0.0496535796767
0.508875739645 0.0496535796767
0.505882352941 0.0496535796767
0.502923976608 0.0496535796767
0.505813953488 0.0502309468822
0.50289017341 0.0502309468822
0.505747126437 0.0508083140878
0.502857142857 0.0508083140878
0.505681818182 0.0513856812933
0.502824858757 0.0513856812933
0.505617977528 0.0519630484988
0.508379888268 0.0525404157044
0.505555555556 0.0525404157044
0.508287292818 0.0531177829099
0.510989010989 0.0536951501155
0.513661202186 0.054272517321
0.516304347826 0.0548498845266
0.513513513514 0.0548498845266
0.510752688172 0.0548498845266
0.508021390374 0.0548498845266
0.510638297872 0.0554272517321
0.507936507937 0.0554272517321
0.505263157895 0.0554272517321
0.502617801047 0.0554272517321
0.5 0.0554272517321
0.502590673575 0.0560046189376
0.505154639175 0.0565819861432
0.507692307692 0.0571593533487
0.505102040816 0.0571593533487
0.502538071066 0.0571593533487
0.5 0.0571593533487
0.497487437186 0.0571593533487
0.5 0.0577367205543
0.502487562189 0.0583140877598
0.50495049505 0.0588914549654
0.502463054187 0.0588914549654
0.504901960784 0.0594688221709
0.507317073171 0.0600461893764
0.504854368932 0.0600461893764
0.507246376812 0.060623556582
0.504807692308 0.060623556582
0.502392344498 0.060623556582
0.5 0.060623556582
0.497630331754 0.060623556582
0.495283018868 0.060623556582
0.492957746479 0.060623556582
0.490654205607 0.060623556582
0.493023255814 0.0612009237875
0.49537037037 0.0617782909931
0.493087557604 0.0617782909931
0.490825688073 0.0617782909931
0.488584474886 0.0617782909931
0.490909090909 0.0623556581986
0.488687782805 0.0623556581986
0.486486486486 0.0623556581986
0.484304932735 0.0623556581986
0.486607142857 0.0629330254042
0.488888888889 0.0635103926097
0.486725663717 0.0635103926097
0.488986784141 0.0640877598152
0.486842105263 0.0640877598152
0.489082969432 0.0646651270208
0.486956521739 0.0646651270208
0.484848484848 0.0646651270208
0.487068965517 0.0652424942263
0.484978540773 0.0652424942263
0.482905982906 0.0652424942263
0.48085106383 0.0652424942263
0.478813559322 0.0652424942263
0.481012658228 0.0658198614319
0.478991596639 0.0658198614319
0.481171548117 0.0663972286374
0.479166666667 0.0663972286374
0.477178423237 0.0663972286374
0.47520661157 0.0663972286374
0.473251028807 0.0663972286374
0.47131147541 0.0663972286374
0.473469387755 0.066974595843
0.475609756098 0.0675519630485
0.473684210526 0.0675519630485
0.471774193548 0.0675519630485
0.469879518072 0.0675519630485
0.472 0.068129330254
0.470119521912 0.068129330254
0.468253968254 0.068129330254
0.466403162055 0.068129330254
0.464566929134 0.068129330254
0.466666666667 0.0687066974596
0.46484375 0.0687066974596
0.466926070039 0.0692840646651
0.468992248062 0.0698614318707
0.467181467181 0.0698614318707
0.469230769231 0.0704387990762
0.467432950192 0.0704387990762
0.465648854962 0.0704387990762
0.463878326996 0.0704387990762
0.462121212121 0.0704387990762
0.460377358491 0.0704387990762
0.458646616541 0.0704387990762
0.460674157303 0.0710161662818
0.458955223881 0.0710161662818
0.457249070632 0.0710161662818
0.455555555556 0.0710161662818
0.453874538745 0.0710161662818
0.455882352941 0.0715935334873
0.454212454212 0.0715935334873
0.452554744526 0.0715935334873
0.450909090909 0.0715935334873
0.449275362319 0.0715935334873
0.447653429603 0.0715935334873
0.446043165468 0.0715935334873
0.448028673835 0.0721709006928
0.446428571429 0.0721709006928
0.444839857651 0.0721709006928
0.446808510638 0.0727482678984
0.445229681979 0.0727482678984
0.443661971831 0.0727482678984
0.442105263158 0.0727482678984
0.444055944056 0.0733256351039
0.445993031359 0.0739030023095
0.447916666667 0.074480369515
0.446366782007 0.074480369515
0.448275862069 0.0750577367206
0.450171821306 0.0756351039261
0.448630136986 0.0756351039261
0.447098976109 0.0756351039261
0.445578231293 0.0756351039261
0.44406779661 0.0756351039261
0.445945945946 0.0762124711316
0.447811447811 0.0767898383372
0.446308724832 0.0767898383372
0.444816053512 0.0767898383372
0.443333333333 0.0767898383372
0.441860465116 0.0767898383372
0.443708609272 0.0773672055427
0.445544554455 0.0779445727483
0.444078947368 0.0779445727483
0.445901639344 0.0785219399538
0.447712418301 0.0790993071594
0.446254071661 0.0790993071594
0.444805194805 0.0790993071594
0.446601941748 0.0796766743649
0.445161290323 0.0796766743649
0.443729903537 0.0796766743649
0.445512820513 0.0802540415704
0.447284345048 0.080831408776
0.449044585987 0.0814087759815
0.450793650794 0.0819861431871
0.449367088608 0.0819861431871
0.447949526814 0.0819861431871
0.446540880503 0.0819861431871
0.448275862069 0.0825635103926
0.446875 0.0825635103926
0.445482866044 0.0825635103926
0.444099378882 0.0825635103926
0.445820433437 0.0831408775982
0.444444444444 0.0831408775982
0.446153846154 0.0837182448037
0.444785276074 0.0837182448037
0.443425076453 0.0837182448037
0.44512195122 0.0842956120092
0.44376899696 0.0842956120092
0.442424242424 0.0842956120092
0.441087613293 0.0842956120092
0.442771084337 0.0848729792148
0.444444444444 0.0854503464203
0.446107784431 0.0860277136259
0.444776119403 0.0860277136259
0.446428571429 0.0866050808314
0.445103857567 0.0866050808314
0.44674556213 0.087182448037
0.445427728614 0.087182448037
0.444117647059 0.087182448037
0.442815249267 0.087182448037
0.441520467836 0.087182448037
0.443148688047 0.0877598152425
0.441860465116 0.0877598152425
0.44347826087 0.088337182448
0.442196531792 0.088337182448
0.440922190202 0.088337182448
0.442528735632 0.0889145496536
0.441260744986 0.0889145496536
0.44 0.0889145496536
0.438746438746 0.0889145496536
0.440340909091 0.0894919168591
0.441926345609 0.0900692840647
0.440677966102 0.0900692840647
0.439436619718 0.0900692840647
0.441011235955 0.0906466512702
0.439775910364 0.0906466512702
0.438547486034 0.0906466512702
0.437325905292 0.0906466512702
0.438888888889 0.0912240184758
0.440443213296 0.0918013856813
0.439226519337 0.0918013856813
0.438016528926 0.0918013856813
0.43956043956 0.0923787528868
0.438356164384 0.0923787528868
0.439890710383 0.0929561200924
0.438692098093 0.0929561200924
0.440217391304 0.0935334872979
0.439024390244 0.0935334872979
0.440540540541 0.0941108545035
0.43935309973 0.0941108545035
0.440860215054 0.094688221709
0.439678284182 0.094688221709
0.438502673797 0.094688221709
0.437333333333 0.094688221709
0.436170212766 0.094688221709
0.437665782493 0.0952655889145
0.436507936508 0.0952655889145
0.435356200528 0.0952655889145
0.436842105263 0.0958429561201
0.438320209974 0.0964203233256
0.439790575916 0.0969976905312
0.43864229765 0.0969976905312
0.4375 0.0969976905312
0.438961038961 0.0975750577367
0.440414507772 0.0981524249423
0.441860465116 0.0987297921478
0.440721649485 0.0987297921478
0.439588688946 0.0987297921478
0.438461538462 0.0987297921478
0.437340153453 0.0987297921478
0.438775510204 0.0993071593533
0.440203562341 0.0998845265589
0.439086294416 0.0998845265589
0.437974683544 0.0998845265589
0.439393939394 0.100461893764
0.438287153652 0.100461893764
0.437185929648 0.100461893764
0.436090225564 0.100461893764
0.435 0.100461893764
0.43391521197 0.100461893764
0.435323383085 0.10103926097
0.436724565757 0.101616628176
0.435643564356 0.101616628176
0.437037037037 0.102193995381
0.43842364532 0.102771362587
0.437346437346 0.102771362587
0.438725490196 0.103348729792
0.437652811736 0.103348729792
0.436585365854 0.103348729792
0.435523114355 0.103348729792
0.434466019417 0.103348729792
0.43583535109 0.103926096998
0.437198067633 0.104503464203
0.436144578313 0.104503464203
0.435096153846 0.104503464203
0.436450839329 0.105080831409
0.437799043062 0.105658198614
0.439140811456 0.10623556582
0.438095238095 0.10623556582
0.439429928741 0.106812933025
0.438388625592 0.106812933025
0.439716312057 0.107390300231
0.438679245283 0.107390300231
0.44 0.107967667436
0.43896713615 0.107967667436
0.43793911007 0.107967667436
0.439252336449 0.108545034642
0.438228438228 0.108545034642
0.437209302326 0.108545034642
0.436194895592 0.108545034642
0.4375 0.109122401848
0.43648960739 0.109122401848
0.437788018433 0.109699769053
0.43908045977 0.110277136259
0.438073394495 0.110277136259
0.439359267735 0.110854503464
0.438356164384 0.110854503464
0.439635535308 0.11143187067
0.440909090909 0.112009237875
0.442176870748 0.112586605081
0.443438914027 0.113163972286
0.444695259594 0.113741339492
0.445945945946 0.114318706697
0.444943820225 0.114318706697
0.443946188341 0.114318706697
0.4451901566 0.114896073903
0.444196428571 0.114896073903
0.443207126949 0.114896073903
0.444444444444 0.115473441109
0.443458980044 0.115473441109
0.442477876106 0.115473441109
0.441501103753 0.115473441109
0.440528634361 0.115473441109
0.441758241758 0.116050808314
0.440789473684 0.116050808314
0.442013129103 0.11662817552
0.443231441048 0.117205542725
0.442265795207 0.117205542725
0.441304347826 0.117205542725
0.440347071584 0.117205542725
0.439393939394 0.117205542725
0.438444924406 0.117205542725
0.439655172414 0.117782909931
0.438709677419 0.117782909931
0.43991416309 0.118360277136
0.438972162741 0.118360277136
0.438034188034 0.118360277136
0.43710021322 0.118360277136
0.436170212766 0.118360277136
0.437367303609 0.118937644342
0.436440677966 0.118937644342
0.435517970402 0.118937644342
0.434599156118 0.118937644342
0.433684210526 0.118937644342
0.432773109244 0.118937644342
0.433962264151 0.119515011547
0.435146443515 0.120092378753
0.434237995825 0.120092378753
0.433333333333 0.120092378753
0.432432432432 0.120092378753
0.433609958506 0.120669745958
0.432712215321 0.120669745958
0.433884297521 0.121247113164
0.432989690722 0.121247113164
0.434156378601 0.12182448037
0.433264887064 0.12182448037
0.43237704918 0.12182448037
0.431492842536 0.12182448037
0.430612244898 0.12182448037
0.429735234216 0.12182448037
0.428861788618 0.12182448037
0.42799188641 0.12182448037
0.427125506073 0.12182448037
0.426262626263 0.12182448037
0.425403225806 0.12182448037
0.424547283702 0.12182448037
0.423694779116 0.12182448037
0.422845691383 0.12182448037
0.424 0.122401847575
0.423153692615 0.122401847575
0.424302788845 0.122979214781
0.423459244533 0.122979214781
0.424603174603 0.123556581986
0.425742574257 0.124133949192
0.424901185771 0.124133949192
0.424063116371 0.124133949192
0.425196850394 0.124711316397
0.426326129666 0.125288683603
0.425490196078 0.125288683603
0.424657534247 0.125288683603
0.423828125 0.125288683603
0.423001949318 0.125288683603
0.422178988327 0.125288683603
0.421359223301 0.125288683603
0.420542635659 0.125288683603
0.419729206963 0.125288683603
0.418918918919 0.125288683603
0.418111753372 0.125288683603
0.419230769231 0.125866050808
0.418426103647 0.125866050808
0.417624521073 0.125866050808
0.416826003824 0.125866050808
0.416030534351 0.125866050808
0.415238095238 0.125866050808
0.414448669202 0.125866050808
0.413662239089 0.125866050808
0.412878787879 0.125866050808
0.413988657845 0.126443418014
0.415094339623 0.127020785219
0.414312617702 0.127020785219
0.413533834586 0.127020785219
0.412757973734 0.127020785219
0.411985018727 0.127020785219
0.411214953271 0.127020785219
0.410447761194 0.127020785219
0.409683426443 0.127020785219
0.408921933086 0.127020785219
0.408163265306 0.127020785219
0.409259259259 0.127598152425
0.410351201479 0.12817551963
0.411439114391 0.128752886836
0.412523020258 0.129330254042
0.411764705882 0.129330254042
0.411009174312 0.129330254042
0.410256410256 0.129330254042
0.409506398537 0.129330254042
0.410583941606 0.129907621247
0.409836065574 0.129907621247
0.409090909091 0.129907621247
0.40834845735 0.129907621247
0.409420289855 0.130484988453
0.408679927667 0.130484988453
0.407942238267 0.130484988453
0.409009009009 0.131062355658
0.410071942446 0.131639722864
0.411131059246 0.132217090069
0.410394265233 0.132217090069
0.4114490161 0.132794457275
0.410714285714 0.132794457275
0.411764705882 0.13337182448
0.41103202847 0.13337182448
0.410301953819 0.13337182448
0.409574468085 0.13337182448
0.410619469027 0.133949191686
0.409893992933 0.133949191686
0.410934744268 0.134526558891
0.411971830986 0.135103926097
0.411247803163 0.135103926097
0.410526315789 0.135103926097
0.409807355517 0.135103926097
0.409090909091 0.135103926097
0.408376963351 0.135103926097
0.409407665505 0.135681293303
0.408695652174 0.135681293303
0.409722222222 0.136258660508
0.410745233969 0.136836027714
0.411764705882 0.137413394919
0.411053540587 0.137413394919
0.412068965517 0.137990762125
0.413080895009 0.13856812933
0.412371134021 0.13856812933
0.41166380789 0.13856812933
0.41095890411 0.13856812933
0.410256410256 0.13856812933
0.409556313993 0.13856812933
0.408858603066 0.13856812933
0.409863945578 0.139145496536
0.409168081494 0.139145496536
0.408474576271 0.139145496536
0.409475465313 0.139722863741
0.408783783784 0.139722863741
0.408094435076 0.139722863741
0.407407407407 0.139722863741
0.408403361345 0.140300230947
0.407718120805 0.140300230947
0.407035175879 0.140300230947
0.408026755853 0.140877598152
0.409015025042 0.141454965358
0.408333333333 0.141454965358
0.40765391015 0.141454965358
0.406976744186 0.141454965358
0.406301824212 0.141454965358
0.405629139073 0.141454965358
0.404958677686 0.141454965358
0.404290429043 0.141454965358
0.403624382208 0.141454965358
0.404605263158 0.142032332564
0.405582922824 0.142609699769
0.404918032787 0.142609699769
0.404255319149 0.142609699769
0.40522875817 0.143187066975
0.404567699837 0.143187066975
0.403908794788 0.143187066975
0.40325203252 0.143187066975
0.402597402597 0.143187066975
0.401944894652 0.143187066975
0.401294498382 0.143187066975
0.400646203554 0.143187066975
0.4 0.143187066975
0.400966183575 0.14376443418
0.400321543408 0.14376443418
0.401284109149 0.144341801386
0.400641025641 0.144341801386
0.4 0.144341801386
0.400958466454 0.144919168591
0.400318979266 0.144919168591
0.399681528662 0.144919168591
0.399046104928 0.144919168591
0.398412698413 0.144919168591
0.397781299525 0.144919168591
0.397151898734 0.144919168591
0.396524486572 0.144919168591
0.395899053628 0.144919168591
0.396850393701 0.145496535797
0.396226415094 0.145496535797
0.395604395604 0.145496535797
0.396551724138 0.146073903002
0.39593114241 0.146073903002
0.3953125 0.146073903002
0.394695787832 0.146073903002
0.394080996885 0.146073903002
0.393468118196 0.146073903002
0.392857142857 0.146073903002
0.392248062016 0.146073903002
0.391640866873 0.146073903002
0.391035548686 0.146073903002
0.390432098765 0.146073903002
0.389830508475 0.146073903002
0.390769230769 0.146651270208
0.390168970814 0.146651270208
0.391104294479 0.147228637413
0.392036753446 0.147806004619
0.391437308869 0.147806004619
0.390839694656 0.147806004619
0.391768292683 0.148383371824
0.391171993912 0.148383371824
0.390577507599 0.148383371824
0.389984825493 0.148383371824
0.389393939394 0.148383371824
0.38880484115 0.148383371824
0.388217522659 0.148383371824
0.387631975867 0.148383371824
0.387048192771 0.148383371824
0.386466165414 0.148383371824
0.387387387387 0.14896073903
0.388305847076 0.149538106236
0.387724550898 0.149538106236
0.387144992526 0.149538106236
0.386567164179 0.149538106236
0.385991058122 0.149538106236
0.386904761905 0.150115473441
0.387815750371 0.150692840647
0.387240356083 0.150692840647
0.388148148148 0.151270207852
0.389053254438 0.151847575058
0.388478581979 0.151847575058
0.38790560472 0.151847575058
0.387334315169 0.151847575058
0.386764705882 0.151847575058
0.387665198238 0.152424942263
0.387096774194 0.152424942263
0.386530014641 0.152424942263
0.387426900585 0.153002309469
0.386861313869 0.153002309469
0.386297376093 0.153002309469
0.385735080058 0.153002309469
0.386627906977 0.153579676674
0.387518142235 0.15415704388
0.386956521739 0.15415704388
0.386396526773 0.15415704388
0.387283236994 0.154734411085
0.386724386724 0.154734411085
0.386167146974 0.154734411085
0.385611510791 0.154734411085
0.385057471264 0.154734411085
0.38593974175 0.155311778291
0.385386819484 0.155311778291
0.386266094421 0.155889145497
0.385714285714 0.155889145497
0.385164051355 0.155889145497
0.384615384615 0.155889145497
0.384068278805 0.155889145497
0.383522727273 0.155889145497
0.382978723404 0.155889145497
0.383852691218 0.156466512702
0.383309759547 0.156466512702
0.382768361582 0.156466512702
0.382228490832 0.156466512702
0.381690140845 0.156466512702
0.381153305204 0.156466512702
0.380617977528 0.156466512702
0.380084151473 0.156466512702
0.379551820728 0.156466512702
0.38041958042 0.157043879908
0.379888268156 0.157043879908
0.380753138075 0.157621247113
0.380222841226 0.157621247113
0.379694019471 0.157621247113
0.380555555556 0.158198614319
0.380027739251 0.158198614319
0.379501385042 0.158198614319
0.37897648686 0.158198614319
0.378453038674 0.158198614319
0.379310344828 0.158775981524
0.378787878788 0.158775981524
0.379642365887 0.15935334873
0.379120879121 0.15935334873
0.378600823045 0.15935334873
0.378082191781 0.15935334873
0.378932968536 0.159930715935
0.379781420765 0.160508083141
0.379263301501 0.160508083141
0.378746594005 0.160508083141
0.378231292517 0.160508083141
0.377717391304 0.160508083141
0.378561736771 0.161085450346
0.379403794038 0.161662817552
0.378890392422 0.161662817552
0.378378378378 0.161662817552
0.377867746289 0.161662817552
0.377358490566 0.161662817552
0.378196500673 0.162240184758
0.379032258065 0.162817551963
0.379865771812 0.163394919169
0.379356568365 0.163394919169
0.378848728246 0.163394919169
0.378342245989 0.163394919169
0.377837116155 0.163394919169
0.377333333333 0.163394919169
0.376830892144 0.163394919169
0.376329787234 0.163394919169
0.37583001328 0.163394919169
0.376657824934 0.163972286374
0.376158940397 0.163972286374
0.376984126984 0.16454965358
0.377807133421 0.165127020785
0.377308707124 0.165127020785
0.376811594203 0.165127020785
0.376315789474 0.165127020785
0.375821287779 0.165127020785
0.37532808399 0.165127020785
0.376146788991 0.165704387991
0.375654450262 0.165704387991
0.375163398693 0.165704387991
0.374673629243 0.165704387991
0.374185136897 0.165704387991
0.375 0.166281755196
0.375812743823 0.166859122402
0.375324675325 0.166859122402
0.376134889754 0.167436489607
0.375647668394 0.167436489607
0.375161707633 0.167436489607
0.374677002584 0.167436489607
0.374193548387 0.167436489607
0.373711340206 0.167436489607
0.374517374517 0.168013856813
0.374035989717 0.168013856813
0.373555840822 0.168013856813
0.373076923077 0.168013856813
0.372599231754 0.168013856813
0.372122762148 0.168013856813
0.371647509579 0.168013856813
0.371173469388 0.168013856813
0.371974522293 0.168591224018
0.371501272265 0.168591224018
0.371029224905 0.168591224018
0.371827411168 0.169168591224
0.372623574144 0.16974595843
0.372151898734 0.16974595843
0.371681415929 0.16974595843
0.372474747475 0.170323325635
0.373266078184 0.170900692841
0.372795969773 0.170900692841
0.372327044025 0.170900692841
0.371859296482 0.170900692841
0.37139272271 0.170900692841
0.370927318296 0.170900692841
0.370463078849 0.170900692841
0.37125 0.171478060046
0.370786516854 0.171478060046
0.370324189526 0.171478060046
0.369863013699 0.171478060046
0.369402985075 0.171478060046
0.370186335404 0.172055427252
0.370967741935 0.172632794457
0.370508054523 0.172632794457
0.371287128713 0.173210161663
0.370828182942 0.173210161663
0.371604938272 0.173787528868
0.372379778052 0.174364896074
0.371921182266 0.174364896074
0.371463714637 0.174364896074
0.371007371007 0.174364896074
0.371779141104 0.174942263279
0.371323529412 0.174942263279
0.370869033048 0.174942263279
0.370415647922 0.174942263279
0.371184371184 0.175519630485
0.370731707317 0.175519630485
0.370280146163 0.175519630485
0.369829683698 0.175519630485
0.369380315917 0.175519630485
0.368932038835 0.175519630485
0.368484848485 0.175519630485
0.36803874092 0.175519630485
0.367593712213 0.175519630485
0.367149758454 0.175519630485
0.366706875754 0.175519630485
0.366265060241 0.175519630485
0.365824308063 0.175519630485
0.365384615385 0.175519630485
0.364945978391 0.175519630485
0.364508393285 0.175519630485
0.364071856287 0.175519630485
0.363636363636 0.175519630485
0.363201911589 0.175519630485
0.363961813842 0.176096997691
0.364719904648 0.176674364896
0.364285714286 0.176674364896
0.36385255648 0.176674364896
0.36460807601 0.177251732102
0.364175563464 0.177251732102
0.363744075829 0.177251732102
0.363313609467 0.177251732102
0.362884160757 0.177251732102
0.362455726092 0.177251732102
0.36320754717 0.177829099307
0.362779740872 0.177829099307
0.363529411765 0.178406466513
0.363102232667 0.178406466513
0.363849765258 0.178983833718
0.364595545135 0.179561200924
0.364168618267 0.179561200924
0.363742690058 0.179561200924
0.364485981308 0.180138568129
0.364060676779 0.180138568129
0.363636363636 0.180138568129
0.364377182771 0.180715935335
0.363953488372 0.180715935335
0.363530778165 0.180715935335
0.364269141531 0.18129330254
0.363847045191 0.18129330254
0.363425925926 0.18129330254
0.363005780347 0.18129330254
0.362586605081 0.18129330254
0.36216839677 0.18129330254
0.361751152074 0.18129330254
0.361334867664 0.18129330254
0.36091954023 0.18129330254
0.360505166475 0.18129330254
0.360091743119 0.18129330254
0.360824742268 0.181870669746
0.360411899314 0.181870669746
0.36 0.181870669746
0.359589041096 0.181870669746
0.359179019384 0.181870669746
0.358769931663 0.181870669746
0.358361774744 0.181870669746
0.357954545455 0.181870669746
0.357548240636 0.181870669746
0.357142857143 0.181870669746
0.357870894677 0.182448036952
0.357466063348 0.182448036952
0.357062146893 0.182448036952
0.356659142212 0.182448036952
0.356257046223 0.182448036952
0.356981981982 0.183025404157
0.357705286839 0.183602771363
0.357303370787 0.183602771363
0.358024691358 0.184180138568
0.357623318386 0.184180138568
0.358342665174 0.184757505774
0.357941834452 0.184757505774
0.358659217877 0.185334872979
0.358258928571 0.185334872979
0.357859531773 0.185334872979
0.358574610245 0.185912240185
0.358175750834 0.185912240185
0.358888888889 0.18648960739
0.358490566038 0.18648960739
0.359201773836 0.187066974596
0.358803986711 0.187066974596
0.358407079646 0.187066974596
0.359116022099 0.187644341801
0.358719646799 0.187644341801
0.358324145535 0.187644341801
0.357929515419 0.187644341801
0.357535753575 0.187644341801
0.357142857143 0.187644341801
0.357848518112 0.188221709007
0.358552631579 0.188799076212
0.358159912377 0.188799076212
0.357768052516 0.188799076212
0.35737704918 0.188799076212
0.356986899563 0.188799076212
0.357688113413 0.189376443418
0.357298474946 0.189376443418
0.357997823721 0.189953810624
0.357608695652 0.189953810624
0.358306188925 0.190531177829
0.357917570499 0.190531177829
0.35752979415 0.190531177829
0.357142857143 0.190531177829
0.356756756757 0.190531177829
0.356371490281 0.190531177829
0.355987055016 0.190531177829
0.355603448276 0.190531177829
0.355220667384 0.190531177829
0.355913978495 0.191108545035
0.355531686359 0.191108545035
0.355150214592 0.191108545035
0.354769560557 0.191108545035
0.355460385439 0.19168591224
0.355080213904 0.19168591224
0.354700854701 0.19168591224
0.354322305229 0.19168591224
0.3539445629 0.19168591224
0.353567625133 0.19168591224
0.353191489362 0.19168591224
0.352816153029 0.19168591224
0.352441613588 0.19168591224
0.352067868505 0.19168591224
0.351694915254 0.19168591224
0.351322751323 0.19168591224
0.350951374207 0.19168591224
0.351636747624 0.192263279446
0.351265822785 0.192263279446
0.350895679663 0.192263279446
0.350526315789 0.192263279446
0.350157728707 0.192263279446
0.349789915966 0.192263279446
0.349422875131 0.192263279446
0.349056603774 0.192263279446
0.348691099476 0.192263279446
0.348326359833 0.192263279446
0.347962382445 0.192263279446
0.347599164927 0.192263279446
0.347236704901 0.192263279446
0.346875 0.192263279446
0.347554630593 0.192840646651
0.348232848233 0.193418013857
0.347871235722 0.193418013857
0.347510373444 0.193418013857
0.347150259067 0.193418013857
0.346790890269 0.193418013857
0.346432264736 0.193418013857
0.346074380165 0.193418013857
0.346749226006 0.193995381062
0.346391752577 0.193995381062
0.346035015448 0.193995381062
0.34670781893 0.194572748268
0.346351490236 0.194572748268
0.345995893224 0.194572748268
0.346666666667 0.195150115473
0.34631147541 0.195150115473
0.345957011259 0.195150115473
0.345603271984 0.195150115473
0.346271705822 0.195727482679
0.345918367347 0.195727482679
0.346585117227 0.196304849885
0.346232179226 0.196304849885
0.345879959308 0.196304849885
0.346544715447 0.19688221709
0.346192893401 0.19688221709
0.346855983773 0.197459584296
0.346504559271 0.197459584296
0.346153846154 0.197459584296
0.346814964611 0.198036951501
0.346464646465 0.198036951501
0.346115035318 0.198036951501
0.345766129032 0.198036951501
0.346424974824 0.198614318707
0.346076458753 0.198614318707
0.346733668342 0.199191685912
0.346385542169 0.199191685912
0.346038114343 0.199191685912
0.346693386774 0.199769053118
0.347347347347 0.200346420323
0.347 0.200346420323
0.346653346653 0.200346420323
0.34630738523 0.200346420323
0.345962113659 0.200346420323
0.346613545817 0.200923787529
0.346268656716 0.200923787529
0.346918489066 0.201501154734
0.346573982125 0.201501154734
0.34623015873 0.201501154734
0.346878097126 0.20207852194
0.347524752475 0.202655889145
0.347181008902 0.202655889145
0.347826086957 0.203233256351
0.34748272458 0.203233256351
0.347140039448 0.203233256351
0.346798029557 0.203233256351
0.346456692913 0.203233256351
0.347099311701 0.203810623557
0.347740667976 0.204387990762
0.348380765456 0.204965357968
0.349019607843 0.205542725173
0.348677766895 0.205542725173
0.348336594912 0.205542725173
0.347996089932 0.205542725173
0.3486328125 0.206120092379
0.348292682927 0.206120092379
0.347953216374 0.206120092379
0.34858812074 0.206697459584
0.349221789883 0.20727482679
0.348882410107 0.20727482679
0.34854368932 0.20727482679
0.348205625606 0.20727482679
0.347868217054 0.20727482679
0.348499515973 0.207852193995
0.348162475822 0.207852193995
0.347826086957 0.207852193995
0.348455598456 0.208429561201
0.348119575699 0.208429561201
0.347784200385 0.208429561201
0.348411934552 0.209006928406
0.349038461538 0.209584295612
0.348703170029 0.209584295612
0.348368522073 0.209584295612
0.34803451582 0.209584295612
0.348659003831 0.210161662818
0.349282296651 0.210739030023
0.349904397706 0.211316397229
0.350525310411 0.211893764434
0.350190839695 0.211893764434
0.349857006673 0.211893764434
0.349523809524 0.211893764434
0.350142721218 0.21247113164
0.349809885932 0.21247113164
0.350427350427 0.213048498845
0.35009487666 0.213048498845
0.349763033175 0.213048498845
0.350378787879 0.213625866051
0.35004730369 0.213625866051
0.349716446125 0.213625866051
0.349386213409 0.213625866051
0.349056603774 0.213625866051
0.349670122526 0.214203233256
0.34934086629 0.214203233256
0.349952963311 0.214780600462
0.34962406015 0.214780600462
0.349295774648 0.214780600462
0.348968105066 0.214780600462
0.349578256795 0.215357967667
0.34925093633 0.215357967667
0.348924228251 0.215357967667
0.348598130841 0.215357967667
0.34827264239 0.215357967667
0.348880597015 0.215935334873
0.349487418453 0.216512702079
0.349162011173 0.216512702079
0.34976744186 0.217090069284
0.349442379182 0.217090069284
0.349117920149 0.217090069284
0.34879406308 0.217090069284
0.348470806302 0.217090069284
0.348148148148 0.217090069284
0.348751156337 0.21766743649
0.349353049908 0.218244803695
0.349953831948 0.218822170901
0.350553505535 0.219399538106
0.350230414747 0.219399538106
0.349907918969 0.219399538106
0.349586016559 0.219399538106
0.350183823529 0.219976905312
0.349862258953 0.219976905312
0.349541284404 0.219976905312
0.349220898258 0.219976905312
0.348901098901 0.219976905312
0.348581884721 0.219976905312
0.348263254113 0.219976905312
0.347945205479 0.219976905312
0.347627737226 0.219976905312
0.348222424795 0.220554272517
0.347905282332 0.220554272517
0.347588717015 0.220554272517
0.348181818182 0.221131639723
0.347865576748 0.221131639723
0.348457350272 0.221709006928
0.349048050771 0.222286374134
0.349637681159 0.222863741339
0.349321266968 0.222863741339
0.349005424955 0.222863741339
0.348690153568 0.222863741339
0.348375451264 0.222863741339
0.348061316501 0.222863741339
0.347747747748 0.222863741339
0.347434743474 0.222863741339
0.347122302158 0.222863741339
0.347708894879 0.223441108545
0.347396768402 0.223441108545
0.347085201794 0.223441108545
0.346774193548 0.223441108545
0.346463742167 0.223441108545
0.346153846154 0.223441108545
0.346738159071 0.224018475751
0.347321428571 0.224595842956
0.347011596789 0.224595842956
0.346702317291 0.224595842956
0.346393588602 0.224595842956
0.346975088968 0.225173210162
0.346666666667 0.225173210162
0.347246891652 0.225750577367
0.347826086957 0.226327944573
0.347517730496 0.226327944573
0.347209920283 0.226327944573
0.347787610619 0.226905311778
0.347480106101 0.226905311778
0.347173144876 0.226905311778
0.346866725508 0.226905311778
0.346560846561 0.226905311778
0.346255506608 0.226905311778
0.346830985915 0.227482678984
0.347405452946 0.228060046189
0.347100175747 0.228060046189
0.346795434592 0.228060046189
0.347368421053 0.228637413395
0.347940403155 0.2292147806
0.347635726795 0.2292147806
0.347331583552 0.2292147806
0.347027972028 0.2292147806
0.34672489083 0.2292147806
0.347294938918 0.229792147806
0.347863993025 0.230369515012
0.34756097561 0.230369515012
0.34725848564 0.230369515012
0.346956521739 0.230369515012
0.346655082537 0.230369515012
0.346354166667 0.230369515012
0.346053772767 0.230369515012
0.34575389948 0.230369515012
0.345454545455 0.230369515012
0.345155709343 0.230369515012
0.344857389801 0.230369515012
0.345423143351 0.230946882217
0.345125107852 0.230946882217
0.345689655172 0.231524249423
0.345391903531 0.231524249423
0.345094664372 0.231524249423
0.344797936371 0.231524249423
0.345360824742 0.232101616628
0.345064377682 0.232101616628
0.345626072041 0.232678983834
0.345329905741 0.232678983834
0.345890410959 0.233256351039
0.345594525235 0.233256351039
0.346153846154 0.233833718245
0.34585824082 0.233833718245
0.345563139932 0.233833718245
0.345268542199 0.233833718245
0.344974446337 0.233833718245
0.344680851064 0.233833718245
0.344387755102 0.233833718245
0.344095157179 0.233833718245
0.344651952462 0.23441108545
0.344359626802 0.23441108545
0.344915254237 0.234988452656
0.344623200677 0.234988452656
0.344331641286 0.234988452656
0.34404057481 0.234988452656
0.344594594595 0.235565819861
0.344303797468 0.235565819861
0.344013490725 0.235565819861
0.343723673126 0.235565819861
0.343434343434 0.235565819861
0.343145500421 0.235565819861
0.342857142857 0.235565819861
0.342569269521 0.235565819861
0.342281879195 0.235565819861
0.341994970662 0.235565819861
0.341708542714 0.235565819861
0.341422594142 0.235565819861
0.341137123746 0.235565819861
0.340852130326 0.235565819861
0.340567612688 0.235565819861
0.340283569641 0.235565819861
0.34 0.235565819861
0.339716902581 0.235565819861
0.339434276206 0.235565819861
0.339152119701 0.235565819861
0.339700996678 0.236143187067
0.339419087137 0.236143187067
0.339137645108 0.236143187067
0.338856669428 0.236143187067
0.33857615894 0.236143187067
0.33829611249 0.236143187067
0.338016528926 0.236143187067
0.337737407102 0.236143187067
0.338283828383 0.236720554273
0.338004946414 0.236720554273
0.337726523888 0.236720554273
0.338271604938 0.237297921478
0.337993421053 0.237297921478
0.33771569433 0.237297921478
0.337438423645 0.237297921478
0.33798195242 0.237875288684
0.338524590164 0.238452655889
0.338247338247 0.238452655889
0.338788870704 0.239030023095
0.338511856092 0.239030023095
0.338235294118 0.239030023095
0.337959183673 0.239030023095
0.337683523654 0.239030023095
0.337408312958 0.239030023095
0.337133550489 0.239030023095
0.336859235151 0.239030023095
0.337398373984 0.2396073903
0.337124289196 0.2396073903
0.337662337662 0.240184757506
0.337388483374 0.240184757506
0.337115072934 0.240184757506
0.337651821862 0.240762124711
0.337378640777 0.240762124711
0.337105901374 0.240762124711
0.336833602585 0.240762124711
0.336561743341 0.240762124711
0.336290322581 0.240762124711
0.336825141015 0.241339491917
0.33655394525 0.241339491917
0.336283185841 0.241339491917
0.336012861736 0.241339491917
0.335742971888 0.241339491917
0.336276083467 0.241916859122
0.336006415397 0.241916859122
0.335737179487 0.241916859122
0.3354683747 0.241916859122
0.3352 0.241916859122
0.334932054357 0.241916859122
0.334664536741 0.241916859122
0.334397446129 0.241916859122
0.334130781499 0.241916859122
0.333864541833 0.241916859122
0.333598726115 0.241916859122
0.333333333333 0.241916859122
0.33386327504 0.242494226328
0.333598093725 0.242494226328
0.333333333333 0.242494226328
0.333068992863 0.242494226328
0.332805071315 0.242494226328
0.332541567696 0.242494226328
0.332278481013 0.242494226328
0.332015810277 0.242494226328
0.331753554502 0.242494226328
0.331491712707 0.242494226328
0.331230283912 0.242494226328
0.330969267139 0.242494226328
0.330708661417 0.242494226328
0.331235247836 0.243071593533
0.331761006289 0.243648960739
0.331500392773 0.243648960739
0.331240188383 0.243648960739
0.330980392157 0.243648960739
0.330721003135 0.243648960739
0.331245105717 0.244226327945
0.330985915493 0.244226327945
0.330727130571 0.244226327945
0.33046875 0.244226327945
0.330210772834 0.244226327945
0.330733229329 0.24480369515
0.331254871395 0.245381062356
0.330996884735 0.245381062356
0.330739299611 0.245381062356
0.330482115086 0.245381062356
0.330225330225 0.245381062356
0.329968944099 0.245381062356
0.33048875097 0.245958429561
0.331007751938 0.246535796767
0.330751355538 0.246535796767
0.330495356037 0.246535796767
0.330239752514 0.246535796767
0.329984544049 0.246535796767
0.32972972973 0.246535796767
0.329475308642 0.246535796767
0.329221279877 0.246535796767
0.329738058552 0.247113163972
0.32948421863 0.247113163972
0.329230769231 0.247113163972
0.328977709454 0.247113163972
0.329493087558 0.247690531178
0.329240214889 0.247690531178
0.329754601227 0.248267898383
0.329501915709 0.248267898383
0.330015313936 0.248845265589
0.329762815608 0.248845265589
0.329510703364 0.248845265589
0.330022918258 0.249422632794
0.329770992366 0.249422632794
0.329519450801 0.249422632794
0.329268292683 0.249422632794
0.329017517136 0.249422632794
0.328767123288 0.249422632794
0.328517110266 0.249422632794
0.328267477204 0.249422632794
0.328018223235 0.249422632794
0.327769347496 0.249422632794
0.327520849128 0.249422632794
0.32803030303 0.25
0.327781983346 0.25
0.327534039334 0.25
0.327286470144 0.25
0.327039274924 0.25
0.32679245283 0.25
0.32730015083 0.250577367206
0.327807083647 0.251154734411
0.327560240964 0.251154734411
0.327313769752 0.251154734411
0.327067669173 0.251154734411
0.326821938392 0.251154734411
0.326576576577 0.251154734411
0.326331582896 0.251154734411
0.326086956522 0.251154734411
0.325842696629 0.251154734411
0.326347305389 0.251732101617
0.326103216156 0.251732101617
0.325859491779 0.251732101617
0.326362957431 0.252309468822
0.326865671642 0.252886836028
0.326621923937 0.252886836028
0.327123695976 0.253464203233
0.326880119136 0.253464203233
0.326636904762 0.253464203233
0.326394052045 0.253464203233
0.326151560178 0.253464203233
0.325909428359 0.253464203233
0.325667655786 0.253464203233
0.32542624166 0.253464203233
0.325925925926 0.254041570439
0.325684678016 0.254041570439
0.325443786982 0.254041570439
0.325203252033 0.254041570439
0.324963072378 0.254041570439
0.324723247232 0.254041570439
0.324483775811 0.254041570439
0.324244657332 0.254041570439
0.324005891016 0.254041570439
0.323767476085 0.254041570439
0.323529411765 0.254041570439
0.324026451139 0.254618937644
0.323788546256 0.254618937644
0.324284666178 0.25519630485
0.324046920821 0.25519630485
0.32380952381 0.25519630485
0.323572474378 0.25519630485
0.324067300658 0.255773672055
0.323830409357 0.255773672055
0.323593864134 0.255773672055
0.323357664234 0.255773672055
0.323851203501 0.256351039261
0.32361516035 0.256351039261
0.323379461034 0.256351039261
0.323871906841 0.256928406467
0.323636363636 0.256928406467
0.323401162791 0.256928406467
0.323892519971 0.257505773672
0.323657474601 0.257505773672
0.323422770123 0.257505773672
0.323188405797 0.257505773672
0.322954380883 0.257505773672
0.323444283647 0.258083140878
0.323210412148 0.258083140878
0.322976878613 0.258083140878
0.32274368231 0.258083140878
0.323232323232 0.258660508083
0.322999279019 0.258660508083
