58500 1 0.988770902157
634 1 0.974160611629
14082 4 0.972640812397
22177 4 0.965245068073
52262 4 0.963479220867
27028 1 0.961088597775
22257 1 0.958538353443
51715 1 0.95425516367
25872 1 0.950598418713
87927 1 0.948683619499
85153 1 0.947165489197
57243 1 0.944380521774
5231 1 0.939499497414
28736 1 0.938784778118
69665 1 0.937819302082
21548 1 0.93738001585
87308 1 0.936742544174
60763 4 0.934325218201
82299 1 0.92972022295
65433 4 0.929481208324
42711 1 0.924009501934
5248 1 0.922409296036
23356 1 0.920539855957
37843 1 0.915040910244
11801 4 0.914626717567
12657 1 0.913899719715
88783 1 0.911398530006
22721 1 0.909795582294
89000 1 0.908553659916
53638 1 0.906993806362
89266 1 0.906333506107
80608 1 0.904795110226
39710 1 0.904342353344
2067 1 0.904281973839
58418 1 0.90351164341
17501 1 0.903210997581
48689 1 0.901716113091
26497 1 0.899891078472
19589 1 0.898460566998
40502 1 0.896230399609
900 1 0.89622348547
37761 1 0.895276367664
20804 1 0.894949257374
91210 1 0.892724215984
11595 1 0.888802826405
76866 4 0.886870443821
88137 1 0.883769571781
79503 4 0.882870972157
82160 4 0.881811618805
5356 1 0.881673634052
1913 4 0.87982749939
65577 4 0.877240240574
55134 1 0.877071738243
62181 4 0.875043928623
35197 1 0.874871492386
55623 4 0.872931957245
10956 1 0.872441053391
67140 1 0.872092485428
20501 1 0.870786011219
20917 1 0.870665311813
91609 1 0.86799955368
5585 1 0.867136001587
32660 1 0.866379499435
72198 1 0.865126132965
91277 4 0.86488199234
5914 1 0.861996352673
46512 1 0.861947476864
3160 1 0.861262738705
4331 1 0.861245691776
46690 4 0.85812407732
29398 4 0.858123540878
50546 4 0.856806993484
10153 1 0.856202840805
2356 1 0.855747461319
79453 1 0.85488653183
36052 1 0.854471921921
12463 1 0.854330003262
1321 4 0.853953838348
85006 4 0.852637708187
10038 1 0.850913405418
78322 1 0.849581480026
5384 1 0.847234368324
60106 1 0.845577836037
50241 1 0.844897449017
21937 1 0.844878077507
89443 1 0.843383848667
78189 4 0.843319654465
9676 1 0.841409027576
2364 1 0.840297043324
55877 1 0.838213264942
49018 1 0.837722837925
371 1 0.83704906702
78216 1 0.836209356785
8715 4 0.835529267788
17333 1 0.834815382957
62894 1 0.833480358124
1958 1 0.831665813923
8518 4 0.830524086952
66772 4 0.829006969929
4095 1 0.82888686657
64637 3 0.828821182251
59276 1 0.828562438488
31959 1 0.827809691429
8745 1 0.827126681805
48387 1 0.826107084751
60907 1 0.825229465961
59697 1 0.825204312801
68642 1 0.824404597282
71726 1 0.82176554203
55507 4 0.821549296379
70760 1 0.82107257843
38957 1 0.820969998837
38094 1 0.819552063942
6971 2 0.817732810974
25828 4 0.817082583904
52820 1 0.815312087536
20045 4 0.814066946507
48117 4 0.812964618206
57463 1 0.812718510628
48372 4 0.812274694443
70281 1 0.811465620995
16049 1 0.810725688934
91062 2 0.810583114624
34665 4 0.809685468674
10306 4 0.809674322605
3137 1 0.808433175087
1304 1 0.808323442936
41670 1 0.808303594589
4265 1 0.807305395603
44997 1 0.807173907757
84797 1 0.806860566139
86336 1 0.806770324707
43375 1 0.806202054024
18652 1 0.805871486664
1852 1 0.805193245411
43894 1 0.805142760277
32622 4 0.804269254208
64789 1 0.803327083588
9460 1 0.802493393421
3852 1 0.800914764404
51192 4 0.800480008125
61917 1 0.798650681973
86981 1 0.797958135605
52821 7 0.795251131058
71725 1 0.794134140015
7393 1 0.793967962265
24146 1 0.793964087963
62682 1 0.793224215508
23399 1 0.792920172215
65238 1 0.79000377655
53230 1 0.789826869965
29149 7 0.789160251617
38955 1 0.788947939873
62098 4 0.78822684288
90352 4 0.787811100483
17091 2 0.787200391293
50190 1 0.786312401295
86133 1 0.786080002785
16660 1 0.785623908043
18427 1 0.785358071327
24163 1 0.78479719162
71279 1 0.784387469292
32110 4 0.784379422665
8692 1 0.783856034279
21349 1 0.783421516418
16004 2 0.782846868038
18460 1 0.782666027546
1610 4 0.782589972019
60088 1 0.781060814857
16945 2 0.780969500542
85896 1 0.780290722847
3706 1 0.780047893524
54265 1 0.778803527355
5784 7 0.77807456255
76784 1 0.7778185606
38092 1 0.777148902416
5558 1 0.776840567589
62182 4 0.776501059532
23150 1 0.776344537735
4064 1 0.772821307182
11152 2 0.772058010101
60726 1 0.771987378597
50997 2 0.771609902382
76717 1 0.77055811882
43256 1 0.769560217857
30298 1 0.768463611603
3231 1 0.766320466995
82904 1 0.766172111034
67141 1 0.765077590942
19330 1 0.76455527544
40197 1 0.764410972595
80144 1 0.764234721661
23003 1 0.763335347176
34792 1 0.763119935989
36616 1 0.762191593647
5697 1 0.761729538441
30926 1 0.761101305485
4681 1 0.761006474495
66956 1 0.760963439941
79467 1 0.760359942913
18509 1 0.759236872196
48181 4 0.759122550488
34729 2 0.759058594704
15793 1 0.758586883545
66282 1 0.75837957859
35032 4 0.758162498474
65390 7 0.757279932499
12810 1 0.756939053535
71006 1 0.755923569202
38374 1 0.755721032619
7243 1 0.755448400974
90475 1 0.75492399931
26715 1 0.754250228405
54255 1 0.753667116165
22247 1 0.75365126133
42522 1 0.753593981266
34094 1 0.753583073616
76245 1 0.752975225449
30880 1 0.7501719594
6973 2 0.749577760696
64554 1 0.749022364616
4391 2 0.748065829277
6709 2 0.74684047699
27691 1 0.746730864048
3138 1 0.743788897991
66711 1 0.743595898151
5475 1 0.743589818478
10307 4 0.743235766888
49616 1 0.742014706135
65431 4 0.741905629635
8762 2 0.738717556
26790 1 0.737178206444
57882 3 0.737011134624
60218 1 0.736029922962
55778 2 0.735473752022
89585 3 0.735140383244
66775 1 0.733516573906
3527 1 0.733243823051
12662 2 0.729920804501
64488 2 0.729905664921
42812 4 0.729004144669
32042 1 0.72854757309
54976 1 0.726752758026
37173 4 0.726565659046
63937 1 0.725875079632
7240 1 0.725716352463
88379 1 0.725688159466
2313 2 0.724683880806
44267 1 0.724251031876
325 1 0.72357660532
47717 4 0.722755551338
82559 1 0.722674667835
26137 4 0.722180247307
76475 1 0.721941053867
46201 1 0.721532523632
4526 4 0.721013247967
45773 4 0.720469594002
19730 1 0.719292938709
78215 1 0.71906208992
60135 1 0.718707025051
20283 4 0.718455851078
10427 2 0.71824657917
34256 1 0.717595815659
88594 1 0.71745210886
12234 4 0.716822683811
34091 3 0.715547025204
5661 1 0.715015053749
51074 4 0.714152693748
49161 1 0.714133143425
25672 1 0.711446285248
16647 4 0.711084663868
89796 1 0.70866549015
54305 1 0.708179831505
89444 1 0.707751452923
55578 1 0.707432746887
59772 1 0.707357287407
18170 1 0.706552028656
41789 1 0.706408202648
5700 1 0.706193089485
10397 4 0.706109106541
15305 1 0.705934226513
28049 4 0.705690920353
19175 4 0.705458641052
21930 1 0.70473587513
63145 1 0.70444881916
59029 1 0.704271614552
77568 4 0.704130828381
72879 1 0.703650355339
22526 1 0.703450798988
8770 3 0.702415704727
89191 4 0.701986312866
8175 1 0.701040327549
12190 4 0.699730813503
44993 2 0.698883533478
39959 1 0.697699487209
28634 1 0.697629570961
60136 1 0.696553826332
3236 1 0.695573925972
1919 4 0.695541739464
83491 3 0.695449411869
19227 1 0.690549373627
57650 7 0.689912199974
44020 1 0.689716458321
36505 1 0.689603626728
20747 1 0.687607347965
18983 1 0.687553703785
8445 1 0.687427222729
59442 2 0.687065124512
34373 2 0.685359418392
40422 2 0.684866905212
40433 1 0.683058202267
31906 4 0.682553946972
10432 1 0.681942641735
10244 2 0.681850552559
16051 1 0.680956065655
81131 4 0.680855333805
83262 3 0.680652678013
84960 4 0.679253339767
1244 4 0.679253160954
25204 4 0.679180085659
8680 1 0.678489625454
70388 4 0.678135335445
72607 1 0.676488518715
7385 1 0.676092207432
34334 1 0.675789356232
21852 1 0.675335586071
49853 2 0.675102412701
7394 1 0.674800634384
16301 1 0.67474514246
25345 2 0.674697756767
13027 1 0.674463927746
41233 1 0.673351049423
1743 2 0.67093360424
36405 4 0.670303106308
65082 1 0.669379413128
46007 1 0.668623685837
41260 2 0.668301343918
20746 1 0.668245077133
13538 1 0.667358458042
46745 1 0.667261123657
19247 1 0.665587186813
51581 4 0.664475381374
34090 1 0.664270401001
3226 1 0.663947463036
27539 1 0.662847161293
21549 1 0.662575125694
18436 1 0.661858141422
70937 1 0.66139125824
6357 1 0.661369144917
63153 1 0.661090135574
87498 1 0.659958064556
73337 1 0.659795761108
45492 1 0.65901696682
33326 4 0.65806633234
13247 1 0.658021569252
62213 1 0.657141923904
11051 2 0.657074511051
39583 1 0.65659147501
58146 1 0.656518757343
54679 1 0.655745625496
60483 1 0.6556250453
62683 1 0.655255913734
12353 1 0.654857397079
67504 3 0.652493000031
23701 1 0.652389883995
57651 1 0.652305066586
68425 1 0.652037739754
56913 2 0.651775062084
68555 4 0.651104688644
11269 2 0.650535106659
42415 1 0.650352358818
17148 1 0.650310516357
4429 4 0.650169789791
6552 4 0.648909330368
73889 7 0.648469090462
66030 1 0.648451805115
21635 4 0.647934794426
67478 1 0.647802948952
34156 1 0.647802352905
82521 1 0.647537469864
420 1 0.647335827351
51754 1 0.646939635277
2350 2 0.64689797163
42076 1 0.645619273186
20435 2 0.645506441593
55668 1 0.645229816437
48791 4 0.644166886806
12298 4 0.643382012844
11123 3 0.643030464649
66010 1 0.642553985119
87013 3 0.641903400421
12868 3 0.641415476799
62370 1 0.640996456146
90633 1 0.639181911945
62556 7 0.639091253281
20459 1 0.638163149357
48585 1 0.637634575367
49090 1 0.635541260242
89525 2 0.635415494442
60479 1 0.634231090546
59721 1 0.633075118065
37914 1 0.631218314171
6837 1 0.630891144276
4788 2 0.630640804768
2802 2 0.630476593971
5563 1 0.63004142046
61213 2 0.62999767065
34116 4 0.628544926643
62554 1 0.628119647503
33302 1 0.627237081528
74303 1 0.627060413361
81447 1 0.626348316669
1174 1 0.625925064087
81104 1 0.625747799873
2773 1 0.625456273556
14021 2 0.625185847282
269 1 0.624818742275
57306 1 0.624542534351
66901 1 0.624041676521
43711 1 0.623529016972
2102 1 0.622721076012
80988 2 0.621531128883
83806 4 0.621242344379
63900 1 0.621148049831
62216 4 0.620343446732
69181 1 0.619418442249
73113 1 0.619354486465
65777 1 0.618773162365
83506 1 0.618533492088
52350 1 0.618503928185
25807 1 0.618255794048
5783 1 0.617843270302
48702 4 0.617662191391
45000 1 0.617241501808
55415 1 0.616719961166
52402 4 0.61667907238
74243 4 0.616397619247
56135 1 0.615585505962
65391 7 0.615439474583
15236 2 0.614990651608
51124 1 0.614403367043
712 1 0.612920403481
23020 1 0.612893939018
63133 1 0.612753212452
72207 4 0.612632393837
67880 2 0.612351715565
53930 1 0.612129628658
43202 1 0.611718595028
23903 1 0.611636281013
42978 4 0.611198723316
67184 1 0.611099421978
54560 1 0.611046791077
47616 1 0.609959065914
84800 1 0.60944288969
73338 1 0.609351634979
7539 1 0.608505308628
87910 4 0.60787409544
4679 1 0.607799351215
3690 1 0.607669591904
88844 4 0.607575654984
4113 1 0.607447624207
30471 1 0.607268333435
24100 4 0.607084155083
62046 1 0.606359004974
16093 1 0.606242418289
58485 1 0.603904664516
18976 1 0.603734314442
46242 1 0.603548943996
51065 4 0.602966547012
8779 3 0.601698100567
27173 1 0.599966824055
7409 1 0.599067270756
49044 4 0.598717689514
10238 2 0.598700463772
5932 1 0.598074495792
20440 1 0.598021268845
46209 4 0.597909033298
1996 1 0.597814917564
14156 1 0.597490310669
72889 1 0.596602380276
52357 1 0.596114993095
88735 4 0.595701038837
46513 1 0.595647573471
68717 1 0.595600605011
7699 1 0.594680249691
50334 1 0.594210743904
1176 1 0.593607127666
40127 4 0.593598723412
50965 1 0.593060255051
11596 1 0.592578470707
45380 1 0.591990530491
37596 1 0.591457724571
39712 3 0.591434061527
76958 4 0.59123980999
13882 2 0.590998828411
15471 4 0.590788602829
12686 3 0.590324878693
51699 1 0.589006185532
78741 1 0.588952422142
61596 1 0.588062167168
628 1 0.587827503681
90510 1 0.586824893951
32904 1 0.58668088913
4880 1 0.586424231529
54586 1 0.585640192032
20369 4 0.58486276865
60803 1 0.583813011646
61751 4 0.582809448242
2796 1 0.582720518112
67029 1 0.582696080208
34787 1 0.582629799843
5521 1 0.582479298115
39061 1 0.582433581352
79167 2 0.58172339201
30470 1 0.581699490547
15832 4 0.580244064331
84620 1 0.578324437141
52337 3 0.578033328056
9227 2 0.57744127512
45625 1 0.576773941517
83543 1 0.576270103455
2155 1 0.575762987137
81521 1 0.575288176537
18730 1 0.575107395649
62379 4 0.575080573559
86982 1 0.57472461462
74567 1 0.574604570866
78785 1 0.574601590633
78566 3 0.574564099312
19747 1 0.57418769598
9983 2 0.573594987392
47991 2 0.573377251625
5910 1 0.572324931622
2973 1 0.57158768177
28455 1 0.571444511414
76714 1 0.571428954601
33436 1 0.571211218834
57739 1 0.569973766804
13343 1 0.569721698761
5913 1 0.569483816624
25891 1 0.569243788719
74254 4 0.569173455238
40227 3 0.568099975586
7806 1 0.56756234169
73947 1 0.566780388355
7852 1 0.566597163677
62518 3 0.566470980644
6572 4 0.566125690937
6953 1 0.565820753574
63589 4 0.565732121468
69911 4 0.565585970879
43610 1 0.565580248833
76572 1 0.565329790115
841 1 0.565132975578
46052 1 0.564358949661
20511 1 0.56285995245
38742 1 0.562777578831
10345 4 0.562475681305
35795 1 0.562116086483
53240 4 0.561721861362
54278 2 0.560260593891
25820 4 0.560104191303
5059 1 0.56009221077
18729 1 0.559328079224
22219 1 0.558756887913
6586 2 0.557467281818
78567 3 0.557446062565
7628 4 0.556795179844
80969 1 0.556595206261
52532 1 0.555868864059
69938 1 0.555248856544
8162 1 0.554958641529
7976 1 0.554881393909
9304 1 0.554471731186
38992 1 0.554372012615
35410 1 0.553752481937
48389 1 0.552987337112
2305 2 0.551880836487
74246 4 0.551806092262
81742 4 0.551417768002
33107 1 0.551041841507
1178 1 0.550992369652
78651 1 0.550590693951
20732 1 0.549527287483
40405 1 0.549511611462
44286 1 0.549492955208
8665 1 0.549158811569
65748 3 0.549080550671
66591 1 0.548555791378
28079 1 0.54828619957
45875 1 0.548236250877
39938 1 0.548039972782
15916 1 0.547808170319
41696 1 0.547604560852
85459 1 0.547561585903
1851 1 0.547263503075
12980 4 0.547132074833
70943 1 0.547112286091
64040 1 0.546626210213
31102 1 0.54625082016
82634 1 0.546066105366
1173 1 0.545879602432
60937 4 0.54482871294
81508 1 0.544549226761
38208 1 0.543410241604
81757 7 0.542775034904
86484 1 0.542318820953
89669 1 0.542006969452
53924 1 0.541687428951
1667 1 0.541433870792
17784 1 0.541045725346
8597 1 0.539411187172
25695 1 0.538862287998
40156 1 0.538531899452
89666 1 0.538384735584
17329 1 0.538182199001
78630 1 0.537706792355
31204 1 0.537501752377
32886 1 0.536801040173
83315 1 0.536752104759
42227 4 0.536649703979
44223 3 0.536507070065
70999 1 0.535724878311
73473 3 0.535576343536
728 2 0.534681856632
22693 1 0.534571647644
19745 1 0.534447610378
74777 3 0.534131288528
23355 1 0.533455550671
43580 1 0.533382356167
22198 2 0.532967150211
9371 4 0.532611489296
77205 1 0.532286465168
3821 4 0.531691193581
85804 1 0.531563699245
84887 3 0.531380474567
81175 1 0.531284928322
2257 1 0.530909061432
50967 1 0.530484557152
17886 1 0.530356347561
69138 1 0.529259085655
48908 1 0.529079437256
55695 2 0.527152657509
69051 1 0.527052760124
476 2 0.526082098484
59727 1 0.525846302509
50469 1 0.524907946587
4025 1 0.524863541126
70410 1 0.524780392647
13246 1 0.523488283157
3714 2 0.523437678814
50966 3 0.521933019161
21197 1 0.521902263165
50090 1 0.521468639374
84368 4 0.521164000034
41675 1 0.520355641842
19082 4 0.520098030567
66443 7 0.519796252251
13884 2 0.51949596405
28814 1 0.518536984921
64152 1 0.518000662327
820 1 0.51778036356
52236 1 0.517041265965
33268 2 0.516357123852
27835 1 0.516332805157
76606 1 0.516124486923
87258 1 0.515604257584
20203 1 0.515510320663
44676 1 0.515139937401
86230 1 0.515062510967
63619 1 0.515010714531
70938 1 0.514461517334
32044 1 0.513180375099
642 1 0.513098537922
21152 1 0.512739956379
47719 2 0.512217700481
15490 1 0.51209706068
84841 1 0.512025356293
21838 2 0.511746287346
6049 1 0.511547267437
28616 1 0.511318683624
72592 1 0.511045515537
8325 1 0.510754942894
88914 4 0.510570585728
57819 3 0.510148108006
40140 2 0.509454131126
78650 1 0.508530378342
50 4 0.508042216301
5398 4 0.508032977581
60801 3 0.507902622223
53548 1 0.507690608501
25798 1 0.507599949837
66441 1 0.507413327694
45169 2 0.507341682911
24027 1 0.50725954771
47043 4 0.506963253021
34070 1 0.506462335587
83997 4 0.505539417267
11462 1 0.505390405655
39831 1 0.504680454731
59841 1 0.504217863083
63949 1 0.503460884094
3250 1 0.501555621624
58548 1 0.501459896564
64146 1 0.501116931438
61513 1 0.50104612112
46779 1 0.500962376595
9327 4 0.500689804554
38380 1 0.500371336937
19729 1 0.500156342983
13624 1 0.500136494637
32649 2 0.499795585871
10162 1 0.499540984631
49274 1 0.499533623457
79477 1 0.498891085386
55194 1 0.498839408159
36183 3 0.498600780964
9361 2 0.498535394669
73434 2 0.497998356819
16174 1 0.497184425592
47349 1 0.49713203311
23149 7 0.494625717402
10165 1 0.494202375412
1420 4 0.492315024137
55884 1 0.492176085711
70856 3 0.491686880589
22836 3 0.49166405201
83595 4 0.491449803114
911 1 0.489224374294
37167 2 0.489111185074
45121 1 0.488847523928
20745 2 0.48855304718
68313 2 0.487717479467
43116 1 0.487456858158
50687 4 0.487021833658
26386 1 0.486722171307
18998 1 0.485620647669
11166 1 0.483623921871
90061 1 0.482830137014
62529 4 0.481261879206
39640 2 0.480151444674
30906 2 0.479995071888
49199 3 0.479845821857
64521 3 0.478526830673
62552 1 0.477894812822
1737 1 0.477033317089
342 4 0.476845681667
7975 1 0.476455777884
49556 4 0.476354420185
42763 4 0.475523918867
19774 2 0.475464344025
90380 3 0.474647909403
67918 3 0.472371637821
66592 1 0.470340996981
41956 2 0.468046486378
76751 1 0.466430515051
59994 2 0.466304808855
17468 3 0.463483899832
78878 2 0.462925285101
34458 7 0.460025727749
2754 2 0.45810675621
5970 2 0.45732998848
3090 1 0.456816256046
68024 4 0.456103950739
37567 2 0.455831855536
67849 4 0.453681200743
44675 3 0.452009230852
8981 3 0.450011134148
29148 7 0.446192383766
25168 4 0.445449352264
29687 4 0.442799091339
34367 3 0.441437929869
27918 2 0.440704792738
5476 1 0.432219326496
87447 2 0.427968382835
85306 1 0.426011264324
13026 1 0.426007390022
69300 1 0.422170966864
4355 2 0.420432716608
47569 4 0.419383168221
77972 2 0.418660402298
62517 3 0.412908524275
64020 2 0.40703946352
55463 1 0.403088629246
18109 7 0.399445801973
3754 4 0.399297952652
26143 2 0.397661298513
31776 3 0.39736661315
73474 3 0.395889848471
34791 1 0.395359754562
66444 1 0.389729946852
4356 2 0.384984582663
43370 2 0.383876532316
38743 2 0.383798539639
69299 7 0.383288800716
57726 3 0.382938832045
59019 4 0.380302995443
74793 2 0.379889786243
67870 2 0.379757970572
31709 2 0.37435027957
73938 2 0.371510893106
51621 3 0.370039790869
72574 2 0.357633262873
33207 6 0.349353462458
33441 2 0.34791302681
56223 2 0.342012822628
67934 2 0.341511577368
33782 1 0.341430902481
27668 6 0.337859451771
654 2 0.33739694953
83775 2 0.336210489273
4416 2 0.333991765976
3117 2 0.331212759018
12051 3 0.325901687145
7336 3 0.324272692204
59770 2 0.321047127247
46060 2 0.31475970149
27125 5 0.30845913291
57449 2 0.308297753334
83505 2 0.301830351353
72758 3 0.300844907761
84447 2 0.299534529448
51404 2 0.298865139484
29832 2 0.295554161072
28709 5 0.293075352907
77523 6 0.292338848114
9510 6 0.284469753504
22774 6 0.283063709736
58326 2 0.278781145811
37927 5 0.275414526463
50079 6 0.273958235979
60813 2 0.265501260757
10181 5 0.252980560064
82079 5 0.248372778296
58874 3 0.232385516167
27117 3 0.230875968933
9814 2 0.198170125484
