1.0 0.0
1.0 0.000577367205543
0.5 0.000577367205543
0.666666666667 0.00115473441109
0.75 0.00173210161663
0.8 0.00230946882217
0.833333333333 0.00288683602771
0.857142857143 0.00346420323326
0.875 0.0040415704388
0.888888888889 0.00461893764434
0.8 0.00461893764434
0.818181818182 0.00519630484988
0.75 0.00519630484988
0.692307692308 0.00519630484988
0.714285714286 0.00577367205543
0.666666666667 0.00577367205543
0.6875 0.00635103926097
0.705882352941 0.00692840646651
0.722222222222 0.00750577367206
0.736842105263 0.0080831408776
0.75 0.00866050808314
0.761904761905 0.00923787528868
0.727272727273 0.00923787528868
0.739130434783 0.00981524249423
0.708333333333 0.00981524249423
0.72 0.0103926096998
0.730769230769 0.0109699769053
0.740740740741 0.0115473441109
0.75 0.0121247113164
0.758620689655 0.0127020785219
0.766666666667 0.0132794457275
0.741935483871 0.0132794457275
0.75 0.013856812933
0.757575757576 0.0144341801386
0.735294117647 0.0144341801386
0.714285714286 0.0144341801386
0.722222222222 0.0150115473441
0.72972972973 0.0155889145497
0.710526315789 0.0155889145497
0.692307692308 0.0155889145497
0.675 0.0155889145497
0.682926829268 0.0161662817552
0.690476190476 0.0167436489607
0.674418604651 0.0167436489607
0.681818181818 0.0173210161663
0.666666666667 0.0173210161663
0.673913043478 0.0178983833718
0.659574468085 0.0178983833718
0.645833333333 0.0178983833718
0.65306122449 0.0184757505774
0.66 0.0190531177829
0.666666666667 0.0196304849885
0.673076923077 0.020207852194
0.679245283019 0.0207852193995
0.685185185185 0.0213625866051
0.672727272727 0.0213625866051
0.678571428571 0.0219399538106
0.684210526316 0.0225173210162
0.672413793103 0.0225173210162
0.661016949153 0.0225173210162
0.666666666667 0.0230946882217
0.672131147541 0.0236720554273
0.661290322581 0.0236720554273
0.666666666667 0.0242494226328
0.65625 0.0242494226328
0.661538461538 0.0248267898383
0.651515151515 0.0248267898383
0.65671641791 0.0254041570439
0.661764705882 0.0259815242494
0.666666666667 0.026558891455
0.671428571429 0.0271362586605
0.676056338028 0.0277136258661
0.666666666667 0.0277136258661
0.671232876712 0.0282909930716
0.662162162162 0.0282909930716
0.666666666667 0.0288683602771
0.671052631579 0.0294457274827
0.675324675325 0.0300230946882
0.679487179487 0.0306004618938
0.683544303797 0.0311778290993
0.6875 0.0317551963048
0.691358024691 0.0323325635104
0.682926829268 0.0323325635104
0.686746987952 0.0329099307159
0.690476190476 0.0334872979215
0.694117647059 0.034064665127
0.697674418605 0.0346420323326
0.701149425287 0.0352193995381
0.693181818182 0.0352193995381
0.685393258427 0.0352193995381
0.688888888889 0.0357967667436
0.692307692308 0.0363741339492
0.695652173913 0.0369515011547
0.688172043011 0.0369515011547
0.68085106383 0.0369515011547
0.684210526316 0.0375288683603
0.6875 0.0381062355658
0.690721649485 0.0386836027714
0.69387755102 0.0392609699769
0.686868686869 0.0392609699769
0.68 0.0392609699769
0.683168316832 0.0398383371824
0.686274509804 0.040415704388
0.68932038835 0.0409930715935
0.692307692308 0.0415704387991
0.685714285714 0.0415704387991
0.679245283019 0.0415704387991
0.682242990654 0.0421478060046
0.685185185185 0.0427251732102
0.688073394495 0.0433025404157
0.681818181818 0.0433025404157
0.675675675676 0.0433025404157
0.669642857143 0.0433025404157
0.663716814159 0.0433025404157
0.666666666667 0.0438799076212
0.660869565217 0.0438799076212
0.655172413793 0.0438799076212
0.65811965812 0.0444572748268
0.652542372881 0.0444572748268
0.647058823529 0.0444572748268
0.641666666667 0.0444572748268
0.636363636364 0.0444572748268
0.631147540984 0.0444572748268
0.626016260163 0.0444572748268
0.620967741935 0.0444572748268
0.624 0.0450346420323
0.619047619048 0.0450346420323
0.614173228346 0.0450346420323
0.609375 0.0450346420323
0.612403100775 0.0456120092379
0.607692307692 0.0456120092379
0.610687022901 0.0461893764434
0.606060606061 0.0461893764434
0.601503759398 0.0461893764434
0.597014925373 0.0461893764434
0.6 0.046766743649
0.595588235294 0.046766743649
0.591240875912 0.046766743649
0.586956521739 0.046766743649
0.58273381295 0.046766743649
0.585714285714 0.0473441108545
0.581560283688 0.0473441108545
0.584507042254 0.04792147806
0.58041958042 0.04792147806
0.576388888889 0.04792147806
0.572413793103 0.04792147806
0.568493150685 0.04792147806
0.571428571429 0.0484988452656
0.567567567568 0.0484988452656
0.570469798658 0.0490762124711
0.566666666667 0.0490762124711
0.569536423841 0.0496535796767
0.572368421053 0.0502309468822
0.56862745098 0.0502309468822
0.564935064935 0.0502309468822
0.561290322581 0.0502309468822
0.557692307692 0.0502309468822
0.56050955414 0.0508083140878
0.556962025316 0.0508083140878
0.553459119497 0.0508083140878
0.55 0.0508083140878
0.546583850932 0.0508083140878
0.543209876543 0.0508083140878
0.539877300613 0.0508083140878
0.542682926829 0.0513856812933
0.545454545455 0.0519630484988
0.548192771084 0.0525404157044
0.544910179641 0.0525404157044
0.541666666667 0.0525404157044
0.538461538462 0.0525404157044
0.535294117647 0.0525404157044
0.53216374269 0.0525404157044
0.53488372093 0.0531177829099
0.531791907514 0.0531177829099
0.528735632184 0.0531177829099
0.531428571429 0.0536951501155
0.528409090909 0.0536951501155
0.525423728814 0.0536951501155
0.52808988764 0.054272517321
0.525139664804 0.054272517321
0.522222222222 0.054272517321
0.519337016575 0.054272517321
0.516483516484 0.054272517321
0.51912568306 0.0548498845266
0.521739130435 0.0554272517321
0.524324324324 0.0560046189376
0.52688172043 0.0565819861432
0.524064171123 0.0565819861432
0.521276595745 0.0565819861432
0.52380952381 0.0571593533487
0.526315789474 0.0577367205543
0.528795811518 0.0583140877598
0.53125 0.0588914549654
0.533678756477 0.0594688221709
0.536082474227 0.0600461893764
0.538461538462 0.060623556582
0.540816326531 0.0612009237875
0.53807106599 0.0612009237875
0.540404040404 0.0617782909931
0.542713567839 0.0623556581986
0.545 0.0629330254042
0.542288557214 0.0629330254042
0.539603960396 0.0629330254042
0.536945812808 0.0629330254042
0.53431372549 0.0629330254042
0.531707317073 0.0629330254042
0.533980582524 0.0635103926097
0.531400966184 0.0635103926097
0.528846153846 0.0635103926097
0.531100478469 0.0640877598152
0.528571428571 0.0640877598152
0.526066350711 0.0640877598152
0.52358490566 0.0640877598152
0.521126760563 0.0640877598152
0.523364485981 0.0646651270208
0.525581395349 0.0652424942263
0.527777777778 0.0658198614319
0.52534562212 0.0658198614319
0.52752293578 0.0663972286374
0.529680365297 0.066974595843
0.527272727273 0.066974595843
0.529411764706 0.0675519630485
0.527027027027 0.0675519630485
0.52466367713 0.0675519630485
0.522321428571 0.0675519630485
0.524444444444 0.068129330254
0.522123893805 0.068129330254
0.519823788546 0.068129330254
0.521929824561 0.0687066974596
0.519650655022 0.0687066974596
0.517391304348 0.0687066974596
0.519480519481 0.0692840646651
0.51724137931 0.0692840646651
0.519313304721 0.0698614318707
0.517094017094 0.0698614318707
0.51914893617 0.0704387990762
0.516949152542 0.0704387990762
0.518987341772 0.0710161662818
0.516806722689 0.0710161662818
0.514644351464 0.0710161662818
0.516666666667 0.0715935334873
0.51867219917 0.0721709006928
0.51652892562 0.0721709006928
0.514403292181 0.0721709006928
0.512295081967 0.0721709006928
0.510204081633 0.0721709006928
0.512195121951 0.0727482678984
0.514170040486 0.0733256351039
0.512096774194 0.0733256351039
0.5140562249 0.0739030023095
0.512 0.0739030023095
0.509960159363 0.0739030023095
0.507936507937 0.0739030023095
0.509881422925 0.074480369515
0.507874015748 0.074480369515
0.505882352941 0.074480369515
0.50390625 0.074480369515
0.501945525292 0.074480369515
0.503875968992 0.0750577367206
0.501930501931 0.0750577367206
0.5 0.0750577367206
0.498084291188 0.0750577367206
0.496183206107 0.0750577367206
0.494296577947 0.0750577367206
0.496212121212 0.0756351039261
0.498113207547 0.0762124711316
0.5 0.0767898383372
0.498127340824 0.0767898383372
0.5 0.0773672055427
0.498141263941 0.0773672055427
0.496296296296 0.0773672055427
0.494464944649 0.0773672055427
0.496323529412 0.0779445727483
0.494505494505 0.0779445727483
0.492700729927 0.0779445727483
0.490909090909 0.0779445727483
0.489130434783 0.0779445727483
0.490974729242 0.0785219399538
0.489208633094 0.0785219399538
0.491039426523 0.0790993071594
0.492857142857 0.0796766743649
0.494661921708 0.0802540415704
0.496453900709 0.080831408776
0.494699646643 0.080831408776
0.492957746479 0.080831408776
0.491228070175 0.080831408776
0.48951048951 0.080831408776
0.487804878049 0.080831408776
0.489583333333 0.0814087759815
0.491349480969 0.0819861431871
0.489655172414 0.0819861431871
0.491408934708 0.0825635103926
0.489726027397 0.0825635103926
0.488054607509 0.0825635103926
0.486394557823 0.0825635103926
0.484745762712 0.0825635103926
0.483108108108 0.0825635103926
0.481481481481 0.0825635103926
0.48322147651 0.0831408775982
0.481605351171 0.0831408775982
0.48 0.0831408775982
0.481727574751 0.0837182448037
0.480132450331 0.0837182448037
0.478547854785 0.0837182448037
0.480263157895 0.0842956120092
0.481967213115 0.0848729792148
0.480392156863 0.0848729792148
0.482084690554 0.0854503464203
0.480519480519 0.0854503464203
0.478964401294 0.0854503464203
0.477419354839 0.0854503464203
0.475884244373 0.0854503464203
0.474358974359 0.0854503464203
0.472843450479 0.0854503464203
0.471337579618 0.0854503464203
0.473015873016 0.0860277136259
0.474683544304 0.0866050808314
0.473186119874 0.0866050808314
0.474842767296 0.087182448037
0.473354231975 0.087182448037
0.471875 0.087182448037
0.470404984424 0.087182448037
0.472049689441 0.0877598152425
0.470588235294 0.0877598152425
0.469135802469 0.0877598152425
0.470769230769 0.088337182448
0.472392638037 0.0889145496536
0.474006116208 0.0894919168591
0.47256097561 0.0894919168591
0.471124620061 0.0894919168591
0.472727272727 0.0900692840647
0.471299093656 0.0900692840647
0.472891566265 0.0906466512702
0.474474474474 0.0912240184758
0.473053892216 0.0912240184758
0.471641791045 0.0912240184758
0.470238095238 0.0912240184758
0.46884272997 0.0912240184758
0.470414201183 0.0918013856813
0.47197640118 0.0923787528868
0.473529411765 0.0929561200924
0.472140762463 0.0929561200924
0.473684210526 0.0935334872979
0.472303206997 0.0935334872979
0.473837209302 0.0941108545035
0.472463768116 0.0941108545035
0.473988439306 0.094688221709
0.472622478386 0.094688221709
0.471264367816 0.094688221709
0.469914040115 0.094688221709
0.468571428571 0.094688221709
0.470085470085 0.0952655889145
0.471590909091 0.0958429561201
0.473087818697 0.0964203233256
0.471751412429 0.0964203233256
0.470422535211 0.0964203233256
0.47191011236 0.0969976905312
0.470588235294 0.0969976905312
0.469273743017 0.0969976905312
0.470752089136 0.0975750577367
0.472222222222 0.0981524249423
0.470914127424 0.0981524249423
0.472375690608 0.0987297921478
0.471074380165 0.0987297921478
0.46978021978 0.0987297921478
0.468493150685 0.0987297921478
0.467213114754 0.0987297921478
0.465940054496 0.0987297921478
0.464673913043 0.0987297921478
0.463414634146 0.0987297921478
0.464864864865 0.0993071593533
0.466307277628 0.0998845265589
0.465053763441 0.0998845265589
0.466487935657 0.100461893764
0.465240641711 0.100461893764
0.466666666667 0.10103926097
0.465425531915 0.10103926097
0.466843501326 0.101616628176
0.468253968254 0.102193995381
0.469656992084 0.102771362587
0.471052631579 0.103348729792
0.469816272966 0.103348729792
0.468586387435 0.103348729792
0.467362924282 0.103348729792
0.466145833333 0.103348729792
0.464935064935 0.103348729792
0.463730569948 0.103348729792
0.46511627907 0.103926096998
0.463917525773 0.103926096998
0.462724935733 0.103926096998
0.461538461538 0.103926096998
0.460358056266 0.103926096998
0.461734693878 0.104503464203
0.460559796438 0.104503464203
0.459390862944 0.104503464203
0.458227848101 0.104503464203
0.459595959596 0.105080831409
0.458438287154 0.105080831409
0.457286432161 0.105080831409
0.456140350877 0.105080831409
0.455 0.105080831409
0.453865336658 0.105080831409
0.452736318408 0.105080831409
0.451612903226 0.105080831409
0.450495049505 0.105080831409
0.449382716049 0.105080831409
0.450738916256 0.105658198614
0.449631449631 0.105658198614
0.448529411765 0.105658198614
0.447432762836 0.105658198614
0.446341463415 0.105658198614
0.445255474453 0.105658198614
0.446601941748 0.10623556582
0.44794188862 0.106812933025
0.449275362319 0.107390300231
0.448192771084 0.107390300231
0.447115384615 0.107390300231
0.446043165468 0.107390300231
0.447368421053 0.107967667436
0.44630071599 0.107967667436
0.445238095238 0.107967667436
0.444180522565 0.107967667436
0.443127962085 0.107967667436
0.444444444444 0.108545034642
0.445754716981 0.109122401848
0.447058823529 0.109699769053
0.446009389671 0.109699769053
0.444964871194 0.109699769053
0.443925233645 0.109699769053
0.44289044289 0.109699769053
0.444186046512 0.110277136259
0.443155452436 0.110277136259
0.444444444444 0.110854503464
0.445727482679 0.11143187067
0.447004608295 0.112009237875
0.448275862069 0.112586605081
0.449541284404 0.113163972286
0.448512585812 0.113163972286
0.449771689498 0.113741339492
0.44874715262 0.113741339492
0.45 0.114318706697
0.451247165533 0.114896073903
0.450226244344 0.114896073903
0.451467268623 0.115473441109
0.452702702703 0.116050808314
0.451685393258 0.116050808314
0.452914798206 0.11662817552
0.451901565996 0.11662817552
0.453125 0.117205542725
0.452115812918 0.117205542725
0.451111111111 0.117205542725
0.452328159645 0.117782909931
0.451327433628 0.117782909931
0.450331125828 0.117782909931
0.45154185022 0.118360277136
0.452747252747 0.118937644342
0.451754385965 0.118937644342
0.450765864333 0.118937644342
0.449781659389 0.118937644342
0.450980392157 0.119515011547
0.45 0.119515011547
0.449023861171 0.119515011547
0.448051948052 0.119515011547
0.447084233261 0.119515011547
0.446120689655 0.119515011547
0.445161290323 0.119515011547
0.444206008584 0.119515011547
0.443254817987 0.119515011547
0.442307692308 0.119515011547
0.441364605544 0.119515011547
0.440425531915 0.119515011547
0.43949044586 0.119515011547
0.440677966102 0.120092378753
0.439746300211 0.120092378753
0.438818565401 0.120092378753
0.44 0.120669745958
0.439075630252 0.120669745958
0.438155136268 0.120669745958
0.439330543933 0.121247113164
0.440501043841 0.12182448037
0.439583333333 0.12182448037
0.438669438669 0.12182448037
0.4377593361 0.12182448037
0.43685300207 0.12182448037
0.435950413223 0.12182448037
0.437113402062 0.122401847575
0.438271604938 0.122979214781
0.437371663244 0.122979214781
0.436475409836 0.122979214781
0.435582822086 0.122979214781
0.436734693878 0.123556581986
0.435845213849 0.123556581986
0.434959349593 0.123556581986
0.436105476673 0.124133949192
0.435222672065 0.124133949192
0.434343434343 0.124133949192
0.435483870968 0.124711316397
0.434607645875 0.124711316397
0.435742971888 0.125288683603
0.434869739479 0.125288683603
0.434 0.125288683603
0.435129740519 0.125866050808
0.434262948207 0.125866050808
0.433399602386 0.125866050808
0.434523809524 0.126443418014
0.433663366337 0.126443418014
0.432806324111 0.126443418014
0.43392504931 0.127020785219
0.435039370079 0.127598152425
0.434184675835 0.127598152425
0.433333333333 0.127598152425
0.434442270059 0.12817551963
0.43359375 0.12817551963
0.432748538012 0.12817551963
0.431906614786 0.12817551963
0.433009708738 0.128752886836
0.432170542636 0.128752886836
0.433268858801 0.129330254042
0.432432432432 0.129330254042
0.431599229287 0.129330254042
0.430769230769 0.129330254042
0.431861804223 0.129907621247
0.432950191571 0.130484988453
0.432122370937 0.130484988453
0.431297709924 0.130484988453
0.430476190476 0.130484988453
0.429657794677 0.130484988453
0.428842504744 0.130484988453
0.42803030303 0.130484988453
0.427221172023 0.130484988453
0.42641509434 0.130484988453
0.425612052731 0.130484988453
0.426691729323 0.131062355658
0.425891181989 0.131062355658
0.426966292135 0.131639722864
0.426168224299 0.131639722864
0.425373134328 0.131639722864
0.424581005587 0.131639722864
0.423791821561 0.131639722864
0.423005565863 0.131639722864
0.422222222222 0.131639722864
0.421441774492 0.131639722864
0.420664206642 0.131639722864
0.419889502762 0.131639722864
0.419117647059 0.131639722864
0.418348623853 0.131639722864
0.419413919414 0.132217090069
0.418647166362 0.132217090069
0.419708029197 0.132794457275
0.420765027322 0.13337182448
0.42 0.13337182448
0.419237749546 0.13337182448
0.41847826087 0.13337182448
0.419529837251 0.133949191686
0.418772563177 0.133949191686
0.41981981982 0.134526558891
0.419064748201 0.134526558891
0.418312387792 0.134526558891
0.417562724014 0.134526558891
0.416815742397 0.134526558891
0.416071428571 0.134526558891
0.415329768271 0.134526558891
0.416370106762 0.135103926097
0.417406749556 0.135681293303
0.418439716312 0.136258660508
0.417699115044 0.136258660508
0.416961130742 0.136258660508
0.416225749559 0.136258660508
0.415492957746 0.136258660508
0.414762741652 0.136258660508
0.414035087719 0.136258660508
0.413309982487 0.136258660508
0.414335664336 0.136836027714
0.413612565445 0.136836027714
0.412891986063 0.136836027714
0.412173913043 0.136836027714
0.413194444444 0.137413394919
0.412478336222 0.137413394919
0.413494809689 0.137990762125
0.412780656304 0.137990762125
0.412068965517 0.137990762125
0.411359724613 0.137990762125
0.410652920962 0.137990762125
0.409948542024 0.137990762125
0.409246575342 0.137990762125
0.408547008547 0.137990762125
0.409556313993 0.13856812933
0.410562180579 0.139145496536
0.409863945578 0.139145496536
0.409168081494 0.139145496536
0.410169491525 0.139722863741
0.409475465313 0.139722863741
0.410472972973 0.140300230947
0.409780775717 0.140300230947
0.409090909091 0.140300230947
0.408403361345 0.140300230947
0.407718120805 0.140300230947
0.407035175879 0.140300230947
0.40635451505 0.140300230947
0.405676126878 0.140300230947
0.406666666667 0.140877598152
0.40765391015 0.141454965358
0.406976744186 0.141454965358
0.406301824212 0.141454965358
0.405629139073 0.141454965358
0.406611570248 0.142032332564
0.405940594059 0.142032332564
0.405271828666 0.142032332564
0.404605263158 0.142032332564
0.4039408867 0.142032332564
0.403278688525 0.142032332564
0.402618657938 0.142032332564
0.403594771242 0.142609699769
0.402936378467 0.142609699769
0.403908794788 0.143187066975
0.40325203252 0.143187066975
0.402597402597 0.143187066975
0.403565640194 0.14376443418
0.402912621359 0.14376443418
0.402261712439 0.14376443418
0.403225806452 0.144341801386
0.402576489533 0.144341801386
0.403536977492 0.144919168591
0.402889245586 0.144919168591
0.402243589744 0.144919168591
0.4016 0.144919168591
0.400958466454 0.144919168591
0.400318979266 0.144919168591
0.399681528662 0.144919168591
0.399046104928 0.144919168591
0.398412698413 0.144919168591
0.397781299525 0.144919168591
0.397151898734 0.144919168591
0.396524486572 0.144919168591
0.397476340694 0.145496535797
0.396850393701 0.145496535797
0.397798742138 0.146073903002
0.397174254317 0.146073903002
0.396551724138 0.146073903002
0.39593114241 0.146073903002
0.3953125 0.146073903002
0.396255850234 0.146651270208
0.395638629283 0.146651270208
0.395023328149 0.146651270208
0.394409937888 0.146651270208
0.393798449612 0.146651270208
0.394736842105 0.147228637413
0.395672333849 0.147806004619
0.396604938272 0.148383371824
0.397534668721 0.14896073903
0.398461538462 0.149538106236
0.397849462366 0.149538106236
0.397239263804 0.149538106236
0.39663093415 0.149538106236
0.396024464832 0.149538106236
0.395419847328 0.149538106236
0.394817073171 0.149538106236
0.395738203957 0.150115473441
0.395136778116 0.150115473441
0.394537177542 0.150115473441
0.393939393939 0.150115473441
0.394856278366 0.150692840647
0.394259818731 0.150692840647
0.395173453997 0.151270207852
0.394578313253 0.151270207852
0.395488721805 0.151847575058
0.394894894895 0.151847575058
0.394302848576 0.151847575058
0.39371257485 0.151847575058
0.394618834081 0.152424942263
0.394029850746 0.152424942263
0.394932935917 0.153002309469
0.394345238095 0.153002309469
0.393759286776 0.153002309469
0.393175074184 0.153002309469
0.392592592593 0.153002309469
0.39201183432 0.153002309469
0.391432791728 0.153002309469
0.390855457227 0.153002309469
0.39027982327 0.153002309469
0.389705882353 0.153002309469
0.389133627019 0.153002309469
0.388563049853 0.153002309469
0.387994143485 0.153002309469
0.387426900585 0.153002309469
0.386861313869 0.153002309469
0.386297376093 0.153002309469
0.385735080058 0.153002309469
0.385174418605 0.153002309469
0.386066763425 0.153579676674
0.385507246377 0.153579676674
0.386396526773 0.15415704388
0.387283236994 0.154734411085
0.386724386724 0.154734411085
0.386167146974 0.154734411085
0.385611510791 0.154734411085
0.386494252874 0.155311778291
0.38593974175 0.155311778291
0.386819484241 0.155889145497
0.386266094421 0.155889145497
0.385714285714 0.155889145497
0.385164051355 0.155889145497
0.38603988604 0.156466512702
0.385490753912 0.156466512702
0.384943181818 0.156466512702
0.384397163121 0.156466512702
0.383852691218 0.156466512702
0.383309759547 0.156466512702
0.382768361582 0.156466512702
0.383638928068 0.157043879908
0.383098591549 0.157043879908
0.382559774965 0.157043879908
0.383426966292 0.157621247113
0.382889200561 0.157621247113
0.383753501401 0.158198614319
0.383216783217 0.158198614319
0.382681564246 0.158198614319
0.382147838215 0.158198614319
0.381615598886 0.158198614319
0.381084840056 0.158198614319
0.380555555556 0.158198614319
0.380027739251 0.158198614319
0.380886426593 0.158775981524
0.380359612725 0.158775981524
0.381215469613 0.15935334873
0.380689655172 0.15935334873
0.380165289256 0.15935334873
0.381017881706 0.159930715935
0.380494505495 0.159930715935
0.379972565158 0.159930715935
0.379452054795 0.159930715935
0.378932968536 0.159930715935
0.378415300546 0.159930715935
0.37789904502 0.159930715935
0.377384196185 0.159930715935
0.376870748299 0.159930715935
0.376358695652 0.159930715935
0.375848032564 0.159930715935
0.375338753388 0.159930715935
0.374830852503 0.159930715935
0.374324324324 0.159930715935
0.373819163293 0.159930715935
0.374663072776 0.160508083141
0.374158815612 0.160508083141
0.373655913978 0.160508083141
0.373154362416 0.160508083141
0.372654155496 0.160508083141
0.372155287818 0.160508083141
0.371657754011 0.160508083141
0.371161548732 0.160508083141
0.372 0.161085450346
0.372836218375 0.161662817552
0.372340425532 0.161662817552
0.371845949535 0.161662817552
0.371352785146 0.161662817552
0.370860927152 0.161662817552
0.37037037037 0.161662817552
0.369881109643 0.161662817552
0.369393139842 0.161662817552
0.368906455863 0.161662817552
0.368421052632 0.161662817552
0.367936925099 0.161662817552
0.368766404199 0.162240184758
0.369593709043 0.162817551963
0.370418848168 0.163394919169
0.371241830065 0.163972286374
0.370757180157 0.163972286374
0.370273794003 0.163972286374
0.37109375 0.16454965358
0.370611183355 0.16454965358
0.37012987013 0.16454965358
0.370946822309 0.165127020785
0.370466321244 0.165127020785
0.369987063389 0.165127020785
0.369509043928 0.165127020785
0.369032258065 0.165127020785
0.368556701031 0.165127020785
0.369369369369 0.165704387991
0.368894601542 0.165704387991
0.368421052632 0.165704387991
0.367948717949 0.165704387991
0.368758002561 0.166281755196
0.369565217391 0.166859122402
0.369093231162 0.166859122402
0.36862244898 0.166859122402
0.369426751592 0.167436489607
0.368956743003 0.167436489607
0.368487928844 0.167436489607
0.368020304569 0.167436489607
0.367553865653 0.167436489607
0.36835443038 0.168013856813
0.369152970923 0.168591224018
0.369949494949 0.169168591224
0.36948297604 0.169168591224
0.369017632242 0.169168591224
0.369811320755 0.16974595843
0.369346733668 0.16974595843
0.368883312422 0.16974595843
0.368421052632 0.16974595843
0.369211514393 0.170323325635
0.37 0.170900692841
0.369538077403 0.170900692841
0.370324189526 0.171478060046
0.369863013699 0.171478060046
0.369402985075 0.171478060046
0.370186335404 0.172055427252
0.369727047146 0.172055427252
0.370508054523 0.172632794457
0.37004950495 0.172632794457
0.369592088999 0.172632794457
0.37037037037 0.173210161663
0.369913686806 0.173210161663
0.369458128079 0.173210161663
0.370233702337 0.173787528868
0.369778869779 0.173787528868
0.370552147239 0.174364896074
0.371323529412 0.174942263279
0.370869033048 0.174942263279
0.370415647922 0.174942263279
0.369963369963 0.174942263279
0.370731707317 0.175519630485
0.370280146163 0.175519630485
0.369829683698 0.175519630485
0.369380315917 0.175519630485
0.368932038835 0.175519630485
0.368484848485 0.175519630485
0.369249394673 0.176096997691
0.368802902056 0.176096997691
0.368357487923 0.176096997691
0.369119420989 0.176674364896
0.368674698795 0.176674364896
0.368231046931 0.176674364896
0.367788461538 0.176674364896
0.367346938776 0.176674364896
0.36690647482 0.176674364896
0.366467065868 0.176674364896
0.366028708134 0.176674364896
0.36678614098 0.177251732102
0.366348448687 0.177251732102
0.365911799762 0.177251732102
0.366666666667 0.177829099307
0.367419738407 0.178406466513
0.368171021378 0.178983833718
0.368920521945 0.179561200924
0.368483412322 0.179561200924
0.369230769231 0.180138568129
0.369976359338 0.180715935335
0.369539551358 0.180715935335
0.370283018868 0.18129330254
0.369846878681 0.18129330254
0.369411764706 0.18129330254
0.368977673325 0.18129330254
0.368544600939 0.18129330254
0.368112543962 0.18129330254
0.367681498829 0.18129330254
0.367251461988 0.18129330254
0.366822429907 0.18129330254
0.366394399067 0.18129330254
0.365967365967 0.18129330254
0.365541327125 0.18129330254
0.36511627907 0.18129330254
0.364692218351 0.18129330254
0.364269141531 0.18129330254
0.363847045191 0.18129330254
0.363425925926 0.18129330254
0.363005780347 0.18129330254
0.362586605081 0.18129330254
0.36216839677 0.18129330254
0.362903225806 0.181870669746
0.363636363636 0.182448036952
0.364367816092 0.183025404157
0.365097588978 0.183602771363
0.365825688073 0.184180138568
0.365406643757 0.184180138568
0.364988558352 0.184180138568
0.364571428571 0.184180138568
0.364155251142 0.184180138568
0.36488027366 0.184757505774
0.364464692483 0.184757505774
0.364050056883 0.184757505774
0.363636363636 0.184757505774
0.363223609535 0.184757505774
0.362811791383 0.184757505774
0.362400906002 0.184757505774
0.361990950226 0.184757505774
0.361581920904 0.184757505774
0.361173814898 0.184757505774
0.360766629087 0.184757505774
0.36036036036 0.184757505774
0.359955005624 0.184757505774
0.359550561798 0.184757505774
0.359147025814 0.184757505774
0.358744394619 0.184757505774
0.358342665174 0.184757505774
0.357941834452 0.184757505774
0.357541899441 0.184757505774
0.357142857143 0.184757505774
0.356744704571 0.184757505774
0.357461024499 0.185334872979
0.357063403782 0.185334872979
0.356666666667 0.185334872979
0.356270810211 0.185334872979
0.355875831486 0.185334872979
0.355481727575 0.185334872979
0.355088495575 0.185334872979
0.354696132597 0.185334872979
0.354304635762 0.185334872979
0.355016538037 0.185912240185
0.354625550661 0.185912240185
0.354235423542 0.185912240185
0.354945054945 0.18648960739
0.35565312843 0.187066974596
0.355263157895 0.187066974596
0.354874041621 0.187066974596
0.354485776805 0.187066974596
0.354098360656 0.187066974596
0.353711790393 0.187066974596
0.35332606325 0.187066974596
0.354030501089 0.187644341801
0.353645266594 0.187644341801
0.353260869565 0.187644341801
0.352877307275 0.187644341801
0.352494577007 0.187644341801
0.352112676056 0.187644341801
0.351731601732 0.187644341801
0.351351351351 0.187644341801
0.350971922246 0.187644341801
0.35167206041 0.188221709007
0.351293103448 0.188221709007
0.350914962325 0.188221709007
0.351612903226 0.188799076212
0.352309344791 0.189376443418
0.353004291845 0.189953810624
0.353697749196 0.190531177829
0.353319057816 0.190531177829
0.352941176471 0.190531177829
0.353632478632 0.191108545035
0.35325506937 0.191108545035
0.352878464819 0.191108545035
0.352502662407 0.191108545035
0.352127659574 0.191108545035
0.351753453773 0.191108545035
0.351380042463 0.191108545035
0.351007423118 0.191108545035
0.35063559322 0.191108545035
0.350264550265 0.191108545035
0.349894291755 0.191108545035
0.350580781415 0.19168591224
0.351265822785 0.192263279446
0.350895679663 0.192263279446
0.350526315789 0.192263279446
0.351209253417 0.192840646651
0.351890756303 0.193418013857
0.351521511018 0.193418013857
0.351153039832 0.193418013857
0.350785340314 0.193418013857
0.350418410042 0.193418013857
0.351097178683 0.193995381062
0.350730688935 0.193995381062
0.350364963504 0.193995381062
0.35 0.193995381062
0.349635796046 0.193995381062
0.350311850312 0.194572748268
0.34994807892 0.194572748268
0.350622406639 0.195150115473
0.350259067358 0.195150115473
0.349896480331 0.195150115473
0.35056876939 0.195727482679
0.35020661157 0.195727482679
0.349845201238 0.195727482679
0.350515463918 0.196304849885
0.350154479918 0.196304849885
0.350823045267 0.19688221709
0.351490236382 0.197459584296
0.35112936345 0.197459584296
0.350769230769 0.197459584296
0.350409836066 0.197459584296
0.350051177073 0.197459584296
0.349693251534 0.197459584296
0.349336057201 0.197459584296
0.35 0.198036951501
0.349643221203 0.198036951501
0.349287169043 0.198036951501
0.348931841302 0.198036951501
0.348577235772 0.198036951501
0.348223350254 0.198036951501
0.348884381339 0.198614318707
0.348530901722 0.198614318707
0.348178137652 0.198614318707
0.347826086957 0.198614318707
0.348484848485 0.199191685912
0.349142280525 0.199769053118
0.348790322581 0.199769053118
0.348439073515 0.199769053118
0.348088531187 0.199769053118
0.347738693467 0.199769053118
0.347389558233 0.199769053118
0.34704112337 0.199769053118
0.346693386774 0.199769053118
0.346346346346 0.199769053118
0.347 0.200346420323
0.346653346653 0.200346420323
0.34630738523 0.200346420323
0.345962113659 0.200346420323
0.34561752988 0.200346420323
0.345273631841 0.200346420323
0.344930417495 0.200346420323
0.344587884806 0.200346420323
0.344246031746 0.200346420323
0.343904856293 0.200346420323
0.343564356436 0.200346420323
0.343224530168 0.200346420323
0.342885375494 0.200346420323
0.342546890424 0.200346420323
0.342209072978 0.200346420323
0.341871921182 0.200346420323
0.341535433071 0.200346420323
0.341199606686 0.200346420323
0.34184675835 0.200923787529
0.341511285574 0.200923787529
0.341176470588 0.200923787529
0.340842311459 0.200923787529
0.340508806262 0.200923787529
0.340175953079 0.200923787529
0.33984375 0.200923787529
0.339512195122 0.200923787529
0.33918128655 0.200923787529
0.338851022395 0.200923787529
0.339494163424 0.201501154734
0.340136054422 0.20207852194
0.339805825243 0.20207852194
0.339476236663 0.20207852194
0.339147286822 0.20207852194
0.339787028074 0.202655889145
0.339458413926 0.202655889145
0.339130434783 0.202655889145
0.338803088803 0.202655889145
0.339440694311 0.203233256351
0.339113680154 0.203233256351
0.338787295476 0.203233256351
0.339423076923 0.203810623557
0.340057636888 0.204387990762
0.339731285988 0.204387990762
0.339405560882 0.204387990762
0.340038314176 0.204965357968
0.33971291866 0.204965357968
0.339388145315 0.204965357968
0.339063992359 0.204965357968
0.338740458015 0.204965357968
0.338417540515 0.204965357968
0.338095238095 0.204965357968
0.337773549001 0.204965357968
0.337452471483 0.204965357968
0.337132003799 0.204965357968
0.336812144213 0.204965357968
0.336492890995 0.204965357968
0.336174242424 0.204965357968
0.335856196783 0.204965357968
0.335538752363 0.204965357968
0.33522190746 0.204965357968
0.334905660377 0.204965357968
0.335532516494 0.205542725173
0.33615819209 0.206120092379
0.335841956726 0.206120092379
0.335526315789 0.206120092379
0.335211267606 0.206120092379
0.335834896811 0.206697459584
0.335520149953 0.206697459584
0.335205992509 0.206697459584
0.334892422825 0.206697459584
0.335514018692 0.20727482679
0.335200746965 0.20727482679
0.334888059701 0.20727482679
0.335507921715 0.207852193995
0.336126629423 0.208429561201
0.335813953488 0.208429561201
0.335501858736 0.208429561201
0.335190343547 0.208429561201
0.334879406308 0.208429561201
0.334569045412 0.208429561201
0.335185185185 0.209006928406
0.334875115634 0.209006928406
0.334565619224 0.209006928406
0.334256694367 0.209006928406
0.334870848708 0.209584295612
0.334562211982 0.209584295612
0.334254143646 0.209584295612
0.333946642134 0.209584295612
0.333639705882 0.209584295612
0.333333333333 0.209584295612
0.333027522936 0.209584295612
0.333638863428 0.210161662818
0.333333333333 0.210161662818
0.333028362306 0.210161662818
0.332723948812 0.210161662818
0.333333333333 0.210739030023
0.333941605839 0.211316397229
0.333637192343 0.211316397229
0.333333333333 0.211316397229
0.333030027298 0.211316397229
0.332727272727 0.211316397229
0.33242506812 0.211316397229
0.332123411978 0.211316397229
0.331822302811 0.211316397229
0.33152173913 0.211316397229
0.331221719457 0.211316397229
0.330922242315 0.211316397229
0.330623306233 0.211316397229
0.331227436823 0.211893764434
0.331830477908 0.21247113164
0.332432432432 0.213048498845
0.33303330333 0.213625866051
0.33273381295 0.213625866051
0.333333333333 0.214203233256
0.333034111311 0.214203233256
0.332735426009 0.214203233256
0.332437275986 0.214203233256
0.332139659803 0.214203233256
0.331842576029 0.214203233256
0.331546023235 0.214203233256
0.33125 0.214203233256
0.330954504906 0.214203233256
0.330659536542 0.214203233256
0.3303650935 0.214203233256
0.330071174377 0.214203233256
0.329777777778 0.214203233256
0.330373001776 0.214780600462
0.33007985803 0.214780600462
0.329787234043 0.214780600462
0.330380868025 0.215357967667
0.330973451327 0.215935334873
0.330680813439 0.215935334873
0.33038869258 0.215935334873
0.330097087379 0.215935334873
0.329805996473 0.215935334873
0.329515418502 0.215935334873
0.329225352113 0.215935334873
0.328935795954 0.215935334873
0.328646748682 0.215935334873
0.328358208955 0.215935334873
0.328070175439 0.215935334873
0.327782646801 0.215935334873
0.327495621716 0.215935334873
0.327209098863 0.215935334873
0.326923076923 0.215935334873
0.326637554585 0.215935334873
0.326352530541 0.215935334873
0.326068003487 0.215935334873
0.325783972125 0.215935334873
0.32637075718 0.216512702079
0.326086956522 0.216512702079
0.326672458732 0.217090069284
0.326388888889 0.217090069284
0.326973113617 0.21766743649
0.326689774697 0.21766743649
0.326406926407 0.21766743649
0.326989619377 0.218244803695
0.326707000864 0.218244803695
0.326424870466 0.218244803695
0.32614322692 0.218244803695
0.325862068966 0.218244803695
0.326442721792 0.218822170901
0.326161790017 0.218822170901
0.326741186586 0.219399538106
0.327319587629 0.219976905312
0.327038626609 0.219976905312
0.327615780446 0.220554272517
0.328191945159 0.221131639723
0.327910958904 0.221131639723
0.327630453379 0.221131639723
0.328205128205 0.221709006928
0.327924850555 0.221709006928
0.327645051195 0.221709006928
0.3273657289 0.221709006928
0.327086882453 0.221709006928
0.327659574468 0.222286374134
0.327380952381 0.222286374134
0.327102803738 0.222286374134
0.326825127334 0.222286374134
0.326547921968 0.222286374134
0.326271186441 0.222286374134
0.32599491956 0.222286374134
0.325719120135 0.222286374134
0.32628909552 0.222863741339
0.326013513514 0.222863741339
0.326582278481 0.223441108545
0.327150084317 0.224018475751
0.327716933446 0.224595842956
0.327441077441 0.224595842956
0.32716568545 0.224595842956
0.326890756303 0.224595842956
0.327455919395 0.225173210162
0.327181208054 0.225173210162
0.326906957251 0.225173210162
0.326633165829 0.225173210162
0.326359832636 0.225173210162
0.326086956522 0.225173210162
0.325814536341 0.225173210162
0.325542570952 0.225173210162
0.325271059216 0.225173210162
0.325833333333 0.225750577367
0.32556203164 0.225750577367
0.32612312812 0.226327944573
0.325852036575 0.226327944573
0.325581395349 0.226327944573
0.32531120332 0.226327944573
0.32504145937 0.226327944573
0.324772162386 0.226327944573
0.324503311258 0.226327944573
0.32423490488 0.226327944573
0.323966942149 0.226327944573
0.323699421965 0.226327944573
0.323432343234 0.226327944573
0.323165704864 0.226327944573
0.322899505766 0.226327944573
0.323456790123 0.226905311778
0.324013157895 0.227482678984
0.323746918652 0.227482678984
0.323481116585 0.227482678984
0.323215750615 0.227482678984
0.322950819672 0.227482678984
0.322686322686 0.227482678984
0.322422258592 0.227482678984
0.322158626329 0.227482678984
0.321895424837 0.227482678984
0.321632653061 0.227482678984
0.321370309951 0.227482678984
0.321108394458 0.227482678984
0.320846905537 0.227482678984
0.321399511798 0.228060046189
0.321138211382 0.228060046189
0.3208773355 0.228060046189
0.320616883117 0.228060046189
0.320356853204 0.228060046189
0.320097244733 0.228060046189
0.31983805668 0.228060046189
0.320388349515 0.228637413395
0.32012934519 0.228637413395
0.320678513732 0.2292147806
0.320419693301 0.2292147806
0.320161290323 0.2292147806
0.319903303787 0.2292147806
0.319645732689 0.2292147806
0.319388576026 0.2292147806
0.319131832797 0.2292147806
0.318875502008 0.2292147806
0.318619582665 0.2292147806
0.319165998396 0.229792147806
0.31891025641 0.229792147806
0.318654923939 0.229792147806
0.3192 0.230369515012
0.318944844125 0.230369515012
0.318690095847 0.230369515012
0.31843575419 0.230369515012
0.318181818182 0.230369515012
0.317928286853 0.230369515012
0.317675159236 0.230369515012
0.317422434368 0.230369515012
0.317965023847 0.230946882217
0.317712470214 0.230946882217
0.31746031746 0.230946882217
0.318001586043 0.231524249423
0.317749603803 0.231524249423
0.317498020586 0.231524249423
0.317246835443 0.231524249423
0.316996047431 0.231524249423
0.316745655608 0.231524249423
0.316495659037 0.231524249423
0.316246056782 0.231524249423
0.316784869976 0.232101616628
0.316535433071 0.232101616628
0.31628638867 0.232101616628
0.316037735849 0.232101616628
0.316575019639 0.232678983834
0.316326530612 0.232678983834
0.316078431373 0.232678983834
0.315830721003 0.232678983834
0.31558339859 0.232678983834
0.315336463224 0.232678983834
0.315089913995 0.232678983834
0.31484375 0.232678983834
0.314597970336 0.232678983834
0.314352574103 0.232678983834
0.314107560405 0.232678983834
0.313862928349 0.232678983834
0.313618677043 0.232678983834
0.313374805599 0.232678983834
0.313131313131 0.232678983834
0.313664596273 0.233256351039
0.314197051978 0.233833718245
0.313953488372 0.233833718245
0.31448489543 0.23441108545
0.315015479876 0.234988452656
0.314771848415 0.234988452656
0.314528593509 0.234988452656
0.314285714286 0.234988452656
0.314814814815 0.235565819861
0.314572089437 0.235565819861
0.314329738059 0.235565819861
0.314857582756 0.236143187067
0.314615384615 0.236143187067
0.314373558801 0.236143187067
0.314132104455 0.236143187067
0.313891020721 0.236143187067
0.313650306748 0.236143187067
0.313409961686 0.236143187067
0.313169984686 0.236143187067
0.313695485845 0.236720554273
0.313455657492 0.236720554273
0.313216195569 0.236720554273
0.312977099237 0.236720554273
0.312738367658 0.236720554273
0.3125 0.236720554273
0.31226199543 0.236720554273
0.31202435312 0.236720554273
0.311787072243 0.236720554273
0.311550151976 0.236720554273
0.311313591496 0.236720554273
0.311077389985 0.236720554273
0.310841546626 0.236720554273
0.311363636364 0.237297921478
0.311127933384 0.237297921478
0.310892586989 0.237297921478
0.310657596372 0.237297921478
0.311178247734 0.237875288684
0.310943396226 0.237875288684
0.310708898944 0.237875288684
0.311228334589 0.238452655889
0.310993975904 0.238452655889
0.31151241535 0.239030023095
0.312030075188 0.2396073903
0.311795642374 0.2396073903
0.311561561562 0.2396073903
0.311327831958 0.2396073903
0.311094452774 0.2396073903
0.310861423221 0.2396073903
0.311377245509 0.240184757506
0.311144353029 0.240184757506
0.31091180867 0.240184757506
0.31067961165 0.240184757506
0.311194029851 0.240762124711
0.311707680835 0.241339491917
0.311475409836 0.241339491917
0.311988086374 0.241916859122
0.311755952381 0.241916859122
0.311524163569 0.241916859122
0.311292719168 0.241916859122
0.311061618411 0.241916859122
0.310830860534 0.241916859122
0.310600444774 0.241916859122
0.31037037037 0.241916859122
0.310880829016 0.242494226328
0.310650887574 0.242494226328
0.310421286031 0.242494226328
0.310192023634 0.242494226328
0.309963099631 0.242494226328
0.309734513274 0.242494226328
0.310243183493 0.243071593533
0.310014727541 0.243071593533
0.310522442973 0.243648960739
0.311029411765 0.244226327945
0.310800881705 0.244226327945
0.310572687225 0.244226327945
0.310344827586 0.244226327945
0.310850439883 0.24480369515
0.310622710623 0.24480369515
0.310395314788 0.24480369515
0.310168251646 0.24480369515
0.309941520468 0.24480369515
0.310445580716 0.245381062356
0.310218978102 0.245381062356
0.310722100656 0.245958429561
0.310495626822 0.245958429561
0.310269482884 0.245958429561
0.310043668122 0.245958429561
0.309818181818 0.245958429561
0.310319767442 0.246535796767
0.310094408134 0.246535796767
0.309869375907 0.246535796767
0.309644670051 0.246535796767
0.310144927536 0.247113163972
0.309920347574 0.247113163972
0.309696092619 0.247113163972
0.309472161967 0.247113163972
0.309248554913 0.247113163972
0.309025270758 0.247113163972
0.308802308802 0.247113163972
0.308579668349 0.247113163972
0.309077809798 0.247690531178
0.308855291577 0.247690531178
0.308633093525 0.247690531178
0.308411214953 0.247690531178
0.308189655172 0.247690531178
0.308686288586 0.248267898383
0.308464849354 0.248267898383
0.308960573477 0.248845265589
0.308739255014 0.248845265589
0.3085182534 0.248845265589
0.309012875536 0.249422632794
0.308791994282 0.249422632794
0.308571428571 0.249422632794
0.309064953605 0.25
0.308844507846 0.25
0.308624376336 0.25
0.309116809117 0.250577367206
0.309608540925 0.251154734411
0.310099573257 0.251732101617
0.309879175551 0.251732101617
0.310369318182 0.252309468822
0.310149041874 0.252309468822
0.309929078014 0.252309468822
0.309709425939 0.252309468822
0.309490084986 0.252309468822
0.309271054494 0.252309468822
0.309052333805 0.252309468822
0.308833922261 0.252309468822
0.308615819209 0.252309468822
0.308398023994 0.252309468822
0.308180535966 0.252309468822
0.307963354475 0.252309468822
0.307746478873 0.252309468822
0.308233638283 0.252886836028
0.308016877637 0.252886836028
0.308503162333 0.253464203233
0.308286516854 0.253464203233
0.308070175439 0.253464203233
0.307854137447 0.253464203233
0.307638402242 0.253464203233
0.307422969188 0.253464203233
0.307207837649 0.253464203233
0.306993006993 0.253464203233
0.30677847659 0.253464203233
0.30656424581 0.253464203233
0.306350314027 0.253464203233
0.306136680614 0.253464203233
0.305923344948 0.253464203233
0.305710306407 0.253464203233
0.30549756437 0.253464203233
0.305980528512 0.254041570439
0.305767894371 0.254041570439
0.305555555556 0.254041570439
0.30534351145 0.254041570439
0.305131761442 0.254041570439
0.30492030492 0.254041570439
0.304709141274 0.254041570439
0.304498269896 0.254041570439
0.30428769018 0.254041570439
0.30407740152 0.254041570439
0.303867403315 0.254041570439
0.303657694962 0.254041570439
0.303448275862 0.254041570439
0.303239145417 0.254041570439
0.30303030303 0.254041570439
0.302821748107 0.254041570439
0.302613480055 0.254041570439
0.302405498282 0.254041570439
0.302884615385 0.254618937644
0.302676733013 0.254618937644
0.303155006859 0.25519630485
0.302947224126 0.25519630485
0.302739726027 0.25519630485
0.302532511978 0.25519630485
0.303009575923 0.255773672055
0.302802460697 0.255773672055
0.302595628415 0.255773672055
0.302389078498 0.255773672055
0.302182810368 0.255773672055
0.302658486708 0.256351039261
0.302452316076 0.256351039261
0.30224642614 0.256351039261
0.302040816327 0.256351039261
0.302515295717 0.256928406467
0.302309782609 0.256928406467
0.30210454854 0.256928406467
0.301899592944 0.256928406467
0.301694915254 0.256928406467
0.301490514905 0.256928406467
0.301286391334 0.256928406467
0.301759133965 0.257505773672
0.301555104801 0.257505773672
0.301351351351 0.257505773672
0.301147873059 0.257505773672
0.300944669366 0.257505773672
0.300741739717 0.257505773672
0.300539083558 0.257505773672
0.30101010101 0.258083140878
0.300807537012 0.258083140878
0.300605245461 0.258083140878
0.300403225806 0.258083140878
0.300201477502 0.258083140878
0.3 0.258083140878
0.300469483568 0.258660508083
0.300268096515 0.258660508083
0.300066979236 0.258660508083
0.299866131191 0.258660508083
0.300334448161 0.259237875289
0.30013368984 0.259237875289
0.299933199733 0.259237875289
0.300400534045 0.259815242494
0.300200133422 0.259815242494
0.3 0.259815242494
0.299800133245 0.259815242494
0.299600532623 0.259815242494
0.300066533599 0.2603926097
0.299867021277 0.2603926097
0.299667774086 0.2603926097
0.299468791501 0.2603926097
0.299270072993 0.2603926097
0.299071618037 0.2603926097
0.29887342611 0.2603926097
0.299337748344 0.260969976905
0.299139642621 0.260969976905
0.299603174603 0.261547344111
0.299405155321 0.261547344111
0.299207397622 0.261547344111
0.29900990099 0.261547344111
0.298812664908 0.261547344111
0.29861568886 0.261547344111
0.298418972332 0.261547344111
0.298222514812 0.261547344111
0.298026315789 0.261547344111
0.297830374753 0.261547344111
0.297634691196 0.261547344111
0.297439264609 0.261547344111
0.297244094488 0.261547344111
0.297049180328 0.261547344111
0.296854521625 0.261547344111
0.296660117878 0.261547344111
0.296465968586 0.261547344111
0.296926095487 0.262124711316
0.297385620915 0.262702078522
0.297844546048 0.263279445727
0.297650130548 0.263279445727
0.297455968689 0.263279445727
0.297262059974 0.263279445727
0.297068403909 0.263279445727
0.296875 0.263279445727
0.296681847755 0.263279445727
0.296488946684 0.263279445727
0.296296296296 0.263279445727
0.296103896104 0.263279445727
0.296560674886 0.263856812933
0.296368352789 0.263856812933
0.296176279974 0.263856812933
0.295984455959 0.263856812933
0.295792880259 0.263856812933
0.296248382924 0.264434180139
0.296056884292 0.264434180139
0.295865633075 0.264434180139
0.295674628793 0.264434180139
0.295483870968 0.264434180139
0.295293359123 0.264434180139
0.295103092784 0.264434180139
0.295556986478 0.265011547344
0.295366795367 0.265011547344
0.295176848875 0.265011547344
0.29498714653 0.265011547344
0.294797687861 0.265011547344
0.295250320924 0.26558891455
0.295060936498 0.26558891455
0.294871794872 0.26558891455
0.29468289558 0.26558891455
0.294494238156 0.26558891455
0.294305822137 0.26558891455
0.294117647059 0.26558891455
0.29392971246 0.26558891455
0.29374201788 0.26558891455
0.293554562859 0.26558891455
0.293367346939 0.26558891455
0.293180369662 0.26558891455
0.292993630573 0.26558891455
0.292807129217 0.26558891455
0.293256997455 0.266166281755
0.293070565798 0.266166281755
0.292884371029 0.266166281755
0.293333333333 0.266743648961
0.293781725888 0.267321016166
0.293595434369 0.267321016166
0.294043092522 0.267898383372
0.293856871438 0.267898383372
0.293670886076 0.267898383372
0.294117647059 0.268475750577
0.293931731985 0.268475750577
0.2937460518 0.268475750577
0.293560606061 0.268475750577
0.294006309148 0.269053117783
0.294451450189 0.269630484988
0.294265910523 0.269630484988
0.294080604534 0.269630484988
0.293895531781 0.269630484988
0.293710691824 0.269630484988
0.294154619736 0.270207852194
0.293969849246 0.270207852194
0.293785310734 0.270207852194
0.293601003764 0.270207852194
0.2934169279 0.270207852194
0.293233082707 0.270207852194
0.293049467752 0.270207852194
0.292866082603 0.270207852194
0.293308317699 0.2707852194
0.293125 0.2707852194
0.292941911305 0.2707852194
0.292759051186 0.2707852194
0.292576419214 0.2707852194
0.292394014963 0.2707852194
0.292211838006 0.2707852194
0.292652552927 0.271362586605
0.292470441817 0.271362586605
0.292288557214 0.271362586605
0.292106898695 0.271362586605
0.292546583851 0.271939953811
0.292364990689 0.271939953811
0.292183622829 0.271939953811
0.292622442653 0.272517321016
0.293060718711 0.273094688222
0.292879256966 0.273094688222
0.292698019802 0.273094688222
0.293135435993 0.273672055427
0.293572311496 0.274249422633
0.293390982088 0.274249422633
0.293209876543 0.274249422633
0.293028994448 0.274249422633
0.292848335388 0.274249422633
0.293284041898 0.274826789838
0.293103448276 0.274826789838
0.292923076923 0.274826789838
0.293357933579 0.275404157044
0.293177627535 0.275404157044
0.293611793612 0.275981524249
0.2934315531 0.275981524249
0.293251533742 0.275981524249
0.293071735132 0.275981524249
0.292892156863 0.275981524249
0.29271279853 0.275981524249
0.292533659731 0.275981524249
0.292354740061 0.275981524249
0.29217603912 0.275981524249
0.291997556506 0.275981524249
0.291819291819 0.275981524249
0.291641244661 0.275981524249
0.291463414634 0.275981524249
0.291285801341 0.275981524249
0.291108404385 0.275981524249
0.290931223372 0.275981524249
0.290754257908 0.275981524249
0.290577507599 0.275981524249
0.290400972053 0.275981524249
0.290831815422 0.276558891455
0.291262135922 0.277136258661
0.291085506367 0.277136258661
0.290909090909 0.277136258661
0.290732889158 0.277136258661
0.291162227603 0.277713625866
0.290986085904 0.277713625866
0.290810157195 0.277713625866
0.290634441088 0.277713625866
0.291062801932 0.278290993072
0.290887145444 0.278290993072
0.291314837153 0.278868360277
0.291139240506 0.278868360277
0.290963855422 0.278868360277
0.290788681517 0.278868360277
0.290613718412 0.278868360277
0.290438965725 0.278868360277
0.290264423077 0.278868360277
0.29009009009 0.278868360277
0.289915966387 0.278868360277
0.290341931614 0.279445727483
0.290167865707 0.279445727483
0.289994008388 0.279445727483
0.290419161677 0.280023094688
0.290843806104 0.280600461894
0.291267942584 0.281177829099
0.291691572026 0.281755196305
0.291517323775 0.281755196305
0.291940298507 0.28233256351
0.291766109785 0.28233256351
0.292188431723 0.282909930716
0.292014302741 0.282909930716
0.291840381179 0.282909930716
0.291666666667 0.282909930716
0.291493158834 0.282909930716
0.291319857313 0.282909930716
