58500 1 0.99193584919
634 1 0.97994107008
14082 4 0.978765785694
5248 1 0.97704654932
2067 1 0.975257456303
88783 1 0.972567737103
27028 1 0.968870282173
25872 1 0.965350389481
20917 1 0.96440410614
22177 4 0.963030159473
12657 1 0.959664523602
22257 1 0.957603514194
52262 4 0.95717382431
60763 4 0.954074203968
69665 1 0.953187763691
87927 1 0.952223777771
82299 1 0.952143311501
76784 1 0.948989093304
91210 1 0.947766363621
49616 1 0.946599245071
57243 1 0.945092201233
85153 1 0.94470846653
11801 4 0.943425536156
55507 4 0.940143585205
28736 1 0.93771481514
9676 1 0.93513071537
37761 1 0.931189835072
53230 1 0.931173026562
31959 1 0.928095519543
17501 1 0.926103830338
65433 4 0.923334121704
79453 1 0.923129916191
5231 1 0.921314477921
46512 1 0.921053826809
51715 1 0.920317173004
76866 4 0.919296860695
72198 1 0.919036328793
53638 1 0.91902244091
19589 1 0.91815507412
59697 1 0.91757273674
8518 4 0.917212486267
26715 1 0.915838718414
1913 4 0.915420949459
50241 1 0.915012657642
37843 1 0.914797008038
82160 4 0.914683580399
18427 1 0.914663910866
9460 1 0.913829743862
42711 1 0.913772523403
3527 1 0.913333535194
371 1 0.911903917789
10956 1 0.911647081375
18460 1 0.911446690559
89000 1 0.911432504654
46690 4 0.910954356194
65577 4 0.909730553627
12810 1 0.909623980522
21548 1 0.909368693829
48689 1 0.908531069756
10153 1 0.9077911973
79503 4 0.907056391239
55623 4 0.906934857368
55877 1 0.906132638454
91277 4 0.904453873634
80608 1 0.903976976871
4064 1 0.903543591499
62181 4 0.903465151787
23356 1 0.902881503105
50546 4 0.902448117733
57171 1 0.901729464531
85006 4 0.901515185833
20501 1 0.900965809822
91609 1 0.900963962078
19330 1 0.900928378105
25672 1 0.900681197643
40502 1 0.899693191051
13538 1 0.899477779865
22721 1 0.899394154549
88137 1 0.898654401302
10306 4 0.897359848022
20804 1 0.895252764225
5384 1 0.895166695118
1304 1 0.894054055214
76245 1 0.893047988415
59276 1 0.892894685268
58418 1 0.892658650875
60106 1 0.892446517944
2356 1 0.892275035381
38092 1 0.89105951786
77568 4 0.890724301338
89796 1 0.889348864555
32660 1 0.887712419033
38742 1 0.887464463711
29398 4 0.886815607548
52820 1 0.886083185673
10038 1 0.886025547981
5356 1 0.885463535786
26790 1 0.885212481022
38955 1 0.884526610374
62894 1 0.883760452271
86336 1 0.883307218552
32110 4 0.883297026157
5661 1 0.881841003895
78322 1 0.880787789822
7243 1 0.880113005638
35197 1 0.879263103008
1321 4 0.879042327404
65431 4 0.87748926878
85896 1 0.877315819263
89266 1 0.875659167767
21937 1 0.873892903328
87308 1 0.872961640358
43375 1 0.872717738152
49018 1 0.871080160141
3137 1 0.870054721832
46201 1 0.869822144508
25828 4 0.868028998375
78189 4 0.867909133434
48117 4 0.867494165897
5585 1 0.866843640804
4880 1 0.865108072758
87498 1 0.864764213562
22247 1 0.863807201385
59721 1 0.863512098789
26497 1 0.862690389156
76717 1 0.862660944462
10307 4 0.861839711666
60218 1 0.859165549278
34334 1 0.85694873333
17333 1 0.856730937958
39710 1 0.856601178646
57739 1 0.856494486332
57651 1 0.856208264828
900 1 0.85439646244
55134 1 0.854298770428
20045 4 0.854254186153
8175 1 0.853814601898
1852 1 0.853489756584
34792 1 0.852588474751
54255 1 0.852434396744
60088 1 0.852149069309
81104 1 0.849559485912
67140 1 0.847713530064
54586 1 0.84733736515
73337 1 0.84717798233
43256 1 0.846806704998
32622 4 0.846781075001
7393 1 0.845286011696
64040 1 0.843762218952
69181 1 0.843602240086
41789 1 0.842136204243
68555 4 0.841800689697
5783 1 0.841336190701
48181 4 0.841246664524
60907 1 0.839816272259
70760 1 0.839738428593
70281 1 0.839689135551
30880 1 0.839404582977
66772 4 0.837991535664
43894 1 0.836988687515
71725 1 0.836856842041
60479 1 0.83638548851
4095 1 0.836330652237
46513 1 0.836245834827
78216 1 0.834778666496
7240 1 0.83465731144
38094 1 0.833468496799
3160 1 0.833111345768
68642 1 0.833104789257
5914 1 0.832992613316
86981 1 0.83229392767
61917 1 0.832266569138
44997 1 0.830350100994
2155 1 0.830209255219
31906 4 0.829567492008
62182 4 0.828195869923
90633 1 0.828159093857
54265 1 0.827956557274
48387 1 0.827875554562
62098 4 0.826469123363
36052 1 0.826191186905
41675 1 0.825210094452
23150 1 0.824795782566
36616 1 0.824597656727
2364 1 0.824182271957
60483 1 0.823556482792
38957 1 0.821509301662
1610 4 0.821455478668
36505 1 0.821283698082
8715 4 0.820893168449
42415 1 0.819184064865
65238 1 0.818424344063
64554 1 0.817636013031
62370 1 0.81713706255
20511 1 0.816545605659
82521 1 0.81624519825
4331 1 0.815654635429
41670 1 0.815558552742
19082 4 0.814949691296
11595 1 0.814362168312
1244 4 0.814248025417
43202 1 0.812362730503
34665 4 0.812064290047
57463 1 0.811906337738
51192 4 0.811699569225
71726 1 0.811592638493
4526 4 0.810971260071
42227 4 0.810742557049
66592 1 0.81070625782
73338 1 0.809835016727
6552 4 0.80958211422
73947 1 0.80843859911
74382 1 0.807143867016
24100 4 0.807018101215
19175 4 0.806363403797
712 1 0.806327342987
66956 1 0.805893421173
7385 1 0.805578112602
84797 1 0.80537378788
89191 4 0.804639101028
8745 1 0.803990602493
51754 1 0.803712189198
89443 1 0.803666949272
24146 1 0.803323984146
51581 4 0.802718341351
60726 1 0.802678227425
74303 1 0.802207946777
47717 4 0.801123023033
83806 4 0.800212740898
36405 4 0.800136983395
48702 4 0.798963904381
28079 1 0.797646701336
51074 4 0.797211825848
23003 1 0.796967029572
78215 1 0.79659974575
10397 4 0.795321345329
34256 1 0.795012831688
9304 1 0.795007526875
15471 4 0.794774830341
21930 1 0.793897867203
76958 4 0.791671574116
40405 1 0.790333449841
16647 4 0.789339959621
90352 4 0.787582337856
16093 1 0.787213802338
87612 1 0.786397278309
54976 1 0.786310195923
84936 1 0.785507142544
84960 4 0.785399913788
8692 1 0.785026729107
34094 1 0.784457504749
46007 1 0.784034669399
30926 1 0.783233761787
12190 4 0.78305876255
4429 4 0.782995939255
9295 1 0.782951295376
38374 1 0.782279908657
18170 1 0.782055497169
16049 1 0.780775666237
62682 1 0.780137896538
62046 1 0.779913306236
12234 4 0.779814660549
6971 2 0.779358685017
20509 1 0.778158724308
37914 1 0.777988910675
11534 1 0.777872622013
66591 1 0.777395904064
27173 1 0.776826024055
18976 1 0.776362001896
35032 4 0.775390207767
63153 1 0.775072038174
16660 1 0.774052202702
73113 1 0.773214876652
50965 1 0.772927880287
71006 1 0.772896409035
53240 4 0.77241140604
14748 1 0.77205902338
63900 1 0.771443068981
70562 1 0.770600914955
76606 1 0.770431876183
3138 1 0.769518435001
19747 1 0.767442047596
18509 1 0.76741540432
52357 1 0.766926407814
62213 1 0.766678750515
8105 1 0.765397250652
78741 1 0.764357089996
13027 1 0.762886345387
52508 4 0.762747526169
12298 4 0.762517690659
46209 4 0.76222038269
42076 1 0.762169003487
18652 1 0.761585652828
46242 1 0.759921491146
68717 1 0.759361505508
66010 1 0.758996486664
12980 4 0.757743775845
74567 1 0.757643580437
42812 4 0.757627189159
59772 1 0.756818652153
64562 1 0.756742179394
10439 1 0.756669282913
3821 4 0.756412804127
44286 1 0.756122589111
76572 1 0.755358755589
12463 1 0.75520324707
54560 1 0.754825770855
70531 4 0.753837704659
31568 1 0.753816008568
67478 1 0.7537317276
41233 1 0.753610312939
81131 4 0.753506660461
59029 1 0.753433644772
628 1 0.753188073635
79467 1 0.75259411335
43610 1 0.752537548542
76475 1 0.7520403862
3690 1 0.750583469868
5697 1 0.750166714191
51065 4 0.749845504761
48372 4 0.74845546484
7750 1 0.747638106346
66030 1 0.747110545635
78651 1 0.746477007866
35668 1 0.746225893497
34090 1 0.74531763792
7699 1 0.745207428932
67029 1 0.74494934082
5916 1 0.742947220802
37173 4 0.742625057697
15793 1 0.741868138313
66901 1 0.74131834507
21635 4 0.741260528564
70388 4 0.741156160831
64637 3 0.74106746912
48585 1 0.740447223186
59280 1 0.740147471428
49044 4 0.739511787891
91062 2 0.73895996809
78650 1 0.738879859447
4415 1 0.738821029663
4265 1 0.738709867001
8665 1 0.73842561245
66775 1 0.738226056099
66120 1 0.738214492798
15916 1 0.738195538521
54679 1 0.737271904945
72879 1 0.73666447401
24163 1 0.735837221146
90510 1 0.735479533672
7539 1 0.73542457819
25204 4 0.735038518906
45000 1 0.734940946102
61596 1 0.734929859638
47616 1 0.734903395176
80144 1 0.734824180603
5475 1 0.733480870724
71279 1 0.733223795891
4681 1 0.732963681221
46745 1 0.730951547623
20283 4 0.730923116207
34156 1 0.730869829655
66282 1 0.730435967445
62056 1 0.729873538017
67504 3 0.729469716549
2973 1 0.729383647442
49687 7 0.729243278503
28455 1 0.729204535484
16004 2 0.728805541992
19730 1 0.728667378426
50334 1 0.727918088436
60136 1 0.727606594563
53930 1 0.727138578892
8445 1 0.726752698421
83997 4 0.726051568985
7394 1 0.725837826729
35410 1 0.725542783737
63145 1 0.725321114063
33326 4 0.725262105465
30298 1 0.724907577038
63937 1 0.724791824818
7976 1 0.724505901337
67141 1 0.724154412746
19227 1 0.722903311253
13577 1 0.722727954388
86133 1 0.722325980663
81175 1 0.722114622593
6709 2 0.722017943859
49556 4 0.720967650414
34116 4 0.720961987972
10345 4 0.720609784126
40433 1 0.718529760838
11152 2 0.71831959486
7537 1 0.718230009079
27691 1 0.717935323715
40127 4 0.717574357986
18571 1 0.717050254345
642 1 0.716000437737
83543 1 0.715858697891
5558 1 0.71583032608
14156 1 0.715457201004
20732 1 0.714600086212
39959 1 0.714168131351
3226 1 0.713558375835
35703 1 0.712662935257
64789 1 0.711378753185
31102 1 0.710720956326
82559 1 0.710703372955
84911 1 0.710373222828
88844 4 0.709646522999
18983 1 0.709608614445
1958 1 0.709045946598
72889 1 0.707328796387
1996 1 0.706800401211
11033 1 0.706547856331
40197 1 0.705597579479
28049 4 0.705077171326
22239 1 0.705051064491
13247 1 0.703270256519
23701 1 0.703210830688
58146 1 0.702938437462
12564 1 0.702779114246
59977 1 0.702741265297
6837 1 0.701450943947
17091 2 0.700478136539
88379 1 0.700356721878
2102 1 0.700081706047
31427 4 0.699556052685
74246 4 0.698226809502
55575 1 0.697440326214
15614 1 0.697323203087
1174 1 0.696853458881
89731 1 0.696583926678
23399 1 0.696436882019
20746 1 0.696069061756
55194 1 0.696010053158
86484 1 0.695700705051
3706 1 0.695223033428
69316 1 0.695177435875
44676 1 0.693936645985
30336 4 0.693739831448
51124 1 0.693640589714
79629 1 0.692989647388
52402 4 0.692597389221
45817 1 0.692574501038
5700 1 0.692529320717
26137 4 0.69211524725
25807 1 0.691520571709
17148 1 0.690886080265
9327 4 0.690619826317
20747 1 0.690593838692
59442 2 0.690562784672
924 1 0.690100550652
28634 1 0.689286231995
49090 1 0.689266264439
43580 1 0.689058125019
1419 4 0.688614189625
62554 1 0.688019394875
27539 1 0.687698483467
40156 1 0.687626242638
21197 1 0.687395513058
6572 4 0.686977446079
25426 1 0.686837494373
36888 1 0.686779141426
33695 4 0.686490237713
45979 1 0.686457753181
57882 3 0.686124324799
64010 1 0.685959637165
69263 1 0.685942530632
14743 1 0.685259759426
17284 4 0.685204565525
16945 2 0.684492468834
8162 1 0.68432033062
6973 2 0.683356165886
74584 4 0.681806087494
81447 1 0.681102693081
86982 1 0.68101143837
52350 1 0.680036365986
23278 1 0.67997944355
3711 1 0.679505288601
89669 1 0.679416060448
83506 1 0.67846339941
74254 4 0.677982151508
15832 4 0.676860332489
29148 1 0.676189899445
45773 4 0.675827383995
64146 1 0.67571914196
39061 1 0.675673961639
51712 1 0.675156712532
65165 1 0.674070715904
44993 2 0.673773348331
17473 1 0.673689723015
8680 1 0.673334240913
4048 1 0.672283768654
50469 1 0.672210991383
325 1 0.671359539032
89585 3 0.670729279518
20369 4 0.67027848959
39831 1 0.670074522495
61751 4 0.667316019535
11032 1 0.666897535324
21152 1 0.666281223297
67184 1 0.665942788124
28616 1 0.66526144743
51699 1 0.664863288403
40422 2 0.664702475071
48389 1 0.664669334888
35795 1 0.663851857185
5913 1 0.663400530815
55668 1 0.662949681282
21349 1 0.662823677063
63589 4 0.662561833858
1420 4 0.661754965782
88735 4 0.661226809025
45492 1 0.661201238632
2773 1 0.660344541073
50190 1 0.659932792187
1919 4 0.659766316414
67880 2 0.659549415112
16301 1 0.65939873457
21852 1 0.659088015556
65082 1 0.658828616142
25168 4 0.658374488354
5563 1 0.657660722733
60135 1 0.657360315323
8762 2 0.65703111887
6357 1 0.656971156597
74340 4 0.656721651554
20074 1 0.656554400921
7409 1 0.656160771847
22704 1 0.655552208424
6585 1 0.65543115139
32859 1 0.65376496315
83491 3 0.653018891811
38938 1 0.652838647366
34260 1 0.65276235342
22538 1 0.652282655239
8151 1 0.65224814415
50997 2 0.651919007301
81508 1 0.651749968529
19247 1 0.650968074799
24243 4 0.650929927826
69937 1 0.650909483433
32044 1 0.650569140911
68658 1 0.649933040142
20713 1 0.649708926678
1285 1 0.649508059025
83262 3 0.649156868458
60685 1 0.649058163166
19745 1 0.648935675621
61241 4 0.648819565773
54305 1 0.648743450642
53332 1 0.648460626602
38247 1 0.646203756332
45380 1 0.646152377129
68230 4 0.646114289761
56049 1 0.64606231451
7797 1 0.645865023136
4391 2 0.644948244095
58487 1 0.644939482212
34968 1 0.64478635788
5521 1 0.644740998745
70410 1 0.644368290901
62216 4 0.644065022469
21032 1 0.643214762211
42978 4 0.643185675144
41696 1 0.642866134644
2257 1 0.642678797245
84368 4 0.642227530479
70943 1 0.641996741295
7933 1 0.641796112061
30873 4 0.641615390778
28814 1 0.641352593899
64488 2 0.641219139099
3754 4 0.641048133373
34787 1 0.640777528286
87910 4 0.640180051327
25820 4 0.639714896679
10162 1 0.639283359051
2350 2 0.638887822628
2259 1 0.638467073441
50967 1 0.63837236166
81082 1 0.637982726097
88914 4 0.637943029404
77331 1 0.637168586254
66444 1 0.636797189713
44020 1 0.636774241924
46562 1 0.636273264885
21759 1 0.636109113693
69962 1 0.635392069817
87338 1 0.635053634644
83301 1 0.634925544262
15305 1 0.634195804596
5476 1 0.633860945702
22836 3 0.633608698845
21762 1 0.633237242699
76714 1 0.633063673973
52821 7 0.632951259613
51019 1 0.632870912552
37178 4 0.632767856121
33782 1 0.632408201694
13881 1 0.632238566875
29149 7 0.631818532944
72592 1 0.631133377552
22255 1 0.630325615406
5932 1 0.630175471306
37785 1 0.629952251911
70282 1 0.629907250404
48908 1 0.62987101078
36939 1 0.629826903343
46747 1 0.629795849323
43157 1 0.629791855812
11123 3 0.629639565945
5059 1 0.629544317722
58158 4 0.629094898701
25829 4 0.628531515598
22526 1 0.628412187099
44223 3 0.627735733986
68052 4 0.627570986748
47567 1 0.627326190472
88594 1 0.627059876919
46382 1 0.625581741333
28799 1 0.625545680523
89444 1 0.625240683556
7628 4 0.625108659267
18704 1 0.624740660191
59841 1 0.624581217766
3231 1 0.624383509159
12353 1 0.624048948288
21386 1 0.623569071293
24165 1 0.622710883617
33696 1 0.622254252434
17784 1 0.621959149837
22198 2 0.621370017529
45121 1 0.621190428734
28739 1 0.620705246925
4520 7 0.620463848114
1173 1 0.61979830265
3822 4 0.61939573288
55578 1 0.619161963463
48791 4 0.618814706802
73200 1 0.618757605553
9963 1 0.618223190308
68425 1 0.617716312408
62552 1 0.617492854595
4292 1 0.617260634899
11143 1 0.616902649403
69817 1 0.616729676723
53924 1 0.616657197475
33302 1 0.616426706314
73819 1 0.616308689117
43711 1 0.616102814674
80093 1 0.615726411343
54489 1 0.615299105644
70937 1 0.615257620811
25798 1 0.615144491196
69938 1 0.6150649786
1667 1 0.614943563938
75236 1 0.614922523499
10427 2 0.614868998528
59471 1 0.614542543888
31915 1 0.614467680454
714 1 0.614048659801
3852 1 0.613783717155
21022 1 0.613562345505
25695 1 0.613544523716
34729 2 0.612927734852
26386 1 0.612762510777
9227 2 0.611776053905
87258 1 0.611734867096
67139 1 0.611397981644
1702 4 0.611359298229
72607 1 0.611242413521
13026 1 0.610720336437
85895 1 0.609799385071
89121 4 0.609771668911
6578 4 0.609638988972
19088 1 0.608572840691
81521 1 0.608201682568
49161 1 0.607131540775
78214 1 0.607020020485
39938 1 0.606867611408
13380 1 0.605967342854
17886 1 0.605008780956
44713 4 0.604979813099
58485 1 0.604757905006
71957 4 0.604645609856
69940 1 0.604106128216
2163 4 0.603324592113
51218 1 0.602196335793
38380 1 0.602146625519
41260 2 0.602080106735
62529 4 0.601502776146
22171 1 0.60146600008
69952 1 0.601175069809
83955 4 0.600963413715
37711 1 0.600885331631
81777 1 0.600377261639
30471 1 0.600316882133
81742 4 0.600153446198
91222 1 0.599390745163
46526 1 0.598357975483
46600 1 0.598220407963
63928 1 0.597563922405
5784 7 0.597539663315
420 1 0.596692085266
66711 1 0.596618652344
55415 1 0.596452355385
68911 4 0.596064507961
3090 1 0.595618546009
12662 2 0.595579206944
60843 1 0.595399260521
4113 1 0.595334410667
46252 1 0.594440042973
27250 4 0.593941152096
67627 1 0.593654751778
52415 1 0.593513906002
69911 4 0.593452334404
79329 1 0.593329370022
49076 1 0.59310901165
34070 1 0.592810511589
80969 1 0.592219769955
13882 2 0.592151761055
51089 1 0.591564297676
23195 1 0.591377317905
52532 1 0.591191530228
22253 1 0.59096211195
25688 4 0.590271711349
89664 1 0.590024709702
29687 4 0.589847922325
85804 1 0.589301943779
4109 1 0.589053332806
64005 1 0.588961184025
55778 2 0.588931560516
66441 1 0.587929725647
10165 1 0.587802231312
44285 1 0.587728440762
60803 1 0.58759111166
89970 1 0.587503969669
1252 1 0.587386012077
33107 1 0.586827993393
90475 1 0.585045993328
62360 1 0.584356725216
4493 1 0.584058344364
7852 1 0.584020376205
10432 1 0.583897173405
82904 1 0.583783507347
23869 4 0.583518981934
44267 1 0.583291053772
11462 1 0.583195030689
89074 4 0.582718968391
41674 1 0.582611322403
25629 1 0.582372426987
25580 1 0.582005679607
13343 1 0.581923425198
85306 1 0.581572532654
74243 4 0.581053435802
40227 3 0.580964267254
46551 1 0.580498039722
73889 7 0.580441296101
33951 1 0.580184161663
19645 1 0.580019235611
35929 1 0.579959332943
49853 2 0.579045832157
10431 1 0.579014956951
1851 1 0.578691661358
1178 1 0.578662395477
84800 1 0.578622162342
27835 1 0.577889323235
85459 1 0.57787078619
83201 1 0.577863991261
46052 1 0.577840149403
82520 1 0.57734400034
74775 1 0.577213466167
67346 1 0.577162146568
88115 1 0.577120006084
79477 1 0.576769411564
84841 1 0.576514899731
47859 1 0.575847685337
56931 1 0.575336277485
61213 2 0.575060248375
42426 1 0.574778020382
32807 1 0.573414504528
18858 4 0.572868049145
38227 1 0.571831285954
28460 1 0.571695625782
2313 2 0.57153904438
20513 1 0.571384847164
841 1 0.571162581444
36792 1 0.570956170559
68907 4 0.57061034441
83315 1 0.570221304893
22219 1 0.570150256157
3917 1 0.569980084896
4679 1 0.569763898849
51022 1 0.569751739502
66121 1 0.569625854492
22367 1 0.569186210632
80988 2 0.567806899548
12683 1 0.567789375782
29723 1 0.567747712135
63133 1 0.567460358143
480 1 0.567156851292
20459 1 0.567154169083
14063 1 0.567139446735
39432 4 0.567127406597
21659 1 0.567080020905
55884 1 0.566975414753
83582 4 0.56659245491
37880 1 0.566204488277
48435 1 0.56583750248
18436 1 0.565589487553
54278 2 0.564669847488
1273 1 0.564582288265
42522 1 0.564410865307
23617 4 0.564394831657
31204 1 0.564262390137
3250 1 0.564034104347
71394 1 0.563113093376
17774 1 0.562955856323
1313 1 0.562597751617
77961 1 0.562547683716
89337 4 0.562273919582
45169 2 0.562101721764
86949 1 0.561502993107
82154 1 0.561467766762
11716 1 0.561315059662
60071 1 0.561303496361
32042 1 0.561195075512
42569 4 0.561029970646
78566 3 0.561008274555
17329 1 0.560956120491
56913 2 0.560936570168
29437 1 0.560861289501
11269 2 0.55922961235
16461 4 0.559175133705
27666 1 0.559131443501
20745 2 0.559067428112
60937 4 0.558941960335
6586 2 0.558811843395
40155 1 0.558432400227
59727 1 0.558036565781
7806 1 0.557913839817
32904 1 0.557816624641
15533 1 0.557569921017
54553 1 0.557506561279
21924 1 0.5574862957
89666 1 0.557431578636
31152 4 0.557272434235
55914 7 0.556968450546
8656 1 0.556910634041
7935 1 0.556497216225
1947 1 0.556463897228
64152 1 0.555859684944
71975 4 0.555342555046
34553 1 0.554889559746
28462 1 0.554772138596
30830 1 0.554727911949
85799 1 0.554561018944
54774 1 0.55423694849
30470 1 0.553174138069
69051 1 0.55295997858
45875 1 0.552769064903
60801 3 0.552665829659
65754 4 0.552288353443
5910 1 0.55218309164
55166 1 0.551985442638
52236 1 0.551572740078
48315 1 0.551541209221
11166 1 0.551406383514
40654 1 0.551045775414
23354 1 0.550868213177
82794 1 0.550458073616
72207 4 0.550423681736
37167 2 0.550291538239
77983 4 0.550214648247
21549 1 0.550190269947
24513 1 0.550059139729
38992 1 0.549699962139
12868 3 0.549649357796
50687 4 0.54948079586
54712 4 0.549451768398
6652 4 0.549356281757
56135 1 0.549223124981
15302 1 0.548756062984
23020 1 0.546803712845
63155 1 0.546759068966
4173 4 0.546554028988
38784 1 0.546348929405
4294 4 0.545861184597
38370 1 0.545407533646
46838 1 0.545335590839
21546 1 0.545259773731
18729 1 0.545078039169
48162 1 0.544776022434
57652 1 0.544564723969
13884 2 0.544427096844
2697 1 0.544121146202
342 4 0.543678939342
5398 4 0.543672502041
67138 1 0.543396770954
69802 4 0.543218970299
8325 1 0.543209135532
50 4 0.542829453945
87067 1 0.542565703392
38115 1 0.542524456978
90061 1 0.542351782322
83595 4 0.541811645031
44165 1 0.54166418314
2002 1 0.541430056095
40373 4 0.541112780571
37766 1 0.540757894516
85250 1 0.540394306183
36918 1 0.539866983891
49080 1 0.53965729475
82634 1 0.539165019989
49845 1 0.539057075977
28451 1 0.538695931435
61727 1 0.538617372513
89681 1 0.538532137871
76575 1 0.538056612015
9210 1 0.538027107716
29130 1 0.538018286228
47043 4 0.537086486816
37928 1 0.535232245922
22693 1 0.534995615482
61312 4 0.534993052483
19894 1 0.534960508347
48719 4 0.534864187241
41270 1 0.534567713737
73365 4 0.534494042397
4297 1 0.534034669399
86230 1 0.53377866745
45122 1 0.533653914928
62787 1 0.533546745777
19532 1 0.533509552479
76235 4 0.531687736511
69300 1 0.531302452087
67345 1 0.531175851822
86146 1 0.530835270882
28072 1 0.530313014984
68024 4 0.530254006386
1743 2 0.53004437685
9813 1 0.529889285564
90431 1 0.529727399349
6953 1 0.529614388943
62786 1 0.52949154377
30841 1 0.529445767403
21155 1 0.529085695744
55463 1 0.528154790401
90374 1 0.527908742428
10238 2 0.527583360672
32108 1 0.526913702488
38599 1 0.526502370834
20203 1 0.526485145092
62683 1 0.526449978352
1013 1 0.526362359524
1166 1 0.525988578796
17221 1 0.525892853737
20890 1 0.524980902672
24869 1 0.524699449539
28808 1 0.524295449257
40491 1 0.524142920971
70103 1 0.523520231247
26105 1 0.52345174551
51021 1 0.523390054703
62379 4 0.522740900517
38718 1 0.522496819496
66150 1 0.522399485111
78730 1 0.522186040878
30479 1 0.521500051022
40734 1 0.521035552025
11698 4 0.521009325981
18998 1 0.520900607109
11341 1 0.520813643932
25772 1 0.520748734474
1661 1 0.520692706108
46383 1 0.520505607128
49084 1 0.520411729813
68720 1 0.519980609417
6801 1 0.519953429699
84887 3 0.519760847092
7861 4 0.519732654095
8230 1 0.519455909729
10036 1 0.519270539284
65147 1 0.519259929657
21804 1 0.518004655838
18244 1 0.51792371273
80828 1 0.517919480801
11677 4 0.517690777779
34791 1 0.517025351524
88736 4 0.516756117344
6447 1 0.516700863838
52211 1 0.51663839817
38093 1 0.516405165195
65390 7 0.516379714012
41217 1 0.516356885433
7268 1 0.516273319721
911 1 0.51568800211
7428 1 0.515670597553
61579 1 0.515641450882
45977 1 0.515495240688
15490 1 0.515350818634
62824 1 0.515217661858
75253 1 0.515034615993
40721 1 0.514659821987
43706 1 0.514530181885
51711 1 0.513646781445
29323 1 0.513446033001
41718 1 0.51324814558
4930 1 0.513071715832
51020 1 0.512784838676
57306 1 0.512715637684
28772 1 0.512598156929
57650 7 0.512507796288
18237 1 0.512367188931
69803 4 0.511944830418
20440 1 0.511893928051
90173 1 0.511730790138
43024 1 0.511586606503
1914 4 0.511371910572
68313 2 0.511109471321
83752 1 0.511013448238
51668 1 0.510829567909
27041 1 0.51077747345
23903 1 0.510676443577
1023 1 0.510566949844
45070 1 0.510327041149
44526 1 0.509668409824
61250 1 0.509299337864
48699 1 0.509130001068
68189 4 0.508837878704
5011 1 0.508335709572
47900 1 0.508219242096
74523 1 0.507934749126
55218 1 0.507923126221
20435 2 0.50785946846
25891 1 0.50766992569
43598 1 0.50707089901
21634 4 0.507060110569
16910 4 0.506271004677
45933 4 0.506072700024
8770 3 0.505821108818
79621 1 0.505400240421
13246 1 0.505386590958
53548 1 0.505318284035
76196 4 0.505137860775
90183 1 0.505124092102
5885 1 0.504584670067
64042 1 0.504330098629
46752 1 0.504187345505
66443 1 0.504121124744
82922 4 0.503776371479
1779 2 0.503711640835
77205 1 0.503328502178
4359 1 0.503066182137
55638 1 0.502852320671
12450 1 0.502509593964
32412 1 0.502157390118
50928 1 0.501761198044
54 1 0.501507341862
11051 2 0.501419842243
13541 1 0.501141250134
57706 1 0.501112639904
629 1 0.500763118267
41064 3 0.500418007374
44224 1 0.500328958035
33781 1 0.499838352203
79636 1 0.499738484621
58890 1 0.499647915363
17440 1 0.499375760555
40038 1 0.499117195606
42763 4 0.499049454927
13819 1 0.498803317547
3856 4 0.498694747686
32886 1 0.497985571623
16051 1 0.497832387686
47991 2 0.497181892395
42425 1 0.497121363878
76844 1 0.496999800205
3853 1 0.496915370226
79701 1 0.496346086264
37596 1 0.495794326067
31273 1 0.49546071887
34091 3 0.494904696941
12686 3 0.494714409113
57726 3 0.494487822056
90607 1 0.494446724653
36922 1 0.494245767593
57591 1 0.493792772293
10244 2 0.493790984154
2796 1 0.493708491325
90359 1 0.493400931358
7307 1 0.493304073811
60154 1 0.492735207081
51592 1 0.492494463921
37166 1 0.492233335972
42675 1 0.492040395737
1176 1 0.491619050503
88737 4 0.491427242756
58548 1 0.491167932749
47569 4 0.490128308535
89668 1 0.487137436867
23196 1 0.486080050468
9425 4 0.485267847776
53841 4 0.485117375851
73925 1 0.485005795956
8981 3 0.483915537596
79167 2 0.48295339942
65353 2 0.481837898493
14744 4 0.48171582818
15833 4 0.480774044991
67849 4 0.480673283339
19774 2 0.479797720909
2284 1 0.478992700577
57753 4 0.477656334639
89050 1 0.476808309555
17634 4 0.475382119417
47618 1 0.47458538413
2305 2 0.473348975182
59019 4 0.472671240568
62518 3 0.47226703167
10304 4 0.471710771322
39712 3 0.46994265914
27488 4 0.469730824232
8779 3 0.468538492918
9361 2 0.467575997114
25345 2 0.465101033449
10164 1 0.464937239885
50349 1 0.464926987886
7975 1 0.463221520185
55970 1 0.462698251009
69299 7 0.46240991354
89525 2 0.462122261524
476 2 0.460820257664
28001 2 0.4598480165
728 2 0.455367416143
56386 4 0.454285353422
10163 1 0.453341037035
40140 2 0.44382545352
65391 7 0.443090349436
73473 3 0.441509634256
25018 4 0.44095531106
1510 1 0.439921468496
12051 4 0.43693742156
30906 2 0.434237003326
22551 2 0.43228033185
34458 7 0.430613636971
41956 2 0.424763858318
2754 2 0.422752052546
78878 2 0.409532338381
90380 3 0.409264028072
64020 2 0.403503447771
73434 2 0.401066213846
91113 4 0.396791756153
13313 4 0.393860012293
67918 3 0.392426878214
18109 1 0.391951054335
47211 2 0.388162732124
54821 4 0.384007155895
51404 2 0.382916867733
83505 2 0.379350394011
4447 4 0.375161886215
57829 1 0.375095427036
7336 3 0.37484228611
73938 2 0.372366636992
4356 2 0.3717199862
60813 2 0.368500500917
43067 7 0.361811429262
4416 2 0.360279172659
34367 3 0.358222335577
33268 2 0.356325685978
50738 2 0.346587717533
58326 2 0.346210598946
26143 2 0.335480958223
55467 2 0.329494863749
72758 3 0.324900716543
57449 2 0.324165463448
52237 1 0.322833627462
74793 2 0.318001419306
56223 2 0.312601029873
79107 4 0.312169462442
654 2 0.310892879963
3117 2 0.304598867893
67934 2 0.304205536842
22774 2 0.251134067774
27668 6 0.243153914809
9510 6 0.233317375183
33207 6 0.21676453948
10181 2 0.200017333031
27125 2 0.196234151721
9814 2 0.186791107059
