1.0 0.0
0.0 0.0
0.5 0.000577367205543
0.333333333333 0.000577367205543
0.5 0.00115473441109
0.6 0.00173210161663
0.666666666667 0.00230946882217
0.714285714286 0.00288683602771
0.75 0.00346420323326
0.777777777778 0.0040415704388
0.8 0.00461893764434
0.818181818182 0.00519630484988
0.75 0.00519630484988
0.769230769231 0.00577367205543
0.714285714286 0.00577367205543
0.733333333333 0.00635103926097
0.75 0.00692840646651
0.764705882353 0.00750577367206
0.722222222222 0.00750577367206
0.736842105263 0.0080831408776
0.75 0.00866050808314
0.761904761905 0.00923787528868
0.772727272727 0.00981524249423
0.782608695652 0.0103926096998
0.791666666667 0.0109699769053
0.8 0.0115473441109
0.807692307692 0.0121247113164
0.814814814815 0.0127020785219
0.821428571429 0.0132794457275
0.827586206897 0.013856812933
0.833333333333 0.0144341801386
0.838709677419 0.0150115473441
0.84375 0.0155889145497
0.848484848485 0.0161662817552
0.852941176471 0.0167436489607
0.828571428571 0.0167436489607
0.833333333333 0.0173210161663
0.837837837838 0.0178983833718
0.842105263158 0.0184757505774
0.820512820513 0.0184757505774
0.825 0.0190531177829
0.829268292683 0.0196304849885
0.833333333333 0.020207852194
0.837209302326 0.0207852193995
0.818181818182 0.0207852193995
0.8 0.0207852193995
0.782608695652 0.0207852193995
0.787234042553 0.0213625866051
0.770833333333 0.0213625866051
0.755102040816 0.0213625866051
0.74 0.0213625866051
0.745098039216 0.0219399538106
0.75 0.0225173210162
0.754716981132 0.0230946882217
0.740740740741 0.0230946882217
0.745454545455 0.0236720554273
0.732142857143 0.0236720554273
0.719298245614 0.0236720554273
0.706896551724 0.0236720554273
0.694915254237 0.0236720554273
0.7 0.0242494226328
0.688524590164 0.0242494226328
0.677419354839 0.0242494226328
0.666666666667 0.0242494226328
0.671875 0.0248267898383
0.676923076923 0.0254041570439
0.666666666667 0.0254041570439
0.671641791045 0.0259815242494
0.676470588235 0.026558891455
0.68115942029 0.0271362586605
0.685714285714 0.0277136258661
0.69014084507 0.0282909930716
0.694444444444 0.0288683602771
0.698630136986 0.0294457274827
0.689189189189 0.0294457274827
0.693333333333 0.0300230946882
0.697368421053 0.0306004618938
0.688311688312 0.0306004618938
0.679487179487 0.0306004618938
0.670886075949 0.0306004618938
0.675 0.0311778290993
0.679012345679 0.0317551963048
0.682926829268 0.0323325635104
0.686746987952 0.0329099307159
0.678571428571 0.0329099307159
0.682352941176 0.0334872979215
0.674418604651 0.0334872979215
0.67816091954 0.034064665127
0.681818181818 0.0346420323326
0.674157303371 0.0346420323326
0.677777777778 0.0352193995381
0.681318681319 0.0357967667436
0.673913043478 0.0357967667436
0.666666666667 0.0357967667436
0.670212765957 0.0363741339492
0.673684210526 0.0369515011547
0.677083333333 0.0375288683603
0.670103092784 0.0375288683603
0.673469387755 0.0381062355658
0.676767676768 0.0386836027714
0.68 0.0392609699769
0.683168316832 0.0398383371824
0.686274509804 0.040415704388
0.68932038835 0.0409930715935
0.682692307692 0.0409930715935
0.685714285714 0.0415704387991
0.679245283019 0.0415704387991
0.672897196262 0.0415704387991
0.675925925926 0.0421478060046
0.669724770642 0.0421478060046
0.663636363636 0.0421478060046
0.666666666667 0.0427251732102
0.660714285714 0.0427251732102
0.654867256637 0.0427251732102
0.657894736842 0.0433025404157
0.660869565217 0.0438799076212
0.663793103448 0.0444572748268
0.65811965812 0.0444572748268
0.652542372881 0.0444572748268
0.647058823529 0.0444572748268
0.641666666667 0.0444572748268
0.636363636364 0.0444572748268
0.631147540984 0.0444572748268
0.634146341463 0.0450346420323
0.629032258065 0.0450346420323
0.632 0.0456120092379
0.626984126984 0.0456120092379
0.622047244094 0.0456120092379
0.625 0.0461893764434
0.627906976744 0.046766743649
0.623076923077 0.046766743649
0.618320610687 0.046766743649
0.621212121212 0.0473441108545
0.624060150376 0.04792147806
0.626865671642 0.0484988452656
0.622222222222 0.0484988452656
0.625 0.0490762124711
0.620437956204 0.0490762124711
0.615942028986 0.0490762124711
0.618705035971 0.0496535796767
0.614285714286 0.0496535796767
0.609929078014 0.0496535796767
0.605633802817 0.0496535796767
0.601398601399 0.0496535796767
0.604166666667 0.0502309468822
0.606896551724 0.0508083140878
0.602739726027 0.0508083140878
0.598639455782 0.0508083140878
0.601351351351 0.0513856812933
0.597315436242 0.0513856812933
0.6 0.0519630484988
0.596026490066 0.0519630484988
0.598684210526 0.0525404157044
0.601307189542 0.0531177829099
0.597402597403 0.0531177829099
0.6 0.0536951501155
0.602564102564 0.054272517321
0.605095541401 0.0548498845266
0.601265822785 0.0548498845266
0.603773584906 0.0554272517321
0.60625 0.0560046189376
0.60248447205 0.0560046189376
0.604938271605 0.0565819861432
0.601226993865 0.0565819861432
0.59756097561 0.0565819861432
0.593939393939 0.0565819861432
0.590361445783 0.0565819861432
0.592814371257 0.0571593533487
0.589285714286 0.0571593533487
0.585798816568 0.0571593533487
0.582352941176 0.0571593533487
0.578947368421 0.0571593533487
0.575581395349 0.0571593533487
0.57225433526 0.0571593533487
0.568965517241 0.0571593533487
0.571428571429 0.0577367205543
0.568181818182 0.0577367205543
0.564971751412 0.0577367205543
0.567415730337 0.0583140877598
0.569832402235 0.0588914549654
0.572222222222 0.0594688221709
0.574585635359 0.0600461893764
0.576923076923 0.060623556582
0.579234972678 0.0612009237875
0.576086956522 0.0612009237875
0.572972972973 0.0612009237875
0.569892473118 0.0612009237875
0.566844919786 0.0612009237875
0.56914893617 0.0617782909931
0.571428571429 0.0623556581986
0.573684210526 0.0629330254042
0.570680628272 0.0629330254042
0.567708333333 0.0629330254042
0.564766839378 0.0629330254042
0.561855670103 0.0629330254042
0.558974358974 0.0629330254042
0.55612244898 0.0629330254042
0.558375634518 0.0635103926097
0.560606060606 0.0640877598152
0.557788944724 0.0640877598152
0.555 0.0640877598152
0.557213930348 0.0646651270208
0.559405940594 0.0652424942263
0.56157635468 0.0658198614319
0.558823529412 0.0658198614319
0.556097560976 0.0658198614319
0.553398058252 0.0658198614319
0.550724637681 0.0658198614319
0.548076923077 0.0658198614319
0.55023923445 0.0663972286374
0.547619047619 0.0663972286374
0.545023696682 0.0663972286374
0.547169811321 0.066974595843
0.549295774648 0.0675519630485
0.546728971963 0.0675519630485
0.544186046512 0.0675519630485
0.541666666667 0.0675519630485
0.543778801843 0.068129330254
0.54128440367 0.068129330254
0.543378995434 0.0687066974596
0.545454545455 0.0692840646651
0.547511312217 0.0698614318707
0.545045045045 0.0698614318707
0.547085201794 0.0704387990762
0.549107142857 0.0710161662818
0.551111111111 0.0715935334873
0.553097345133 0.0721709006928
0.550660792952 0.0721709006928
0.548245614035 0.0721709006928
0.545851528384 0.0721709006928
0.54347826087 0.0721709006928
0.545454545455 0.0727482678984
0.547413793103 0.0733256351039
0.545064377682 0.0733256351039
0.547008547009 0.0739030023095
0.544680851064 0.0739030023095
0.542372881356 0.0739030023095
0.544303797468 0.074480369515
0.542016806723 0.074480369515
0.539748953975 0.074480369515
0.541666666667 0.0750577367206
0.539419087137 0.0750577367206
0.54132231405 0.0756351039261
0.543209876543 0.0762124711316
0.540983606557 0.0762124711316
0.538775510204 0.0762124711316
0.536585365854 0.0762124711316
0.534412955466 0.0762124711316
0.536290322581 0.0767898383372
0.538152610442 0.0773672055427
0.536 0.0773672055427
0.537848605578 0.0779445727483
0.535714285714 0.0779445727483
0.537549407115 0.0785219399538
0.535433070866 0.0785219399538
0.537254901961 0.0790993071594
0.5390625 0.0796766743649
0.540856031128 0.0802540415704
0.542635658915 0.080831408776
0.544401544402 0.0814087759815
0.546153846154 0.0819861431871
0.547892720307 0.0825635103926
0.549618320611 0.0831408775982
0.551330798479 0.0837182448037
0.549242424242 0.0837182448037
0.547169811321 0.0837182448037
0.545112781955 0.0837182448037
0.546816479401 0.0842956120092
0.548507462687 0.0848729792148
0.550185873606 0.0854503464203
0.548148148148 0.0854503464203
0.546125461255 0.0854503464203
0.544117647059 0.0854503464203
0.542124542125 0.0854503464203
0.543795620438 0.0860277136259
0.545454545455 0.0866050808314
0.54347826087 0.0866050808314
0.541516245487 0.0866050808314
0.543165467626 0.087182448037
0.544802867384 0.0877598152425
0.542857142857 0.0877598152425
0.540925266904 0.0877598152425
0.542553191489 0.088337182448
0.540636042403 0.088337182448
0.538732394366 0.088337182448
0.536842105263 0.088337182448
0.534965034965 0.088337182448
0.533101045296 0.088337182448
0.53125 0.088337182448
0.529411764706 0.088337182448
0.527586206897 0.088337182448
0.529209621993 0.0889145496536
0.530821917808 0.0894919168591
0.529010238908 0.0894919168591
0.527210884354 0.0894919168591
0.525423728814 0.0894919168591
0.523648648649 0.0894919168591
0.521885521886 0.0894919168591
0.520134228188 0.0894919168591
0.521739130435 0.0900692840647
0.523333333333 0.0906466512702
0.521594684385 0.0906466512702
0.519867549669 0.0906466512702
0.518151815182 0.0906466512702
0.519736842105 0.0912240184758
0.52131147541 0.0918013856813
0.519607843137 0.0918013856813
0.517915309446 0.0918013856813
0.516233766234 0.0918013856813
0.514563106796 0.0918013856813
0.512903225806 0.0918013856813
0.514469453376 0.0923787528868
0.516025641026 0.0929561200924
0.517571884984 0.0935334872979
0.515923566879 0.0935334872979
0.514285714286 0.0935334872979
0.512658227848 0.0935334872979
0.511041009464 0.0935334872979
0.509433962264 0.0935334872979
0.507836990596 0.0935334872979
0.50625 0.0935334872979
0.504672897196 0.0935334872979
0.506211180124 0.0941108545035
0.50773993808 0.094688221709
0.506172839506 0.094688221709
0.507692307692 0.0952655889145
0.509202453988 0.0958429561201
0.507645259939 0.0958429561201
0.506097560976 0.0958429561201
0.507598784195 0.0964203233256
0.509090909091 0.0969976905312
0.507552870091 0.0969976905312
0.506024096386 0.0969976905312
0.504504504505 0.0969976905312
0.502994011976 0.0969976905312
0.50447761194 0.0975750577367
0.502976190476 0.0975750577367
0.501483679525 0.0975750577367
0.5 0.0975750577367
0.501474926254 0.0981524249423
0.502941176471 0.0987297921478
0.504398826979 0.0993071593533
0.505847953216 0.0998845265589
0.507288629738 0.100461893764
0.505813953488 0.100461893764
0.504347826087 0.100461893764
0.505780346821 0.10103926097
0.504322766571 0.10103926097
0.502873563218 0.10103926097
0.504297994269 0.101616628176
0.502857142857 0.101616628176
0.504273504274 0.102193995381
0.502840909091 0.102193995381
0.504249291785 0.102771362587
0.502824858757 0.102771362587
0.504225352113 0.103348729792
0.505617977528 0.103926096998
0.50700280112 0.104503464203
0.508379888268 0.105080831409
0.506963788301 0.105080831409
0.508333333333 0.105658198614
0.509695290859 0.10623556582
0.508287292818 0.10623556582
0.506887052342 0.10623556582
0.508241758242 0.106812933025
0.506849315068 0.106812933025
0.508196721311 0.107390300231
0.506811989101 0.107390300231
0.505434782609 0.107390300231
0.50406504065 0.107390300231
0.505405405405 0.107967667436
0.504043126685 0.107967667436
0.505376344086 0.108545034642
0.506702412869 0.109122401848
0.505347593583 0.109122401848
0.504 0.109122401848
0.502659574468 0.109122401848
0.501326259947 0.109122401848
0.5 0.109122401848
0.501319261214 0.109699769053
0.502631578947 0.110277136259
0.501312335958 0.110277136259
0.5 0.110277136259
0.501305483029 0.110854503464
0.5 0.110854503464
0.501298701299 0.11143187067
0.502590673575 0.112009237875
0.501291989664 0.112009237875
0.502577319588 0.112586605081
0.501285347044 0.112586605081
0.5 0.112586605081
0.498721227621 0.112586605081
0.497448979592 0.112586605081
0.496183206107 0.112586605081
0.494923857868 0.112586605081
0.496202531646 0.113163972286
0.494949494949 0.113163972286
0.493702770781 0.113163972286
0.494974874372 0.113741339492
0.49373433584 0.113741339492
0.495 0.114318706697
0.493765586035 0.114318706697
0.492537313433 0.114318706697
0.491315136476 0.114318706697
0.492574257426 0.114896073903
0.493827160494 0.115473441109
0.492610837438 0.115473441109
0.493857493857 0.116050808314
0.492647058824 0.116050808314
0.491442542787 0.116050808314
0.492682926829 0.11662817552
0.491484184915 0.11662817552
0.490291262136 0.11662817552
0.491525423729 0.117205542725
0.490338164251 0.117205542725
0.49156626506 0.117782909931
0.490384615385 0.117782909931
0.491606714628 0.118360277136
0.49043062201 0.118360277136
0.491646778043 0.118937644342
0.492857142857 0.119515011547
0.49406175772 0.120092378753
0.492890995261 0.120092378753
0.494089834515 0.120669745958
0.495283018868 0.121247113164
0.494117647059 0.121247113164
0.492957746479 0.121247113164
0.494145199063 0.12182448037
0.492990654206 0.12182448037
0.491841491841 0.12182448037
0.490697674419 0.12182448037
0.489559164733 0.12182448037
0.488425925926 0.12182448037
0.487297921478 0.12182448037
0.486175115207 0.12182448037
0.485057471264 0.12182448037
0.48623853211 0.122401847575
0.485125858124 0.122401847575
0.48401826484 0.122401847575
0.48291571754 0.122401847575
0.481818181818 0.122401847575
0.482993197279 0.122979214781
0.484162895928 0.123556581986
0.483069977427 0.123556581986
0.481981981982 0.123556581986
0.480898876404 0.123556581986
0.482062780269 0.124133949192
0.480984340045 0.124133949192
0.479910714286 0.124133949192
0.481069042316 0.124711316397
0.48 0.124711316397
0.481152993348 0.125288683603
0.480088495575 0.125288683603
0.479028697572 0.125288683603
0.480176211454 0.125866050808
0.481318681319 0.126443418014
0.482456140351 0.127020785219
0.481400437637 0.127020785219
0.480349344978 0.127020785219
0.479302832244 0.127020785219
0.478260869565 0.127020785219
0.477223427332 0.127020785219
0.478354978355 0.127598152425
0.479481641469 0.12817551963
0.478448275862 0.12817551963
0.479569892473 0.128752886836
0.480686695279 0.129330254042
0.481798715203 0.129907621247
0.480769230769 0.129907621247
0.479744136461 0.129907621247
0.48085106383 0.130484988453
0.47983014862 0.130484988453
0.48093220339 0.131062355658
0.482029598309 0.131639722864
0.481012658228 0.131639722864
0.48 0.131639722864
0.478991596639 0.131639722864
0.477987421384 0.131639722864
0.479079497908 0.132217090069
0.480167014614 0.132794457275
0.479166666667 0.132794457275
0.47817047817 0.132794457275
0.477178423237 0.132794457275
0.478260869565 0.13337182448
0.477272727273 0.13337182448
0.476288659794 0.13337182448
0.477366255144 0.133949191686
0.478439425051 0.134526558891
0.477459016393 0.134526558891
0.478527607362 0.135103926097
0.479591836735 0.135681293303
0.480651731161 0.136258660508
0.479674796748 0.136258660508
0.480730223124 0.136836027714
0.481781376518 0.137413394919
0.480808080808 0.137413394919
0.479838709677 0.137413394919
0.478873239437 0.137413394919
0.477911646586 0.137413394919
0.476953907816 0.137413394919
0.478 0.137990762125
0.477045908184 0.137990762125
0.47609561753 0.137990762125
0.475149105368 0.137990762125
0.47619047619 0.13856812933
0.475247524752 0.13856812933
0.47628458498 0.139145496536
0.475345167653 0.139145496536
0.474409448819 0.139145496536
0.475442043222 0.139722863741
0.474509803922 0.139722863741
0.473581213307 0.139722863741
0.47265625 0.139722863741
0.473684210526 0.140300230947
0.472762645914 0.140300230947
0.471844660194 0.140300230947
0.470930232558 0.140300230947
0.47001934236 0.140300230947
0.469111969112 0.140300230947
0.468208092486 0.140300230947
0.467307692308 0.140300230947
0.468330134357 0.140877598152
0.469348659004 0.141454965358
0.46845124283 0.141454965358
0.467557251908 0.141454965358
0.466666666667 0.141454965358
0.465779467681 0.141454965358
0.464895635674 0.141454965358
0.465909090909 0.142032332564
0.466918714556 0.142609699769
0.467924528302 0.143187066975
0.468926553672 0.14376443418
0.468045112782 0.14376443418
0.46904315197 0.144341801386
0.468164794007 0.144341801386
0.469158878505 0.144919168591
0.470149253731 0.145496535797
0.469273743017 0.145496535797
0.468401486989 0.145496535797
0.467532467532 0.145496535797
0.466666666667 0.145496535797
0.465804066543 0.145496535797
0.466789667897 0.146073903002
0.465930018416 0.146073903002
0.466911764706 0.146651270208
0.467889908257 0.147228637413
0.467032967033 0.147228637413
0.468007312614 0.147806004619
0.467153284672 0.147806004619
0.466302367942 0.147806004619
0.467272727273 0.148383371824
0.466424682396 0.148383371824
0.465579710145 0.148383371824
0.466546112116 0.14896073903
0.465703971119 0.14896073903
0.464864864865 0.14896073903
0.464028776978 0.14896073903
0.463195691203 0.14896073903
0.462365591398 0.14896073903
0.463327370304 0.149538106236
0.4625 0.149538106236
0.461675579323 0.149538106236
0.460854092527 0.149538106236
0.460035523979 0.149538106236
0.459219858156 0.149538106236
0.46017699115 0.150115473441
0.461130742049 0.150692840647
0.460317460317 0.150692840647
0.461267605634 0.151270207852
0.460456942004 0.151270207852
0.461403508772 0.151847575058
0.460595446585 0.151847575058
0.45979020979 0.151847575058
0.458987783595 0.151847575058
0.45818815331 0.151847575058
0.459130434783 0.152424942263
0.460069444444 0.153002309469
0.459272097054 0.153002309469
0.460207612457 0.153579676674
0.459412780656 0.153579676674
0.458620689655 0.153579676674
0.459552495697 0.15415704388
0.458762886598 0.15415704388
0.457975986278 0.15415704388
0.457191780822 0.15415704388
0.45641025641 0.15415704388
0.455631399317 0.15415704388
0.454855195911 0.15415704388
0.454081632653 0.15415704388
0.455008488964 0.154734411085
0.454237288136 0.154734411085
0.453468697124 0.154734411085
0.454391891892 0.155311778291
0.455311973019 0.155889145497
0.456228956229 0.156466512702
0.457142857143 0.157043879908
0.456375838926 0.157043879908
0.455611390285 0.157043879908
0.454849498328 0.157043879908
0.455759599332 0.157621247113
0.455 0.157621247113
0.454242928453 0.157621247113
0.453488372093 0.157621247113
0.454394693201 0.158198614319
0.453642384106 0.158198614319
0.452892561983 0.158198614319
0.453795379538 0.158775981524
0.453047775947 0.158775981524
0.453947368421 0.15935334873
0.454844006568 0.159930715935
0.454098360656 0.159930715935
0.453355155483 0.159930715935
0.454248366013 0.160508083141
0.455138662316 0.161085450346
0.454397394137 0.161085450346
0.453658536585 0.161085450346
0.454545454545 0.161662817552
0.453808752026 0.161662817552
0.453074433657 0.161662817552
0.453957996769 0.162240184758
0.454838709677 0.162817551963
0.455716586151 0.163394919169
0.45498392283 0.163394919169
0.454253611557 0.163394919169
0.453525641026 0.163394919169
0.4528 0.163394919169
0.452076677316 0.163394919169
0.451355661882 0.163394919169
0.450636942675 0.163394919169
0.451510333863 0.163972286374
0.450793650794 0.163972286374
0.450079239303 0.163972286374
0.449367088608 0.163972286374
0.448657187994 0.163972286374
0.447949526814 0.163972286374
0.448818897638 0.16454965358
0.448113207547 0.16454965358
0.448979591837 0.165127020785
0.449843260188 0.165704387991
0.449139280125 0.165704387991
0.45 0.166281755196
0.450858034321 0.166859122402
0.45015576324 0.166859122402
0.45101088647 0.167436489607
0.451863354037 0.168013856813
0.452713178295 0.168591224018
0.452012383901 0.168591224018
0.451313755796 0.168591224018
0.452160493827 0.169168591224
0.453004622496 0.16974595843
0.452307692308 0.16974595843
0.451612903226 0.16974595843
0.450920245399 0.16974595843
0.450229709035 0.16974595843
0.451070336391 0.170323325635
0.450381679389 0.170323325635
0.449695121951 0.170323325635
0.44901065449 0.170323325635
0.449848024316 0.170900692841
0.449165402124 0.170900692841
0.448484848485 0.170900692841
0.447806354009 0.170900692841
0.447129909366 0.170900692841
0.447963800905 0.171478060046
0.447289156627 0.171478060046
0.446616541353 0.171478060046
0.445945945946 0.171478060046
0.446776611694 0.172055427252
0.446107784431 0.172055427252
0.446935724963 0.172632794457
0.446268656716 0.172632794457
0.445603576751 0.172632794457
0.44494047619 0.172632794457
0.444279346211 0.172632794457
0.443620178042 0.172632794457
0.442962962963 0.172632794457
0.443786982249 0.173210161663
0.443131462334 0.173210161663
0.442477876106 0.173210161663
0.441826215022 0.173210161663
0.442647058824 0.173787528868
0.443465491924 0.174364896074
0.444281524927 0.174942263279
0.443631039531 0.174942263279
0.444444444444 0.175519630485
0.445255474453 0.176096997691
0.444606413994 0.176096997691
0.443959243086 0.176096997691
0.44476744186 0.176674364896
0.44412191582 0.176674364896
0.44347826087 0.176674364896
0.442836468886 0.176674364896
0.442196531792 0.176674364896
0.443001443001 0.177251732102
0.442363112392 0.177251732102
0.441726618705 0.177251732102
0.441091954023 0.177251732102
0.440459110473 0.177251732102
0.439828080229 0.177251732102
0.440629470672 0.177829099307
0.44 0.177829099307
0.440798858773 0.178406466513
0.441595441595 0.178983833718
0.440967283073 0.178983833718
0.441761363636 0.179561200924
0.441134751773 0.179561200924
0.441926345609 0.180138568129
0.441301272984 0.180138568129
0.44209039548 0.180715935335
0.442877291961 0.18129330254
0.443661971831 0.181870669746
0.443037974684 0.181870669746
0.443820224719 0.182448036952
0.443197755961 0.182448036952
0.442577030812 0.182448036952
0.443356643357 0.183025404157
0.444134078212 0.183602771363
0.444909344491 0.184180138568
0.445682451253 0.184757505774
0.445062586926 0.184757505774
0.444444444444 0.184757505774
0.445214979196 0.185334872979
0.44459833795 0.185334872979
0.44398340249 0.185334872979
0.443370165746 0.185334872979
0.444137931034 0.185912240185
0.443526170799 0.185912240185
0.442916093535 0.185912240185
0.443681318681 0.18648960739
0.444444444444 0.187066974596
0.443835616438 0.187066974596
0.444596443228 0.187644341801
0.443989071038 0.187644341801
0.444747612551 0.188221709007
0.444141689373 0.188221709007
0.443537414966 0.188221709007
0.442934782609 0.188221709007
0.44369063772 0.188799076212
0.443089430894 0.188799076212
0.443843031123 0.189376443418
0.443243243243 0.189376443418
0.443994601889 0.189953810624
0.44474393531 0.190531177829
0.445491251682 0.191108545035
0.444892473118 0.191108545035
0.445637583893 0.19168591224
0.445040214477 0.19168591224
0.444444444444 0.19168591224
0.44385026738 0.19168591224
0.443257676903 0.19168591224
0.444 0.192263279446
0.443408788282 0.192263279446
0.442819148936 0.192263279446
0.442231075697 0.192263279446
0.442970822281 0.192840646651
0.44238410596 0.192840646651
0.441798941799 0.192840646651
0.441215323646 0.192840646651
0.440633245383 0.192840646651
0.441370223979 0.193418013857
0.440789473684 0.193418013857
0.440210249671 0.193418013857
0.439632545932 0.193418013857
0.439056356488 0.193418013857
0.438481675393 0.193418013857
0.437908496732 0.193418013857
0.43864229765 0.193995381062
0.438070404172 0.193995381062
0.4375 0.193995381062
0.438231469441 0.194572748268
0.437662337662 0.194572748268
0.437094682231 0.194572748268
0.436528497409 0.194572748268
0.43596377749 0.194572748268
0.435400516796 0.194572748268
0.434838709677 0.194572748268
0.434278350515 0.194572748268
0.435006435006 0.195150115473
0.434447300771 0.195150115473
0.433889602054 0.195150115473
0.433333333333 0.195150115473
0.432778489117 0.195150115473
0.432225063939 0.195150115473
0.432950191571 0.195727482679
0.433673469388 0.196304849885
0.434394904459 0.19688221709
0.435114503817 0.197459584296
0.434561626429 0.197459584296
0.434010152284 0.197459584296
0.433460076046 0.197459584296
0.43417721519 0.198036951501
0.434892541087 0.198614318707
0.435606060606 0.199191685912
0.435056746532 0.199191685912
0.435768261965 0.199769053118
0.435220125786 0.199769053118
0.434673366834 0.199769053118
0.434127979925 0.199769053118
0.4335839599 0.199769053118
0.433041301627 0.199769053118
0.4325 0.199769053118
0.433208489388 0.200346420323
0.43391521197 0.200923787529
0.434620174346 0.201501154734
0.43407960199 0.201501154734
0.433540372671 0.201501154734
0.43300248139 0.201501154734
0.432465923172 0.201501154734
0.431930693069 0.201501154734
0.432632880099 0.20207852194
0.433333333333 0.202655889145
0.432799013564 0.202655889145
0.432266009852 0.202655889145
0.432964329643 0.203233256351
0.433660933661 0.203810623557
0.433128834356 0.203810623557
0.433823529412 0.204387990762
0.43329253366 0.204387990762
0.432762836186 0.204387990762
0.433455433455 0.204965357968
0.432926829268 0.204965357968
0.432399512789 0.204965357968
0.431873479319 0.204965357968
0.43134872418 0.204965357968
0.432038834951 0.205542725173
0.431515151515 0.205542725173
0.432203389831 0.206120092379
0.431680773881 0.206120092379
0.43115942029 0.206120092379
0.430639324487 0.206120092379
0.430120481928 0.206120092379
0.430806257521 0.206697459584
0.431490384615 0.20727482679
0.430972388956 0.20727482679
0.430455635492 0.20727482679
0.42994011976 0.20727482679
0.430622009569 0.207852193995
0.430107526882 0.207852193995
0.429594272076 0.207852193995
0.430274135876 0.208429561201
0.429761904762 0.208429561201
0.429250891795 0.208429561201
0.428741092637 0.208429561201
0.428232502966 0.208429561201
0.427725118483 0.208429561201
0.427218934911 0.208429561201
0.427895981087 0.209006928406
0.428571428571 0.209584295612
0.428066037736 0.209584295612
0.427561837456 0.209584295612
0.427058823529 0.209584295612
0.427732079906 0.210161662818
0.427230046948 0.210161662818
0.42672919109 0.210161662818
0.426229508197 0.210161662818
0.425730994152 0.210161662818
0.42523364486 0.210161662818
0.424737456243 0.210161662818
0.425407925408 0.210739030023
0.424912689173 0.210739030023
0.425581395349 0.211316397229
0.425087108014 0.211316397229
0.424593967517 0.211316397229
0.424101969873 0.211316397229
0.423611111111 0.211316397229
0.423121387283 0.211316397229
0.422632794457 0.211316397229
0.423298731257 0.211893764434
0.423963133641 0.21247113164
0.423475258918 0.21247113164
0.422988505747 0.21247113164
0.422502870264 0.21247113164
0.422018348624 0.21247113164
0.421534936999 0.21247113164
0.422196796339 0.213048498845
0.422857142857 0.213625866051
0.423515981735 0.214203233256
0.42417331813 0.214780600462
0.423690205011 0.214780600462
0.423208191126 0.214780600462
0.422727272727 0.214780600462
0.423382519864 0.215357967667
0.424036281179 0.215935334873
0.42355605889 0.215935334873
0.424208144796 0.216512702079
0.424858757062 0.217090069284
0.424379232506 0.217090069284
0.423900789177 0.217090069284
0.42454954955 0.21766743649
0.424071991001 0.21766743649
0.423595505618 0.21766743649
0.423120089787 0.21766743649
0.42264573991 0.21766743649
0.422172452408 0.21766743649
0.421700223714 0.21766743649
0.421229050279 0.21766743649
0.420758928571 0.21766743649
0.420289855072 0.21766743649
0.419821826281 0.21766743649
0.420467185762 0.218244803695
0.42 0.218244803695
0.419533851276 0.218244803695
0.419068736142 0.218244803695
0.418604651163 0.218244803695
0.41814159292 0.218244803695
0.418784530387 0.218822170901
0.418322295806 0.218822170901
0.417861080485 0.218822170901
0.417400881057 0.218822170901
0.416941694169 0.218822170901
0.417582417582 0.219399538106
0.418221734358 0.219976905312
0.417763157895 0.219976905312
0.41730558598 0.219976905312
0.416849015317 0.219976905312
0.416393442623 0.219976905312
0.415938864629 0.219976905312
0.415485278081 0.219976905312
0.416122004357 0.220554272517
0.415669205658 0.220554272517
0.415217391304 0.220554272517
0.414766558089 0.220554272517
0.415401301518 0.221131639723
0.414951245937 0.221131639723
0.414502164502 0.221131639723
0.415135135135 0.221709006928
0.415766738661 0.222286374134
0.415318230852 0.222286374134
0.414870689655 0.222286374134
0.414424111948 0.222286374134
0.413978494624 0.222286374134
0.414607948443 0.222863741339
0.415236051502 0.223441108545
0.414790996785 0.223441108545
0.414346895075 0.223441108545
0.413903743316 0.223441108545
0.413461538462 0.223441108545
0.413020277481 0.223441108545
0.412579957356 0.223441108545
0.41214057508 0.223441108545
0.412765957447 0.224018475751
0.412327311371 0.224018475751
0.411889596603 0.224018475751
0.41145281018 0.224018475751
0.411016949153 0.224018475751
0.410582010582 0.224018475751
0.411205073996 0.224595842956
0.410770855333 0.224595842956
0.410337552743 0.224595842956
0.40990516333 0.224595842956
0.409473684211 0.224595842956
0.410094637224 0.225173210162
0.409663865546 0.225173210162
0.410283315845 0.225750577367
0.409853249476 0.225750577367
0.410471204188 0.226327944573
0.410041841004 0.226327944573
0.409613375131 0.226327944573
0.410229645094 0.226905311778
0.410844629823 0.227482678984
0.411458333333 0.228060046189
0.412070759625 0.228637413395
0.412681912682 0.2292147806
0.41225337487 0.2292147806
0.411825726141 0.2292147806
0.412435233161 0.229792147806
0.412008281573 0.229792147806
0.41158221303 0.229792147806
0.411157024793 0.229792147806
0.410732714138 0.229792147806
0.410309278351 0.229792147806
0.409886714727 0.229792147806
0.409465020576 0.229792147806
0.409044193217 0.229792147806
0.408624229979 0.229792147806
0.408205128205 0.229792147806
0.407786885246 0.229792147806
0.407369498465 0.229792147806
0.407975460123 0.230369515012
0.407558733401 0.230369515012
0.407142857143 0.230369515012
0.406727828746 0.230369515012
0.406313645621 0.230369515012
0.405900305188 0.230369515012
0.405487804878 0.230369515012
0.405076142132 0.230369515012
0.404665314402 0.230369515012
0.405268490375 0.230946882217
0.405870445344 0.231524249423
0.405460060667 0.231524249423
0.406060606061 0.232101616628
0.405650857719 0.232101616628
0.405241935484 0.232101616628
0.405840886203 0.232678983834
0.405432595573 0.232678983834
0.406030150754 0.233256351039
0.40562248996 0.233256351039
0.405215646941 0.233256351039
0.404809619238 0.233256351039
0.405405405405 0.233833718245
0.406 0.23441108545
0.406593406593 0.234988452656
0.40618762475 0.234988452656
0.405782652044 0.234988452656
0.406374501992 0.235565819861
0.406965174129 0.236143187067
0.406560636183 0.236143187067
0.406156901688 0.236143187067
0.405753968254 0.236143187067
0.405351833499 0.236143187067
0.40495049505 0.236143187067
0.404549950544 0.236143187067
0.404150197628 0.236143187067
0.403751233959 0.236143187067
0.403353057199 0.236143187067
0.402955665025 0.236143187067
0.402559055118 0.236143187067
0.403146509341 0.236720554273
0.402750491159 0.236720554273
0.402355250245 0.236720554273
0.401960784314 0.236720554273
0.401567091087 0.236720554273
0.402152641879 0.237297921478
0.401759530792 0.237297921478
0.4013671875 0.237297921478
0.400975609756 0.237297921478
0.400584795322 0.237297921478
0.400194741967 0.237297921478
0.399805447471 0.237297921478
0.399416909621 0.237297921478
0.399029126214 0.237297921478
0.398642095053 0.237297921478
0.398255813953 0.237297921478
0.398838334947 0.237875288684
0.398452611219 0.237875288684
0.399033816425 0.238452655889
0.398648648649 0.238452655889
0.399228543877 0.239030023095
0.398843930636 0.239030023095
0.398460057748 0.239030023095
0.398076923077 0.239030023095
0.398655139289 0.2396073903
0.398272552783 0.2396073903
0.397890699904 0.2396073903
0.397509578544 0.2396073903
0.398086124402 0.240184757506
0.397705544933 0.240184757506
0.397325692455 0.240184757506
0.397900763359 0.240762124711
0.397521448999 0.240762124711
0.397142857143 0.240762124711
0.396764985728 0.240762124711
0.3963878327 0.240762124711
0.396011396011 0.240762124711
0.396584440228 0.241339491917
0.396208530806 0.241339491917
0.39678030303 0.241916859122
0.396404919584 0.241916859122
0.396030245747 0.241916859122
0.395656279509 0.241916859122
0.395283018868 0.241916859122
0.394910461828 0.241916859122
0.395480225989 0.242494226328
0.395108184384 0.242494226328
0.394736842105 0.242494226328
0.394366197183 0.242494226328
0.394934333959 0.243071593533
0.395501405811 0.243648960739
0.395131086142 0.243648960739
0.394761459308 0.243648960739
0.394392523364 0.243648960739
0.394024276377 0.243648960739
0.394589552239 0.244226327945
0.394221808015 0.244226327945
0.393854748603 0.244226327945
0.393488372093 0.244226327945
0.39405204461 0.24480369515
0.393686165274 0.24480369515
0.39332096475 0.24480369515
0.392956441149 0.24480369515
0.393518518519 0.245381062356
0.393154486586 0.245381062356
0.393715341959 0.245958429561
0.394275161588 0.246535796767
0.393911439114 0.246535796767
0.393548387097 0.246535796767
0.393186003683 0.246535796767
0.392824287029 0.246535796767
0.393382352941 0.247113163972
0.393939393939 0.247690531178
0.394495412844 0.248267898383
0.395050412466 0.248845265589
0.394688644689 0.248845265589
0.394327538884 0.248845265589
0.394881170018 0.249422632794
0.395433789954 0.25
0.395072992701 0.25
0.394712853236 0.25
0.395264116576 0.250577367206
0.394904458599 0.250577367206
0.394545454545 0.250577367206
0.394187102634 0.250577367206
0.393829401089 0.250577367206
0.393472348141 0.250577367206
0.393115942029 0.250577367206
0.392760180995 0.250577367206
0.392405063291 0.250577367206
0.392953929539 0.251154734411
0.392599277978 0.251154734411
0.392245266005 0.251154734411
0.391891891892 0.251154734411
0.391539153915 0.251154734411
0.39118705036 0.251154734411
0.390835579515 0.251154734411
0.390484739677 0.251154734411
0.390134529148 0.251154734411
0.390681003584 0.251732101617
0.390331244405 0.251732101617
0.389982110912 0.251732101617
0.38963360143 0.251732101617
0.389285714286 0.251732101617
0.389830508475 0.252309468822
0.389483065954 0.252309468822
0.389136242208 0.252309468822
0.388790035587 0.252309468822
0.389333333333 0.252886836028
0.388987566607 0.252886836028
0.388642413487 0.252886836028
0.38829787234 0.252886836028
0.387953941541 0.252886836028
0.387610619469 0.252886836028
0.388152077807 0.253464203233
0.387809187279 0.253464203233
0.38746690203 0.253464203233
0.387125220459 0.253464203233
0.386784140969 0.253464203233
0.387323943662 0.254041570439
0.386983289358 0.254041570439
0.386643233743 0.254041570439
0.387181738367 0.254618937644
0.386842105263 0.254618937644
0.386503067485 0.254618937644
0.386164623468 0.254618937644
0.385826771654 0.254618937644
0.38548951049 0.254618937644
0.385152838428 0.254618937644
0.384816753927 0.254618937644
0.384481255449 0.254618937644
0.384146341463 0.254618937644
0.383812010444 0.254618937644
0.38347826087 0.254618937644
0.383145091225 0.254618937644
0.383680555556 0.25519630485
0.383347788378 0.25519630485
0.38301559792 0.25519630485
0.382683982684 0.25519630485
0.382352941176 0.25519630485
0.38202247191 0.25519630485
0.381692573402 0.25519630485
0.381363244176 0.25519630485
0.381034482759 0.25519630485
0.380706287683 0.25519630485
0.380378657487 0.25519630485
0.380051590714 0.25519630485
0.379725085911 0.25519630485
0.379399141631 0.25519630485
0.379931389365 0.255773672055
0.379605826907 0.255773672055
0.379280821918 0.255773672055
0.379811804962 0.256351039261
0.379487179487 0.256351039261
0.379163108454 0.256351039261
0.379692832765 0.256928406467
0.37936913896 0.256928406467
0.379045996593 0.256928406467
0.378723404255 0.256928406467
0.378401360544 0.256928406467
0.378079864061 0.256928406467
0.377758913413 0.256928406467
0.377438507209 0.256928406467
0.377118644068 0.256928406467
0.376799322608 0.256928406467
0.376480541455 0.256928406467
0.376162299239 0.256928406467
0.375844594595 0.256928406467
0.37552742616 0.256928406467
0.37521079258 0.256928406467
0.374894692502 0.256928406467
0.374579124579 0.256928406467
0.374264087468 0.256928406467
0.373949579832 0.256928406467
0.373635600336 0.256928406467
0.373322147651 0.256928406467
0.37384744342 0.257505773672
0.373534338358 0.257505773672
0.373221757322 0.257505773672
0.372909698997 0.257505773672
0.372598162072 0.257505773672
0.372287145242 0.257505773672
0.371976647206 0.257505773672
0.371666666667 0.257505773672
0.371357202331 0.257505773672
0.371048252912 0.257505773672
0.370739817124 0.257505773672
0.370431893688 0.257505773672
0.370124481328 0.257505773672
0.369817578773 0.257505773672
0.369511184756 0.257505773672
0.369205298013 0.257505773672
0.368899917287 0.257505773672
0.369421487603 0.258083140878
0.3691164327 0.258083140878
0.368811881188 0.258083140878
0.368507831822 0.258083140878
0.368204283361 0.258083140878
0.367901234568 0.258083140878
0.368421052632 0.258660508083
0.368940016434 0.259237875289
0.369458128079 0.259815242494
0.369155045119 0.259815242494
0.369672131148 0.2603926097
0.369369369369 0.2603926097
0.36906710311 0.2603926097
0.368765331153 0.2603926097
0.368464052288 0.2603926097
0.368163265306 0.2603926097
0.36867862969 0.260969976905
0.369193154034 0.261547344111
0.368892508143 0.261547344111
0.369406021155 0.262124711316
0.369105691057 0.262124711316
0.369618196588 0.262702078522
0.369318181818 0.262702078522
0.36901865369 0.262702078522
0.369529983793 0.263279445727
0.369230769231 0.263279445727
0.368932038835 0.263279445727
0.368633791431 0.263279445727
0.369143780291 0.263856812933
0.368845843422 0.263856812933
0.368548387097 0.263856812933
0.369057211926 0.264434180139
0.368760064412 0.264434180139
0.368463395012 0.264434180139
0.368167202572 0.264434180139
0.367871485944 0.264434180139
0.367576243981 0.264434180139
0.367281475541 0.264434180139
0.366987179487 0.264434180139
0.366693354684 0.264434180139
0.3664 0.264434180139
0.366107114309 0.264434180139
