634 1 0.998299181461
20917 1 0.994504511356
25872 1 0.991589963436
91210 1 0.989924013615
59721 1 0.989440500736
57243 1 0.987887740135
14082 4 0.987762868404
88783 1 0.984304010868
58500 1 0.982098400593
25772 1 0.980215072632
5661 1 0.979222476482
52262 4 0.979203462601
60763 4 0.977896332741
38955 1 0.97525203228
26790 1 0.975209653378
8692 1 0.974120795727
26715 1 0.973892986774
22247 1 0.972695887089
22177 4 0.972667872906
62894 1 0.972608447075
7243 1 0.972288310528
27028 1 0.971943259239
3527 1 0.971127927303
78322 1 0.971053540707
46201 1 0.967634558678
3160 1 0.964643895626
5356 1 0.963906228542
11801 4 0.963564693928
40156 1 0.962339758873
12810 1 0.960422992706
10153 1 0.960240721703
73947 1 0.957941651344
36052 1 0.956547439098
84730 1 0.954902231693
41233 1 0.950573861599
50965 1 0.949982404709
80608 1 0.949448168278
87308 1 0.948496699333
62098 4 0.948239684105
50546 4 0.948233783245
69181 1 0.94753241539
89443 1 0.947316110134
21197 1 0.946720480919
40502 1 0.946228146553
37761 1 0.945764660835
22257 1 0.945390284061
76245 1 0.943074464798
65577 4 0.942625880241
44997 1 0.942392110825
43256 1 0.939373254776
35410 1 0.939323425293
84797 1 0.938947200775
34665 4 0.938194692135
65433 4 0.93687415123
642 1 0.93673312664
55134 1 0.936366319656
8680 1 0.936150610447
79503 4 0.934702157974
62181 4 0.932724475861
49084 1 0.931597828865
29398 4 0.931409776211
44676 1 0.93037635088
4331 1 0.929850280285
32660 1 0.929675936699
15614 1 0.929487287998
48117 4 0.92750197649
82160 4 0.92707669735
55668 1 0.926420509815
76866 4 0.925750434399
49832 1 0.925286233425
1913 4 0.924637794495
82299 1 0.924623131752
10038 1 0.92452609539
32110 4 0.923585951328
68642 1 0.923174083233
55877 1 0.922845125198
84960 4 0.922627866268
9676 1 0.921589076519
64040 1 0.921312689781
76717 1 0.920156121254
44020 1 0.919929206371
36888 1 0.919727146626
3706 1 0.919089496136
65238 1 0.918332636356
26497 1 0.916134476662
5384 1 0.913666784763
8518 4 0.913556337357
51074 4 0.913551986217
1958 1 0.913419961929
52820 1 0.912773370743
10397 4 0.912302732468
86818 1 0.911651611328
51192 4 0.911440432072
27691 1 0.911288559437
34090 1 0.911002039909
1321 4 0.91047424078
10162 1 0.909905970097
90352 4 0.909796535969
20713 1 0.909270107746
22239 1 0.908249139786
85006 4 0.907905936241
10306 4 0.907700359821
41789 1 0.907303631306
15916 1 0.905685424805
18460 1 0.905294775963
11462 1 0.905018150806
69665 1 0.904185891151
19227 1 0.904158294201
90061 1 0.903122484684
4265 1 0.903091669083
53230 1 0.902406334877
43610 1 0.900383293629
16049 1 0.89954161644
55623 4 0.897695124149
4526 4 0.897691071033
8715 4 0.896372199059
12463 1 0.896104872227
72198 1 0.894755482674
12557 1 0.894449114799
52353 1 0.894128024578
2364 1 0.893723547459
67140 1 0.892436146736
23150 1 0.892084240913
91277 4 0.886991918087
62216 4 0.885026991367
38120 1 0.884572982788
70388 4 0.884207010269
52350 1 0.883748531342
20045 4 0.881663799286
47717 4 0.88134264946
56049 1 0.88100284338
325 1 0.880289077759
23701 1 0.87978386879
34256 1 0.878882169724
7750 1 0.878401696682
31906 4 0.877946078777
35197 1 0.877883672714
66282 1 0.876086592674
66444 1 0.87598824501
25828 4 0.875744521618
79467 1 0.875647604465
49161 1 0.875267088413
86133 1 0.872890353203
36939 1 0.872593998909
18571 1 0.871359109879
70760 1 0.86975467205
20697 1 0.86971694231
6357 1 0.868964612484
90510 1 0.868299722672
17501 1 0.867032885551
35032 4 0.866888046265
32044 1 0.865975916386
841 1 0.865893900394
89667 1 0.86572188139
71726 1 0.864716053009
59280 1 0.864273130894
59029 1 0.863408029079
78189 4 0.859740018845
28799 1 0.859678506851
1244 4 0.858747124672
20283 4 0.857731163502
17774 1 0.856454253197
53396 1 0.856250107288
19655 1 0.855210781097
10307 4 0.854163646698
19330 1 0.85392677784
37173 4 0.853905677795
60907 1 0.85284948349
60218 1 0.85129737854
89191 4 0.850204229355
420 1 0.849887490273
48702 4 0.848585486412
68555 4 0.848121285439
57739 1 0.84655380249
55913 1 0.8456376791
71006 1 0.843901097775
55507 4 0.843818128109
48372 4 0.842350244522
49274 1 0.841890990734
19175 4 0.841337800026
74246 4 0.840961456299
15832 4 0.840266823769
46007 1 0.838641166687
91609 1 0.838203728199
48181 4 0.836838304996
5697 1 0.83681845665
81131 4 0.836044251919
49616 1 0.835661530495
61250 1 0.835296154022
59841 1 0.833981812
46747 1 0.833344459534
24100 4 0.833013951778
60726 1 0.832821428776
74243 4 0.832704126835
33326 4 0.832144916058
35668 1 0.830875754356
43077 1 0.830345094204
56888 1 0.828776061535
62182 4 0.827659249306
42812 4 0.826783895493
32622 4 0.826167881489
46690 4 0.824939548969
76861 1 0.823969304562
76572 1 0.822973191738
5248 1 0.818215250969
66592 1 0.817850410938
2155 1 0.816103279591
38938 1 0.814906537533
18652 1 0.814049065113
66010 1 0.813486278057
63167 1 0.812582790852
45577 1 0.812530875206
60088 1 0.811665534973
46526 1 0.811620056629
66772 4 0.811609208584
51581 4 0.811500966549
11143 1 0.811183989048
52211 1 0.811094820499
16301 1 0.810666143894
28634 1 0.810427308083
5475 1 0.809557437897
31204 1 0.807721853256
85153 1 0.806854784489
54560 1 0.806805849075
13538 1 0.806702256203
85928 1 0.806596636772
66441 1 0.805165290833
8105 1 0.803713858128
12234 4 0.802929282188
47024 1 0.801284074783
60803 1 0.800007641315
74254 4 0.800006508827
64789 1 0.799863994122
25204 4 0.798622667789
68717 1 0.798150956631
90607 1 0.797720015049
5398 4 0.796633541584
52821 7 0.796445131302
88844 4 0.795986056328
69938 1 0.795671284199
61802 1 0.794565737247
84936 1 0.794037222862
21924 1 0.794019818306
57651 1 0.793906867504
48689 1 0.792748451233
20369 4 0.791142046452
87910 4 0.789982378483
50492 1 0.789932906628
28049 4 0.789389431477
65431 4 0.789384424686
76606 1 0.789376437664
73632 1 0.788606882095
38092 1 0.785733819008
62824 1 0.784261763096
1610 4 0.78382140398
1420 4 0.783226549625
88938 1 0.777091503143
45000 1 0.776651024818
33696 1 0.775988221169
49076 1 0.775608479977
58784 1 0.775338172913
10432 1 0.775041818619
83955 4 0.774876177311
15533 1 0.774227797985
269 1 0.77420181036
51065 4 0.774193286896
62554 1 0.774081468582
66779 1 0.773922085762
83997 4 0.773912966251
49556 4 0.772896289825
62056 1 0.771688401699
20501 1 0.770478785038
42594 1 0.769805431366
16647 4 0.769801020622
45773 4 0.768380641937
66591 1 0.767618000507
82521 1 0.76716196537
19747 1 0.764797091484
38227 1 0.764750540257
15471 4 0.762624800205
51754 1 0.762463212013
2973 1 0.761384367943
34116 4 0.759903073311
28388 1 0.759082198143
5932 1 0.756873369217
50190 1 0.756068885326
58158 4 0.755898237228
4679 1 0.755391061306
4930 1 0.754994511604
40127 4 0.754911720753
74755 1 0.753795802593
30298 1 0.753618359566
15302 1 0.753214359283
52508 4 0.753212809563
48719 4 0.752855062485
43887 1 0.750627279282
60937 4 0.750157177448
68660 1 0.748560011387
10233 1 0.746956586838
77568 4 0.746362268925
50090 1 0.745520293713
48162 1 0.745370864868
50266 1 0.744719147682
62578 1 0.744378268719
76958 4 0.743218660355
83806 4 0.7425096035
90633 1 0.741235673428
32886 1 0.740399777889
7699 1 0.740271449089
50967 1 0.740194857121
50241 1 0.739977419376
629 1 0.739527523518
67141 1 0.737861871719
37347 1 0.737385630608
3226 1 0.737143337727
63615 1 0.737123906612
23399 1 0.735501408577
55578 1 0.733753204346
48908 1 0.732733666897
55218 1 0.732683956623
23356 1 0.732402682304
38509 1 0.732000827789
88914 4 0.731056988239
71962 1 0.730733692646
7539 1 0.727806508541
17440 1 0.727102696896
46745 1 0.726320624352
8770 3 0.725650846958
74303 1 0.725055813789
89337 4 0.724851846695
57306 1 0.723173975945
43067 1 0.722207009792
81104 1 0.72205799818
83301 1 0.721228957176
27041 1 0.719497323036
64152 1 0.719169259071
6971 2 0.71830290556
52507 4 0.718269824982
44713 4 0.717123091221
64638 1 0.716801226139
53930 1 0.716318845749
28451 1 0.71561384201
11123 3 0.714776277542
19589 1 0.714492559433
64186 1 0.712572216988
88137 1 0.712421357632
66711 1 0.712191700935
51784 1 0.712015211582
5275 1 0.71174377203
91062 2 0.710652112961
40540 1 0.710185050964
49018 1 0.709765255451
49044 4 0.70800113678
28455 1 0.706067740917
54468 1 0.704777240753
51715 1 0.704369604588
63110 1 0.698230266571
65390 7 0.697148501873
31081 1 0.695799350739
64637 3 0.695230126381
68907 4 0.694524824619
37928 1 0.693729639053
86982 1 0.693094491959
432 1 0.692594587803
31624 1 0.691102683544
51218 1 0.691019594669
18219 1 0.690851509571
47349 1 0.689535081387
42424 1 0.689268350601
60106 1 0.68888938427
4173 4 0.688588261604
17333 1 0.687610208988
83491 3 0.687270402908
9462 1 0.686957299709
87366 1 0.68680614233
33904 1 0.686572253704
50257 4 0.686367750168
86336 1 0.686076164246
45121 1 0.685884952545
45875 1 0.685828030109
89585 3 0.683244228363
1478 1 0.682665944099
29148 1 0.682534813881
48791 4 0.682261586189
49876 1 0.682053625584
57463 1 0.68193769455
20459 1 0.681904792786
54305 1 0.681592226028
72207 4 0.681081354618
57882 3 0.679718673229
19745 1 0.679119765759
46209 4 0.678934395313
12190 4 0.678684771061
45933 4 0.678560256958
18237 1 0.678459882736
5476 1 0.676978111267
50349 1 0.67567461729
78824 1 0.674943208694
69911 4 0.674564898014
54489 1 0.672845005989
28520 1 0.672557532787
82922 4 0.672373235226
74068 1 0.672111570835
34792 1 0.671747326851
67504 3 0.671503663063
40405 1 0.67084223032
42415 1 0.6702029109
9763 1 0.669632554054
55446 1 0.668768465519
21635 4 0.668745458126
18138 1 0.668526291847
37650 1 0.667972207069
12980 4 0.667914628983
46551 1 0.665422022343
11882 1 0.665389060974
29407 1 0.66439551115
3821 4 0.663404345512
51693 1 0.661188662052
67394 1 0.660817265511
4841 1 0.659436941147
42531 1 0.659337162971
43041 1 0.658611536026
36731 1 0.657951593399
22583 1 0.656509041786
44526 1 0.656468153
2067 1 0.655997812748
36405 4 0.65574079752
29853 1 0.655627191067
47569 4 0.65550494194
32859 1 0.655275404453
22250 1 0.653916180134
21930 1 0.653747200966
23003 1 0.650936245918
10509 4 0.650824487209
71725 1 0.650793850422
87612 1 0.649098157883
89444 1 0.64864218235
82634 1 0.648231863976
53240 4 0.647330880165
89796 1 0.646971166134
41755 1 0.645936787128
5523 1 0.645523965359
29149 7 0.644982755184
88379 1 0.644585072994
10165 1 0.644552052021
55884 1 0.642638146877
5558 1 0.64199668169
89664 1 0.641185581684
820 1 0.641002058983
33385 1 0.639744520187
12657 1 0.639710307121
72607 1 0.639020740986
13611 1 0.638979792595
10956 1 0.638414263725
13027 1 0.637032270432
86815 1 0.635210454464
35795 1 0.633963823318
61751 4 0.633714079857
54 1 0.632265031338
78215 1 0.632157027721
23374 4 0.63211607933
28736 1 0.631905317307
33782 1 0.630459368229
76946 1 0.629831194878
2163 4 0.629753887653
68520 1 0.628644168377
58781 4 0.628099918365
21801 1 0.628029167652
26386 1 0.627698600292
16093 1 0.62740367651
12298 4 0.626954197884
89177 1 0.62531709671
25168 4 0.625092923641
86981 1 0.625050485134
13922 1 0.624612867832
4646 1 0.623003423214
3822 4 0.621334314346
61241 4 0.620349526405
7628 4 0.619876265526
1919 4 0.618763685226
31175 4 0.616422951221
57650 7 0.615751743317
75664 1 0.614992856979
76196 4 0.614867627621
47043 4 0.613846898079
13026 1 0.613413095474
25820 4 0.613127291203
13624 1 0.611774384975
84875 1 0.611625671387
52583 1 0.610106289387
62682 1 0.610007584095
40227 3 0.609790861607
66956 1 0.609526753426
16004 2 0.609416306019
68024 4 0.608545064926
45529 1 0.606864452362
17091 2 0.60642439127
5939 1 0.606328248978
28616 1 0.605783700943
43464 4 0.605100393295
61917 1 0.604954481125
88115 1 0.604773759842
61464 1 0.602320075035
53921 1 0.602241039276
3534 4 0.602004647255
33695 4 0.601386964321
71394 1 0.601189494133
34601 1 0.600749075413
74340 4 0.599963486195
5914 1 0.599821567535
87338 1 0.599595963955
9327 4 0.597926735878
30371 1 0.597894906998
17180 4 0.597669541836
20156 1 0.597251772881
73337 1 0.597155570984
62370 1 0.595247805119
1419 4 0.595211386681
4429 4 0.594572007656
18914 1 0.592658638954
81473 4 0.592307686806
7852 1 0.592170655727
2356 1 0.5913195014
6837 1 0.590998113155
77992 1 0.590030431747
6578 4 0.589271426201
89681 1 0.588815867901
30336 4 0.588543593884
83901 4 0.586521327496
69817 1 0.586320221424
6572 4 0.585747182369
3856 4 0.584822714329
75798 1 0.584264039993
34260 1 0.582948207855
76784 1 0.582233250141
64218 1 0.581606328487
4095 1 0.581102311611
30471 1 0.580771148205
342 4 0.580760657787
7977 1 0.578074634075
28462 1 0.577988982201
41055 1 0.577770471573
59516 4 0.577665507793
78482 3 0.577399253845
36505 1 0.576651871204
37509 1 0.576562345028
34004 1 0.576327741146
88926 1 0.576098978519
27578 1 0.576052308083
89266 1 0.57566100359
91627 1 0.575272738934
12300 1 0.574946165085
11656 1 0.574904084206
19082 4 0.573886215687
79427 1 0.573444902897
16945 2 0.573004186153
88738 4 0.570801496506
23869 4 0.570166349411
66030 1 0.570109724998
45979 1 0.568988621235
44993 2 0.568898558617
88735 4 0.567857444286
61727 1 0.567380309105
35938 1 0.567221999168
22198 2 0.56706827879
37167 2 0.566904246807
21659 1 0.56682240963
40390 4 0.566363334656
79629 1 0.565698206425
38208 1 0.565273344517
65754 4 0.564402699471
68230 4 0.564104795456
12474 4 0.563537716866
1252 1 0.563377737999
4294 4 0.563243448734
76887 1 0.563136458397
83934 1 0.561663508415
16174 1 0.560560822487
80969 1 0.560168683529
7976 1 0.560052394867
78650 1 0.559392154217
67138 1 0.558692932129
58548 1 0.557568252087
88606 4 0.556547164917
52357 1 0.556241631508
66567 1 0.555926322937
58062 1 0.55583524704
10345 4 0.555616259575
25829 4 0.555200815201
88902 1 0.553869128227
57661 1 0.552647829056
5700 1 0.552041232586
9371 4 0.550930023193
26137 4 0.550923287868
85896 1 0.550718903542
6049 1 0.550279021263
42978 4 0.549298882484
5913 1 0.549016654491
51875 1 0.547906219959
87258 1 0.54787415266
21548 1 0.547526359558
34553 1 0.547284722328
82915 4 0.547281742096
23001 4 0.547217845917
8162 1 0.545881986618
2204 1 0.545736014843
2256 1 0.545413374901
371 1 0.545053422451
68720 1 0.544897437096
34458 7 0.544609248638
90018 1 0.543920636177
12868 3 0.543581008911
42227 4 0.543571531773
43779 4 0.542969465256
12543 1 0.541833519936
33097 4 0.541750431061
50133 1 0.541645526886
43080 10 0.540578961372
62379 4 0.539760768414
74777 3 0.539418160915
12051 4 0.538992643356
81153 1 0.538463592529
10511 4 0.537972986698
55755 1 0.536724805832
30230 4 0.535283565521
18976 1 0.533613502979
18891 1 0.533092141151
27250 4 0.532579183578
84940 1 0.532028675079
59772 1 0.530006766319
83262 3 0.529497265816
43202 1 0.529021799564
60801 3 0.528983592987
46568 1 0.52882784605
89074 4 0.528703212738
33107 1 0.528040826321
20746 1 0.527933120728
87067 1 0.527568101883
31427 4 0.526949644089
10166 1 0.526884734631
38094 1 0.526517093182
70281 1 0.525845050812
9210 1 0.525622665882
54051 1 0.5242010355
39029 1 0.524059772491
91035 4 0.523265242577
56890 1 0.522982358932
50485 1 0.521834313869
69802 4 0.521486938
5011 1 0.521446943283
82457 1 0.521262347698
18860 1 0.521050274372
72879 1 0.520525753498
83506 1 0.520394086838
51124 1 0.519975185394
56913 2 0.519649744034
54679 1 0.519114971161
91113 4 0.518743813038
10238 2 0.518677771091
25411 1 0.518571972847
30831 10 0.518281340599
50 4 0.517119467258
91099 1 0.516732275486
55970 1 0.51667714119
77 1 0.516205132008
69082 1 0.515961527824
33309 1 0.514966189861
900 1 0.512473940849
67029 1 0.512267827988
84887 3 0.511493384838
44268 1 0.510763943195
84620 1 0.510471642017
85306 1 0.510038912296
56386 4 0.509384810925
66918 1 0.508290290833
6652 4 0.50820851326
8779 3 0.508157491684
4064 1 0.507712125778
5784 7 0.507272899151
65391 7 0.507104158401
23278 1 0.507083892822
3366 4 0.506408333778
90475 1 0.506047070026
18998 1 0.505131363869
30873 4 0.504837036133
42426 1 0.504816651344
31296 1 0.504712283611
54712 4 0.503181934357
71952 1 0.503160715103
60483 1 0.50233066082
13246 1 0.50213187933
63589 4 0.50199252367
81742 4 0.500511586666
29687 4 0.500480055809
18436 1 0.500057518482
68911 4 0.499256521463
88658 1 0.49805945158
47618 1 0.497886866331
20745 2 0.496978074312
78402 4 0.494775742292
8665 1 0.493669867516
83903 4 0.493536770344
4391 2 0.493239313364
8762 2 0.493056684732
8294 4 0.49270927906
9425 4 0.491647005081
3754 4 0.491491734982
67139 1 0.488633960485
11152 2 0.488574773073
3231 1 0.48810711503
62529 4 0.488060027361
26143 2 0.486547708511
55166 1 0.485282897949
90137 1 0.483804345131
59442 2 0.48149561882
62552 1 0.481383502483
67849 4 0.479360193014
40422 2 0.474400192499
50687 4 0.474292516708
37360 4 0.474188715219
80317 4 0.4733094275
78566 3 0.471958428621
6709 2 0.468659877777
31738 3 0.466700732708
67918 3 0.463518768549
29440 4 0.46115142107
51621 3 0.458608001471
61213 2 0.45471817255
57759 4 0.453478723764
34373 2 0.451880961657
42425 1 0.4464648664
728 2 0.445961534977
38093 1 0.444276511669
44223 3 0.442981332541
54278 2 0.442959606647
13313 4 0.442950129509
10137 10 0.441803514957
82920 1 0.440239608288
22176 10 0.439646750689
78878 2 0.438994765282
61312 4 0.437286645174
11509 4 0.437136292458
10823 10 0.435246258974
39382 4 0.433455944061
45169 2 0.430789321661
6973 2 0.429173499346
55778 2 0.428343057632
47616 1 0.428114265203
84447 2 0.427694052458
62556 7 0.426095068455
25345 2 0.422482192516
41956 2 0.417054384947
39582 3 0.410145491362
55463 1 0.410116493702
68313 2 0.396084070206
56566 4 0.393567532301
74793 2 0.391889750957
38247 1 0.391713649035
4447 10 0.387491375208
4355 2 0.385054677725
29277 4 0.38313344121
33308 1 0.376957327127
77523 6 0.373551756144
12705 2 0.373385161161
27668 6 0.370292127132
33207 6 0.366634100676
654 6 0.366362333298
58874 3 0.356309056282
88728 4 0.354564577341
73473 3 0.352577060461
83582 4 0.350819200277
51404 6 0.347135007381
2754 6 0.338325232267
47211 2 0.334955781698
3117 6 0.333840489388
91112 2 0.326262325048
76765 4 0.321372240782
73434 2 0.319023400545
22774 6 0.318865031004
56223 6 0.302972346544
50738 2 0.301950991154
4356 2 0.296573758125
91635 2 0.294588208199
83505 2 0.279528409243
33268 2 0.269818395376
5654 5 0.25436681509
28709 2 0.248198181391
27125 5 0.234747290611
9814 2 0.234445184469
57449 2 0.224703863263
75740 2 0.214715689421
10181 2 0.213650345802
