634 1 0.999378800392
88783 1 0.998136639595
20917 1 0.998108267784
59721 1 0.996368408203
25872 1 0.996290206909
91210 1 0.996173083782
58500 1 0.994412839413
8692 1 0.993155002594
3160 1 0.992684304714
76572 1 0.992190778255
14082 4 0.991836130619
78322 1 0.991667807102
5661 1 0.991289496422
22247 1 0.989338934422
26790 1 0.988813340664
22177 4 0.98818820715
57243 1 0.988055288792
62894 1 0.986536085606
60763 4 0.984456300735
27028 1 0.98401248455
5356 1 0.983794391155
46201 1 0.983421385288
10153 1 0.980095267296
79094 1 0.97936052084
26715 1 0.977973163128
11801 4 0.977700412273
10038 1 0.977342486382
7243 1 0.977040171623
12810 1 0.975940644741
52262 4 0.975807130337
35410 1 0.975378453732
3527 1 0.973036706448
25772 1 0.972939193249
84730 1 0.969073116779
73947 1 0.966638326645
50965 1 0.965975880623
80608 1 0.965528488159
87308 1 0.964581668377
52350 1 0.964187085629
38955 1 0.963849723339
50546 4 0.962966799736
37761 1 0.96204739809
82299 1 0.961295843124
66592 1 0.958162128925
40502 1 0.957897007465
22239 1 0.957005977631
1321 4 0.955241203308
44676 1 0.954743564129
84797 1 0.954453527927
29398 4 0.954211652279
69181 1 0.952376902103
62098 4 0.951379299164
79503 4 0.950893580914
43256 1 0.950654029846
642 1 0.950413584709
36888 1 0.949546158314
23701 1 0.94931191206
36052 1 0.949132561684
82160 4 0.948469519615
5384 1 0.94767844677
88938 1 0.947593867779
56049 1 0.946305036545
4265 1 0.94484013319
49084 1 0.944796919823
20697 1 0.942182302475
89443 1 0.94165033102
15302 1 0.941149353981
49616 1 0.941100120544
65433 4 0.940406143665
55134 1 0.939289033413
10397 4 0.939157545567
46565 1 0.938209295273
9676 1 0.936370670795
36939 1 0.936192333698
4331 1 0.936049520969
84960 4 0.935930550098
53230 1 0.935861229897
65577 4 0.93583625555
10162 1 0.934807598591
65238 1 0.934621036053
62181 4 0.93389070034
40156 1 0.932009458542
1913 4 0.931915342808
60907 1 0.931596696377
32110 4 0.930966198444
51192 4 0.929493606091
34665 4 0.929464221001
3706 1 0.928947210312
41789 1 0.927989065647
64040 1 0.927629768848
41233 1 0.927311599255
26497 1 0.926472485065
56888 1 0.924074530602
10306 4 0.923897445202
8680 1 0.923161804676
49832 1 0.922964036465
44020 1 0.922851145267
90352 4 0.921950280666
55668 1 0.921658575535
42812 4 0.917385816574
21197 1 0.91709113121
43610 1 0.916942298412
1958 1 0.916368842125
21924 1 0.915965080261
20713 1 0.915285170078
15614 1 0.914262890816
48117 4 0.914018154144
31906 4 0.913740932941
11462 1 0.912675261497
51074 4 0.912625193596
16049 1 0.910570502281
19227 1 0.909525871277
68642 1 0.908594787121
2364 1 0.906368076801
35668 1 0.905959486961
32660 1 0.904099941254
55623 4 0.902761220932
47024 1 0.90273809433
65390 7 0.901198029518
62824 1 0.900721371174
57650 7 0.900328159332
20045 4 0.89816904068
2155 1 0.897260725498
11143 1 0.896689653397
6096 1 0.896542549133
12463 1 0.890996396542
34090 1 0.890365898609
76866 4 0.89022397995
38120 1 0.889121711254
66282 1 0.887756466866
52353 1 0.887129545212
29149 7 0.886543989182
22257 1 0.884790062904
46007 1 0.884639382362
86818 1 0.884135067463
70388 4 0.882717907429
52821 7 0.88211864233
61250 1 0.881568551064
48372 4 0.877801001072
60726 1 0.876598358154
325 1 0.875680446625
10307 4 0.875128030777
59280 1 0.875014722347
20283 4 0.8748691082
17774 1 0.872399747372
7750 1 0.871983349323
49274 1 0.871593594551
6357 1 0.870394408703
62216 4 0.869621753693
31204 1 0.869406878948
49018 1 0.867672204971
50190 1 0.867543101311
19330 1 0.86577039957
18460 1 0.865467190742
8518 4 0.864499330521
84222 1 0.863872230053
91609 1 0.863569676876
86133 1 0.862690925598
89667 1 0.860691845417
71006 1 0.859174191952
50241 1 0.858133912086
70760 1 0.857264459133
6971 2 0.856751203537
21851 7 0.855609595776
17501 1 0.855500280857
91277 4 0.855204761028
84936 1 0.854847669601
841 1 0.854333102703
46526 1 0.853687465191
58784 1 0.852194130421
23399 1 0.850164592266
27691 1 0.849837124348
18571 1 0.849835753441
34256 1 0.849282085896
15916 1 0.847984790802
90061 1 0.845615148544
42415 1 0.844940841198
8715 4 0.844235002995
1420 4 0.844224989414
49076 1 0.843111872673
38227 1 0.842971980572
74068 1 0.841079413891
83301 1 0.841023683548
44997 1 0.840943217278
52211 1 0.840690374374
76861 1 0.840040802956
89191 4 0.83926409483
85928 1 0.836676418781
5475 1 0.835831522942
51581 4 0.835810482502
67140 1 0.835697948933
49161 1 0.834814608097
28799 1 0.833644509315
38938 1 0.83346170187
5275 1 0.832942843437
46690 4 0.83182066679
47717 4 0.831211149693
13538 1 0.8306645751
43067 1 0.829614162445
19747 1 0.829613983631
60218 1 0.82854449749
69665 1 0.828262507915
69938 1 0.828235685825
83806 4 0.827908992767
1244 4 0.826626896858
85006 4 0.825813353062
57739 1 0.823294341564
59841 1 0.822799563408
25204 4 0.821531713009
79467 1 0.819950580597
91062 2 0.819907665253
87612 1 0.819544196129
76717 1 0.819364011288
8105 1 0.818239212036
24100 4 0.816043794155
25828 4 0.815579175949
35197 1 0.815412819386
32622 4 0.815017640591
71962 1 0.810915887356
76245 1 0.810663580894
64186 1 0.809832692146
17333 1 0.808460950851
19655 1 0.807171702385
3226 1 0.805709540844
81757 7 0.803448975086
74254 4 0.802872776985
28388 1 0.801733195782
65431 4 0.79854285717
87109 1 0.798471868038
55913 1 0.797986328602
22583 1 0.797822356224
48702 4 0.797740876675
27578 1 0.797513186932
62182 4 0.797203183174
19175 4 0.796866595745
5697 1 0.795128405094
269 1 0.794252932072
7699 1 0.793579936028
1919 4 0.793194174767
61802 1 0.78985273838
20369 4 0.789570093155
28634 1 0.789244055748
35032 4 0.787364661694
76575 1 0.78724104166
45773 4 0.786296367645
78009 1 0.785243272781
90633 1 0.783397972584
73632 1 0.781681656837
12557 1 0.781517505646
17091 2 0.78073912859
55877 1 0.78056204319
66772 4 0.780419111252
18652 1 0.777499914169
16945 2 0.776123344898
34458 7 0.774954080582
45577 1 0.774083077908
31081 1 0.773953735828
35795 1 0.77366232872
55218 1 0.772431671619
4841 1 0.772145569324
36405 4 0.771498799324
4679 1 0.770415246487
78189 4 0.769003212452
55507 4 0.768009662628
48181 4 0.765567600727
54305 1 0.765344440937
45875 1 0.763235509396
8762 2 0.762271761894
41055 1 0.761555314064
2973 1 0.760541021824
420 1 0.760140240192
1610 4 0.760048985481
47714 1 0.757768213749
72198 1 0.757627665997
10509 4 0.757094681263
54 1 0.75708258152
16004 2 0.753767967224
52820 1 0.753481209278
42594 1 0.752974271774
56913 2 0.752513408661
59442 2 0.752058506012
60088 1 0.751119792461
66591 1 0.749445080757
54560 1 0.748339176178
8770 3 0.746958315372
48162 1 0.742780387402
52508 4 0.742313921452
88137 1 0.742218375206
33696 1 0.742041051388
5784 7 0.741602122784
83997 4 0.741164147854
81153 1 0.739425599575
88115 1 0.739252328873
60803 1 0.738989949226
85153 1 0.737368166447
4391 2 0.736066281796
59004 1 0.735519766808
66567 1 0.73508900404
73338 1 0.734845936298
62578 1 0.734666287899
81131 4 0.734527826309
72207 4 0.734348475933
74755 1 0.734134078026
68660 1 0.732522368431
89337 4 0.729200005531
73337 1 0.728453814983
76635 1 0.727922677994
33326 4 0.724409461021
48791 4 0.724177122116
33904 1 0.723893225193
76196 4 0.723773181438
29853 1 0.723516464233
11152 2 0.723439872265
50090 1 0.721688628197
46747 1 0.720895469189
54278 2 0.720612943172
16647 4 0.720461428165
69911 4 0.719485521317
12657 1 0.719357550144
11123 3 0.71759301424
34373 2 0.716958642006
48719 4 0.715718090534
55778 2 0.715381383896
74246 4 0.714554727077
22198 2 0.714091420174
90510 1 0.713400602341
55578 1 0.711523115635
64218 1 0.711079120636
40127 4 0.710280358791
50257 4 0.709487855434
62554 1 0.709436178207
74243 4 0.706292629242
58062 1 0.706131219864
87366 1 0.705078542233
16301 1 0.702641248703
55884 1 0.701898574829
28520 1 0.70183467865
40405 1 0.701515853405
68520 1 0.700759887695
51218 1 0.700695455074
88844 4 0.698011159897
70185 2 0.69740575552
89585 3 0.697285294533
14021 2 0.696664214134
53396 1 0.696196377277
4095 1 0.695151865482
68555 4 0.692001879215
48575 1 0.691888034344
28049 4 0.691226601601
19759 1 0.690545260906
79092 1 0.688999772072
59029 1 0.688092589378
23999 1 0.687967002392
61727 1 0.687223494053
32044 1 0.687175691128
31175 4 0.687149345875
31624 1 0.685494840145
45169 2 0.684736728668
62556 7 0.683447659016
74303 1 0.682980895042
67394 1 0.682771265507
44268 1 0.682522714138
30298 1 0.680942237377
32886 1 0.679468095303
12300 1 0.678481996059
42424 1 0.677727103233
43077 1 0.677514314651
38092 1 0.67741638422
44713 4 0.677155375481
34729 2 0.676764190197
37167 2 0.676666259766
10233 1 0.676223576069
16093 1 0.675768971443
37173 4 0.673653423786
37928 1 0.672803878784
76958 4 0.671096146107
42426 1 0.67067694664
68907 4 0.670336544514
6973 2 0.670232415199
728 2 0.669902563095
46745 1 0.668706834316
69817 1 0.668640911579
66711 1 0.668333292007
45924 2 0.666952669621
54489 1 0.666672050953
71726 1 0.666410386562
34116 4 0.664738595486
60937 4 0.664435386658
58781 4 0.664359033108
30471 1 0.664310216904
10511 4 0.663258254528
87910 4 0.661483347416
10244 2 0.660522818565
64488 2 0.660265922546
629 1 0.659880280495
34601 1 0.659411907196
90018 1 0.659347057343
57651 1 0.659071445465
54468 1 0.658103466034
13122 4 0.656692564487
91230 1 0.656554400921
51784 1 0.656419575214
61241 4 0.653174698353
63110 1 0.652993619442
90607 1 0.652138590813
89000 1 0.651925265789
37650 1 0.650766432285
6709 2 0.649500966072
44993 2 0.648663520813
83491 3 0.646048843861
10432 1 0.645248651505
67504 3 0.644832074642
19589 1 0.643900930882
77331 1 0.643374025822
12234 4 0.642405509949
23945 2 0.641242861748
5558 1 0.640352904797
69802 4 0.640184700489
63167 1 0.638540744781
25345 2 0.638256788254
7539 1 0.638118565083
23374 4 0.636518955231
15832 4 0.636346638203
23001 4 0.634873747826
32859 1 0.634790480137
74777 3 0.634725272655
67029 1 0.634719908237
12980 4 0.633768796921
10427 2 0.633630871773
51875 1 0.633345127106
56890 1 0.63329654932
2350 2 0.632924497128
12190 4 0.632354140282
77992 1 0.632235527039
432 1 0.632110118866
25669 2 0.630423367023
53930 1 0.630055189133
62056 1 0.628459751606
84940 1 0.627339601517
5398 4 0.627097845078
13611 1 0.626403391361
7307 1 0.626353561878
68313 2 0.62571400404
65391 7 0.625359475613
80988 2 0.624752819538
20746 1 0.624208629131
49556 4 0.623895466328
76718 7 0.62347304821
6572 4 0.623198866844
3090 1 0.622745156288
50967 1 0.621831178665
63615 1 0.618712842464
43887 1 0.618310749531
3297 1 0.617691040039
78835 1 0.616670072079
89177 1 0.616537809372
47569 4 0.616093814373
41260 2 0.615421652794
9462 1 0.614596307278
38247 1 0.614517569542
57882 3 0.612818956375
67880 2 0.612375438213
29481 2 0.611285567284
50492 1 0.610818445683
4173 4 0.609641849995
20435 2 0.608628630638
41755 1 0.608410894871
55755 1 0.606670439243
8779 3 0.605963051319
25168 4 0.605228483677
78824 1 0.604615747929
18219 1 0.602171838284
59772 1 0.601252138615
28616 1 0.601124584675
76606 1 0.600844085217
43041 1 0.599151730537
47349 1 0.598767578602
35938 1 0.597140133381
88914 4 0.596448898315
2067 1 0.596367657185
91627 1 0.596222698689
43779 4 0.594919621944
2802 2 0.59420311451
77568 4 0.594001531601
5523 1 0.593526184559
75664 1 0.592881441116
63952 1 0.592862248421
50833 2 0.591521441936
7977 1 0.590811252594
4930 1 0.590762794018
87462 1 0.58954012394
23150 1 0.589506268501
87338 1 0.58881342411
38509 1 0.587922036648
51065 4 0.587419092655
49876 1 0.586819052696
82922 4 0.585228085518
40140 2 0.584167003632
21852 1 0.583279848099
9763 1 0.583203732967
66010 1 0.582676053047
8162 1 0.581254005432
27668 6 0.580384612083
37509 1 0.580222010612
5248 1 0.579304337502
6787 2 0.578982234001
20213 1 0.578369736671
4526 4 0.577641844749
10238 2 0.575542271137
5932 1 0.572666764259
13882 2 0.57114726305
82535 1 0.570016682148
20745 2 0.568868994713
26143 2 0.567705631256
64638 1 0.567535281181
45529 1 0.566571831703
51693 1 0.565888285637
50997 2 0.564504206181
28451 1 0.563425779343
20474 1 0.563108623028
82879 1 0.562955260277
12093 1 0.561921834946
52507 4 0.561888515949
81742 4 0.560886204243
40980 1 0.560787916183
46551 1 0.560726940632
4297 1 0.559968650341
13027 1 0.559198439121
50349 1 0.558731555939
40227 3 0.558627426624
74340 4 0.558279335499
64637 3 0.556525409222
1743 2 0.556503772736
61213 2 0.553652822971
8944 1 0.553047895432
17180 4 0.552751481533
27041 1 0.552097797394
57306 1 0.551362097263
77523 6 0.550950348377
9361 2 0.55020481348
51507 4 0.548792600632
18202 2 0.548158288002
51124 1 0.547377645969
62682 1 0.546147465706
60801 3 0.545572042465
68024 4 0.545128047466
88117 1 0.544679701328
50485 1 0.543429017067
45121 1 0.543069005013
5914 1 0.541533768177
21635 4 0.540236890316
37347 1 0.538725018501
20206 1 0.538719713688
89525 2 0.538311421871
2313 2 0.53761613369
66444 1 0.536300957203
89796 1 0.535771429539
4355 2 0.535549402237
476 2 0.535153388977
33207 6 0.534096956253
820 1 0.532512128353
6242 2 0.532147943974
66441 1 0.531968474388
18914 1 0.531268239021
54976 1 0.531177043915
5700 1 0.530988752842
36731 1 0.530629098415
38309 2 0.530402600765
49853 2 0.530064582825
12705 2 0.529132902622
18138 1 0.52906537056
64789 1 0.528789401054
1478 1 0.52878344059
43464 4 0.528597295284
88379 1 0.526027858257
32913 1 0.525312483311
79167 2 0.524921536446
54712 4 0.524808228016
11882 1 0.52143830061
42531 1 0.52139043808
37430 1 0.521364033222
45490 2 0.521264672279
33308 7 0.521259129047
87067 1 0.519835531712
17853 1 0.518607616425
55446 1 0.518221974373
27944 1 0.515947818756
13884 2 0.515645444393
81473 4 0.515574097633
79427 1 0.513188242912
52357 1 0.513079822063
48689 1 0.512973606586
7935 1 0.511785984039
71952 1 0.511641681194
29148 7 0.511206328869
51404 6 0.510882556438
21659 1 0.510854899883
2467 1 0.509886801243
84875 1 0.509724497795
4788 2 0.50940746069
49044 4 0.509272396564
21956 1 0.508890509605
2356 1 0.507510364056
18109 7 0.506948888302
51754 1 0.506147444248
62370 1 0.506122171879
34004 1 0.506078720093
37927 5 0.505258321762
9210 1 0.504733622074
47042 2 0.50425440073
12662 2 0.503496110439
14156 1 0.50348341465
41956 2 0.502606332302
33268 2 0.502166509628
3690 1 0.502052366734
22043 1 0.500181436539
67870 2 0.499191105366
68717 1 0.498690217733
67849 4 0.497890353203
12547 2 0.496484428644
84447 2 0.496309310198
47211 2 0.4960514009
6578 4 0.492714941502
66443 7 0.492691099644
78731 2 0.492161482573
10345 4 0.491591334343
67141 1 0.49062499404
91635 5 0.489612311125
6837 1 0.489425361156
84887 3 0.489226996899
87745 1 0.485862702131
1419 4 0.485637098551
26137 4 0.484904766083
46213 7 0.480974823236
31709 2 0.480193853378
38740 2 0.48004835844
42227 4 0.47987344861
2305 2 0.477877885103
27993 2 0.477134257555
1374 2 0.476364970207
3821 4 0.474431097507
15309 1 0.472624838352
33441 5 0.468573391438
56223 6 0.467666924
55695 2 0.465833574533
87447 2 0.464966565371
4416 2 0.463273227215
56386 4 0.463273227215
67934 2 0.463148146868
14342 2 0.463047266006
44762 2 0.462644964457
654 6 0.462634950876
29354 2 0.462456315756
22774 6 0.461876481771
73850 2 0.459120333195
78878 2 0.458037018776
10527 4 0.456125974655
40031 2 0.455881983042
55214 2 0.455423980951
32649 2 0.455017894506
3117 6 0.454504609108
5654 5 0.454141974449
5897 2 0.453389942646
56922 2 0.451650857925
45073 2 0.449462741613
45489 2 0.448297739029
8229 2 0.446881383657
65353 2 0.446476578712
40422 2 0.444547712803
64020 2 0.442902117968
9983 2 0.442431330681
83262 3 0.442055881023
3754 4 0.441996723413
72574 5 0.441750913858
82856 2 0.439376294613
79594 5 0.438772082329
4935 2 0.438588023186
43115 7 0.438513636589
60471 2 0.43576297164
29832 5 0.435562133789
38743 2 0.434379696846
8374 6 0.433427631855
21862 2 0.432648152113
68583 5 0.43175894022
19774 2 0.430722266436
26156 2 0.430666714907
60813 6 0.427339941263
5368 2 0.424020290375
74793 2 0.423925578594
24480 2 0.422679454088
83505 5 0.422560811043
56566 4 0.420229494572
83775 5 0.419241517782
12051 4 0.418886840343
791 2 0.418867498636
73434 2 0.418865054846
72584 5 0.41886100173
78482 3 0.417797893286
79593 5 0.417698204517
7656 5 0.416914612055
8655 2 0.413829684258
44809 5 0.41209974885
77438 2 0.411695301533
52424 5 0.409184217453
45754 2 0.408825665712
27125 5 0.407598942518
57449 5 0.405750453472
68488 7 0.405683726072
7878 2 0.405175119638
55467 2 0.404988110065
75740 5 0.403867810965
79685 7 0.403828322887
39936 2 0.402270078659
7654 5 0.401616543531
29687 4 0.401131272316
4356 2 0.400997012854
91113 4 0.399867355824
82079 6 0.398389846087
39382 4 0.396394044161
44329 5 0.394284725189
17949 2 0.392263412476
37567 2 0.389773070812
59516 4 0.385968089104
42425 1 0.385640114546
87340 8 0.385296851397
78693 2 0.384860932827
650 2 0.382292121649
85306 1 0.382240027189
67918 3 0.382070451975
2754 6 0.381774246693
22729 5 0.380958914757
32625 2 0.380224704742
13578 5 0.378609210253
12704 2 0.378452122211
91112 2 0.376302719116
33782 7 0.375228077173
47628 2 0.373870015144
39582 3 0.373692452908
58203 2 0.37334805727
50687 4 0.372174501419
90430 2 0.37098839879
50738 6 0.369424581528
9510 6 0.368071317673
73421 5 0.366691172123
36704 2 0.365593880415
58299 5 0.365408182144
32297 5 0.364844888449
28709 5 0.364643186331
5944 6 0.364490300417
57726 3 0.364321529865
27215 5 0.362528532743
56066 2 0.360305637121
21348 2 0.358734548092
71747 2 0.355937212706
59770 2 0.354988992214
85128 5 0.353039383888
39337 5 0.352739483118
43175 5 0.352384626865
43370 2 0.351012051105
78870 5 0.347315102816
13575 5 0.345548778772
79299 2 0.344891399145
77972 2 0.343391656876
50452 2 0.342448771
89262 5 0.341402828693
40361 5 0.34009885788
10181 6 0.339883625507
89600 5 0.339515149593
7873 2 0.33825969696
31847 2 0.337580114603
8028 2 0.3342012465
69709 2 0.333682864904
43116 1 0.330423772335
64068 2 0.329962730408
18656 5 0.32982301712
58083 2 0.329054653645
18428 2 0.328428775072
88728 5 0.327984213829
38810 2 0.327264547348
79112 5 0.32586479187
29841 5 0.325784862041
50352 5 0.325669944286
20916 2 0.321235328913
51621 3 0.320061504841
397 2 0.31973156333
65527 7 0.319190889597
34039 5 0.318790078163
87349 5 0.31856828928
30273 2 0.316917926073
26164 6 0.316471934319
91000 5 0.315793812275
47867 6 0.314711123705
83807 1 0.314491689205
73310 5 0.31426975131
53089 5 0.31381431222
22210 5 0.313701987267
49362 5 0.312017440796
72018 2 0.310739427805
40762 5 0.310652494431
18753 5 0.309826046228
73938 2 0.309028118849
18231 2 0.304156064987
76765 2 0.303755670786
32261 2 0.301554650068
33309 7 0.300053954124
83982 3 0.299144268036
28621 2 0.296510756016
47871 6 0.295406132936
90916 5 0.294116526842
6158 2 0.292282909155
9814 2 0.289239525795
58874 3 0.286519140005
32651 5 0.283521145582
83813 5 0.277005165815
30856 5 0.275737643242
1328 5 0.275303483009
4687 5 0.265298247337
29267 2 0.265122711658
39378 5 0.26192471385
89580 5 0.261184424162
80955 5 0.260524213314
73473 3 0.257017821074
17280 3 0.254991322756
81145 5 0.254478424788
66695 5 0.252208888531
5591 5 0.245937347412
83964 5 0.243419617414
33209 2 0.241451844573
39383 5 0.231887593865
75956 5 0.231431603432
57737 9 0.22796818614
54555 3 0.226056143641
83582 2 0.224720433354
87928 2 0.214487507939
