1.0 0.0
0.0 0.0
0.5 0.000577367205543
0.333333333333 0.000577367205543
0.25 0.000577367205543
0.4 0.00115473441109
0.5 0.00173210161663
0.571428571429 0.00230946882217
0.5 0.00230946882217
0.444444444444 0.00230946882217
0.4 0.00230946882217
0.454545454545 0.00288683602771
0.5 0.00346420323326
0.538461538462 0.0040415704388
0.571428571429 0.00461893764434
0.6 0.00519630484988
0.625 0.00577367205543
0.588235294118 0.00577367205543
0.611111111111 0.00635103926097
0.631578947368 0.00692840646651
0.65 0.00750577367206
0.666666666667 0.0080831408776
0.681818181818 0.00866050808314
0.695652173913 0.00923787528868
0.666666666667 0.00923787528868
0.64 0.00923787528868
0.615384615385 0.00923787528868
0.62962962963 0.00981524249423
0.642857142857 0.0103926096998
0.620689655172 0.0103926096998
0.633333333333 0.0109699769053
0.612903225806 0.0109699769053
0.625 0.0115473441109
0.606060606061 0.0115473441109
0.617647058824 0.0121247113164
0.628571428571 0.0127020785219
0.638888888889 0.0132794457275
0.648648648649 0.013856812933
0.657894736842 0.0144341801386
0.641025641026 0.0144341801386
0.65 0.0150115473441
0.658536585366 0.0155889145497
0.642857142857 0.0155889145497
0.627906976744 0.0155889145497
0.613636363636 0.0155889145497
0.622222222222 0.0161662817552
0.630434782609 0.0167436489607
0.63829787234 0.0173210161663
0.645833333333 0.0178983833718
0.632653061224 0.0178983833718
0.64 0.0184757505774
0.647058823529 0.0190531177829
0.653846153846 0.0196304849885
0.641509433962 0.0196304849885
0.648148148148 0.020207852194
0.636363636364 0.020207852194
0.625 0.020207852194
0.631578947368 0.0207852193995
0.637931034483 0.0213625866051
0.627118644068 0.0213625866051
0.633333333333 0.0219399538106
0.639344262295 0.0225173210162
0.645161290323 0.0230946882217
0.650793650794 0.0236720554273
0.65625 0.0242494226328
0.661538461538 0.0248267898383
0.666666666667 0.0254041570439
0.671641791045 0.0259815242494
0.661764705882 0.0259815242494
0.666666666667 0.026558891455
0.657142857143 0.026558891455
0.661971830986 0.0271362586605
0.666666666667 0.0277136258661
0.657534246575 0.0277136258661
0.662162162162 0.0282909930716
0.653333333333 0.0282909930716
0.657894736842 0.0288683602771
0.662337662338 0.0294457274827
0.653846153846 0.0294457274827
0.645569620253 0.0294457274827
0.65 0.0300230946882
0.654320987654 0.0306004618938
0.646341463415 0.0306004618938
0.638554216867 0.0306004618938
0.630952380952 0.0306004618938
0.635294117647 0.0311778290993
0.639534883721 0.0317551963048
0.64367816092 0.0323325635104
0.647727272727 0.0329099307159
0.640449438202 0.0329099307159
0.633333333333 0.0329099307159
0.637362637363 0.0334872979215
0.641304347826 0.034064665127
0.645161290323 0.0346420323326
0.648936170213 0.0352193995381
0.652631578947 0.0357967667436
0.65625 0.0363741339492
0.649484536082 0.0363741339492
0.65306122449 0.0369515011547
0.656565656566 0.0375288683603
0.66 0.0381062355658
0.663366336634 0.0386836027714
0.666666666667 0.0392609699769
0.660194174757 0.0392609699769
0.663461538462 0.0398383371824
0.657142857143 0.0398383371824
0.650943396226 0.0398383371824
0.644859813084 0.0398383371824
0.648148148148 0.040415704388
0.651376146789 0.0409930715935
0.654545454545 0.0415704387991
0.648648648649 0.0415704387991
0.651785714286 0.0421478060046
0.646017699115 0.0421478060046
0.640350877193 0.0421478060046
0.634782608696 0.0421478060046
0.637931034483 0.0427251732102
0.641025641026 0.0433025404157
0.635593220339 0.0433025404157
0.638655462185 0.0438799076212
0.641666666667 0.0444572748268
0.644628099174 0.0450346420323
0.647540983607 0.0456120092379
0.650406504065 0.0461893764434
0.645161290323 0.0461893764434
0.648 0.046766743649
0.642857142857 0.046766743649
0.637795275591 0.046766743649
0.640625 0.0473441108545
0.643410852713 0.04792147806
0.638461538462 0.04792147806
0.63358778626 0.04792147806
0.628787878788 0.04792147806
0.624060150376 0.04792147806
0.619402985075 0.04792147806
0.614814814815 0.04792147806
0.610294117647 0.04792147806
0.613138686131 0.0484988452656
0.608695652174 0.0484988452656
0.604316546763 0.0484988452656
0.6 0.0484988452656
0.595744680851 0.0484988452656
0.591549295775 0.0484988452656
0.594405594406 0.0490762124711
0.597222222222 0.0496535796767
0.6 0.0502309468822
0.602739726027 0.0508083140878
0.598639455782 0.0508083140878
0.601351351351 0.0513856812933
0.604026845638 0.0519630484988
0.606666666667 0.0525404157044
0.602649006623 0.0525404157044
0.598684210526 0.0525404157044
0.601307189542 0.0531177829099
0.603896103896 0.0536951501155
0.6 0.0536951501155
0.602564102564 0.054272517321
0.605095541401 0.0548498845266
0.607594936709 0.0554272517321
0.603773584906 0.0554272517321
0.6 0.0554272517321
0.60248447205 0.0560046189376
0.598765432099 0.0560046189376
0.59509202454 0.0560046189376
0.591463414634 0.0560046189376
0.587878787879 0.0560046189376
0.590361445783 0.0565819861432
0.586826347305 0.0565819861432
0.589285714286 0.0571593533487
0.591715976331 0.0577367205543
0.594117647059 0.0583140877598
0.590643274854 0.0583140877598
0.587209302326 0.0583140877598
0.589595375723 0.0588914549654
0.586206896552 0.0588914549654
0.588571428571 0.0594688221709
0.590909090909 0.0600461893764
0.593220338983 0.060623556582
0.595505617978 0.0612009237875
0.597765363128 0.0617782909931
0.594444444444 0.0617782909931
0.591160220994 0.0617782909931
0.593406593407 0.0623556581986
0.590163934426 0.0623556581986
0.586956521739 0.0623556581986
0.583783783784 0.0623556581986
0.58064516129 0.0623556581986
0.582887700535 0.0629330254042
0.585106382979 0.0635103926097
0.582010582011 0.0635103926097
0.578947368421 0.0635103926097
0.575916230366 0.0635103926097
0.578125 0.0640877598152
0.580310880829 0.0646651270208
0.577319587629 0.0646651270208
0.574358974359 0.0646651270208
0.571428571429 0.0646651270208
0.573604060914 0.0652424942263
0.575757575758 0.0658198614319
0.572864321608 0.0658198614319
0.575 0.0663972286374
0.577114427861 0.066974595843
0.574257425743 0.066974595843
0.571428571429 0.066974595843
0.56862745098 0.066974595843
0.570731707317 0.0675519630485
0.572815533981 0.068129330254
0.570048309179 0.068129330254
0.567307692308 0.068129330254
0.569377990431 0.0687066974596
0.571428571429 0.0692840646651
0.568720379147 0.0692840646651
0.566037735849 0.0692840646651
0.56338028169 0.0692840646651
0.560747663551 0.0692840646651
0.562790697674 0.0698614318707
0.560185185185 0.0698614318707
0.557603686636 0.0698614318707
0.559633027523 0.0704387990762
0.557077625571 0.0704387990762
0.559090909091 0.0710161662818
0.556561085973 0.0710161662818
0.554054054054 0.0710161662818
0.556053811659 0.0715935334873
0.558035714286 0.0721709006928
0.56 0.0727482678984
0.561946902655 0.0733256351039
0.563876651982 0.0739030023095
0.565789473684 0.074480369515
0.563318777293 0.074480369515
0.560869565217 0.074480369515
0.558441558442 0.074480369515
0.560344827586 0.0750577367206
0.557939914163 0.0750577367206
0.555555555556 0.0750577367206
0.557446808511 0.0756351039261
0.559322033898 0.0762124711316
0.556962025316 0.0762124711316
0.554621848739 0.0762124711316
0.556485355649 0.0767898383372
0.554166666667 0.0767898383372
0.551867219917 0.0767898383372
0.54958677686 0.0767898383372
0.547325102881 0.0767898383372
0.549180327869 0.0773672055427
0.551020408163 0.0779445727483
0.552845528455 0.0785219399538
0.550607287449 0.0785219399538
0.552419354839 0.0790993071594
0.55421686747 0.0796766743649
0.552 0.0796766743649
0.553784860558 0.0802540415704
0.555555555556 0.080831408776
0.553359683794 0.080831408776
0.551181102362 0.080831408776
0.552941176471 0.0814087759815
0.55078125 0.0814087759815
0.552529182879 0.0819861431871
0.554263565891 0.0825635103926
0.555984555985 0.0831408775982
0.557692307692 0.0837182448037
0.555555555556 0.0837182448037
0.557251908397 0.0842956120092
0.555133079848 0.0842956120092
0.55303030303 0.0842956120092
0.554716981132 0.0848729792148
0.552631578947 0.0848729792148
0.550561797753 0.0848729792148
0.548507462687 0.0848729792148
0.550185873606 0.0854503464203
0.551851851852 0.0860277136259
0.553505535055 0.0866050808314
0.551470588235 0.0866050808314
0.553113553114 0.087182448037
0.554744525547 0.0877598152425
0.556363636364 0.088337182448
0.554347826087 0.088337182448
0.5559566787 0.0889145496536
0.553956834532 0.0889145496536
0.551971326165 0.0889145496536
0.553571428571 0.0894919168591
0.555160142349 0.0900692840647
0.556737588652 0.0906466512702
0.554770318021 0.0906466512702
0.552816901408 0.0906466512702
0.550877192982 0.0906466512702
0.552447552448 0.0912240184758
0.550522648084 0.0912240184758
0.552083333333 0.0918013856813
0.553633217993 0.0923787528868
0.551724137931 0.0923787528868
0.553264604811 0.0929561200924
0.554794520548 0.0935334872979
0.552901023891 0.0935334872979
0.551020408163 0.0935334872979
0.552542372881 0.0941108545035
0.550675675676 0.0941108545035
0.548821548822 0.0941108545035
0.55033557047 0.094688221709
0.548494983278 0.094688221709
0.55 0.0952655889145
0.548172757475 0.0952655889145
0.546357615894 0.0952655889145
0.544554455446 0.0952655889145
0.546052631579 0.0958429561201
0.547540983607 0.0964203233256
0.545751633987 0.0964203233256
0.543973941368 0.0964203233256
0.545454545455 0.0969976905312
0.543689320388 0.0969976905312
0.541935483871 0.0969976905312
0.540192926045 0.0969976905312
0.538461538462 0.0969976905312
0.539936102236 0.0975750577367
0.541401273885 0.0981524249423
0.539682539683 0.0981524249423
0.537974683544 0.0981524249423
0.536277602524 0.0981524249423
0.537735849057 0.0987297921478
0.53605015674 0.0987297921478
0.5375 0.0993071593533
0.535825545171 0.0993071593533
0.534161490683 0.0993071593533
0.53560371517 0.0998845265589
0.537037037037 0.100461893764
0.535384615385 0.100461893764
0.533742331288 0.100461893764
0.535168195719 0.10103926097
0.533536585366 0.10103926097
0.531914893617 0.10103926097
0.533333333333 0.101616628176
0.534743202417 0.102193995381
0.53313253012 0.102193995381
0.534534534535 0.102771362587
0.532934131737 0.102771362587
0.531343283582 0.102771362587
0.529761904762 0.102771362587
0.53115727003 0.103348729792
0.532544378698 0.103926096998
0.533923303835 0.104503464203
0.532352941176 0.104503464203
0.530791788856 0.104503464203
0.529239766082 0.104503464203
0.527696793003 0.104503464203
0.529069767442 0.105080831409
0.530434782609 0.105658198614
0.528901734104 0.105658198614
0.530259365994 0.10623556582
0.528735632184 0.10623556582
0.527220630372 0.10623556582
0.525714285714 0.10623556582
0.527065527066 0.106812933025
0.525568181818 0.106812933025
0.524079320113 0.106812933025
0.522598870056 0.106812933025
0.523943661972 0.107390300231
0.522471910112 0.107390300231
0.52380952381 0.107967667436
0.525139664804 0.108545034642
0.523676880223 0.108545034642
0.522222222222 0.108545034642
0.520775623269 0.108545034642
0.519337016575 0.108545034642
0.520661157025 0.109122401848
0.519230769231 0.109122401848
0.517808219178 0.109122401848
0.516393442623 0.109122401848
0.517711171662 0.109699769053
0.516304347826 0.109699769053
0.514905149051 0.109699769053
0.516216216216 0.110277136259
0.514824797844 0.110277136259
0.516129032258 0.110854503464
0.514745308311 0.110854503464
0.513368983957 0.110854503464
0.512 0.110854503464
0.510638297872 0.110854503464
0.509283819629 0.110854503464
0.510582010582 0.11143187067
0.511873350923 0.112009237875
0.510526315789 0.112009237875
0.509186351706 0.112009237875
0.510471204188 0.112586605081
0.509138381201 0.112586605081
0.510416666667 0.113163972286
0.509090909091 0.113163972286
0.507772020725 0.113163972286
0.50645994832 0.113163972286
0.507731958763 0.113741339492
0.506426735219 0.113741339492
0.505128205128 0.113741339492
0.503836317136 0.113741339492
0.505102040816 0.114318706697
0.503816793893 0.114318706697
0.505076142132 0.114896073903
0.503797468354 0.114896073903
0.502525252525 0.114896073903
0.501259445844 0.114896073903
0.502512562814 0.115473441109
0.501253132832 0.115473441109
0.5 0.115473441109
0.498753117207 0.115473441109
0.497512437811 0.115473441109
0.496277915633 0.115473441109
0.49504950495 0.115473441109
0.496296296296 0.116050808314
0.495073891626 0.116050808314
0.496314496314 0.11662817552
0.497549019608 0.117205542725
0.496332518337 0.117205542725
0.49512195122 0.117205542725
0.493917274939 0.117205542725
0.492718446602 0.117205542725
0.493946731235 0.117782909931
0.495169082126 0.118360277136
0.493975903614 0.118360277136
0.492788461538 0.118360277136
0.491606714628 0.118360277136
0.49043062201 0.118360277136
0.491646778043 0.118937644342
0.490476190476 0.118937644342
0.489311163895 0.118937644342
0.488151658768 0.118937644342
0.486997635934 0.118937644342
0.485849056604 0.118937644342
0.487058823529 0.119515011547
0.488262910798 0.120092378753
0.487119437939 0.120092378753
0.485981308411 0.120092378753
0.484848484848 0.120092378753
0.486046511628 0.120669745958
0.484918793503 0.120669745958
0.486111111111 0.121247113164
0.487297921478 0.12182448037
0.486175115207 0.12182448037
0.485057471264 0.12182448037
0.48623853211 0.122401847575
0.485125858124 0.122401847575
0.48401826484 0.122401847575
0.48291571754 0.122401847575
0.484090909091 0.122979214781
0.482993197279 0.122979214781
0.481900452489 0.122979214781
0.480812641084 0.122979214781
0.47972972973 0.122979214781
0.478651685393 0.122979214781
0.479820627803 0.123556581986
0.478747203579 0.123556581986
0.479910714286 0.124133949192
0.478841870824 0.124133949192
0.477777777778 0.124133949192
0.478935698448 0.124711316397
0.480088495575 0.125288683603
0.479028697572 0.125288683603
0.477973568282 0.125288683603
0.479120879121 0.125866050808
0.478070175439 0.125866050808
0.479212253829 0.126443418014
0.480349344978 0.127020785219
0.479302832244 0.127020785219
0.480434782609 0.127598152425
0.479392624729 0.127598152425
0.478354978355 0.127598152425
0.479481641469 0.12817551963
0.480603448276 0.128752886836
0.479569892473 0.128752886836
0.478540772532 0.128752886836
0.477516059957 0.128752886836
0.478632478632 0.129330254042
0.477611940299 0.129330254042
0.476595744681 0.129330254042
0.475583864119 0.129330254042
0.474576271186 0.129330254042
0.473572938689 0.129330254042
0.472573839662 0.129330254042
0.471578947368 0.129330254042
0.470588235294 0.129330254042
0.471698113208 0.129907621247
0.47280334728 0.130484988453
0.473903966597 0.131062355658
0.472916666667 0.131062355658
0.474012474012 0.131639722864
0.473029045643 0.131639722864
0.472049689441 0.131639722864
0.473140495868 0.132217090069
0.472164948454 0.132217090069
0.471193415638 0.132217090069
0.47022587269 0.132217090069
0.47131147541 0.132794457275
0.470347648262 0.132794457275
0.469387755102 0.132794457275
0.470468431772 0.13337182448
0.471544715447 0.133949191686
0.470588235294 0.133949191686
0.471659919028 0.134526558891
0.470707070707 0.134526558891
0.469758064516 0.134526558891
0.468812877264 0.134526558891
0.467871485944 0.134526558891
0.466933867735 0.134526558891
0.468 0.135103926097
0.467065868263 0.135103926097
0.466135458167 0.135103926097
0.467196819085 0.135681293303
0.46626984127 0.135681293303
0.465346534653 0.135681293303
0.466403162055 0.136258660508
0.467455621302 0.136836027714
0.466535433071 0.136836027714
0.465618860511 0.136836027714
0.466666666667 0.137413394919
0.46771037182 0.137990762125
0.46875 0.13856812933
0.46783625731 0.13856812933
0.466926070039 0.13856812933
0.466019417476 0.13856812933
0.46511627907 0.13856812933
0.464216634429 0.13856812933
0.46332046332 0.13856812933
0.462427745665 0.13856812933
0.461538461538 0.13856812933
0.460652591171 0.13856812933
0.459770114943 0.13856812933
0.460803059273 0.139145496536
0.461832061069 0.139722863741
0.460952380952 0.139722863741
0.461977186312 0.140300230947
0.46110056926 0.140300230947
0.462121212121 0.140877598152
0.461247637051 0.140877598152
0.462264150943 0.141454965358
0.463276836158 0.142032332564
0.462406015038 0.142032332564
0.463414634146 0.142609699769
0.462546816479 0.142609699769
0.463551401869 0.143187066975
0.462686567164 0.143187066975
0.461824953445 0.143187066975
0.46282527881 0.14376443418
0.461966604824 0.14376443418
0.461111111111 0.14376443418
0.462107208872 0.144341801386
0.461254612546 0.144341801386
0.460405156538 0.144341801386
0.459558823529 0.144341801386
0.460550458716 0.144919168591
0.459706959707 0.144919168591
0.460694698355 0.145496535797
0.459854014599 0.145496535797
0.459016393443 0.145496535797
0.458181818182 0.145496535797
0.457350272232 0.145496535797
0.45652173913 0.145496535797
0.455696202532 0.145496535797
0.454873646209 0.145496535797
0.454054054054 0.145496535797
0.453237410072 0.145496535797
0.454219030521 0.146073903002
0.453405017921 0.146073903002
0.454382826476 0.146651270208
0.453571428571 0.146651270208
0.452762923351 0.146651270208
0.453736654804 0.147228637413
0.454706927176 0.147806004619
0.45390070922 0.147806004619
0.453097345133 0.147806004619
0.452296819788 0.147806004619
0.453262786596 0.148383371824
0.452464788732 0.148383371824
0.451669595782 0.148383371824
0.450877192982 0.148383371824
0.451838879159 0.14896073903
0.451048951049 0.14896073903
0.450261780105 0.14896073903
0.449477351916 0.14896073903
0.448695652174 0.14896073903
0.447916666667 0.14896073903
0.447140381282 0.14896073903
0.448096885813 0.149538106236
0.449050086356 0.150115473441
0.45 0.150692840647
0.449225473322 0.150692840647
0.448453608247 0.150692840647
0.449399656947 0.151270207852
0.448630136986 0.151270207852
0.449572649573 0.151847575058
0.448805460751 0.151847575058
0.449744463373 0.152424942263
0.448979591837 0.152424942263
0.448217317487 0.152424942263
0.449152542373 0.153002309469
0.450084602369 0.153579676674
0.449324324324 0.153579676674
0.450252951096 0.15415704388
0.451178451178 0.154734411085
0.452100840336 0.155311778291
0.451342281879 0.155311778291
0.450586264657 0.155311778291
0.44983277592 0.155311778291
0.449081803005 0.155311778291
0.448333333333 0.155311778291
0.44925124792 0.155889145497
0.448504983389 0.155889145497
0.44776119403 0.155889145497
0.448675496689 0.156466512702
0.447933884298 0.156466512702
0.448844884488 0.157043879908
0.449752883031 0.157621247113
0.449013157895 0.157621247113
0.449917898194 0.158198614319
0.449180327869 0.158198614319
0.448445171849 0.158198614319
0.447712418301 0.158198614319
0.448613376835 0.158775981524
0.449511400651 0.15935334873
0.448780487805 0.15935334873
0.448051948052 0.15935334873
0.448946515397 0.159930715935
0.449838187702 0.160508083141
0.450726978998 0.161085450346
0.45 0.161085450346
0.449275362319 0.161085450346
0.448553054662 0.161085450346
0.447833065811 0.161085450346
0.448717948718 0.161662817552
0.448 0.161662817552
0.447284345048 0.161662817552
0.448165869219 0.162240184758
0.447452229299 0.162240184758
0.446740858506 0.162240184758
0.447619047619 0.162817551963
0.446909667195 0.162817551963
0.446202531646 0.162817551963
0.447077409163 0.163394919169
0.446372239748 0.163394919169
0.445669291339 0.163394919169
0.444968553459 0.163394919169
0.444270015699 0.163394919169
0.443573667712 0.163394919169
0.442879499218 0.163394919169
0.44375 0.163972286374
0.443057722309 0.163972286374
0.442367601246 0.163972286374
0.44167962675 0.163972286374
0.442546583851 0.16454965358
0.441860465116 0.16454965358
0.442724458204 0.165127020785
0.442040185471 0.165127020785
0.441358024691 0.165127020785
0.440677966102 0.165127020785
0.441538461538 0.165704387991
0.440860215054 0.165704387991
0.44018404908 0.165704387991
0.439509954058 0.165704387991
0.438837920489 0.165704387991
0.438167938931 0.165704387991
0.4375 0.165704387991
0.436834094368 0.165704387991
0.436170212766 0.165704387991
0.435508345979 0.165704387991
0.434848484848 0.165704387991
0.435703479576 0.166281755196
0.435045317221 0.166281755196
0.434389140271 0.166281755196
0.433734939759 0.166281755196
0.433082706767 0.166281755196
0.433933933934 0.166859122402
0.433283358321 0.166859122402
0.432634730539 0.166859122402
0.431988041854 0.166859122402
0.432835820896 0.167436489607
0.433681073025 0.168013856813
0.434523809524 0.168591224018
0.435364041605 0.169168591224
0.43471810089 0.169168591224
0.434074074074 0.169168591224
0.433431952663 0.169168591224
0.434268833087 0.16974595843
0.435103244838 0.170323325635
0.434462444772 0.170323325635
0.433823529412 0.170323325635
0.434654919236 0.170900692841
0.434017595308 0.170900692841
0.434846266471 0.171478060046
0.434210526316 0.171478060046
0.433576642336 0.171478060046
0.432944606414 0.171478060046
0.43231441048 0.171478060046
0.431686046512 0.171478060046
0.432510885341 0.172055427252
0.431884057971 0.172055427252
0.432706222865 0.172632794457
0.433526011561 0.173210161663
0.434343434343 0.173787528868
0.435158501441 0.174364896074
0.434532374101 0.174364896074
0.433908045977 0.174364896074
0.433285509326 0.174364896074
0.434097421203 0.174942263279
0.43347639485 0.174942263279
0.432857142857 0.174942263279
0.432239657632 0.174942263279
0.431623931624 0.174942263279
0.431009957326 0.174942263279
0.430397727273 0.174942263279
0.429787234043 0.174942263279
0.43059490085 0.175519630485
0.429985855728 0.175519630485
0.429378531073 0.175519630485
0.428772919605 0.175519630485
0.429577464789 0.176096997691
0.428973277075 0.176096997691
0.428370786517 0.176096997691
0.427769985975 0.176096997691
0.427170868347 0.176096997691
0.427972027972 0.176674364896
0.428770949721 0.177251732102
0.429567642957 0.177829099307
0.430362116992 0.178406466513
0.429763560501 0.178406466513
0.429166666667 0.178406466513
0.429958391123 0.178983833718
0.429362880886 0.178983833718
0.430152143845 0.179561200924
0.42955801105 0.179561200924
0.430344827586 0.180138568129
0.429752066116 0.180138568129
0.430536451169 0.180715935335
0.429945054945 0.180715935335
0.43072702332 0.18129330254
0.431506849315 0.181870669746
0.430916552668 0.181870669746
0.430327868852 0.181870669746
0.429740791269 0.181870669746
0.430517711172 0.182448036952
0.429931972789 0.182448036952
0.429347826087 0.182448036952
0.428765264586 0.182448036952
0.429539295393 0.183025404157
0.428958051421 0.183025404157
0.428378378378 0.183025404157
0.429149797571 0.183602771363
0.428571428571 0.183602771363
0.42799461642 0.183602771363
0.427419354839 0.183602771363
0.426845637584 0.183602771363
0.426273458445 0.183602771363
0.425702811245 0.183602771363
0.42513368984 0.183602771363
0.424566088117 0.183602771363
0.424 0.183602771363
0.424766977364 0.184180138568
0.42420212766 0.184180138568
0.424966799469 0.184757505774
0.424403183024 0.184757505774
0.423841059603 0.184757505774
0.42328042328 0.184757505774
0.422721268164 0.184757505774
0.422163588391 0.184757505774
0.422924901186 0.185334872979
0.422368421053 0.185334872979
0.421813403417 0.185334872979
0.42125984252 0.185334872979
0.420707732634 0.185334872979
0.420157068063 0.185334872979
0.419607843137 0.185334872979
0.420365535248 0.185912240185
0.419817470665 0.185912240185
0.419270833333 0.185912240185
0.418725617685 0.185912240185
0.418181818182 0.185912240185
0.417639429313 0.185912240185
0.417098445596 0.185912240185
0.416558861578 0.185912240185
0.417312661499 0.18648960739
0.416774193548 0.18648960739
0.417525773196 0.187066974596
0.416988416988 0.187066974596
0.416452442159 0.187066974596
0.415917843389 0.187066974596
0.415384615385 0.187066974596
0.414852752881 0.187066974596
0.414322250639 0.187066974596
0.415070242656 0.187644341801
0.415816326531 0.188221709007
0.415286624204 0.188221709007
0.41475826972 0.188221709007
0.415501905972 0.188799076212
0.414974619289 0.188799076212
0.414448669202 0.188799076212
0.415189873418 0.189376443418
0.414664981037 0.189376443418
0.414141414141 0.189376443418
0.413619167718 0.189376443418
0.41435768262 0.189953810624
0.413836477987 0.189953810624
0.413316582915 0.189953810624
0.412797992472 0.189953810624
0.413533834586 0.190531177829
0.414267834793 0.191108545035
0.41375 0.191108545035
0.413233458177 0.191108545035
0.412718204489 0.191108545035
0.412204234122 0.191108545035
0.411691542289 0.191108545035
0.411180124224 0.191108545035
0.410669975186 0.191108545035
0.411400247831 0.19168591224
0.410891089109 0.19168591224
0.410383189122 0.19168591224
0.40987654321 0.19168591224
0.409371146732 0.19168591224
0.408866995074 0.19168591224
0.408364083641 0.19168591224
0.409090909091 0.192263279446
0.40981595092 0.192840646651
0.40931372549 0.192840646651
0.408812729498 0.192840646651
0.408312958435 0.192840646651
0.407814407814 0.192840646651
0.408536585366 0.193418013857
0.409257003654 0.193995381062
0.4099756691 0.194572748268
0.409477521264 0.194572748268
0.408980582524 0.194572748268
0.408484848485 0.194572748268
0.40799031477 0.194572748268
0.407496977025 0.194572748268
0.408212560386 0.195150115473
0.407720144753 0.195150115473
0.407228915663 0.195150115473
0.406738868833 0.195150115473
0.407451923077 0.195727482679
0.406962785114 0.195727482679
0.406474820144 0.195727482679
0.405988023952 0.195727482679
0.406698564593 0.196304849885
0.406212664277 0.196304849885
0.405727923628 0.196304849885
0.405244338498 0.196304849885
0.404761904762 0.196304849885
0.405469678954 0.19688221709
0.404988123515 0.19688221709
0.405693950178 0.197459584296
0.405213270142 0.197459584296
0.405917159763 0.198036951501
0.406619385343 0.198614318707
0.40613931523 0.198614318707
0.406839622642 0.199191685912
0.406360424028 0.199191685912
0.407058823529 0.199769053118
0.406580493537 0.199769053118
0.406103286385 0.199769053118
0.405627198124 0.199769053118
0.405152224824 0.199769053118
0.405847953216 0.200346420323
0.406542056075 0.200923787529
0.406067677946 0.200923787529
0.40675990676 0.201501154734
0.406286379511 0.201501154734
0.405813953488 0.201501154734
0.406504065041 0.20207852194
0.407192575406 0.202655889145
0.406720741599 0.202655889145
0.407407407407 0.203233256351
0.406936416185 0.203233256351
0.407621247113 0.203810623557
0.407151095732 0.203810623557
0.40668202765 0.203810623557
0.406214039125 0.203810623557
0.406896551724 0.204387990762
0.406429391504 0.204387990762
0.407110091743 0.204965357968
0.406643757159 0.204965357968
0.406178489703 0.204965357968
0.405714285714 0.204965357968
0.405251141553 0.204965357968
0.404789053592 0.204965357968
0.404328018223 0.204965357968
0.405005688282 0.205542725173
0.404545454545 0.205542725173
0.404086265607 0.205542725173
0.403628117914 0.205542725173
0.403171007928 0.205542725173
0.402714932127 0.205542725173
0.403389830508 0.206120092379
0.402934537246 0.206120092379
0.402480270575 0.206120092379
0.402027027027 0.206120092379
0.402699662542 0.206697459584
0.402247191011 0.206697459584
0.401795735129 0.206697459584
0.402466367713 0.20727482679
0.402015677492 0.20727482679
0.402684563758 0.207852193995
0.402234636872 0.207852193995
0.402901785714 0.208429561201
0.402452619844 0.208429561201
0.402004454343 0.208429561201
0.402669632925 0.209006928406
0.402222222222 0.209006928406
0.401775804661 0.209006928406
0.40243902439 0.209584295612
0.403100775194 0.210161662818
0.403761061947 0.210739030023
0.403314917127 0.210739030023
0.403973509934 0.211316397229
0.404630650496 0.211893764434
0.404185022026 0.211893764434
0.403740374037 0.211893764434
0.403296703297 0.211893764434
0.403951701427 0.21247113164
0.404605263158 0.213048498845
0.404162102957 0.213048498845
0.403719912473 0.213048498845
0.403278688525 0.213048498845
0.402838427948 0.213048498845
0.403489640131 0.213625866051
0.403050108932 0.213625866051
0.403699673558 0.214203233256
0.403260869565 0.214203233256
0.403908794788 0.214780600462
0.404555314534 0.215357967667
0.404117009751 0.215357967667
0.40367965368 0.215357967667
0.403243243243 0.215357967667
0.402807775378 0.215357967667
0.402373247033 0.215357967667
0.403017241379 0.215935334873
0.402583423036 0.215935334873
0.403225806452 0.216512702079
0.403866809882 0.217090069284
0.403433476395 0.217090069284
0.404072883173 0.21766743649
0.403640256959 0.21766743649
0.40320855615 0.21766743649
0.402777777778 0.21766743649
0.40234791889 0.21766743649
0.402985074627 0.218244803695
0.403620873269 0.218822170901
0.403191489362 0.218822170901
0.402763018066 0.218822170901
0.403397027601 0.219399538106
0.402969247084 0.219399538106
0.402542372881 0.219399538106
0.402116402116 0.219399538106
0.401691331924 0.219399538106
0.401267159451 0.219399538106
0.400843881857 0.219399538106
0.400421496312 0.219399538106
0.4 0.219399538106
0.399579390116 0.219399538106
0.399159663866 0.219399538106
0.398740818468 0.219399538106
0.398322851153 0.219399538106
0.398952879581 0.219976905312
0.398535564854 0.219976905312
0.398119122257 0.219976905312
0.397703549061 0.219976905312
0.397288842544 0.219976905312
0.397916666667 0.220554272517
0.398543184183 0.221131639723
0.398128898129 0.221131639723
0.397715472482 0.221131639723
0.397302904564 0.221131639723
0.39689119171 0.221131639723
0.396480331263 0.221131639723
0.397104446743 0.221709006928
0.397727272727 0.222286374134
0.398348813209 0.222863741339
0.39793814433 0.222863741339
0.398558187436 0.223441108545
0.398148148148 0.223441108545
0.398766700925 0.224018475751
0.398357289528 0.224018475751
0.398974358974 0.224595842956
0.39856557377 0.224595842956
0.398157625384 0.224595842956
0.398773006135 0.225173210162
0.398365679265 0.225173210162
0.398979591837 0.225750577367
0.399592252803 0.226327944573
0.399185336049 0.226327944573
0.398779247202 0.226327944573
0.399390243902 0.226905311778
0.398984771574 0.226905311778
0.399594320487 0.227482678984
0.399189463019 0.227482678984
0.398785425101 0.227482678984
0.398382204247 0.227482678984
0.39797979798 0.227482678984
0.397578203835 0.227482678984
0.398185483871 0.228060046189
0.39778449144 0.228060046189
0.397384305835 0.228060046189
0.397989949749 0.228637413395
0.397590361446 0.228637413395
0.397191574724 0.228637413395
0.396793587174 0.228637413395
0.396396396396 0.228637413395
0.397 0.2292147806
0.396603396603 0.2292147806
0.397205588822 0.229792147806
0.397806580259 0.230369515012
0.397410358566 0.230369515012
0.397014925373 0.230369515012
0.39662027833 0.230369515012
0.397219463754 0.230946882217
0.396825396825 0.230946882217
0.396432111001 0.230946882217
0.39603960396 0.230946882217
0.396636993076 0.231524249423
0.396245059289 0.231524249423
0.395853899309 0.231524249423
0.395463510848 0.231524249423
0.395073891626 0.231524249423
0.39468503937 0.231524249423
0.394296951819 0.231524249423
0.393909626719 0.231524249423
0.394504416094 0.232101616628
0.394117647059 0.232101616628
0.393731635651 0.232101616628
0.393346379648 0.232101616628
0.392961876833 0.232101616628
0.392578125 0.232101616628
0.393170731707 0.232678983834
0.393762183236 0.233256351039
0.393378773126 0.233256351039
0.392996108949 0.233256351039
0.392614188533 0.233256351039
0.392233009709 0.233256351039
0.39185257032 0.233256351039
0.391472868217 0.233256351039
0.39206195547 0.233833718245
0.3916827853 0.233833718245
0.391304347826 0.233833718245
0.391891891892 0.23441108545
0.391513982642 0.23441108545
0.391136801541 0.23441108545
0.390760346487 0.23441108545
0.391346153846 0.234988452656
0.391930835735 0.235565819861
0.391554702495 0.235565819861
0.392138063279 0.236143187067
0.391762452107 0.236143187067
0.392344497608 0.236720554273
0.391969407266 0.236720554273
0.391595033429 0.236720554273
0.391221374046 0.236720554273
0.39180171592 0.237297921478
0.391428571429 0.237297921478
0.391056137012 0.237297921478
0.390684410646 0.237297921478
0.390313390313 0.237297921478
0.390891840607 0.237875288684
0.390521327014 0.237875288684
0.390151515152 0.237875288684
0.389782403027 0.237875288684
0.389413988658 0.237875288684
0.389990557129 0.238452655889
0.389622641509 0.238452655889
0.389255419416 0.238452655889
0.388888888889 0.238452655889
0.388523047977 0.238452655889
0.388157894737 0.238452655889
0.38779342723 0.238452655889
0.387429643527 0.238452655889
0.387066541706 0.238452655889
0.38670411985 0.238452655889
0.386342376052 0.238452655889
0.385981308411 0.238452655889
0.385620915033 0.238452655889
0.38526119403 0.238452655889
0.384902143523 0.238452655889
0.384543761639 0.238452655889
0.384186046512 0.238452655889
0.383828996283 0.238452655889
0.383472609099 0.238452655889
0.383116883117 0.238452655889
0.382761816497 0.238452655889
0.383333333333 0.239030023095
0.382978723404 0.239030023095
0.382624768946 0.239030023095
0.382271468144 0.239030023095
0.381918819188 0.239030023095
0.381566820276 0.239030023095
0.381215469613 0.239030023095
0.380864765409 0.239030023095
0.380514705882 0.239030023095
0.380165289256 0.239030023095
0.379816513761 0.239030023095
0.379468377635 0.239030023095
0.379120879121 0.239030023095
0.379688929552 0.2396073903
0.379341864717 0.2396073903
0.37899543379 0.2396073903
0.378649635036 0.2396073903
0.378304466727 0.2396073903
0.37795992714 0.2396073903
0.377616014559 0.2396073903
0.377272727273 0.2396073903
0.376930063579 0.2396073903
0.377495462795 0.240184757506
0.378059836809 0.240762124711
0.377717391304 0.240762124711
0.378280542986 0.241339491917
0.377938517179 0.241339491917
0.377597109304 0.241339491917
0.37725631769 0.241339491917
0.377817853922 0.241916859122
0.377477477477 0.241916859122
0.37803780378 0.242494226328
0.378597122302 0.243071593533
0.378256963163 0.243071593533
0.377917414722 0.243071593533
0.377578475336 0.243071593533
0.377240143369 0.243071593533
0.376902417189 0.243071593533
0.37656529517 0.243071593533
0.376228775693 0.243071593533
0.375892857143 0.243071593533
0.375557537913 0.243071593533
0.375222816399 0.243071593533
0.374888691006 0.243071593533
0.374555160142 0.243071593533
0.374222222222 0.243071593533
0.373889875666 0.243071593533
0.3735581189 0.243071593533
0.373226950355 0.243071593533
0.372896368468 0.243071593533
0.372566371681 0.243071593533
0.372236958444 0.243071593533
0.371908127208 0.243071593533
0.371579876434 0.243071593533
0.371252204586 0.243071593533
0.370925110132 0.243071593533
0.370598591549 0.243071593533
0.370272647318 0.243071593533
0.369947275923 0.243071593533
0.369622475856 0.243071593533
0.370175438596 0.243648960739
0.369851007888 0.243648960739
0.370402802102 0.244226327945
0.370078740157 0.244226327945
0.370629370629 0.24480369515
0.370305676856 0.24480369515
0.370855148342 0.245381062356
0.370531822145 0.245381062356
0.371080139373 0.245958429561
0.371627502176 0.246535796767
0.371304347826 0.246535796767
0.370981754996 0.246535796767
0.370659722222 0.246535796767
0.370338248049 0.246535796767
0.370883882149 0.247113163972
0.371428571429 0.247690531178
0.371107266436 0.247690531178
0.370786516854 0.247690531178
0.370466321244 0.247690531178
0.370146678171 0.247690531178
0.369827586207 0.247690531178
0.369509043928 0.247690531178
0.369191049914 0.247690531178
0.368873602752 0.247690531178
0.368556701031 0.247690531178
0.368240343348 0.247690531178
0.367924528302 0.247690531178
0.367609254499 0.247690531178
0.367294520548 0.247690531178
0.367835757057 0.248267898383
0.367521367521 0.248267898383
0.367207514944 0.248267898383
0.367747440273 0.248845265589
0.368286445013 0.249422632794
0.36797274276 0.249422632794
0.367659574468 0.249422632794
0.367346938776 0.249422632794
0.367034834325 0.249422632794
0.366723259762 0.249422632794
0.36641221374 0.249422632794
0.366101694915 0.249422632794
0.365791701948 0.249422632794
0.365482233503 0.249422632794
0.366018596788 0.25
0.365709459459 0.25
0.365400843882 0.25
0.365935919056 0.250577367206
0.365627632687 0.250577367206
0.36531986532 0.250577367206
0.365012615643 0.250577367206
0.364705882353 0.250577367206
0.364399664148 0.250577367206
0.364093959732 0.250577367206
0.36462699078 0.251154734411
0.36432160804 0.251154734411
0.364853556485 0.251732101617
0.364548494983 0.251732101617
0.365079365079 0.252309468822
0.365609348915 0.252886836028
0.36530442035 0.252886836028
0.365 0.252886836028
0.364696086595 0.252886836028
0.364392678869 0.252886836028
0.364089775561 0.252886836028
0.364617940199 0.253464203233
0.364315352697 0.253464203233
0.364013266998 0.253464203233
0.363711681856 0.253464203233
0.363410596026 0.253464203233
0.363110008271 0.253464203233
0.362809917355 0.253464203233
0.362510322048 0.253464203233
0.362211221122 0.253464203233
0.361912613355 0.253464203233
0.361614497529 0.253464203233
0.361316872428 0.253464203233
0.361019736842 0.253464203233
0.360723089565 0.253464203233
0.360426929392 0.253464203233
0.360131255127 0.253464203233
0.359836065574 0.253464203233
0.359541359541 0.253464203233
0.359247135843 0.253464203233
0.358953393295 0.253464203233
0.358660130719 0.253464203233
0.358367346939 0.253464203233
0.358075040783 0.253464203233
0.357783211084 0.253464203233
0.357491856678 0.253464203233
0.357200976404 0.253464203233
0.357723577236 0.254041570439
0.357432981316 0.254041570439
0.357142857143 0.254041570439
0.356853203569 0.254041570439
0.356564019449 0.254041570439
0.356275303644 0.254041570439
0.355987055016 0.254041570439
0.355699272433 0.254041570439
0.355411954766 0.254041570439
0.355125100888 0.254041570439
0.354838709677 0.254041570439
0.354552780016 0.254041570439
0.354267310789 0.254041570439
0.353982300885 0.254041570439
0.353697749196 0.254041570439
0.353413654618 0.254041570439
0.353130016051 0.254041570439
0.353648757017 0.254618937644
0.353365384615 0.254618937644
0.353082465973 0.254618937644
0.3528 0.254618937644
0.352517985612 0.254618937644
0.35303514377 0.25519630485
0.353551476457 0.255773672055
0.35326953748 0.255773672055
0.353784860558 0.256351039261
0.353503184713 0.256351039261
0.353221957041 0.256351039261
0.352941176471 0.256351039261
0.352660841938 0.256351039261
0.352380952381 0.256351039261
0.352101506741 0.256351039261
0.351822503962 0.256351039261
0.351543942993 0.256351039261
0.351265822785 0.256351039261
0.350988142292 0.256351039261
0.350710900474 0.256351039261
0.35043409629 0.256351039261
0.350157728707 0.256351039261
0.34988179669 0.256351039261
0.349606299213 0.256351039261
0.349331235248 0.256351039261
0.349842767296 0.256928406467
0.349567949725 0.256928406467
0.349293563579 0.256928406467
0.349019607843 0.256928406467
0.348746081505 0.256928406467
0.348472983555 0.256928406467
0.348200312989 0.256928406467
0.347928068804 0.256928406467
