634 1 0.997490882874
14082 4 0.994658410549
20917 1 0.994567275047
25872 1 0.990662634373
3160 1 0.989479959011
22177 4 0.989239692688
91210 1 0.988114058971
58500 1 0.98804551363
60763 4 0.987000048161
59721 1 0.986568570137
38955 1 0.985645234585
26715 1 0.984952867031
52262 4 0.984560847282
88783 1 0.983765184879
11801 4 0.983583033085
26790 1 0.982475399971
78322 1 0.980736017227
21197 1 0.979532063007
41233 1 0.979313910007
57243 1 0.978503167629
27028 1 0.978347420692
5661 1 0.978011369705
7243 1 0.977670311928
36052 1 0.977267920971
3527 1 0.976666629314
37761 1 0.976590096951
62181 4 0.976225376129
82160 4 0.975248634815
62894 1 0.972916901112
29398 4 0.972282111645
1913 4 0.971980631351
46201 1 0.971692442894
50546 4 0.971689462662
8692 1 0.970698535442
69181 1 0.970339596272
5356 1 0.969268739223
79503 4 0.969029545784
62098 4 0.96832215786
76866 4 0.967942178249
40156 1 0.967333197594
22247 1 0.966897130013
25772 1 0.966583967209
76245 1 0.966268539429
84730 1 0.965417027473
46690 4 0.965185105801
15916 1 0.965000212193
82299 1 0.964816331863
1321 4 0.964752078056
8518 4 0.964450478554
68642 1 0.964254498482
43256 1 0.962894082069
40502 1 0.962370812893
80608 1 0.962191939354
87308 1 0.96202647686
65577 4 0.961066782475
36888 1 0.961004495621
49084 1 0.960827350616
34090 1 0.960586309433
73947 1 0.959851205349
65433 4 0.959329485893
3706 1 0.958415567875
78189 4 0.956699252129
4331 1 0.956535100937
84797 1 0.956374883652
62182 4 0.956032514572
22257 1 0.955445408821
8715 4 0.954947888851
12810 1 0.954641401768
10306 4 0.954513013363
8680 1 0.954415738583
65238 1 0.95439684391
64040 1 0.954191029072
12463 1 0.953882217407
4526 4 0.953503251076
70388 4 0.953495562077
55507 4 0.95313423872
48181 4 0.952991783619
25828 4 0.952171266079
642 1 0.952151954174
55623 4 0.951814770699
20045 4 0.951698899269
77568 4 0.950370311737
46007 1 0.949222445488
27691 1 0.949203014374
17501 1 0.948652744293
20283 4 0.948462128639
26497 1 0.948291778564
35410 1 0.948220491409
44676 1 0.948177397251
10153 1 0.947928488255
91277 4 0.947797119617
10038 1 0.947569906712
85006 4 0.947375535965
48702 4 0.947237014771
70760 1 0.947094261646
32110 4 0.946923851967
15614 1 0.946922004223
50965 1 0.946583330631
22239 1 0.946148574352
5384 1 0.945566117764
55134 1 0.944282591343
10397 4 0.942679703236
55668 1 0.941939592361
41789 1 0.941799461842
34665 4 0.940744161606
53230 1 0.939564526081
52350 1 0.9392542243
25204 4 0.938531458378
48117 4 0.937081038952
9676 1 0.936836600304
51192 4 0.935445129871
51074 4 0.935370028019
44020 1 0.934735178947
49832 1 0.934659898281
62216 4 0.93425577879
79467 1 0.934051394463
325 1 0.933541536331
69665 1 0.933379888535
1958 1 0.93326741457
90352 4 0.93302744627
1610 4 0.932614505291
32622 4 0.932195782661
44997 1 0.932115316391
23701 1 0.931279301643
56049 1 0.931070387363
68555 4 0.930150806904
12557 1 0.929218769073
4265 1 0.929169476032
10162 1 0.929135382175
86818 1 0.927925884724
32660 1 0.927612841129
42812 4 0.927120566368
31906 4 0.926557540894
49161 1 0.926112651825
51581 4 0.925085961819
10307 4 0.924818098545
84960 4 0.924812376499
1244 4 0.9245865345
2364 1 0.923662722111
57463 1 0.92340439558
60907 1 0.923100352287
1919 4 0.922852158546
55218 1 0.922566473484
59841 1 0.922212600708
8105 1 0.921322464943
48372 4 0.921315073967
37173 4 0.920857965946
60803 1 0.920067250729
7750 1 0.920034646988
52353 1 0.919748842716
66282 1 0.919397950172
18460 1 0.918901205063
20713 1 0.918714225292
72198 1 0.917251288891
53396 1 0.915322542191
35197 1 0.9151699543
28634 1 0.914523661137
15832 4 0.914213001728
60726 1 0.913989961147
18571 1 0.913944542408
38938 1 0.913913369179
21635 4 0.913414895535
64789 1 0.913213670254
43610 1 0.912834942341
86133 1 0.912710309029
60218 1 0.91161519289
60937 4 0.910931825638
16049 1 0.91092634201
90510 1 0.910893261433
19175 4 0.910708606243
47717 4 0.910519897938
49044 4 0.91030728817
65431 4 0.910178184509
36405 4 0.909648776054
53240 4 0.909418880939
66772 4 0.906837642193
20501 1 0.905002057552
55877 1 0.904875278473
19227 1 0.904642879963
20697 1 0.903639256954
68230 4 0.901952385902
34256 1 0.901687800884
91609 1 0.901674687862
59280 1 0.900419592857
38120 1 0.90037637949
49556 4 0.900090456009
81131 4 0.900009930134
12234 4 0.899343430996
11462 1 0.89932012558
62056 1 0.898777723312
16301 1 0.898050010204
38509 1 0.89780819416
36939 1 0.897683501244
5697 1 0.89731156826
12980 4 0.897264182568
19330 1 0.897059977055
19655 1 0.896778404713
71006 1 0.89645421505
28799 1 0.895712673664
74254 4 0.895606040955
90061 1 0.89542734623
2163 4 0.894867300987
61751 4 0.894205868244
89191 4 0.893515229225
89443 1 0.892678320408
24100 4 0.892284095287
45773 4 0.89139509201
17774 1 0.891310214996
6572 4 0.89054775238
420 1 0.889677405357
46526 1 0.888307571411
76958 4 0.88801330328
89667 1 0.887995839119
74246 4 0.886692047119
35668 1 0.886033296585
49018 1 0.885281443596
342 4 0.885031223297
47024 1 0.882588922977
58158 4 0.882536828518
10432 1 0.88229060173
20459 1 0.882084965706
13538 1 0.881828129292
51065 4 0.880545496941
18652 1 0.880420506001
30298 1 0.880067765713
67140 1 0.879788756371
841 1 0.879411041737
50241 1 0.878721058369
43077 1 0.878071427345
57306 1 0.877899765968
52508 4 0.877115488052
12474 4 0.876824975014
52211 1 0.876801490784
48162 1 0.876651763916
83806 4 0.875143110752
55913 1 0.874839186668
6357 1 0.874652385712
46745 1 0.874373137951
85153 1 0.874115169048
44713 4 0.874000668526
12190 4 0.873840928078
5248 1 0.873462021351
38227 1 0.873412191868
15471 4 0.872467756271
4429 4 0.872392714024
48791 4 0.872364997864
89337 4 0.872333109379
33696 1 0.872331917286
6578 4 0.871419370174
34116 4 0.870577871799
44526 1 0.87026321888
5398 4 0.869725465775
47349 1 0.867518126965
45933 4 0.866391599178
42978 4 0.866366744041
57739 1 0.866363763809
50492 1 0.866131365299
3534 4 0.865890860558
51715 1 0.86529314518
84936 1 0.864633619785
48719 4 0.864596486092
19082 4 0.863452255726
20369 4 0.863146901131
4173 4 0.863023579121
23150 1 0.862982094288
23374 4 0.862879037857
3821 4 0.86249089241
88914 4 0.862022399902
46209 4 0.860907077789
5475 1 0.860870838165
3822 4 0.860736787319
62578 1 0.860463261604
1420 4 0.859914958477
53930 1 0.859366059303
60088 1 0.859330832958
1419 4 0.857722461224
17284 4 0.85730022192
90607 1 0.856903851032
61250 1 0.856185019016
15533 1 0.855139136314
35032 4 0.854677379131
34601 1 0.853512644768
63110 1 0.853420913219
54305 1 0.852764964104
47043 4 0.852264881134
68660 1 0.851052582264
32044 1 0.850355625153
28049 4 0.850185036659
54560 1 0.849380552769
76861 1 0.849235117435
25168 4 0.848931014538
49616 1 0.848581731319
8162 1 0.848301053047
30873 4 0.8481746912
71726 1 0.847873449326
58784 1 0.84715461731
73632 1 0.8468978405
7628 4 0.846858680248
33326 4 0.846276879311
40127 4 0.845177054405
51218 1 0.844808101654
58781 4 0.844383478165
83955 4 0.844376444817
42415 1 0.844181239605
55578 1 0.843805015087
76717 1 0.843674480915
56888 1 0.843128621578
31427 4 0.842991471291
8294 4 0.842208147049
15302 1 0.842089772224
17333 1 0.841006994247
12298 4 0.840056180954
45875 1 0.838772475719
76606 1 0.838588774204
46747 1 0.838442742825
49274 1 0.838360190392
16647 4 0.837476193905
83491 3 0.836398363113
31204 1 0.834625601768
27041 1 0.833554565907
17440 1 0.832346796989
46551 1 0.831880390644
43067 1 0.831728696823
81742 4 0.830910623074
20156 1 0.83064609766
16093 1 0.830556333065
91062 2 0.830315172672
4679 1 0.830062568188
67504 3 0.829578399658
4064 1 0.828976273537
21924 1 0.828961610794
4095 1 0.828753352165
78824 1 0.828325927258
37928 1 0.827462852001
42594 1 0.827300906181
87910 4 0.826825141907
89266 1 0.826533794403
2155 1 0.825267016888
62824 1 0.825217485428
12657 1 0.825000703335
10956 1 0.824489235878
6971 2 0.824342787266
49076 1 0.823766350746
74755 1 0.822885811329
18914 1 0.822769224644
50266 1 0.822153091431
61241 4 0.821015000343
25820 4 0.819293618202
28388 1 0.8186019063
61802 1 0.817719101906
37347 1 0.817637205124
69911 4 0.817445755005
8770 3 0.817078232765
23399 1 0.816987931728
63589 4 0.814514696598
76196 4 0.814414858818
11143 1 0.813121020794
1914 4 0.812844634056
88844 4 0.812319457531
51754 1 0.812295258045
50 4 0.811985313892
1526 4 0.811102151871
82922 4 0.810987472534
61727 1 0.810050606728
48689 1 0.810010790825
61464 1 0.808146953583
23001 4 0.808076739311
10509 4 0.807975113392
9763 1 0.807953953743
4841 1 0.807698369026
11595 1 0.807513833046
45577 1 0.807512223721
74243 4 0.807324826717
50190 1 0.807322442532
86336 1 0.806950747967
68907 4 0.806081354618
23617 4 0.803764104843
29407 1 0.803451478481
66711 1 0.803028285503
90399 4 0.802863359451
73337 1 0.802442669868
64637 3 0.802048921585
52402 4 0.801973521709
57882 3 0.801506578922
26137 4 0.801488220692
76074 4 0.800868988037
33695 4 0.799636542797
52507 4 0.799622952938
4930 1 0.799541592598
10233 1 0.799491763115
16461 4 0.799199879169
71962 1 0.79840284586
88735 4 0.798177540302
49876 1 0.797516822815
269 1 0.796879827976
76784 1 0.796063423157
83997 4 0.795538187027
81473 4 0.795495450497
28736 1 0.795442461967
88938 1 0.794724524021
13624 1 0.794495880604
83506 1 0.792979121208
59029 1 0.792725980282
83903 4 0.791781246662
31175 4 0.791016578674
67112 4 0.789692342281
52820 1 0.789161264896
23885 4 0.788843691349
43041 1 0.787304699421
54468 1 0.786649882793
63167 1 0.786477386951
75664 1 0.785156846046
52821 7 0.784902513027
22583 1 0.784485220909
52357 1 0.784141302109
57650 7 0.783972740173
66779 1 0.783689618111
67849 4 0.782908439636
9327 4 0.782518327236
85928 1 0.782333374023
29149 7 0.781952321529
4297 1 0.781746983528
89681 1 0.78158223629
2067 1 0.781165122986
6652 4 0.780216693878
41755 1 0.779805839062
65390 7 0.778389573097
9371 4 0.778387546539
25807 1 0.778370976448
5932 1 0.778164565563
88115 1 0.778064250946
24243 4 0.774347782135
62554 1 0.773414313793
50257 4 0.77312964201
50090 1 0.772904515266
91627 1 0.771684765816
89000 1 0.771676540375
16945 2 0.771507501602
88606 4 0.771339595318
16004 2 0.771091759205
43464 4 0.771069824696
19747 1 0.770898163319
91035 4 0.770714938641
83301 1 0.770456433296
89121 4 0.76918810606
8762 2 0.769184827805
37650 1 0.768007159233
34260 1 0.767115592957
25829 4 0.766790747643
42227 4 0.766567528248
40227 3 0.766387999058
11882 1 0.765161812305
10511 4 0.764573454857
38092 1 0.763809919357
90018 1 0.763395726681
67394 1 0.76285725832
63615 1 0.762468516827
69802 4 0.760316073895
2973 1 0.760289669037
7699 1 0.759519100189
59442 2 0.759435594082
67141 1 0.759013652802
48720 4 0.75887721777
40390 4 0.75785279274
17091 2 0.757749438286
72207 4 0.757453560829
50967 1 0.756810367107
28451 1 0.756637096405
7852 1 0.756344795227
68024 4 0.755543589592
32079 4 0.755397081375
40405 1 0.755040347576
9462 1 0.755040287971
17630 1 0.754287183285
45646 4 0.754246234894
37509 1 0.753831028938
35795 1 0.753647327423
10165 1 0.753490328789
5558 1 0.75300526619
34674 4 0.752845942974
62379 4 0.752469599247
52583 1 0.752354681492
2256 1 0.751805663109
83595 4 0.751392066479
60106 1 0.75062161684
41055 1 0.750524461269
7675 4 0.750403881073
21634 4 0.749716818333
50997 2 0.749541938305
25688 4 0.747677505016
4294 4 0.747570157051
30336 4 0.747244238853
11152 2 0.74688243866
76572 1 0.746503055096
4391 2 0.746497154236
66591 1 0.746180415154
88137 1 0.746082305908
1478 1 0.745860517025
36505 1 0.745825350285
19589 1 0.744154512882
54 1 0.743976175785
51693 1 0.742704331875
62529 4 0.742349326611
18998 1 0.741622984409
3366 4 0.741159677505
69803 4 0.740769445896
5523 1 0.740715324879
6710 1 0.739304661751
59276 1 0.739045321941
43887 1 0.738742530346
78566 3 0.738714635372
55446 1 0.737865209579
64554 1 0.737759172916
66956 1 0.737702071667
87927 1 0.736426591873
58062 1 0.736234545708
84875 1 0.736073255539
81104 1 0.73589527607
76910 4 0.735616028309
84368 4 0.735369503498
82521 1 0.734722077847
6973 2 0.734667301178
51875 1 0.733800053596
6049 1 0.73364675045
70885 4 0.732730209827
64049 4 0.732403993607
23869 4 0.731612682343
3856 4 0.731196224689
31624 1 0.730898916721
47569 4 0.730700492859
5700 1 0.729826748371
85896 1 0.729712963104
78402 4 0.72957777977
5795 1 0.72906178236
55778 2 0.728999137878
65754 4 0.727698981762
62370 1 0.727458536625
33034 1 0.726702570915
16174 1 0.726236283779
14744 4 0.725868284702
67880 2 0.7258233428
57651 1 0.725744724274
40540 1 0.725733757019
11123 3 0.725570678711
32886 1 0.724952042103
3754 4 0.724473595619
46949 4 0.724027574062
71952 1 0.723997294903
44993 2 0.723690927029
45169 2 0.723132669926
76946 1 0.722795009613
33097 4 0.722750723362
45529 1 0.722376525402
2204 1 0.721790313721
56913 2 0.719351887703
45000 1 0.719162404537
39959 1 0.718975841999
63018 4 0.718922615051
68189 4 0.717343389988
74303 1 0.716982066631
23003 1 0.716383099556
61312 4 0.716073513031
51507 4 0.71576821804
9425 4 0.715643525124
5784 7 0.715481758118
89074 4 0.715441524982
3226 1 0.714808702469
26471 4 0.714744210243
23356 1 0.714117944241
30371 1 0.713748455048
10345 4 0.713597357273
54712 4 0.713578045368
31081 1 0.712850153446
38094 1 0.712792217731
89585 3 0.712063312531
84620 1 0.711686968803
3137 1 0.710912585258
40422 2 0.710757315159
21548 1 0.710425376892
87258 1 0.710375189781
83901 4 0.709907591343
66444 1 0.709710538387
77992 1 0.707737803459
54679 1 0.707567632198
73113 1 0.707488417625
2350 2 0.706508517265
66010 1 0.706181228161
6552 4 0.704709112644
18859 4 0.704525947571
68717 1 0.704187989235
29853 1 0.703980624676
8779 3 0.702656984329
27051 4 0.702643692493
18219 1 0.701682150364
71975 4 0.700951576233
66592 1 0.700850844383
54278 2 0.700827002525
34373 2 0.699255466461
50133 1 0.698504269123
432 1 0.6982640028
11698 4 0.697961628437
22836 3 0.697156906128
44268 1 0.697111368179
19745 1 0.696471571922
64186 1 0.696465969086
89099 1 0.695881128311
88738 4 0.695194125175
27951 4 0.694875478745
17786 4 0.694638311863
66030 1 0.694200873375
7977 1 0.692856132984
39432 4 0.691995918751
64488 2 0.691859602928
12300 1 0.691004753113
78569 1 0.69070661068
72607 1 0.68951779604
43779 4 0.689371526241
45121 1 0.688741743565
61917 1 0.688158035278
20804 1 0.687717914581
18138 1 0.686835110188
73338 1 0.686672151089
34729 2 0.685993075371
89605 4 0.685812473297
62682 1 0.685635507107
13611 1 0.685481190681
88646 3 0.684525370598
28616 1 0.68427503109
25147 4 0.683566510677
80988 2 0.683467149734
27250 4 0.682735323906
36616 1 0.682403683662
10427 2 0.68233692646
32859 1 0.680818557739
5913 1 0.680422246456
83262 3 0.679236829281
33904 1 0.678166687489
86815 1 0.677622258663
1003 4 0.677186846733
57706 1 0.677108883858
27488 4 0.676873147488
77983 4 0.675746917725
32291 1 0.675392866135
62168 4 0.674955189228
55884 1 0.674739718437
34792 1 0.673939049244
45117 4 0.673096060753
36731 1 0.673020064831
82159 4 0.672575831413
50349 1 0.672290086746
2356 1 0.67176169157
21659 1 0.671118319035
20853 4 0.671023666859
10443 4 0.669851005077
50334 1 0.669105470181
74998 4 0.66895455122
629 1 0.668590068817
17180 4 0.668342709541
12051 4 0.668160676956
68313 2 0.668008983135
56475 1 0.667879760265
87612 1 0.667831540108
2313 2 0.667326509953
64562 1 0.666178703308
71957 4 0.665761888027
9361 2 0.664828419685
91230 1 0.663955211639
30471 1 0.663744449615
82634 1 0.663213431835
50687 4 0.663073718548
48908 1 0.663072288036
66441 1 0.662891745567
37360 4 0.662758171558
70856 3 0.66261869669
33199 1 0.662536084652
6709 2 0.661169052124
42569 4 0.661149919033
80530 4 0.66091799736
57759 4 0.660774827003
820 1 0.660590171814
84222 1 0.660217285156
71954 4 0.659993469715
41064 3 0.659766256809
25345 2 0.659711062908
1852 1 0.659575164318
30358 1 0.659139335155
46779 1 0.65859991312
12868 3 0.657784700394
89664 1 0.657399296761
62046 1 0.656923294067
32774 4 0.656900286674
21956 1 0.65564340353
58548 1 0.655400812626
30230 4 0.654850184917
87366 1 0.654612839222
22196 1 0.654303371906
83934 1 0.653943061829
68911 4 0.653619468212
25672 1 0.653518021107
10439 1 0.653304517269
10518 4 0.652940630913
75251 1 0.652708172798
49853 2 0.652618706226
35938 1 0.652105033398
74340 4 0.65151321888
82915 4 0.651107549667
11509 4 0.650564610958
56310 4 0.649951338768
80317 4 0.649447083473
14021 2 0.648906886578
12238 1 0.648688733578
50227 4 0.648661971092
81825 1 0.648316264153
56386 4 0.648231506348
37166 1 0.647872388363
27173 1 0.647738754749
51124 1 0.647490441799
22198 2 0.647307872772
4220 4 0.64642816782
88737 4 0.645730555058
78835 1 0.645147144794
56890 1 0.644947350025
61748 1 0.644919157028
69817 1 0.644858062267
43894 1 0.643664956093
78741 1 0.643133878708
71725 1 0.642838060856
80093 1 0.642815411091
28455 1 0.64234161377
10244 2 0.641986787319
28520 1 0.641477704048
86741 1 0.641011714935
31152 4 0.640692591667
40140 2 0.638580858707
42531 1 0.638539731503
91392 4 0.638201117516
9041 1 0.637758255005
84940 1 0.637298285961
12662 2 0.637123584747
51784 1 0.636963665485
33781 1 0.636779487133
88736 4 0.636193335056
60801 3 0.635643422604
85643 1 0.635508775711
80514 4 0.635354161263
29440 4 0.635068953037
43202 1 0.634372293949
5914 1 0.634098351002
1743 2 0.633529245853
10304 4 0.633420526981
84887 3 0.632998049259
63590 4 0.63266736269
21139 1 0.632622480392
13884 2 0.632019877434
45979 1 0.631944596767
43711 1 0.631358385086
59516 4 0.630772233009
6586 2 0.630664885044
24380 4 0.630566298962
41270 1 0.630480408669
55755 1 0.630154132843
41260 2 0.629981160164
82175 4 0.629307508469
59825 1 0.629125356674
69751 1 0.629097223282
16910 4 0.628727734089
66918 1 0.6281427145
22721 1 0.628024280071
20044 4 0.62792378664
86982 1 0.627279043198
37843 1 0.62712675333
371 1 0.626590907574
3548 3 0.626258850098
78215 1 0.625751674175
33782 1 0.625601708889
4415 1 0.625387966633
6837 1 0.625285506248
1737 1 0.624825060368
1252 1 0.624800801277
30194 1 0.623954415321
18891 1 0.623349189758
35266 4 0.622895538807
1304 1 0.622662842274
88253 4 0.622013628483
42763 4 0.621842086315
67029 1 0.621528804302
17148 1 0.620934426785
46242 1 0.620117902756
37178 4 0.62006509304
22250 1 0.619408607483
8601 1 0.618964016438
6243 1 0.618681132793
79167 2 0.618542432785
68156 4 0.617478251457
88902 1 0.617177784443
31239 1 0.617149472237
55481 1 0.616512477398
72879 1 0.616439223289
46944 4 0.616038560867
89525 2 0.61576294899
52339 4 0.614871323109
29687 4 0.614660620689
15833 4 0.614233314991
86981 1 0.614037394524
13021 1 0.613897383213
37167 2 0.613629221916
79629 1 0.613509058952
44145 1 0.613165795803
46536 4 0.612964391708
23999 1 0.612885951996
5563 1 0.612066507339
21801 1 0.610951840878
44223 3 0.610699832439
69801 4 0.610324203968
89444 1 0.610048174858
3138 1 0.609480142593
19012 1 0.609264552593
1996 1 0.60903519392
13604 1 0.60890185833
14684 4 0.608063459396
29148 1 0.607232451439
21930 1 0.607201814651
28462 1 0.607173860073
18170 1 0.60672980547
61252 1 0.606474339962
76967 4 0.605985820293
38798 4 0.605613648891
22638 1 0.604565858841
71313 1 0.603993654251
4599 1 0.602685332298
48571 4 0.6023671031
47991 2 0.601616322994
728 2 0.60158598423
20435 2 0.601408064365
69938 1 0.601280391216
82535 1 0.601264715195
5476 1 0.601158618927
80527 4 0.600826561451
32733 4 0.600826084614
74777 3 0.600549995899
13026 1 0.600216984749
19774 2 0.599542438984
45380 1 0.599398612976
65964 4 0.599067628384
55415 1 0.598743855953
34156 1 0.59855645895
7996 1 0.598068594933
20745 2 0.59738022089
5144 3 0.594719827175
39936 2 0.594346165657
25101 1 0.59408313036
73365 4 0.593769073486
42424 1 0.593124449253
29481 2 0.593014597893
88379 1 0.592067480087
74584 4 0.592019200325
80969 1 0.591555297375
81153 1 0.59094697237
82457 1 0.590904712677
44730 1 0.590740680695
26386 1 0.590298652649
38208 1 0.59018933773
55646 1 0.589753270149
11051 2 0.589618682861
78482 3 0.589383721352
68520 1 0.588887751102
64602 1 0.588527560234
4788 2 0.588177323341
61213 2 0.587863743305
2467 1 0.587816774845
53921 1 0.58771532774
21838 2 0.587262690067
19759 1 0.586175680161
64013 1 0.586150765419
34458 7 0.585410296917
3297 1 0.584661841393
67184 1 0.584107518196
33834 4 0.582522451878
10238 2 0.582456052303
80122 4 0.581862032413
60483 1 0.581780195236
51542 4 0.580724179745
476 2 0.580378890038
59772 1 0.580288827419
33107 1 0.57893294096
78650 1 0.578599095345
12314 4 0.578524708748
18436 1 0.577687144279
88926 1 0.576908171177
70749 1 0.576626777649
33385 1 0.576289772987
71394 1 0.57562404871
33331 1 0.575470030308
56566 4 0.57545876503
89796 1 0.5754327178
62213 1 0.575419187546
628 1 0.574325859547
79427 1 0.574297130108
60479 1 0.573818743229
76887 1 0.573632001877
41217 1 0.573627114296
18509 1 0.573211789131
33605 4 0.573194503784
38400 1 0.572827637196
57747 3 0.572415173054
23278 1 0.572410345078
35586 1 0.572271943092
45187 1 0.571808993816
67139 1 0.571711778641
11410 1 0.571510612965
67138 1 0.571404993534
54976 1 0.571348190308
74068 1 0.570877254009
73689 4 0.570562183857
15236 2 0.570248901844
9719 1 0.569956064224
64638 1 0.569433033466
76475 1 0.568266451359
84568 1 0.567217707634
18045 1 0.567094027996
58146 1 0.567074775696
89055 4 0.566974461079
42126 1 0.566766262054
44291 4 0.565780103207
17634 4 0.565603792667
45924 2 0.565270602703
10166 1 0.564873218536
4525 4 0.564622461796
59994 2 0.564478874207
45625 1 0.564392447472
2802 2 0.564140915871
64152 1 0.5639564991
35126 1 0.563069283962
13246 1 0.563005208969
67503 1 0.562657177448
90475 1 0.562456786633
75798 1 0.562275648117
62518 3 0.562127828598
45754 2 0.5620200634
89196 4 0.562006533146
13313 4 0.56151920557
68320 1 0.560883700848
55166 1 0.559834063053
80524 4 0.559704482555
3231 1 0.557755589485
5939 1 0.557687461376
68425 1 0.557619333267
23683 3 0.557555496693
84126 3 0.557432174683
89177 1 0.555558979511
7976 1 0.55545771122
7844 4 0.55543422699
83988 3 0.555232226849
1879 4 0.555092871189
56133 1 0.554293453693
53981 1 0.553968906403
3427 1 0.553769469261
88658 1 0.553733408451
11367 4 0.553707838058
72953 1 0.553521752357
37363 4 0.553473949432
57529 4 0.553168535233
25838 4 0.552805244923
25007 1 0.552358448505
34941 3 0.552026808262
78878 2 0.551872909069
54548 1 0.551533520222
38742 1 0.551356732845
46600 1 0.550978720188
4880 1 0.550771772861
64020 2 0.550563812256
57661 1 0.550298035145
70185 2 0.549975574017
3184 4 0.549966692924
91113 4 0.549292504787
84607 4 0.548843562603
3042 4 0.548623979092
64304 4 0.548555493355
13882 2 0.548520386219
18858 4 0.548409283161
25669 2 0.548057019711
39640 2 0.547154426575
85392 1 0.546844959259
47719 2 0.546534776688
57308 1 0.546033382416
18860 1 0.545749723911
42711 1 0.544782817364
10771 1 0.544735729694
505 4 0.54456692934
11160 1 0.544440686703
22761 1 0.544165790081
10137 10 0.543900370598
31959 1 0.543856561184
78216 1 0.54350143671
49742 1 0.543275356293
30906 2 0.543268680573
87462 1 0.543053388596
83761 4 0.542800962925
54586 1 0.542519450188
70680 3 0.542377769947
75762 4 0.542126834393
23861 4 0.541047036648
19791 4 0.54048371315
3218 4 0.539668679237
59067 1 0.539191782475
20511 1 0.538875758648
27184 1 0.538794696331
45848 1 0.53811275959
39921 1 0.537293732166
21862 2 0.537031292915
22551 2 0.536986529827
44762 2 0.536647856236
6787 2 0.536175251007
71546 1 0.535851359367
40424 1 0.535383403301
16046 3 0.535208165646
24146 1 0.534835577011
13922 1 0.534588456154
39318 1 0.534472227097
87067 1 0.534393787384
17221 1 0.534110784531
46568 1 0.534088432789
4646 1 0.5339230299
84800 1 0.533869326115
32460 1 0.533644616604
7393 1 0.533610761166
26143 2 0.532588124275
55695 2 0.53205704689
34429 1 0.531711399555
56047 1 0.531189084053
39582 3 0.531152248383
12547 2 0.529961943626
74410 1 0.529830813408
504 4 0.529593527317
73431 4 0.529200315475
83254 2 0.52878266573
85831 1 0.528647363186
78487 3 0.528259396553
4416 2 0.528151810169
1374 2 0.527955770493
65353 2 0.527899205685
50485 1 0.526841402054
52789 3 0.526788473129
9227 2 0.5265879035
85525 4 0.526346981525
15368 4 0.526310503483
34334 1 0.526187360287
9210 1 0.52609616518
10036 1 0.525700032711
25629 1 0.525458395481
18924 4 0.524350345135
35718 1 0.523837208748
40025 1 0.523393750191
5275 1 0.523103773594
68052 4 0.522882282734
38740 2 0.522831916809
5191 4 0.522796690464
11694 4 0.522075355053
81508 1 0.521750330925
87443 2 0.520993828773
62572 1 0.520854055882
73889 7 0.520388245583
18237 1 0.520106554031
47618 1 0.518788099289
84447 2 0.518752574921
5970 2 0.518015921116
10305 4 0.517501175404
18427 1 0.51748418808
86953 4 0.517434954643
76714 1 0.517023801804
77254 1 0.516521394253
64098 2 0.515878856182
65114 3 0.515626311302
37914 1 0.515595734119
83872 4 0.515130996704
23682 1 0.514964103699
38952 1 0.514672875404
62552 1 0.514612793922
10429 4 0.51438498497
79996 1 0.514286994934
22219 1 0.514143943787
52852 4 0.514049887657
67475 4 0.513915479183
11656 1 0.513007700443
39724 1 0.512859523296
28001 2 0.512281358242
50486 8 0.512105166912
42082 4 0.511888921261
62251 1 0.511698901653
45504 3 0.511475920677
67419 2 0.511465609074
29821 1 0.511217236519
41718 1 0.510984778404
82508 4 0.510641336441
1799 1 0.510551154613
52618 1 0.510402083397
63155 1 0.510178089142
34367 3 0.509559452534
900 1 0.509383559227
8665 1 0.509190201759
50738 2 0.50891661644
13027 1 0.508445799351
86317 2 0.508307516575
10994 4 0.507543981075
45073 2 0.507250487804
89731 1 0.507029414177
181 4 0.506579399109
47211 2 0.505900621414
44530 1 0.505872547626
5521 1 0.505733847618
20703 4 0.505654454231
47933 4 0.505629241467
53841 4 0.505609452724
28460 1 0.505499780178
75966 1 0.505004644394
43964 1 0.504982471466
19005 3 0.50452286005
55939 4 0.504477024078
48725 4 0.504366397858
40916 1 0.504268050194
81757 7 0.504078269005
82825 1 0.504065215588
4520 1 0.503666222095
85093 2 0.503523826599
40373 4 0.503331303596
45178 4 0.50325602293
17764 3 0.502869188786
60413 4 0.502801001072
32256 3 0.501846671104
6451 4 0.501823544502
2560 4 0.501707851887
42979 1 0.50159573555
1778 1 0.501389682293
67918 3 0.500363945961
66753 1 0.499794751406
16649 4 0.499010503292
8786 3 0.498695164919
32649 2 0.498431861401
78651 1 0.498361200094
31738 3 0.498305946589
83582 4 0.498262554407
35407 1 0.498056948185
24163 1 0.497895896435
72608 2 0.496921300888
47616 1 0.496692508459
47042 2 0.496583372355
41956 2 0.495729118586
63871 4 0.495642572641
65391 7 0.495561242104
6721 4 0.495509773493
10527 4 0.494934618473
76854 3 0.494529336691
18976 1 0.494363337755
34381 4 0.494026362896
67742 4 0.493683844805
19386 2 0.493412643671
76076 4 0.493138939142
52709 3 0.492915183306
29277 4 0.492896229029
65469 4 0.492739319801
30831 10 0.492053866386
14156 1 0.491714388132
38743 2 0.491342395544
34553 1 0.490739583969
54519 4 0.490214258432
78567 3 0.489179819822
2102 1 0.488799273968
20746 1 0.488664418459
91099 1 0.488199949265
51490 4 0.487282544374
34682 3 0.487023055553
60906 7 0.486643463373
70219 4 0.486337512732
43080 10 0.485908567905
27952 4 0.485823482275
86758 2 0.485327661037
12705 2 0.485154807568
78693 2 0.484255671501
90783 2 0.482348412275
78731 2 0.482103079557
5064 2 0.482035815716
25411 1 0.481814205647
70281 1 0.480992257595
22043 1 0.48035633564
4609 4 0.478944480419
5766 3 0.477680802345
54051 1 0.476804107428
3737 4 0.476541996002
48362 4 0.476508438587
78398 4 0.476178914309
22176 10 0.475808799267
64824 4 0.474681854248
71643 4 0.474425911903
348 4 0.47420629859
30435 4 0.47367811203
73434 2 0.473607599735
57851 4 0.472791016102
72603 2 0.472262769938
5981 2 0.471439242363
79120 4 0.471080571413
18202 2 0.469903379679
11269 2 0.469824850559
13536 4 0.469616323709
40822 4 0.469216376543
23945 2 0.468567788601
24169 1 0.468037188053
60858 10 0.467843025923
37567 2 0.467245608568
34803 3 0.467209845781
2305 2 0.467027872801
13070 4 0.466957777739
4351 4 0.466660648584
51798 2 0.46571290493
965 4 0.4656881392
67870 2 0.463718086481
86721 4 0.463654458523
87745 1 0.462851017714
3690 1 0.462497889996
34203 4 0.462152302265
38322 2 0.462040156126
2754 2 0.46168705821
83899 4 0.461630553007
60136 1 0.461530536413
69299 7 0.461144566536
82920 1 0.460853487253
10823 10 0.4602625072
27993 2 0.459641635418
33438 4 0.459559500217
52617 3 0.457894861698
45153 4 0.457629799843
70220 4 0.456086874008
59884 4 0.45574504137
62556 7 0.45519259572
31972 4 0.454813092947
88734 4 0.454683065414
71938 2 0.454468846321
32239 3 0.45362791419
62517 3 0.453518092632
17358 4 0.453347831964
90633 1 0.452450841665
73938 2 0.452315658331
18385 4 0.451008528471
43370 2 0.450524270535
59019 4 0.450423538685
36176 2 0.449859201908
29354 2 0.448475509882
51621 3 0.447782456875
23324 10 0.447004258633
74793 2 0.446903377771
16016 2 0.446167439222
55970 1 0.444972485304
1755 2 0.44454985857
17468 3 0.444542974234
33576 4 0.443547070026
58874 3 0.443301051855
29816 3 0.442896038294
36452 2 0.441137641668
20702 4 0.440933167934
38617 2 0.437361419201
56548 3 0.437271386385
39382 4 0.436598151922
1702 4 0.434239715338
31709 2 0.434099048376
69709 2 0.43328410387
69978 4 0.432818561792
65060 4 0.432799100876
34038 2 0.432682514191
4447 10 0.43099552393
48813 3 0.430534124374
65076 2 0.429969608784
76235 4 0.429827749729
57753 4 0.429456233978
86900 4 0.428080022335
91112 2 0.42778980732
55467 2 0.427263379097
31776 3 0.425921827555
70378 2 0.424867719412
14260 3 0.424663841724
11050 2 0.424575537443
791 2 0.424367934465
38804 4 0.423435211182
6838 1 0.42339989543
81163 2 0.422501444817
11803 10 0.422454714775
69300 7 0.422106474638
17258 3 0.421485483646
40031 2 0.421201348305
50833 2 0.420625686646
45532 4 0.420594573021
51552 4 0.420103251934
11594 2 0.419897913933
33268 2 0.418640434742
2700 4 0.418104678392
4822 3 0.417731016874
14342 2 0.41759327054
41723 3 0.417544603348
60813 2 0.417259156704
5368 2 0.415327429771
68484 2 0.414205431938
38093 1 0.413717776537
78732 2 0.413420945406
8537 3 0.413289666176
88728 4 0.411349445581
57726 3 0.410791307688
67934 2 0.40974137187
68669 2 0.409248352051
24757 4 0.409192115068
4536 4 0.408022552729
38309 2 0.407915979624
46409 4 0.406892955303
14166 3 0.406259030104
18231 2 0.4061640203
40367 2 0.406139373779
31472 4 0.406033575535
19083 4 0.405762970448
21086 4 0.404331445694
52337 3 0.403811424971
32292 3 0.403607845306
2557 1 0.402353674173
72839 3 0.401423454285
12686 3 0.40136808157
35411 4 0.399666190147
59767 2 0.399249106646
10151 4 0.398948282003
40648 3 0.398886173964
41628 4 0.398842543364
50452 2 0.398219436407
8962 3 0.398057550192
87447 2 0.397896438837
83807 1 0.397400677204
91608 2 0.396909564734
4355 2 0.395504772663
44809 2 0.394121795893
18999 3 0.392559319735
8229 2 0.391947537661
7873 2 0.390782684088
90430 2 0.389896154404
8374 2 0.38886153698
73850 2 0.387700438499
14081 4 0.385300129652
64521 3 0.385026216507
78576 4 0.384585678577
32261 2 0.383410781622
58326 2 0.382776975632
4935 2 0.382737934589
73473 3 0.381708681583
58748 1 0.38163036108
49199 3 0.381502181292
45490 2 0.381438791752
83775 2 0.380787372589
90179 4 0.380319237709
81848 2 0.379409998655
654 2 0.379109054804
7878 2 0.374948114157
86061 2 0.373355835676
39481 2 0.373210459948
10974 2 0.371347635984
82079 2 0.370451360941
5903 2 0.370249450207
85805 3 0.370142310858
76751 4 0.368172496557
51404 2 0.367071658373
79593 2 0.366615653038
26412 4 0.366523861885
55750 4 0.366102606058
196 2 0.36574408412
32625 2 0.365425348282
68108 2 0.365343987942
47716 10 0.364521443844
58203 2 0.364030152559
47867 2 0.362825393677
91635 2 0.360939353704
23707 10 0.36026352644
56922 2 0.359801888466
72584 2 0.3596342206
4934 2 0.358178675175
79112 2 0.358093649149
30361 2 0.356156229973
49493 3 0.355356872082
46060 2 0.355180770159
9038 3 0.354340285063
79196 4 0.352510392666
23091 10 0.351905226707
4356 2 0.351010739803
32651 3 0.35052767396
77523 2 0.350518554449
39712 3 0.34712639451
56223 2 0.346988916397
53533 3 0.346209466457
44329 2 0.345480442047
72758 4 0.345324933529
17280 3 0.345172017813
83505 2 0.345060914755
7336 3 0.344466686249
37927 2 0.344171106815
76765 4 0.34281629324
23507 4 0.341395497322
68438 4 0.340765058994
34403 3 0.340344667435
56503 2 0.339664697647
29832 2 0.338522106409
88332 2 0.337319731712
22729 2 0.33637920022
41886 2 0.33592492342
71747 2 0.333555102348
47871 2 0.332565933466
27668 6 0.332020908594
8981 3 0.331175535917
26389 2 0.330420404673
28709 2 0.329380482435
45600 2 0.328040242195
3117 2 0.327515900135
3306 3 0.326705336571
64068 2 0.326034575701
10181 2 0.325468510389
73703 4 0.324695974588
78870 2 0.324630111456
69408 3 0.323129564524
28894 2 0.321231395006
21348 2 0.320687264204
11754 2 0.320379704237
70212 2 0.319526642561
75740 2 0.31909224391
83982 3 0.318096250296
59770 2 0.317443430424
57449 2 0.315580606461
5654 5 0.315108388662
89202 2 0.311182618141
82856 2 0.310894072056
35152 3 0.31069034338
5591 2 0.309769898653
34091 3 0.307590484619
73421 2 0.306911915541
33441 2 0.306849509478
36183 3 0.306825131178
40886 2 0.305216193199
69642 2 0.304635792971
22774 2 0.304537117481
79594 2 0.304379999638
72018 2 0.302995949984
38954 2 0.302571296692
70632 2 0.300149589777
85128 2 0.299295932055
64756 2 0.298582166433
64293 4 0.298144936562
67255 4 0.297156125307
39383 4 0.290146976709
65748 3 0.289777636528
13578 5 0.288357436657
18428 2 0.287058889866
20027 2 0.285905122757
42425 1 0.284348458052
9814 2 0.2836792171
18514 3 0.283146321774
50079 2 0.280005455017
40599 2 0.277395933867
54555 3 0.276074767113
33207 6 0.273189485073
58299 2 0.272963911295
3685 2 0.272842019796
27125 5 0.272343605757
24751 4 0.270300358534
90380 3 0.269275069237
15873 4 0.268178254366
80955 2 0.26153421402
29841 5 0.260669618845
87928 2 0.259826093912
39378 5 0.258824199438
52270 2 0.254834681749
48347 3 0.254746347666
84493 3 0.252037316561
81145 5 0.2505248487
60844 2 0.24950055778
86757 2 0.249251767993
43175 2 0.248592808843
12476 4 0.247922748327
30856 2 0.246527642012
78932 2 0.24426689744
50352 2 0.236820116639
5470 10 0.236574605107
76661 2 0.235802292824
49362 2 0.221841037273
83662 2 0.220612257719
18753 2 0.216760054231
12733 2 0.212304532528
50773 10 0.204284444451
27117 3 0.200723275542
33209 2 0.195911839604
87349 2 0.182778000832
66695 3 0.174657523632
9510 6 0.170476511121
83964 4 0.149721041322
57737 2 0.149174973369
