1.0 0.0
1.0 0.000577367205543
1.0 0.00115473441109
0.666666666667 0.00115473441109
0.75 0.00173210161663
0.8 0.00230946882217
0.833333333333 0.00288683602771
0.857142857143 0.00346420323326
0.875 0.0040415704388
0.888888888889 0.00461893764434
0.8 0.00461893764434
0.818181818182 0.00519630484988
0.833333333333 0.00577367205543
0.846153846154 0.00635103926097
0.785714285714 0.00635103926097
0.8 0.00692840646651
0.75 0.00692840646651
0.705882352941 0.00692840646651
0.722222222222 0.00750577367206
0.736842105263 0.0080831408776
0.75 0.00866050808314
0.761904761905 0.00923787528868
0.772727272727 0.00981524249423
0.782608695652 0.0103926096998
0.791666666667 0.0109699769053
0.8 0.0115473441109
0.769230769231 0.0115473441109
0.777777777778 0.0121247113164
0.785714285714 0.0127020785219
0.793103448276 0.0132794457275
0.766666666667 0.0132794457275
0.741935483871 0.0132794457275
0.75 0.013856812933
0.727272727273 0.013856812933
0.705882352941 0.013856812933
0.685714285714 0.013856812933
0.694444444444 0.0144341801386
0.702702702703 0.0150115473441
0.710526315789 0.0155889145497
0.692307692308 0.0155889145497
0.7 0.0161662817552
0.707317073171 0.0167436489607
0.690476190476 0.0167436489607
0.697674418605 0.0173210161663
0.681818181818 0.0173210161663
0.688888888889 0.0178983833718
0.695652173913 0.0184757505774
0.702127659574 0.0190531177829
0.6875 0.0190531177829
0.673469387755 0.0190531177829
0.68 0.0196304849885
0.686274509804 0.020207852194
0.692307692308 0.0207852193995
0.679245283019 0.0207852193995
0.666666666667 0.0207852193995
0.672727272727 0.0213625866051
0.678571428571 0.0219399538106
0.666666666667 0.0219399538106
0.655172413793 0.0219399538106
0.64406779661 0.0219399538106
0.65 0.0225173210162
0.655737704918 0.0230946882217
0.645161290323 0.0230946882217
0.650793650794 0.0236720554273
0.640625 0.0236720554273
0.646153846154 0.0242494226328
0.651515151515 0.0248267898383
0.641791044776 0.0248267898383
0.647058823529 0.0254041570439
0.63768115942 0.0254041570439
0.642857142857 0.0259815242494
0.633802816901 0.0259815242494
0.625 0.0259815242494
0.616438356164 0.0259815242494
0.608108108108 0.0259815242494
0.613333333333 0.026558891455
0.605263157895 0.026558891455
0.61038961039 0.0271362586605
0.602564102564 0.0271362586605
0.607594936709 0.0277136258661
0.6 0.0277136258661
0.604938271605 0.0282909930716
0.609756097561 0.0288683602771
0.614457831325 0.0294457274827
0.619047619048 0.0300230946882
0.611764705882 0.0300230946882
0.616279069767 0.0306004618938
0.620689655172 0.0311778290993
0.613636363636 0.0311778290993
0.61797752809 0.0317551963048
0.611111111111 0.0317551963048
0.615384615385 0.0323325635104
0.619565217391 0.0329099307159
0.612903225806 0.0329099307159
0.617021276596 0.0334872979215
0.610526315789 0.0334872979215
0.604166666667 0.0334872979215
0.59793814433 0.0334872979215
0.591836734694 0.0334872979215
0.59595959596 0.034064665127
0.59 0.034064665127
0.584158415842 0.034064665127
0.578431372549 0.034064665127
0.582524271845 0.0346420323326
0.576923076923 0.0346420323326
0.571428571429 0.0346420323326
0.575471698113 0.0352193995381
0.579439252336 0.0357967667436
0.583333333333 0.0363741339492
0.587155963303 0.0369515011547
0.581818181818 0.0369515011547
0.576576576577 0.0369515011547
0.571428571429 0.0369515011547
0.575221238938 0.0375288683603
0.578947368421 0.0381062355658
0.573913043478 0.0381062355658
0.568965517241 0.0381062355658
0.57264957265 0.0386836027714
0.576271186441 0.0392609699769
0.579831932773 0.0398383371824
0.575 0.0398383371824
0.578512396694 0.040415704388
0.581967213115 0.0409930715935
0.585365853659 0.0415704387991
0.588709677419 0.0421478060046
0.592 0.0427251732102
0.595238095238 0.0433025404157
0.59842519685 0.0438799076212
0.59375 0.0438799076212
0.596899224806 0.0444572748268
0.6 0.0450346420323
0.603053435115 0.0456120092379
0.606060606061 0.0461893764434
0.609022556391 0.046766743649
0.611940298507 0.0473441108545
0.607407407407 0.0473441108545
0.610294117647 0.04792147806
0.613138686131 0.0484988452656
0.615942028986 0.0490762124711
0.611510791367 0.0490762124711
0.607142857143 0.0490762124711
0.602836879433 0.0490762124711
0.598591549296 0.0490762124711
0.594405594406 0.0490762124711
0.597222222222 0.0496535796767
0.593103448276 0.0496535796767
0.58904109589 0.0496535796767
0.585034013605 0.0496535796767
0.581081081081 0.0496535796767
0.58389261745 0.0502309468822
0.586666666667 0.0508083140878
0.58940397351 0.0513856812933
0.592105263158 0.0519630484988
0.59477124183 0.0525404157044
0.590909090909 0.0525404157044
0.587096774194 0.0525404157044
0.583333333333 0.0525404157044
0.579617834395 0.0525404157044
0.575949367089 0.0525404157044
0.578616352201 0.0531177829099
0.575 0.0531177829099
0.571428571429 0.0531177829099
0.574074074074 0.0536951501155
0.570552147239 0.0536951501155
0.567073170732 0.0536951501155
0.569696969697 0.054272517321
0.566265060241 0.054272517321
0.568862275449 0.0548498845266
0.565476190476 0.0548498845266
0.568047337278 0.0554272517321
0.570588235294 0.0560046189376
0.567251461988 0.0560046189376
0.56976744186 0.0565819861432
0.566473988439 0.0565819861432
0.568965517241 0.0571593533487
0.565714285714 0.0571593533487
0.5625 0.0571593533487
0.564971751412 0.0577367205543
0.567415730337 0.0583140877598
0.569832402235 0.0588914549654
0.566666666667 0.0588914549654
0.563535911602 0.0588914549654
0.565934065934 0.0594688221709
0.562841530055 0.0594688221709
0.559782608696 0.0594688221709
0.556756756757 0.0594688221709
0.559139784946 0.0600461893764
0.55614973262 0.0600461893764
0.558510638298 0.060623556582
0.560846560847 0.0612009237875
0.557894736842 0.0612009237875
0.55497382199 0.0612009237875
0.552083333333 0.0612009237875
0.549222797927 0.0612009237875
0.546391752577 0.0612009237875
0.54358974359 0.0612009237875
0.545918367347 0.0617782909931
0.548223350254 0.0623556581986
0.550505050505 0.0629330254042
0.552763819095 0.0635103926097
0.555 0.0640877598152
0.55223880597 0.0640877598152
0.554455445545 0.0646651270208
0.556650246305 0.0652424942263
0.558823529412 0.0658198614319
0.560975609756 0.0663972286374
0.563106796117 0.066974595843
0.565217391304 0.0675519630485
0.567307692308 0.068129330254
0.569377990431 0.0687066974596
0.566666666667 0.0687066974596
0.568720379147 0.0692840646651
0.566037735849 0.0692840646651
0.56338028169 0.0692840646651
0.565420560748 0.0698614318707
0.562790697674 0.0698614318707
0.564814814815 0.0704387990762
0.566820276498 0.0710161662818
0.56880733945 0.0715935334873
0.570776255708 0.0721709006928
0.568181818182 0.0721709006928
0.570135746606 0.0727482678984
0.572072072072 0.0733256351039
0.57399103139 0.0739030023095
0.571428571429 0.0739030023095
0.573333333333 0.074480369515
0.575221238938 0.0750577367206
0.577092511013 0.0756351039261
0.574561403509 0.0756351039261
0.572052401747 0.0756351039261
0.573913043478 0.0762124711316
0.571428571429 0.0762124711316
0.568965517241 0.0762124711316
0.570815450644 0.0767898383372
0.57264957265 0.0773672055427
0.570212765957 0.0773672055427
0.567796610169 0.0773672055427
0.565400843882 0.0773672055427
0.567226890756 0.0779445727483
0.564853556485 0.0779445727483
0.5625 0.0779445727483
0.560165975104 0.0779445727483
0.557851239669 0.0779445727483
0.559670781893 0.0785219399538
0.561475409836 0.0790993071594
0.559183673469 0.0790993071594
0.560975609756 0.0796766743649
0.558704453441 0.0796766743649
0.560483870968 0.0802540415704
0.562248995984 0.080831408776
0.564 0.0814087759815
0.561752988048 0.0814087759815
0.563492063492 0.0819861431871
0.565217391304 0.0825635103926
0.562992125984 0.0825635103926
0.560784313725 0.0825635103926
0.5625 0.0831408775982
0.56420233463 0.0837182448037
0.562015503876 0.0837182448037
0.559845559846 0.0837182448037
0.557692307692 0.0837182448037
0.555555555556 0.0837182448037
0.553435114504 0.0837182448037
0.555133079848 0.0842956120092
0.55303030303 0.0842956120092
0.550943396226 0.0842956120092
0.552631578947 0.0848729792148
0.550561797753 0.0848729792148
0.55223880597 0.0854503464203
0.553903345725 0.0860277136259
0.551851851852 0.0860277136259
0.553505535055 0.0866050808314
0.551470588235 0.0866050808314
0.553113553114 0.087182448037
0.551094890511 0.087182448037
0.552727272727 0.0877598152425
0.550724637681 0.0877598152425
0.552346570397 0.088337182448
0.553956834532 0.0889145496536
0.555555555556 0.0894919168591
0.553571428571 0.0894919168591
0.555160142349 0.0900692840647
0.553191489362 0.0900692840647
0.551236749117 0.0900692840647
0.549295774648 0.0900692840647
0.547368421053 0.0900692840647
0.545454545455 0.0900692840647
0.547038327526 0.0906466512702
0.548611111111 0.0912240184758
0.550173010381 0.0918013856813
0.551724137931 0.0923787528868
0.553264604811 0.0929561200924
0.554794520548 0.0935334872979
0.552901023891 0.0935334872979
0.551020408163 0.0935334872979
0.549152542373 0.0935334872979
0.547297297297 0.0935334872979
0.548821548822 0.0941108545035
0.546979865772 0.0941108545035
0.548494983278 0.094688221709
0.546666666667 0.094688221709
0.544850498339 0.094688221709
0.543046357616 0.094688221709
0.541254125413 0.094688221709
0.542763157895 0.0952655889145
0.540983606557 0.0952655889145
0.539215686275 0.0952655889145
0.540716612378 0.0958429561201
0.538961038961 0.0958429561201
0.540453074434 0.0964203233256
0.541935483871 0.0969976905312
0.543408360129 0.0975750577367
0.544871794872 0.0981524249423
0.543130990415 0.0981524249423
0.541401273885 0.0981524249423
0.539682539683 0.0981524249423
0.541139240506 0.0987297921478
0.539432176656 0.0987297921478
0.537735849057 0.0987297921478
0.53605015674 0.0987297921478
0.5375 0.0993071593533
0.538940809969 0.0998845265589
0.540372670807 0.100461893764
0.541795665635 0.10103926097
0.543209876543 0.101616628176
0.544615384615 0.102193995381
0.546012269939 0.102771362587
0.547400611621 0.103348729792
0.548780487805 0.103926096998
0.550151975684 0.104503464203
0.548484848485 0.104503464203
0.549848942598 0.105080831409
0.548192771084 0.105080831409
0.54954954955 0.105658198614
0.547904191617 0.105658198614
0.549253731343 0.10623556582
0.550595238095 0.106812933025
0.548961424332 0.106812933025
0.550295857988 0.107390300231
0.551622418879 0.107967667436
0.55 0.107967667436
0.548387096774 0.107967667436
0.546783625731 0.107967667436
0.545189504373 0.107967667436
0.546511627907 0.108545034642
0.544927536232 0.108545034642
0.546242774566 0.109122401848
0.547550432277 0.109699769053
0.545977011494 0.109699769053
0.547277936963 0.110277136259
0.548571428571 0.110854503464
0.547008547009 0.110854503464
0.548295454545 0.11143187067
0.546742209632 0.11143187067
0.545197740113 0.11143187067
0.543661971831 0.11143187067
0.542134831461 0.11143187067
0.540616246499 0.11143187067
0.541899441341 0.112009237875
0.543175487465 0.112586605081
0.544444444444 0.113163972286
0.542936288089 0.113163972286
0.544198895028 0.113741339492
0.545454545455 0.114318706697
0.546703296703 0.114896073903
0.545205479452 0.114896073903
0.543715846995 0.114896073903
0.542234332425 0.114896073903
0.540760869565 0.114896073903
0.539295392954 0.114896073903
0.540540540541 0.115473441109
0.541778975741 0.116050808314
0.540322580645 0.116050808314
0.541554959786 0.11662817552
0.542780748663 0.117205542725
0.544 0.117782909931
0.545212765957 0.118360277136
0.543766578249 0.118360277136
0.542328042328 0.118360277136
0.543535620053 0.118937644342
0.542105263158 0.118937644342
0.540682414698 0.118937644342
0.539267015707 0.118937644342
0.54046997389 0.119515011547
0.5390625 0.119515011547
0.537662337662 0.119515011547
0.536269430052 0.119515011547
0.537467700258 0.120092378753
0.536082474227 0.120092378753
0.537275064267 0.120669745958
0.535897435897 0.120669745958
0.53452685422 0.120669745958
0.535714285714 0.121247113164
0.534351145038 0.121247113164
0.535532994924 0.12182448037
0.53417721519 0.12182448037
0.532828282828 0.12182448037
0.534005037783 0.122401847575
0.535175879397 0.122979214781
0.53634085213 0.123556581986
0.535 0.123556581986
0.533665835411 0.123556581986
0.532338308458 0.123556581986
0.531017369727 0.123556581986
0.532178217822 0.124133949192
0.533333333333 0.124711316397
0.534482758621 0.125288683603
0.535626535627 0.125866050808
0.536764705882 0.126443418014
0.537897310513 0.127020785219
0.536585365854 0.127020785219
0.535279805353 0.127020785219
0.53640776699 0.127598152425
0.535108958838 0.127598152425
0.533816425121 0.127598152425
0.532530120482 0.127598152425
0.53125 0.127598152425
0.529976019185 0.127598152425
0.528708133971 0.127598152425
0.529832935561 0.12817551963
0.528571428571 0.12817551963
0.527315914489 0.12817551963
0.526066350711 0.12817551963
0.524822695035 0.12817551963
0.525943396226 0.128752886836
0.524705882353 0.128752886836
0.525821596244 0.129330254042
0.524590163934 0.129330254042
0.525700934579 0.129907621247
0.524475524476 0.129907621247
0.525581395349 0.130484988453
0.526682134571 0.131062355658
0.525462962963 0.131062355658
0.526558891455 0.131639722864
0.52534562212 0.131639722864
0.526436781609 0.132217090069
0.52752293578 0.132794457275
0.526315789474 0.132794457275
0.525114155251 0.132794457275
0.523917995444 0.132794457275
0.522727272727 0.132794457275
0.521541950113 0.132794457275
0.52036199095 0.132794457275
0.52144469526 0.13337182448
0.522522522523 0.133949191686
0.523595505618 0.134526558891
0.522421524664 0.134526558891
0.521252796421 0.134526558891
0.520089285714 0.134526558891
0.521158129176 0.135103926097
0.522222222222 0.135681293303
0.523281596452 0.136258660508
0.522123893805 0.136258660508
0.523178807947 0.136836027714
0.52422907489 0.137413394919
0.523076923077 0.137413394919
0.524122807018 0.137990762125
0.525164113786 0.13856812933
0.526200873362 0.139145496536
0.525054466231 0.139145496536
0.523913043478 0.139145496536
0.522776572668 0.139145496536
0.52380952381 0.139722863741
0.522678185745 0.139722863741
0.521551724138 0.139722863741
0.520430107527 0.139722863741
0.519313304721 0.139722863741
0.518201284797 0.139722863741
0.519230769231 0.140300230947
0.520255863539 0.140877598152
0.521276595745 0.141454965358
0.522292993631 0.142032332564
0.523305084746 0.142609699769
0.524312896406 0.143187066975
0.525316455696 0.14376443418
0.526315789474 0.144341801386
0.52731092437 0.144919168591
0.526205450734 0.144919168591
0.52719665272 0.145496535797
0.526096033403 0.145496535797
0.525 0.145496535797
0.525987525988 0.146073903002
0.52489626556 0.146073903002
0.525879917184 0.146651270208
0.526859504132 0.147228637413
0.525773195876 0.147228637413
0.526748971193 0.147806004619
0.525667351129 0.147806004619
0.524590163934 0.147806004619
0.523517382413 0.147806004619
0.522448979592 0.147806004619
0.523421588595 0.148383371824
0.522357723577 0.148383371824
0.521298174442 0.148383371824
0.52024291498 0.148383371824
0.519191919192 0.148383371824
0.51814516129 0.148383371824
0.519114688129 0.14896073903
0.518072289157 0.14896073903
0.517034068136 0.14896073903
0.516 0.14896073903
0.51497005988 0.14896073903
0.513944223108 0.14896073903
0.514910536779 0.149538106236
0.513888888889 0.149538106236
0.514851485149 0.150115473441
0.513833992095 0.150115473441
0.512820512821 0.150115473441
0.511811023622 0.150115473441
0.512770137525 0.150692840647
0.513725490196 0.151270207852
0.512720156556 0.151270207852
0.51171875 0.151270207852
0.512670565302 0.151847575058
0.511673151751 0.151847575058
0.51067961165 0.151847575058
0.509689922481 0.151847575058
0.508704061896 0.151847575058
0.509652509653 0.152424942263
0.510597302505 0.153002309469
0.511538461538 0.153579676674
0.510556621881 0.153579676674
0.509578544061 0.153579676674
0.51051625239 0.15415704388
0.509541984733 0.15415704388
0.510476190476 0.154734411085
0.509505703422 0.154734411085
0.508538899431 0.154734411085
0.507575757576 0.154734411085
0.506616257089 0.154734411085
0.505660377358 0.154734411085
0.504708097928 0.154734411085
0.505639097744 0.155311778291
0.506566604128 0.155889145497
0.505617977528 0.155889145497
0.506542056075 0.156466512702
0.505597014925 0.156466512702
0.506517690875 0.157043879908
0.505576208178 0.157043879908
0.504638218924 0.157043879908
0.503703703704 0.157043879908
0.504621072089 0.157621247113
0.5036900369 0.157621247113
0.504604051565 0.158198614319
0.503676470588 0.158198614319
0.504587155963 0.158775981524
0.503663003663 0.158775981524
0.504570383912 0.15935334873
0.505474452555 0.159930715935
0.504553734062 0.159930715935
0.505454545455 0.160508083141
0.504537205082 0.160508083141
0.503623188406 0.160508083141
0.502712477396 0.160508083141
0.501805054152 0.160508083141
0.500900900901 0.160508083141
0.5 0.160508083141
0.499102333932 0.160508083141
0.498207885305 0.160508083141
0.499105545617 0.161085450346
0.498214285714 0.161085450346
0.497326203209 0.161085450346
0.496441281139 0.161085450346
0.495559502664 0.161085450346
0.494680851064 0.161085450346
0.493805309735 0.161085450346
0.492932862191 0.161085450346
0.492063492063 0.161085450346
0.491197183099 0.161085450346
0.490333919156 0.161085450346
0.489473684211 0.161085450346
0.488616462347 0.161085450346
0.48951048951 0.161662817552
0.490401396161 0.162240184758
0.489547038328 0.162240184758
0.488695652174 0.162240184758
0.487847222222 0.162240184758
0.488734835355 0.162817551963
0.487889273356 0.162817551963
0.487046632124 0.162817551963
0.486206896552 0.162817551963
0.487091222031 0.163394919169
0.486254295533 0.163394919169
0.487135506003 0.163972286374
0.486301369863 0.163972286374
0.48547008547 0.163972286374
0.484641638225 0.163972286374
0.483816013629 0.163972286374
0.484693877551 0.16454965358
0.485568760611 0.165127020785
0.484745762712 0.165127020785
0.483925549915 0.165127020785
0.483108108108 0.165127020785
0.483979763912 0.165704387991
0.483164983165 0.165704387991
0.484033613445 0.166281755196
0.48322147651 0.166281755196
0.482412060302 0.166281755196
0.483277591973 0.166859122402
0.482470784641 0.166859122402
0.481666666667 0.166859122402
0.480865224626 0.166859122402
0.480066445183 0.166859122402
0.479270315091 0.166859122402
0.478476821192 0.166859122402
0.479338842975 0.167436489607
0.480198019802 0.168013856813
0.479406919275 0.168013856813
0.480263157895 0.168591224018
0.47947454844 0.168591224018
0.47868852459 0.168591224018
0.47790507365 0.168591224018
0.478758169935 0.169168591224
0.479608482871 0.16974595843
0.478827361564 0.16974595843
0.478048780488 0.16974595843
0.478896103896 0.170323325635
0.479740680713 0.170900692841
0.478964401294 0.170900692841
0.479806138934 0.171478060046
0.479032258065 0.171478060046
0.478260869565 0.171478060046
0.479099678457 0.172055427252
0.479935794543 0.172632794457
0.480769230769 0.173210161663
0.48 0.173210161663
0.479233226837 0.173210161663
0.480063795853 0.173787528868
0.479299363057 0.173787528868
0.47853736089 0.173787528868
0.477777777778 0.173787528868
0.477020602219 0.173787528868
0.476265822785 0.173787528868
0.47551342812 0.173787528868
0.47476340694 0.173787528868
0.475590551181 0.174364896074
0.474842767296 0.174364896074
0.47409733124 0.174364896074
0.473354231975 0.174364896074
0.472613458529 0.174364896074
0.4734375 0.174942263279
0.472698907956 0.174942263279
0.471962616822 0.174942263279
0.471228615863 0.174942263279
0.47049689441 0.174942263279
0.471317829457 0.175519630485
0.47213622291 0.176096997691
0.471406491499 0.176096997691
0.470679012346 0.176096997691
0.469953775039 0.176096997691
0.470769230769 0.176674364896
0.470046082949 0.176674364896
0.469325153374 0.176674364896
0.468606431853 0.176674364896
0.467889908257 0.176674364896
0.467175572519 0.176674364896
0.466463414634 0.176674364896
0.465753424658 0.176674364896
0.465045592705 0.176674364896
0.465857359636 0.177251732102
0.466666666667 0.177829099307
0.465960665658 0.177829099307
0.465256797583 0.177829099307
0.46455505279 0.177829099307
0.463855421687 0.177829099307
0.464661654135 0.178406466513
0.465465465465 0.178983833718
0.464767616192 0.178983833718
0.464071856287 0.178983833718
0.464872944694 0.179561200924
0.464179104478 0.179561200924
0.46348733234 0.179561200924
0.464285714286 0.180138568129
0.463595839525 0.180138568129
0.464391691395 0.180715935335
0.463703703704 0.180715935335
0.463017751479 0.180715935335
0.462333825702 0.180715935335
0.463126843658 0.18129330254
0.462444771723 0.18129330254
0.463235294118 0.181870669746
0.462555066079 0.181870669746
0.461876832845 0.181870669746
0.461200585652 0.181870669746
0.460526315789 0.181870669746
0.461313868613 0.182448036952
0.462099125364 0.183025404157
0.461426491994 0.183025404157
0.460755813953 0.183025404157
0.461538461538 0.183602771363
0.46231884058 0.184180138568
0.461649782923 0.184180138568
0.462427745665 0.184757505774
0.46176046176 0.184757505774
0.461095100865 0.184757505774
0.461870503597 0.185334872979
0.462643678161 0.185912240185
0.461979913917 0.185912240185
0.461318051576 0.185912240185
0.460658082976 0.185912240185
0.461428571429 0.18648960739
0.462196861626 0.187066974596
0.461538461538 0.187066974596
0.460881934566 0.187066974596
0.461647727273 0.187644341801
0.462411347518 0.188221709007
0.461756373938 0.188221709007
0.461103253182 0.188221709007
0.46186440678 0.188799076212
0.461212976023 0.188799076212
0.461971830986 0.189376443418
0.461322081575 0.189376443418
0.462078651685 0.189953810624
0.461430575035 0.189953810624
0.460784313725 0.189953810624
0.46013986014 0.189953810624
0.459497206704 0.189953810624
0.458856345886 0.189953810624
0.458217270195 0.189953810624
0.457579972184 0.189953810624
0.458333333333 0.190531177829
0.457697642164 0.190531177829
0.457063711911 0.190531177829
0.457814661134 0.191108545035
0.458563535912 0.19168591224
0.459310344828 0.192263279446
0.45867768595 0.192263279446
0.458046767538 0.192263279446
0.457417582418 0.192263279446
0.456790123457 0.192263279446
0.456164383562 0.192263279446
0.456908344733 0.192840646651
0.456284153005 0.192840646651
0.455661664393 0.192840646651
0.456403269755 0.193418013857
0.457142857143 0.193995381062
0.45652173913 0.193995381062
0.455902306649 0.193995381062
0.455284552846 0.193995381062
0.454668470907 0.193995381062
0.455405405405 0.194572748268
0.456140350877 0.195150115473
0.455525606469 0.195150115473
0.454912516824 0.195150115473
0.454301075269 0.195150115473
0.453691275168 0.195150115473
0.45308310992 0.195150115473
0.452476572959 0.195150115473
0.45320855615 0.195727482679
0.45393858478 0.196304849885
0.453333333333 0.196304849885
0.452729693742 0.196304849885
0.452127659574 0.196304849885
0.451527224436 0.196304849885
0.450928381963 0.196304849885
0.450331125828 0.196304849885
0.451058201058 0.19688221709
0.450462351387 0.19688221709
0.451187335092 0.197459584296
0.450592885375 0.197459584296
0.451315789474 0.198036951501
0.450722733246 0.198036951501
0.451443569554 0.198614318707
0.450851900393 0.198614318707
0.451570680628 0.199191685912
0.452287581699 0.199769053118
0.451697127937 0.199769053118
0.45110821382 0.199769053118
0.450520833333 0.199769053118
0.449934980494 0.199769053118
0.449350649351 0.199769053118
0.448767833982 0.199769053118
0.449481865285 0.200346420323
0.448900388098 0.200346420323
0.448320413437 0.200346420323
0.447741935484 0.200346420323
0.447164948454 0.200346420323
0.447876447876 0.200923787529
0.447300771208 0.200923787529
0.446726572529 0.200923787529
0.447435897436 0.201501154734
0.44814340589 0.20207852194
0.447570332481 0.20207852194
0.446998722861 0.20207852194
0.446428571429 0.20207852194
0.445859872611 0.20207852194
0.445292620865 0.20207852194
0.444726810673 0.20207852194
0.445431472081 0.202655889145
0.444866920152 0.202655889145
0.444303797468 0.202655889145
0.443742098609 0.202655889145
0.443181818182 0.202655889145
0.44262295082 0.202655889145
0.442065491184 0.202655889145
0.441509433962 0.202655889145
0.440954773869 0.202655889145
0.440401505646 0.202655889145
0.441102756892 0.203233256351
0.44055068836 0.203233256351
0.44 0.203233256351
0.439450686642 0.203233256351
0.438902743142 0.203233256351
0.439601494396 0.203810623557
0.439054726368 0.203810623557
0.43850931677 0.203810623557
0.439205955335 0.204387990762
0.438661710037 0.204387990762
0.439356435644 0.204965357968
0.438813349815 0.204965357968
0.43950617284 0.205542725173
0.438964241677 0.205542725173
0.439655172414 0.206120092379
0.439114391144 0.206120092379
0.439803439803 0.206697459584
0.440490797546 0.20727482679
0.441176470588 0.207852193995
0.441860465116 0.208429561201
0.441320293399 0.208429561201
0.440781440781 0.208429561201
0.441463414634 0.209006928406
0.440925700365 0.209006928406
0.441605839416 0.209584295612
0.441069258809 0.209584295612
0.440533980583 0.209584295612
0.44 0.209584295612
0.439467312349 0.209584295612
0.438935912938 0.209584295612
0.438405797101 0.209584295612
0.437876960193 0.209584295612
0.438554216867 0.210161662818
0.438026474128 0.210161662818
0.4375 0.210161662818
0.436974789916 0.210161662818
0.437649880096 0.210739030023
0.437125748503 0.210739030023
0.436602870813 0.210739030023
0.436081242533 0.210739030023
0.436754176611 0.211316397229
0.436233611442 0.211316397229
0.435714285714 0.211316397229
0.436385255648 0.211893764434
0.435866983373 0.211893764434
0.435349940688 0.211893764434
0.434834123223 0.211893764434
0.434319526627 0.211893764434
0.434988179669 0.21247113164
0.434474616293 0.21247113164
0.433962264151 0.21247113164
0.433451118963 0.21247113164
0.434117647059 0.213048498845
0.434782608696 0.213625866051
0.43544600939 0.214203233256
0.436107854631 0.214780600462
0.436768149883 0.215357967667
0.436257309942 0.215357967667
0.435747663551 0.215357967667
0.435239206534 0.215357967667
0.434731934732 0.215357967667
0.435389988359 0.215935334873
0.43488372093 0.215935334873
0.435540069686 0.216512702079
0.436194895592 0.217090069284
0.435689455388 0.217090069284
0.435185185185 0.217090069284
0.435838150289 0.21766743649
0.43648960739 0.218244803695
0.43598615917 0.218244803695
0.435483870968 0.218244803695
0.43498273878 0.218244803695
0.435632183908 0.218822170901
0.435132032147 0.218822170901
0.435779816514 0.219399538106
0.435280641466 0.219399538106
0.435926773455 0.219976905312
0.435428571429 0.219976905312
0.434931506849 0.219976905312
0.434435575827 0.219976905312
0.433940774487 0.219976905312
0.434584755404 0.220554272517
0.435227272727 0.221131639723
0.434733257662 0.221131639723
0.434240362812 0.221131639723
0.433748584371 0.221131639723
0.433257918552 0.221131639723
0.432768361582 0.221131639723
0.432279909707 0.221131639723
0.432919954904 0.221709006928
0.432432432432 0.221709006928
0.431946006749 0.221709006928
0.431460674157 0.221709006928
0.430976430976 0.221709006928
0.430493273543 0.221709006928
0.430011198208 0.221709006928
0.429530201342 0.221709006928
0.430167597765 0.222286374134
0.430803571429 0.222863741339
0.430323299889 0.222863741339
0.429844097996 0.222863741339
0.42936596218 0.222863741339
0.43 0.223441108545
0.429522752497 0.223441108545
0.429046563193 0.223441108545
0.428571428571 0.223441108545
0.428097345133 0.223441108545
0.427624309392 0.223441108545
0.427152317881 0.223441108545
0.426681367144 0.223441108545
0.426211453744 0.223441108545
0.425742574257 0.223441108545
0.425274725275 0.223441108545
0.424807903403 0.223441108545
0.425438596491 0.224018475751
0.424972617744 0.224018475751
0.424507658643 0.224018475751
0.424043715847 0.224018475751
0.424672489083 0.224595842956
0.424209378408 0.224595842956
0.424836601307 0.225173210162
0.425462459195 0.225750577367
0.425 0.225750577367
0.42562432139 0.226327944573
0.426247288503 0.226905311778
0.425785482124 0.226905311778
0.425324675325 0.226905311778
0.424864864865 0.226905311778
0.425485961123 0.227482678984
0.425026968716 0.227482678984
0.424568965517 0.227482678984
0.424111948332 0.227482678984
0.424731182796 0.228060046189
0.424274973147 0.228060046189
0.423819742489 0.228060046189
0.423365487674 0.228060046189
0.422912205567 0.228060046189
0.423529411765 0.228637413395
0.423076923077 0.228637413395
0.423692636073 0.2292147806
0.423240938166 0.2292147806
0.423855165069 0.229792147806
0.423404255319 0.229792147806
0.422954303932 0.229792147806
0.422505307856 0.229792147806
0.422057264051 0.229792147806
0.421610169492 0.229792147806
0.422222222222 0.230369515012
0.42177589852 0.230369515012
0.422386483633 0.230946882217
0.42194092827 0.230946882217
0.421496311907 0.230946882217
0.421052631579 0.230946882217
0.420609884332 0.230946882217
0.420168067227 0.230946882217
0.419727177335 0.230946882217
0.41928721174 0.230946882217
0.418848167539 0.230946882217
0.418410041841 0.230946882217
0.417972831766 0.230946882217
0.417536534447 0.230946882217
0.417101147028 0.230946882217
0.417708333333 0.231524249423
0.417273673257 0.231524249423
0.41683991684 0.231524249423
0.416407061267 0.231524249423
0.415975103734 0.231524249423
0.415544041451 0.231524249423
0.415113871636 0.231524249423
0.41468459152 0.231524249423
0.414256198347 0.231524249423
0.41382868937 0.231524249423
0.413402061856 0.231524249423
0.412976313079 0.231524249423
0.412551440329 0.231524249423
0.412127440904 0.231524249423
0.411704312115 0.231524249423
0.411282051282 0.231524249423
0.410860655738 0.231524249423
0.410440122825 0.231524249423
0.411042944785 0.232101616628
0.41164453524 0.232678983834
0.412244897959 0.233256351039
0.411824668705 0.233256351039
0.411405295316 0.233256351039
0.410986775178 0.233256351039
0.410569105691 0.233256351039
0.410152284264 0.233256351039
0.409736308316 0.233256351039
0.409321175279 0.233256351039
0.408906882591 0.233256351039
0.408493427705 0.233256351039
0.409090909091 0.233833718245
0.408678102926 0.233833718245
0.409274193548 0.23441108545
0.40886203424 0.23441108545
0.409456740443 0.234988452656
0.409045226131 0.234988452656
0.408634538153 0.234988452656
0.409227683049 0.235565819861
0.409819639279 0.236143187067
0.41041041041 0.236720554273
0.41 0.236720554273
0.40959040959 0.236720554273
0.409181636727 0.236720554273
0.408773678963 0.236720554273
0.409362549801 0.237297921478
0.408955223881 0.237297921478
0.408548707753 0.237297921478
0.408142999007 0.237297921478
0.407738095238 0.237297921478
0.407333994054 0.237297921478
0.406930693069 0.237297921478
0.406528189911 0.237297921478
0.407114624506 0.237875288684
0.406712734452 0.237875288684
0.406311637081 0.237875288684
0.405911330049 0.237875288684
0.405511811024 0.237875288684
0.406096361849 0.238452655889
0.405697445972 0.238452655889
0.406280667321 0.239030023095
0.405882352941 0.239030023095
0.406464250735 0.2396073903
0.407045009785 0.240184757506
0.406647116325 0.240184757506
0.40625 0.240184757506
0.406829268293 0.240762124711
0.407407407407 0.241339491917
0.407010710808 0.241339491917
0.406614785992 0.241339491917
0.406219630709 0.241339491917
0.405825242718 0.241339491917
0.405431619787 0.241339491917
0.40503875969 0.241339491917
0.404646660213 0.241339491917
0.404255319149 0.241339491917
0.4038647343 0.241339491917
0.40444015444 0.241916859122
0.405014464802 0.242494226328
0.405587668593 0.243071593533
0.405197305101 0.243071593533
0.404807692308 0.243071593533
0.40441882805 0.243071593533
0.404030710173 0.243071593533
0.403643336529 0.243071593533
0.403256704981 0.243071593533
0.402870813397 0.243071593533
0.402485659656 0.243071593533
0.402101241643 0.243071593533
0.401717557252 0.243071593533
0.402287893232 0.243648960739
0.401904761905 0.243648960739
0.401522359657 0.243648960739
0.401140684411 0.243648960739
0.400759734093 0.243648960739
0.400379506641 0.243648960739
0.400947867299 0.244226327945
0.400568181818 0.244226327945
0.400189214759 0.244226327945
0.399810964083 0.244226327945
0.400377714825 0.24480369515
0.4 0.24480369515
0.399622997172 0.24480369515
0.399246704331 0.24480369515
0.399811853246 0.245381062356
0.40037593985 0.245958429561
0.4 0.245958429561
0.399624765478 0.245958429561
0.399250234302 0.245958429561
0.399812734082 0.246535796767
0.399438727783 0.246535796767
0.399065420561 0.246535796767
0.398692810458 0.246535796767
0.398320895522 0.246535796767
0.397949673812 0.246535796767
0.397579143389 0.246535796767
0.397209302326 0.246535796767
0.397769516729 0.247113163972
0.397400185701 0.247113163972
0.397959183673 0.247690531178
0.397590361446 0.247690531178
0.397222222222 0.247690531178
0.397779833488 0.248267898383
0.39741219963 0.248267898383
0.397045244691 0.248267898383
0.397601476015 0.248845265589
0.398156682028 0.249422632794
0.397790055249 0.249422632794
0.398344066237 0.25
0.397977941176 0.25
0.397612488522 0.25
0.397247706422 0.25
0.396883593034 0.25
0.39652014652 0.25
0.39615736505 0.25
0.395795246801 0.25
0.395433789954 0.25
0.39598540146 0.250577367206
0.396536007293 0.251154734411
0.3970856102 0.251732101617
0.396724294813 0.251732101617
0.396363636364 0.251732101617
0.396911898274 0.252309468822
0.396551724138 0.252309468822
0.396192203083 0.252309468822
0.395833333333 0.252309468822
0.395475113122 0.252309468822
0.395117540687 0.252309468822
0.394760614273 0.252309468822
0.39440433213 0.252309468822
0.394048692516 0.252309468822
0.394594594595 0.252886836028
0.394239423942 0.252886836028
0.393884892086 0.252886836028
0.393530997305 0.252886836028
0.39407540395 0.253464203233
0.393721973094 0.253464203233
0.393369175627 0.253464203233
0.393017009848 0.253464203233
0.392665474061 0.253464203233
0.392314566577 0.253464203233
0.391964285714 0.253464203233
0.392506690455 0.254041570439
0.392156862745 0.254041570439
0.391807658059 0.254041570439
0.391459074733 0.254041570439
0.391111111111 0.254041570439
0.390763765542 0.254041570439
0.39041703638 0.254041570439
0.390957446809 0.254618937644
0.390611160319 0.254618937644
0.390265486726 0.254618937644
0.389920424403 0.254618937644
0.389575971731 0.254618937644
0.389232127096 0.254618937644
0.388888888889 0.254618937644
0.388546255507 0.254618937644
0.388204225352 0.254618937644
0.387862796834 0.254618937644
0.387521968366 0.254618937644
0.388059701493 0.25519630485
0.387719298246 0.25519630485
0.387379491674 0.25519630485
0.38704028021 0.25519630485
0.386701662292 0.25519630485
0.386363636364 0.25519630485
0.386899563319 0.255773672055
0.386561954625 0.255773672055
0.386224934612 0.255773672055
0.385888501742 0.255773672055
0.385552654482 0.255773672055
0.385217391304 0.255773672055
0.384882710686 0.255773672055
0.384548611111 0.255773672055
0.384215091067 0.255773672055
0.383882149047 0.255773672055
0.38354978355 0.255773672055
0.38321799308 0.255773672055
0.38375108038 0.256351039261
0.383419689119 0.256351039261
0.383951682485 0.256928406467
0.384482758621 0.257505773672
0.384151593454 0.257505773672
0.383820998279 0.257505773672
0.384350816853 0.258083140878
0.384020618557 0.258083140878
0.383690987124 0.258083140878
0.383361921098 0.258083140878
0.383033419023 0.258083140878
0.383561643836 0.258660508083
0.383233532934 0.258660508083
0.382905982906 0.258660508083
0.383432963279 0.259237875289
0.383105802048 0.259237875289
0.382779198636 0.259237875289
0.382453151618 0.259237875289
0.382978723404 0.259815242494
0.382653061224 0.259815242494
0.382327952421 0.259815242494
0.38285229202 0.2603926097
0.383375742154 0.260969976905
0.383898305085 0.261547344111
0.383573243014 0.261547344111
0.383248730964 0.261547344111
0.38292476754 0.261547344111
0.382601351351 0.261547344111
0.383122362869 0.262124711316
0.383642495784 0.262702078522
0.384161752317 0.263279445727
0.38468013468 0.263856812933
0.384356602187 0.263856812933
0.384033613445 0.263856812933
0.383711167086 0.263856812933
0.383389261745 0.263856812933
0.38306789606 0.263856812933
0.382747068677 0.263856812933
0.382426778243 0.263856812933
0.382107023411 0.263856812933
0.38178780284 0.263856812933
0.381469115192 0.263856812933
0.381150959133 0.263856812933
0.381666666667 0.264434180139
0.381348875937 0.264434180139
0.381031613977 0.264434180139
0.381546134663 0.265011547344
0.38122923588 0.265011547344
0.381742738589 0.26558891455
0.381426202322 0.26558891455
0.381110190555 0.26558891455
0.380794701987 0.26558891455
0.381306865178 0.266166281755
0.380991735537 0.266166281755
0.380677126342 0.266166281755
0.380363036304 0.266166281755
0.380049464138 0.266166281755
0.379736408567 0.266166281755
0.379423868313 0.266166281755
0.379111842105 0.266166281755
0.378800328677 0.266166281755
0.378489326765 0.266166281755
0.378178835111 0.266166281755
0.37868852459 0.266743648961
0.379197379197 0.267321016166
0.379705400982 0.267898383372
0.380212591987 0.268475750577
0.379901960784 0.268475750577
0.380408163265 0.269053117783
0.380913539967 0.269630484988
0.380603096985 0.269630484988
0.380293159609 0.269630484988
0.379983726607 0.269630484988
0.379674796748 0.269630484988
0.380178716491 0.270207852194
0.37987012987 0.270207852194
0.379562043796 0.270207852194
0.37925445705 0.270207852194
0.378947368421 0.270207852194
0.378640776699 0.270207852194
0.378334680679 0.270207852194
0.378836833603 0.2707852194
0.379338175948 0.271362586605
0.379838709677 0.271939953811
0.379532634972 0.271939953811
0.37922705314 0.271939953811
0.379726468222 0.272517321016
0.379421221865 0.272517321016
0.379116465863 0.272517321016
0.378812199037 0.272517321016
0.378508420209 0.272517321016
0.378205128205 0.272517321016
0.377902321857 0.272517321016
0.3776 0.272517321016
0.377298161471 0.272517321016
0.376996805112 0.272517321016
0.376695929769 0.272517321016
0.37639553429 0.272517321016
0.37609561753 0.272517321016
0.376592356688 0.273094688222
0.376292760541 0.273094688222
0.376788553259 0.273672055427
0.376489277204 0.273672055427
0.37619047619 0.273672055427
0.375892149088 0.273672055427
0.37559429477 0.273672055427
0.375296912114 0.273672055427
0.375 0.273672055427
0.374703557312 0.273672055427
0.374407582938 0.273672055427
0.374901341752 0.274249422633
0.375394321767 0.274826789838
0.375886524823 0.275404157044
0.375590551181 0.275404157044
0.375295043273 0.275404157044
0.375 0.275404157044
0.375490966222 0.275981524249
0.375196232339 0.275981524249
0.374901960784 0.275981524249
0.37460815047 0.275981524249
0.374314800313 0.275981524249
0.374021909233 0.275981524249
0.373729476153 0.275981524249
0.3734375 0.275981524249
0.373145979703 0.275981524249
0.372854914197 0.275981524249
0.372564302416 0.275981524249
0.372274143302 0.275981524249
0.371984435798 0.275981524249
0.371695178849 0.275981524249
0.371406371406 0.275981524249
0.371118012422 0.275981524249
0.370830100853 0.275981524249
0.371317829457 0.276558891455
0.37103020914 0.276558891455
0.371517027864 0.277136258661
0.371229698376 0.277136258661
0.37171561051 0.277713625866
0.371428571429 0.277713625866
0.371141975309 0.277713625866
0.370855821126 0.277713625866
0.370570107858 0.277713625866
0.370284834488 0.277713625866
0.37 0.277713625866
0.369715603382 0.277713625866
0.369431643625 0.277713625866
0.369915579432 0.278290993072
0.370398773006 0.278868360277
0.370114942529 0.278868360277
0.369831546708 0.278868360277
0.369548584545 0.278868360277
0.369266055046 0.278868360277
0.368983957219 0.278868360277
0.368702290076 0.278868360277
0.368421052632 0.278868360277
0.368140243902 0.278868360277
0.367859862909 0.278868360277
0.367579908676 0.278868360277
0.367300380228 0.278868360277
0.367021276596 0.278868360277
0.367501898254 0.279445727483
0.36722306525 0.279445727483
0.366944655042 0.279445727483
0.367424242424 0.280023094688
0.367903103709 0.280600461894
0.367624810893 0.280600461894
0.367346938776 0.280600461894
0.367069486405 0.280600461894
0.367547169811 0.281177829099
0.367269984917 0.281177829099
0.366993217784 0.281177829099
0.36671686747 0.281177829099
0.366440933032 0.281177829099
0.366165413534 0.281177829099
0.365890308039 0.281177829099
0.365615615616 0.281177829099
0.365341335334 0.281177829099
0.365067466267 0.281177829099
0.365543071161 0.281755196305
0.365269461078 0.281755196305
0.365744203441 0.28233256351
0.365470852018 0.28233256351
0.365944734877 0.282909930716
0.365671641791 0.282909930716
0.366144668158 0.283487297921
0.366616989568 0.284064665127
0.366344005957 0.284064665127
0.366071428571 0.284064665127
0.365799256506 0.284064665127
0.365527488856 0.284064665127
0.365256124722 0.284064665127
0.364985163205 0.284064665127
0.36471460341 0.284064665127
0.365185185185 0.284642032333
0.364914877868 0.284642032333
0.364644970414 0.284642032333
0.364375461936 0.284642032333
0.364106351551 0.284642032333
0.363837638376 0.284642032333
0.364306784661 0.285219399538
0.364038319823 0.285219399538
0.363770250368 0.285219399538
0.363502575423 0.285219399538
0.363235294118 0.285219399538
0.363703159442 0.285796766744
0.363436123348 0.285796766744
0.363903154806 0.286374133949
0.363636363636 0.286374133949
0.36336996337 0.286374133949
0.363103953148 0.286374133949
0.362838332114 0.286374133949
0.362573099415 0.286374133949
0.36303871439 0.286951501155
0.362773722628 0.286951501155
0.363238512035 0.28752886836
0.362973760933 0.28752886836
0.362709395484 0.28752886836
0.362445414847 0.28752886836
0.362181818182 0.28752886836
0.362645348837 0.288106235566
0.363108206245 0.288683602771
0.363570391872 0.289260969977
0.363306744017 0.289260969977
0.363043478261 0.289260969977
0.362780593773 0.289260969977
0.362518089725 0.289260969977
0.362979031092 0.289838337182
0.362716763006 0.289838337182
0.362454873646 0.289838337182
0.362193362193 0.289838337182
0.36193222783 0.289838337182
0.361671469741 0.289838337182
0.361411087113 0.289838337182
0.361151079137 0.289838337182
0.360891445004 0.289838337182
0.360632183908 0.289838337182
0.360373295047 0.289838337182
0.360114777618 0.289838337182
0.359856630824 0.289838337182
0.359598853868 0.289838337182
0.360057265569 0.290415704388
0.360515021459 0.290993071594
0.360257326662 0.290993071594
0.36 0.290993071594
0.36045681656 0.291570438799
0.360199714693 0.291570438799
0.35994297933 0.291570438799
0.359686609687 0.291570438799
0.359430604982 0.291570438799
0.359174964438 0.291570438799
0.358919687278 0.291570438799
0.358664772727 0.291570438799
0.358410220014 0.291570438799
0.358156028369 0.291570438799
0.357902197023 0.291570438799
0.35835694051 0.292147806005
0.35881104034 0.29272517321
0.3585572843 0.29272517321
0.358303886926 0.29272517321
0.358050847458 0.29272517321
0.357798165138 0.29272517321
0.35754583921 0.29272517321
0.357293868922 0.29272517321
0.357746478873 0.293302540416
0.357494722027 0.293302540416
0.357243319269 0.293302540416
0.356992269852 0.293302540416
0.356741573034 0.293302540416
0.35649122807 0.293302540416
0.356241234222 0.293302540416
0.35599159075 0.293302540416
0.355742296919 0.293302540416
0.355493351994 0.293302540416
0.355244755245 0.293302540416
0.35499650594 0.293302540416
0.354748603352 0.293302540416
0.354501046755 0.293302540416
0.354253835425 0.293302540416
0.354006968641 0.293302540416
0.353760445682 0.293302540416
0.353514265832 0.293302540416
0.353268428373 0.293302540416
0.353022932592 0.293302540416
0.352777777778 0.293302540416
0.353226925746 0.293879907621
0.352981969487 0.293879907621
0.35343035343 0.294457274827
0.353185595568 0.294457274827
0.352941176471 0.294457274827
0.353388658368 0.295034642032
0.353144436766 0.295034642032
0.352900552486 0.295034642032
0.352657004831 0.295034642032
0.352413793103 0.295034642032
0.352170916609 0.295034642032
0.351928374656 0.295034642032
0.351686166552 0.295034642032
0.351444291609 0.295034642032
0.351202749141 0.295034642032
0.350961538462 0.295034642032
0.350720658888 0.295034642032
0.350480109739 0.295034642032
0.350239890336 0.295034642032
0.350684931507 0.295612009238
0.350444900753 0.295612009238
0.350205198358 0.295612009238
0.34996582365 0.295612009238
0.349726775956 0.295612009238
0.350170648464 0.296189376443
0.349931787176 0.296189376443
0.349693251534 0.296189376443
0.349455040872 0.296189376443
0.349217154527 0.296189376443
0.348979591837 0.296189376443
0.348742352141 0.296189376443
0.348505434783 0.296189376443
0.348268839104 0.296189376443
0.34803256445 0.296189376443
0.347796610169 0.296189376443
0.34756097561 0.296189376443
0.347325660122 0.296189376443
0.347090663058 0.296189376443
0.347532116295 0.296766743649
0.347972972973 0.297344110855
0.347738014855 0.297344110855
0.348178137652 0.29792147806
0.348617666891 0.298498845266
0.348382749326 0.298498845266
0.348148148148 0.298498845266
0.347913862719 0.298498845266
0.347679892401 0.298498845266
0.347446236559 0.298498845266
0.34721289456 0.298498845266
0.346979865772 0.298498845266
0.347417840376 0.299076212471
0.347184986595 0.299076212471
0.346952444742 0.299076212471
0.34672021419 0.299076212471
0.346488294314 0.299076212471
0.346256684492 0.299076212471
0.346025384102 0.299076212471
0.345794392523 0.299076212471
0.345563709139 0.299076212471
0.345333333333 0.299076212471
0.34510326449 0.299076212471
0.344873501997 0.299076212471
0.344644045243 0.299076212471
0.345079787234 0.299653579677
0.344850498339 0.299653579677
0.344621513944 0.299653579677
0.344392833444 0.299653579677
0.344164456233 0.299653579677
0.344599072233 0.300230946882
0.344370860927 0.300230946882
0.344142951688 0.300230946882
0.343915343915 0.300230946882
0.343688037013 0.300230946882
0.343461030383 0.300230946882
0.343234323432 0.300230946882
0.343007915567 0.300230946882
0.342781806196 0.300230946882
0.34255599473 0.300230946882
0.342988808427 0.300808314088
0.343421052632 0.301385681293
0.343195266272 0.301385681293
0.343626806833 0.301963048499
0.343401181878 0.301963048499
0.343175853018 0.301963048499
0.343606557377 0.302540415704
0.343381389253 0.302540415704
0.343156516045 0.302540415704
0.343586387435 0.30311778291
0.343361674297 0.30311778291
0.343137254902 0.30311778291
0.342913128674 0.30311778291
0.342689295039 0.30311778291
0.342465753425 0.30311778291
0.342242503259 0.30311778291
0.342019543974 0.30311778291
0.342447916667 0.303695150115
0.342225113858 0.303695150115
0.34200260078 0.303695150115
0.342430149448 0.304272517321
0.342857142857 0.304849884527
0.342634652823 0.304849884527
0.342412451362 0.304849884527
0.342190537913 0.304849884527
0.342616580311 0.305427251732
0.342394822006 0.305427251732
0.342820181113 0.306004618938
0.343244990304 0.306581986143
0.343669250646 0.307159353349
0.34344738541 0.307159353349
0.343225806452 0.307159353349
0.343004513217 0.307159353349
0.342783505155 0.307159353349
0.342562781713 0.307159353349
0.342342342342 0.307159353349
0.342122186495 0.307159353349
0.341902313625 0.307159353349
0.341682723186 0.307159353349
0.341463414634 0.307159353349
0.341244387428 0.307159353349
0.341025641026 0.307159353349
0.341447789878 0.307736720554
0.341229193342 0.307736720554
0.34101087652 0.307736720554
0.340792838875 0.307736720554
0.340575079872 0.307736720554
0.340357598978 0.307736720554
0.34014039566 0.307736720554
0.34056122449 0.30831408776
0.34034416826 0.30831408776
0.340127388535 0.30831408776
0.339910884787 0.30831408776
0.339694656489 0.30831408776
0.339478703115 0.30831408776
0.339898348158 0.308891454965
0.339682539683 0.308891454965
0.339467005076 0.308891454965
0.339251743817 0.308891454965
0.339036755387 0.308891454965
0.338822039265 0.308891454965
0.338607594937 0.308891454965
0.338393421885 0.308891454965
0.338179519595 0.308891454965
0.337965887555 0.308891454965
0.337752525253 0.308891454965
0.337539432177 0.308891454965
0.337326607818 0.308891454965
0.33711405167 0.308891454965
0.337531486146 0.309468822171
0.337319068597 0.309468822171
0.337735849057 0.310046189376
0.337523570082 0.310046189376
0.337311557789 0.310046189376
0.337099811676 0.310046189376
0.336888331242 0.310046189376
0.336677115987 0.310046189376
0.336466165414 0.310046189376
0.336255479023 0.310046189376
0.336670838548 0.310623556582
0.33646028768 0.310623556582
0.33625 0.310623556582
0.336039975016 0.310623556582
0.335830212235 0.310623556582
0.335620711167 0.310623556582
0.335411471322 0.310623556582
0.335202492212 0.310623556582
0.33499377335 0.310623556582
0.33478531425 0.310623556582
0.334577114428 0.310623556582
0.334990677439 0.311200923788
0.334782608696 0.311200923788
0.334574798262 0.311200923788
0.334367245658 0.311200923788
0.334159950403 0.311200923788
0.33395291202 0.311200923788
0.334365325077 0.311778290993
0.334777227723 0.312355658199
0.334570191713 0.312355658199
0.334363411619 0.312355658199
0.334156886967 0.312355658199
0.333950617284 0.312355658199
0.333744602097 0.312355658199
0.333538840937 0.312355658199
0.333949476278 0.312933025404
0.333743842365 0.312933025404
0.333538461538 0.312933025404
0.333333333333 0.312933025404
0.333128457283 0.312933025404
0.332923832924 0.312933025404
0.332719459791 0.312933025404
0.332515337423 0.312933025404
0.332311465359 0.312933025404
0.332107843137 0.312933025404
0.3319044703 0.312933025404
0.331701346389 0.312933025404
0.331498470948 0.312933025404
0.331907090465 0.31351039261
0.331704337202 0.31351039261
0.331501831502 0.31351039261
0.33129957291 0.31351039261
0.331097560976 0.31351039261
0.331505179768 0.314087759815
0.331303288672 0.314087759815
0.331101643335 0.314087759815
0.330900243309 0.314087759815
0.330699088146 0.314087759815
0.3304981774 0.314087759815
0.330297510625 0.314087759815
0.330097087379 0.314087759815
0.329896907216 0.314087759815
0.329696969697 0.314087759815
0.329497274379 0.314087759815
0.3299031477 0.314665127021
0.329703569268 0.314665127021
0.330108827086 0.315242494226
0.330513595166 0.315819861432
0.330314009662 0.315819861432
0.330114665057 0.315819861432
0.329915560917 0.315819861432
0.329716696805 0.315819861432
0.329518072289 0.315819861432
0.329319686936 0.315819861432
0.329121540313 0.315819861432
0.32892363199 0.315819861432
0.328725961538 0.315819861432
0.329129129129 0.316397228637
0.328931572629 0.316397228637
0.328734253149 0.316397228637
0.328537170264 0.316397228637
0.328340323547 0.316397228637
0.32874251497 0.316974595843
0.328545780969 0.316974595843
0.328349282297 0.316974595843
0.32815301853 0.316974595843
0.327956989247 0.316974595843
0.32776119403 0.316974595843
0.327565632458 0.316974595843
0.327370304114 0.316974595843
0.327175208582 0.316974595843
0.326980345444 0.316974595843
0.326785714286 0.316974595843
0.326591314694 0.316974595843
0.326397146254 0.316974595843
0.326203208556 0.316974595843
0.326009501188 0.316974595843
0.326409495549 0.317551963048
0.326215895611 0.317551963048
0.326022525193 0.317551963048
0.325829383886 0.317551963048
0.325636471285 0.317551963048
0.325443786982 0.317551963048
0.325251330574 0.317551963048
0.325059101655 0.317551963048
0.324867099823 0.317551963048
0.324675324675 0.317551963048
0.324483775811 0.317551963048
0.32429245283 0.317551963048
0.324101355333 0.317551963048
0.323910482921 0.317551963048
0.323719835197 0.317551963048
0.323529411765 0.317551963048
0.323927101705 0.318129330254
0.323736780259 0.318129330254
0.323546682325 0.318129330254
0.323356807512 0.318129330254
0.323167155425 0.318129330254
0.322977725674 0.318129330254
0.322788517868 0.318129330254
0.322599531616 0.318129330254
0.32241076653 0.318129330254
0.322222222222 0.318129330254
0.322618351841 0.31870669746
0.322429906542 0.31870669746
0.322241681261 0.31870669746
0.322053675613 0.31870669746
0.322448979592 0.319284064665
0.322261072261 0.319284064665
0.322073383809 0.319284064665
0.32246798603 0.319861431871
0.322862129145 0.320438799076
0.322674418605 0.320438799076
0.322486926206 0.320438799076
0.322299651568 0.320438799076
0.322112594312 0.320438799076
0.32192575406 0.320438799076
0.321739130435 0.320438799076
0.321552723059 0.320438799076
0.321366531558 0.320438799076
0.321180555556 0.320438799076
0.320994794679 0.320438799076
0.320809248555 0.320438799076
0.321201617562 0.321016166282
0.321593533487 0.321593533487
0.32140796307 0.321593533487
0.32122260669 0.321593533487
0.321037463977 0.321593533487
0.320852534562 0.321593533487
0.320667818077 0.321593533487
0.321058688147 0.322170900693
0.320874065555 0.322170900693
0.320689655172 0.322170900693
0.321079839173 0.322748267898
0.320895522388 0.322748267898
0.320711417097 0.322748267898
0.320527522936 0.322748267898
0.320343839542 0.322748267898
0.320160366552 0.322748267898
0.319977103606 0.322748267898
0.319794050343 0.322748267898
0.319611206404 0.322748267898
0.319428571429 0.322748267898
0.31924614506 0.322748267898
0.319063926941 0.322748267898
0.318881916714 0.322748267898
0.318700114025 0.322748267898
0.319088319088 0.323325635104
0.318906605923 0.323325635104
0.318725099602 0.323325635104
0.318543799772 0.323325635104
0.318362706083 0.323325635104
0.318181818182 0.323325635104
0.318001135718 0.323325635104
0.317820658343 0.323325635104
0.317640385706 0.323325635104
0.31746031746 0.323325635104
0.317280453258 0.323325635104
0.317100792752 0.323325635104
0.316921335597 0.323325635104
0.316742081448 0.323325635104
0.317128321085 0.323903002309
0.316949152542 0.323903002309
0.316770186335 0.323903002309
0.316591422122 0.323903002309
0.316976875353 0.324480369515
0.316798196167 0.324480369515
0.31661971831 0.324480369515
0.316441441441 0.324480369515
0.316826111424 0.325057736721
0.317210348706 0.325635103926
0.317032040472 0.325635103926
0.316853932584 0.325635103926
0.316676024705 0.325635103926
0.316498316498 0.325635103926
0.316320807628 0.325635103926
0.316143497758 0.325635103926
0.315966386555 0.325635103926
0.315789473684 0.325635103926
0.316172355904 0.326212471132
0.315995525727 0.326212471132
0.315818893236 0.326212471132
0.315642458101 0.326212471132
0.315466219989 0.326212471132
0.315290178571 0.326212471132
0.315114333519 0.326212471132
0.314938684504 0.326212471132
0.314763231198 0.326212471132
0.314587973274 0.326212471132
0.314412910406 0.326212471132
0.314794215795 0.326789838337
0.314619232907 0.326789838337
0.314444444444 0.326789838337
0.314269850083 0.326789838337
0.314095449501 0.326789838337
0.313921242374 0.326789838337
0.313747228381 0.326789838337
0.313573407202 0.326789838337
0.313399778516 0.326789838337
0.313226342003 0.326789838337
0.313053097345 0.326789838337
0.313432835821 0.327367205543
0.313259668508 0.327367205543
0.313086692435 0.327367205543
0.312913907285 0.327367205543
0.312741312741 0.327367205543
0.31256890849 0.327367205543
0.312396694215 0.327367205543
0.312224669604 0.327367205543
0.312052834342 0.327367205543
0.311881188119 0.327367205543
0.311709730621 0.327367205543
0.311538461538 0.327367205543
0.31136738056 0.327367205543
0.311196487377 0.327367205543
0.311025781679 0.327367205543
0.310855263158 0.327367205543
0.310684931507 0.327367205543
0.310514786418 0.327367205543
0.310344827586 0.327367205543
0.310175054705 0.327367205543
0.310552214325 0.327944572748
0.310382513661 0.327944572748
0.310759148007 0.328521939954
0.310589519651 0.328521939954
0.310420076378 0.328521939954
0.310250817884 0.328521939954
0.310081743869 0.328521939954
0.309912854031 0.328521939954
0.309744148068 0.328521939954
0.30957562568 0.328521939954
0.309407286569 0.328521939954
0.309239130435 0.328521939954
0.309614340033 0.329099307159
0.309446254072 0.329099307159
0.309820944113 0.329676674365
0.309652928416 0.329676674365
0.310027100271 0.33025404157
0.30985915493 0.33025404157
0.309691391446 0.33025404157
0.309523809524 0.33025404157
0.30935640887 0.33025404157
0.309189189189 0.33025404157
0.309022150189 0.33025404157
0.308855291577 0.33025404157
0.30868861306 0.33025404157
0.308522114347 0.33025404157
0.308894878706 0.330831408776
0.308728448276 0.330831408776
0.308562197092 0.330831408776
0.308396124865 0.330831408776
0.308230231307 0.330831408776
0.308064516129 0.330831408776
0.307898979044 0.330831408776
0.307733619764 0.330831408776
0.307568438003 0.330831408776
0.307939914163 0.331408775982
0.307774798928 0.331408775982
0.307609860665 0.331408775982
0.307980717729 0.331986143187
0.307815845824 0.331986143187
0.307651150348 0.331986143187
0.307486631016 0.331986143187
0.307322287547 0.331986143187
0.307692307692 0.332563510393
0.308061932728 0.333140877598
0.307897545358 0.333140877598
0.307733333333 0.333140877598
0.307569296375 0.333140877598
0.307938199254 0.333718244804
0.307774227902 0.333718244804
0.30761043108 0.333718244804
0.307446808511 0.333718244804
0.307283359915 0.333718244804
0.307120085016 0.333718244804
0.306956983537 0.333718244804
0.306794055202 0.333718244804
0.306631299735 0.333718244804
0.306468716861 0.333718244804
0.306306306306 0.333718244804
0.306673728814 0.334295612009
0.306511381683 0.334295612009
0.306349206349 0.334295612009
0.306187202538 0.334295612009
0.306025369979 0.334295612009
0.305863708399 0.334295612009
0.305702217529 0.334295612009
0.305540897098 0.334295612009
0.305907172996 0.334872979215
0.305745914602 0.334872979215
0.305584826133 0.334872979215
0.30542390732 0.334872979215
0.305263157895 0.334872979215
0.305102577591 0.334872979215
0.305467928496 0.33545034642
0.305307409354 0.33545034642
0.305147058824 0.33545034642
0.30498687664 0.33545034642
0.304826862539 0.33545034642
0.304667016256 0.33545034642
0.304507337526 0.33545034642
0.304347826087 0.33545034642
0.304188481675 0.33545034642
0.304552590267 0.336027713626
0.304393305439 0.336027713626
0.304234187141 0.336027713626
0.30407523511 0.336027713626
0.303916449086 0.336027713626
0.30375782881 0.336027713626
0.304121022431 0.336605080831
0.303962460897 0.336605080831
0.303804064617 0.336605080831
0.303645833333 0.336605080831
0.303487766788 0.336605080831
0.303329864724 0.336605080831
0.303172126885 0.336605080831
0.303014553015 0.336605080831
0.302857142857 0.336605080831
0.302699896158 0.336605080831
0.302542812662 0.336605080831
0.302385892116 0.336605080831
0.302229134266 0.336605080831
0.30207253886 0.336605080831
0.301916105645 0.336605080831
0.301759834369 0.336605080831
0.302121055354 0.337182448037
0.30196483971 0.337182448037
0.30180878553 0.337182448037
0.301652892562 0.337182448037
0.301497160558 0.337182448037
0.301341589267 0.337182448037
0.3017019082 0.337759815242
0.301546391753 0.337759815242
0.301391035549 0.337759815242
0.301235839341 0.337759815242
0.301595470921 0.338337182448
0.301440329218 0.338337182448
0.301285347044 0.338337182448
0.301130524152 0.338337182448
0.300975860298 0.338337182448
0.300821355236 0.338337182448
0.300667008722 0.338337182448
0.300512820513 0.338337182448
0.300358790364 0.338337182448
0.300204918033 0.338337182448
0.300051203277 0.338337182448
0.299897645855 0.338337182448
0.299744245524 0.338337182448
0.299591002045 0.338337182448
0.299437915176 0.338337182448
0.299284984678 0.338337182448
0.299132210311 0.338337182448
0.298979591837 0.338337182448
0.299337072922 0.338914549654
0.299694189602 0.339491916859
0.299541518085 0.339491916859
0.299898167006 0.340069284065
0.299745547074 0.340069284065
0.299593082401 0.340069284065
0.29944077275 0.340069284065
0.299288617886 0.340069284065
0.299136617572 0.340069284065
0.298984771574 0.340069284065
0.298833079655 0.340069284065
0.298681541582 0.340069284065
0.298530157121 0.340069284065
0.298378926039 0.340069284065
0.298227848101 0.340069284065
0.298076923077 0.340069284065
0.297926150733 0.340069284065
0.297775530839 0.340069284065
0.297625063163 0.340069284065
0.297474747475 0.340069284065
0.297324583544 0.340069284065
0.29717457114 0.340069284065
0.29752899647 0.34064665127
0.297379032258 0.34064665127
0.297229219144 0.34064665127
0.297079556898 0.34064665127
0.297433316558 0.341224018476
0.297283702213 0.341224018476
0.297134238311 0.341224018476
0.296984924623 0.341224018476
0.296835760924 0.341224018476
0.296686746988 0.341224018476
0.296537882589 0.341224018476
0.296389167503 0.341224018476
0.296240601504 0.341224018476
0.296092184369 0.341224018476
0.295943915874 0.341224018476
0.295795795796 0.341224018476
0.295647823912 0.341224018476
0.2955 0.341224018476
0.295852073963 0.341801385681
0.295704295704 0.341801385681
0.295556665002 0.341801385681
0.295409181637 0.341801385681
0.295261845387 0.341801385681
0.295114656032 0.341801385681
0.294967613353 0.341801385681
0.294820717131 0.341801385681
0.294673967148 0.341801385681
0.294527363184 0.341801385681
0.294380905022 0.341801385681
0.294234592445 0.341801385681
0.294088425236 0.341801385681
0.294438927507 0.342378752887
0.29429280397 0.342378752887
0.294146825397 0.342378752887
0.294000991572 0.342378752887
0.293855302279 0.342378752887
0.293709757306 0.342378752887
0.293564356436 0.342378752887
0.293419099456 0.342378752887
0.293273986152 0.342378752887
0.293129016312 0.342378752887
0.29347826087 0.342956120092
0.293333333333 0.342956120092
0.293188548865 0.342956120092
0.293043907252 0.342956120092
0.292899408284 0.342956120092
0.293247905372 0.343533487298
0.293103448276 0.343533487298
0.292959133432 0.343533487298
0.29281496063 0.343533487298
0.292670929661 0.343533487298
0.292527040315 0.343533487298
0.292874692875 0.344110854503
0.292730844794 0.344110854503
0.292587137948 0.344110854503
0.29244357213 0.344110854503
0.292300147131 0.344110854503
0.292156862745 0.344110854503
0.292013718765 0.344110854503
0.291870714985 0.344110854503
0.291727851199 0.344110854503
0.291585127202 0.344110854503
0.291442542787 0.344110854503
0.291300097752 0.344110854503
0.291157791891 0.344110854503
0.291015625 0.344110854503
0.290873596877 0.344110854503
0.290731707317 0.344110854503
0.290589956119 0.344110854503
0.29044834308 0.344110854503
0.290306867998 0.344110854503
0.290165530672 0.344110854503
0.290510948905 0.344688221709
0.290369649805 0.344688221709
0.290228488089 0.344688221709
0.290573372206 0.345265588915
0.290432248664 0.345265588915
0.290776699029 0.34584295612
0.291120815138 0.346420323326
0.290979631426 0.346420323326
0.290838584586 0.346420323326
0.290697674419 0.346420323326
0.290556900726 0.346420323326
0.290416263311 0.346420323326
0.29075955491 0.346997690531
0.290618955513 0.346997690531
0.290478492025 0.346997690531
0.290338164251 0.346997690531
0.290680830517 0.347575057737
0.290540540541 0.347575057737
0.290400385914 0.347575057737
0.290260366442 0.347575057737
0.290120481928 0.347575057737
0.289980732177 0.347575057737
0.289841116996 0.347575057737
0.290182868142 0.348152424942
0.290043290043 0.348152424942
0.289903846154 0.348152424942
0.289764536281 0.348152424942
0.289625360231 0.348152424942
0.289486317811 0.348152424942
0.289347408829 0.348152424942
0.289208633094 0.348152424942
0.289069990412 0.348152424942
0.288931480594 0.348152424942
0.288793103448 0.348152424942
0.288654858784 0.348152424942
0.288516746411 0.348152424942
0.288378766141 0.348152424942
0.288240917782 0.348152424942
0.288103201147 0.348152424942
0.287965616046 0.348152424942
0.287828162291 0.348152424942
0.287690839695 0.348152424942
0.287553648069 0.348152424942
0.287416587226 0.348152424942
0.28727965698 0.348152424942
0.287142857143 0.348152424942
0.28700618753 0.348152424942
0.286869647954 0.348152424942
0.286733238231 0.348152424942
0.286596958175 0.348152424942
0.286460807601 0.348152424942
0.286799620133 0.348729792148
0.287138111058 0.349307159353
0.287001897533 0.349307159353
0.286865813182 0.349307159353
0.28672985782 0.349307159353
0.286594031265 0.349307159353
0.286458333333 0.349307159353
0.286322763843 0.349307159353
0.286187322611 0.349307159353
0.286052009456 0.349307159353
0.285916824197 0.349307159353
0.285781766651 0.349307159353
0.28611898017 0.349884526559
0.285983954696 0.349884526559
0.285849056604 0.349884526559
0.285714285714 0.349884526559
0.285579641847 0.349884526559
0.285916156382 0.350461893764
0.285781544256 0.350461893764
0.285647058824 0.350461893764
0.285512699906 0.350461893764
0.285378467325 0.350461893764
0.285244360902 0.350461893764
0.28511038046 0.350461893764
0.28544600939 0.35103926097
0.285312060066 0.35103926097
0.285178236398 0.35103926097
0.285513361463 0.351616628176
0.285379568885 0.351616628176
0.285714285714 0.352193995381
0.285580524345 0.352193995381
0.285446888161 0.352193995381
0.285313376988 0.352193995381
0.285647498831 0.352771362587
0.285514018692 0.352771362587
0.285380663241 0.352771362587
0.285247432306 0.352771362587
0.285114325712 0.352771362587
0.284981343284 0.352771362587
0.284848484848 0.352771362587
0.284715750233 0.352771362587
0.284583139264 0.352771362587
0.284450651769 0.352771362587
0.284318287576 0.352771362587
0.284651162791 0.353348729792
0.284518828452 0.353348729792
0.2843866171 0.353348729792
0.284254528565 0.353348729792
0.284122562674 0.353348729792
0.283990719258 0.353348729792
0.283858998145 0.353348729792
0.284191006027 0.353926096998
0.28405931418 0.353926096998
0.283927744326 0.353926096998
0.284259259259 0.354503464203
0.284127718649 0.354503464203
0.284458834413 0.355080831409
0.284327323162 0.355080831409
0.284195933457 0.355080831409
0.284526558891 0.355658198614
0.284395198523 0.355658198614
0.284263959391 0.355658198614
0.284132841328 0.355658198614
0.284001844168 0.355658198614
0.283870967742 0.355658198614
0.283740211884 0.355658198614
0.283609576427 0.355658198614
0.283479061206 0.355658198614
0.283348666053 0.355658198614
0.28367816092 0.35623556582
0.283547794118 0.35623556582
0.283417547083 0.35623556582
0.283287419651 0.35623556582
0.283157411657 0.35623556582
0.283027522936 0.35623556582
0.282897753324 0.35623556582
0.282768102658 0.35623556582
0.282638570774 0.35623556582
0.282509157509 0.35623556582
0.2823798627 0.35623556582
0.282708142726 0.356812933025
0.283036122542 0.357390300231
0.282906764168 0.357390300231
0.283234353586 0.357967667436
0.283105022831 0.357967667436
0.282975810132 0.357967667436
0.282846715328 0.357967667436
0.282717738258 0.357967667436
0.28258887876 0.357967667436
0.282460136674 0.357967667436
0.28233151184 0.357967667436
0.282203004096 0.357967667436
0.282074613285 0.357967667436
0.281946339245 0.357967667436
0.282272727273 0.358545034642
0.282144479782 0.358545034642
0.282016348774 0.358545034642
0.28188833409 0.358545034642
0.281760435572 0.358545034642
0.281632653061 0.358545034642
0.281504986401 0.358545034642
0.281377435433 0.358545034642
0.28125 0.358545034642
0.281122679946 0.358545034642
0.280995475113 0.358545034642
0.280868385346 0.358545034642
0.281193490054 0.359122401848
0.281066425667 0.359122401848
0.280939476061 0.359122401848
0.280812641084 0.359122401848
0.280685920578 0.359122401848
0.280559314389 0.359122401848
0.280432822362 0.359122401848
0.280306444344 0.359122401848
0.28018018018 0.359122401848
0.280054029716 0.359122401848
0.279927992799 0.359122401848
0.279802069276 0.359122401848
0.279676258993 0.359122401848
0.279550561798 0.359122401848
0.279424977538 0.359122401848
0.279748540638 0.359699769053
0.279622980251 0.359699769053
0.279946164199 0.360277136259
0.279820627803 0.360277136259
0.279695203944 0.360277136259
0.279569892473 0.360277136259
0.279444693238 0.360277136259
0.279319606088 0.360277136259
0.279194630872 0.360277136259
0.279069767442 0.360277136259
0.278945015646 0.360277136259
0.278820375335 0.360277136259
0.27869584636 0.360277136259
0.278571428571 0.360277136259
0.278447121821 0.360277136259
0.278322925959 0.360277136259
0.278644672314 0.360854503464
0.278966131907 0.36143187067
0.278841870824 0.36143187067
0.279162956367 0.362009237875
0.279038718291 0.362009237875
0.278914590747 0.362009237875
0.278790573588 0.362009237875
0.278666666667 0.362009237875
0.278542869836 0.362009237875
0.278419182948 0.362009237875
0.278295605859 0.362009237875
0.278172138421 0.362009237875
0.278048780488 0.362009237875
0.277925531915 0.362009237875
0.277802392556 0.362009237875
0.277679362267 0.362009237875
0.277556440903 0.362009237875
0.277433628319 0.362009237875
0.27731092437 0.362009237875
0.277188328912 0.362009237875
0.277065841803 0.362009237875
0.276943462898 0.362009237875
0.277262693157 0.362586605081
0.277140335393 0.362586605081
0.277018085576 0.362586605081
0.276895943563 0.362586605081
0.276773909211 0.362586605081
0.276651982379 0.362586605081
0.276970497578 0.363163972286
0.276848591549 0.363163972286
0.277166739991 0.363741339492
0.277044854881 0.363741339492
0.276923076923 0.363741339492
0.276801405975 0.363741339492
0.276679841897 0.363741339492
0.276558384548 0.363741339492
0.276437033787 0.363741339492
0.276754385965 0.364318706697
0.276633055677 0.364318706697
0.276511831727 0.364318706697
0.276390713973 0.364318706697
0.276269702277 0.364318706697
0.276148796499 0.364318706697
0.2760279965 0.364318706697
0.275907302143 0.364318706697
0.275786713287 0.364318706697
0.275666229795 0.364318706697
0.275545851528 0.364318706697
0.275862068966 0.364896073903
0.275741710297 0.364896073903
0.275621456607 0.364896073903
0.275501307759 0.364896073903
0.275381263617 0.364896073903
0.275261324042 0.364896073903
0.275141488899 0.364896073903
0.27502175805 0.364896073903
0.274902131361 0.364896073903
0.274782608696 0.364896073903
0.274663189917 0.364896073903
0.274543874891 0.364896073903
0.274424663482 0.364896073903
0.274305555556 0.364896073903
0.274186550976 0.364896073903
0.27406764961 0.364896073903
0.273948851322 0.364896073903
0.273830155979 0.364896073903
0.273711563447 0.364896073903
0.274025974026 0.365473441109
0.273907399394 0.365473441109
0.273788927336 0.365473441109
0.273670557717 0.365473441109
0.273552290406 0.365473441109
0.27343412527 0.365473441109
0.273316062176 0.365473441109
0.273198100993 0.365473441109
0.273080241588 0.365473441109
0.273393704183 0.366050808314
0.273275862069 0.366050808314
0.273158121499 0.366050808314
0.273040482343 0.366050808314
0.272922944468 0.366050808314
0.272805507745 0.366050808314
0.272688172043 0.366050808314
0.272570937231 0.366050808314
0.27245380318 0.366050808314
0.272766323024 0.36662817552
0.272649205668 0.36662817552
0.272532188841 0.36662817552
0.272415272415 0.36662817552
0.272298456261 0.36662817552
0.272181740249 0.36662817552
0.27206512425 0.36662817552
0.271948608137 0.36662817552
0.271832191781 0.36662817552
0.271715875053 0.36662817552
0.271599657827 0.36662817552
0.271483539974 0.36662817552
0.271794871795 0.367205542725
0.271678769757 0.367205542725
0.271562766866 0.367205542725
0.27187366624 0.367782909931
0.272184300341 0.368360277136
0.27249466951 0.368937644342
0.272378516624 0.368937644342
0.272262462718 0.368937644342
0.272572402044 0.369515011547
0.27245636441 0.369515011547
0.272340425532 0.369515011547
0.272224585283 0.369515011547
0.272108843537 0.369515011547
0.27199320017 0.369515011547
0.271877655055 0.369515011547
0.271762208068 0.369515011547
0.272071307301 0.370092378753
0.271955876114 0.370092378753
0.271840542833 0.370092378753
0.271725307334 0.370092378753
0.271610169492 0.370092378753
0.271495129183 0.370092378753
0.271380186283 0.370092378753
0.271265340669 0.370092378753
0.271150592217 0.370092378753
0.271035940803 0.370092378753
0.270921386306 0.370092378753
0.270806928602 0.370092378753
0.270692567568 0.370092378753
0.270578303081 0.370092378753
0.270464135021 0.370092378753
0.270771826234 0.370669745958
0.27065767285 0.370669745958
0.270543615676 0.370669745958
0.270429654591 0.370669745958
0.270315789474 0.370669745958
0.270202020202 0.370669745958
0.270088346655 0.370669745958
0.27039529016 0.371247113164
0.270281630937 0.371247113164
0.270588235294 0.37182448037
0.270894582108 0.372401847575
0.270780856423 0.372401847575
0.270667226185 0.372401847575
0.270553691275 0.372401847575
0.270440251572 0.372401847575
0.270326906957 0.372401847575
0.27021365731 0.372401847575
0.270519262982 0.372979214781
0.270406027627 0.372979214781
0.270711297071 0.373556581986
0.270598076119 0.373556581986
0.270484949833 0.373556581986
0.270371918094 0.373556581986
0.270258980785 0.373556581986
0.270146137787 0.373556581986
0.270033388982 0.373556581986
0.269920734251 0.373556581986
0.269808173478 0.373556581986
0.269695706544 0.373556581986
0.269583333333 0.373556581986
0.269471053728 0.373556581986
0.26935886761 0.373556581986
0.269246774865 0.373556581986
0.269134775374 0.373556581986
0.269022869023 0.373556581986
0.268911055694 0.373556581986
0.268799335272 0.373556581986
0.268687707641 0.373556581986
0.268576172686 0.373556581986
0.26846473029 0.373556581986
0.26835338034 0.373556581986
0.26824212272 0.373556581986
0.268130957315 0.373556581986
0.26801988401 0.373556581986
0.267908902692 0.373556581986
0.267798013245 0.373556581986
0.267687215556 0.373556581986
0.267576509512 0.373556581986
0.267465894998 0.373556581986
0.267355371901 0.373556581986
0.267657992565 0.374133949192
0.26754748142 0.374133949192
0.267849773009 0.374711316397
0.267739273927 0.374711316397
0.267628865979 0.374711316397
0.267518549052 0.374711316397
0.267820354347 0.375288683603
0.267710049423 0.375288683603
0.267599835323 0.375288683603
0.267489711934 0.375288683603
0.267379679144 0.375288683603
0.267680921053 0.375866050808
0.267570900123 0.375866050808
0.267460969597 0.375866050808
0.267351129363 0.375866050808
0.26724137931 0.375866050808
0.267131719327 0.375866050808
0.267022149303 0.375866050808
0.267322673227 0.376443418014
0.267213114754 0.376443418014
0.267103646047 0.376443418014
0.266994266994 0.376443418014
0.266884977487 0.376443418014
0.266775777414 0.376443418014
0.266666666667 0.376443418014
0.266557645135 0.376443418014
0.266448712709 0.376443418014
0.266339869281 0.376443418014
0.266231114741 0.376443418014
0.26612244898 0.376443418014
0.266013871889 0.376443418014
0.265905383361 0.376443418014
0.265796983286 0.376443418014
0.265688671557 0.376443418014
0.265580448065 0.376443418014
0.265472312704 0.376443418014
0.265364265364 0.376443418014
0.265663140765 0.377020785219
0.265555103701 0.377020785219
0.265447154472 0.377020785219
0.26533929297 0.377020785219
0.265637692933 0.377598152425
0.265529841657 0.377598152425
0.265422077922 0.377598152425
0.265314401623 0.377598152425
0.265206812652 0.377598152425
0.265099310904 0.377598152425
0.264991896272 0.377598152425
0.264884568651 0.377598152425
0.264777327935 0.377598152425
0.265074868474 0.37817551963
0.26496763754 0.37817551963
0.265264860493 0.378752886836
0.26515763945 0.378752886836
0.265050505051 0.378752886836
0.264943457189 0.378752886836
0.264836495761 0.378752886836
0.264729620662 0.378752886836
0.264622831787 0.378752886836
0.264516129032 0.378752886836
0.264812575574 0.379330254042
0.264705882353 0.379330254042
0.26459927507 0.379330254042
0.264492753623 0.379330254042
0.264386317907 0.379330254042
0.26427996782 0.379330254042
0.264173703257 0.379330254042
0.264067524116 0.379330254042
0.263961430293 0.379330254042
0.263855421687 0.379330254042
0.263749498193 0.379330254042
0.263643659711 0.379330254042
0.263939029282 0.379907621247
0.264234161989 0.380484988453
0.264128256513 0.380484988453
0.264022435897 0.380484988453
0.264317180617 0.381062355658
0.264211369095 0.381062355658
0.264105642257 0.381062355658
0.264 0.381062355658
0.263894442223 0.381062355658
0.263788968825 0.381062355658
0.263683579704 0.381062355658
0.26357827476 0.381062355658
0.263473053892 0.381062355658
0.263367916999 0.381062355658
0.263661747108 0.381639722864
0.26355661882 0.381639722864
0.263451574332 0.381639722864
0.263346613546 0.381639722864
0.26324173636 0.381639722864
0.263136942675 0.381639722864
0.263032232392 0.381639722864
0.26292760541 0.381639722864
0.26282306163 0.381639722864
0.262718600954 0.381639722864
0.262614223282 0.381639722864
0.262509928515 0.381639722864
0.262405716554 0.381639722864
0.262301587302 0.381639722864
0.262594208647 0.382217090069
0.262490087232 0.382217090069
0.262386048355 0.382217090069
0.262282091918 0.382217090069
0.262178217822 0.382217090069
0.26207442597 0.382217090069
0.261970716264 0.382217090069
0.261867088608 0.382217090069
0.261763542902 0.382217090069
0.261660079051 0.382217090069
0.261556696958 0.382217090069
0.261453396524 0.382217090069
0.261350177655 0.382217090069
0.261247040253 0.382217090069
0.261143984221 0.382217090069
0.261041009464 0.382217090069
0.261332282223 0.382794457275
0.261229314421 0.382794457275
0.261126427727 0.382794457275
0.261023622047 0.382794457275
0.260920897285 0.382794457275
0.260818253344 0.382794457275
0.26071569013 0.382794457275
0.260613207547 0.382794457275
0.260510805501 0.382794457275
0.260408483896 0.382794457275
0.260306242638 0.382794457275
0.260204081633 0.382794457275
0.260494311495 0.38337182448
0.260392156863 0.38337182448
0.260290082321 0.38337182448
0.260188087774 0.38337182448
0.26008617313 0.38337182448
0.259984338293 0.38337182448
0.25988258317 0.38337182448
0.259780907668 0.38337182448
0.259679311693 0.38337182448
0.259577795152 0.38337182448
0.259476357952 0.38337182448
0.259375 0.38337182448
0.259273721203 0.38337182448
0.259172521468 0.38337182448
0.259071400702 0.38337182448
0.258970358814 0.38337182448
0.258869395712 0.38337182448
0.258768511302 0.38337182448
0.258667705493 0.38337182448
0.258566978193 0.38337182448
0.258466329311 0.38337182448
0.258365758755 0.38337182448
0.258265266433 0.38337182448
0.258164852255 0.38337182448
0.258064516129 0.38337182448
0.257964257964 0.38337182448
0.25786407767 0.38337182448
0.257763975155 0.38337182448
0.25766395033 0.38337182448
0.257564003103 0.38337182448
0.257464133385 0.38337182448
0.257364341085 0.38337182448
0.257264626114 0.38337182448
0.257164988381 0.38337182448
0.257452574526 0.383949191686
0.257352941176 0.383949191686
0.257253384913 0.383949191686
0.257153905646 0.383949191686
0.257054503286 0.383949191686
0.256955177743 0.383949191686
0.25685592893 0.383949191686
0.257142857143 0.384526558891
0.257043612505 0.384526558891
0.256944444444 0.384526558891
0.256845352873 0.384526558891
0.256746337702 0.384526558891
0.257032755299 0.385103926097
0.256933744222 0.385103926097
0.256834809395 0.385103926097
0.256735950731 0.385103926097
0.256637168142 0.385103926097
0.256538461538 0.385103926097
0.256439830834 0.385103926097
0.256341275942 0.385103926097
0.256242796773 0.385103926097
0.256528417819 0.385681293303
0.256813819578 0.386258660508
0.256715272448 0.386258660508
0.256616800921 0.386258660508
0.256518404908 0.386258660508
0.256420084323 0.386258660508
0.25632183908 0.386258660508
0.256223669092 0.386258660508
0.256125574273 0.386258660508
0.25641025641 0.386836027714
0.256312165264 0.386836027714
0.25621414914 0.386836027714
0.256116207951 0.386836027714
0.256018341613 0.386836027714
0.255920550038 0.386836027714
0.255822833142 0.386836027714
0.25572519084 0.386836027714
0.255627623045 0.386836027714
0.255530129672 0.386836027714
0.255813953488 0.387413394919
0.255716463415 0.387413394919
0.255619047619 0.387413394919
0.255521706017 0.387413394919
0.255424438523 0.387413394919
0.255327245053 0.387413394919
0.255230125523 0.387413394919
0.255133079848 0.387413394919
0.255036107944 0.387413394919
0.254939209726 0.387413394919
0.254842385112 0.387413394919
0.255125284738 0.387990762125
0.255028462998 0.387990762125
0.254931714719 0.387990762125
0.254835039818 0.387990762125
0.254738438211 0.387990762125
0.254641909814 0.387990762125
0.254545454545 0.387990762125
0.254449072321 0.387990762125
0.254352763058 0.387990762125
0.254256526674 0.387990762125
0.254538577912 0.38856812933
0.254442344045 0.38856812933
0.254346182918 0.38856812933
0.25462788062 0.389145496536
0.254531722054 0.389145496536
0.254435636089 0.389145496536
0.254339622642 0.389145496536
0.25424368163 0.389145496536
0.254147812971 0.389145496536
0.254052016585 0.389145496536
0.253956292389 0.389145496536
0.253860640301 0.389145496536
0.253765060241 0.389145496536
0.253669552126 0.389145496536
0.253574115877 0.389145496536
0.25347875141 0.389145496536
0.253383458647 0.389145496536
0.253288237505 0.389145496536
0.253193087904 0.389145496536
0.253098009763 0.389145496536
0.253003003003 0.389145496536
0.252908067542 0.389145496536
0.252813203301 0.389145496536
0.252718410199 0.389145496536
0.252623688156 0.389145496536
0.252529037093 0.389145496536
0.252808988764 0.389722863741
0.252714339199 0.389722863741
0.252619760479 0.389722863741
0.252525252525 0.389722863741
0.252430815258 0.389722863741
0.252336448598 0.389722863741
0.252242152466 0.389722863741
0.252147926784 0.389722863741
0.252053771471 0.389722863741
0.25195968645 0.389722863741
0.251865671642 0.389722863741
0.251771726968 0.389722863741
0.251677852349 0.389722863741
0.251956764816 0.390300230947
0.251862891207 0.390300230947
0.251769087523 0.390300230947
0.251675353686 0.390300230947
0.251581689617 0.390300230947
0.251860119048 0.390877598152
0.252138341391 0.391454965358
0.252044609665 0.391454965358
0.251950947603 0.391454965358
0.251857355126 0.391454965358
0.251763832157 0.391454965358
0.251670378619 0.391454965358
0.251576994434 0.391454965358
0.251854599407 0.392032332564
0.251761216166 0.392032332564
0.25166790215 0.392032332564
0.25157465728 0.392032332564
0.251481481481 0.392032332564
0.251388374676 0.392032332564
0.251295336788 0.392032332564
0.25120236774 0.392032332564
0.251109467456 0.392032332564
0.25101663586 0.392032332564
0.250923872875 0.392032332564
0.250831178426 0.392032332564
0.250738552437 0.392032332564
0.250645994832 0.392032332564
0.250922509225 0.392609699769
0.250829952047 0.392609699769
0.250737463127 0.392609699769
0.251013638039 0.393187066975
0.250921149595 0.393187066975
0.251197053407 0.39376443418
0.251104565538 0.39376443418
0.251012145749 0.39376443418
0.250919793966 0.39376443418
0.250827510114 0.39376443418
0.251102941176 0.394341801386
0.251378169791 0.394919168591
0.251285819251 0.394919168591
0.251560778553 0.395496535797
0.251468428781 0.395496535797
0.251376146789 0.395496535797
0.251283932502 0.395496535797
0.251558489182 0.396073903002
0.251832844575 0.396651270208
0.251740564309 0.396651270208
0.251648351648 0.396651270208
0.251556206518 0.396651270208
0.251830161054 0.397228637413
0.252103915112 0.397806004619
0.252011704462 0.397806004619
0.251919561243 0.397806004619
0.252192982456 0.398383371824
0.252100840336 0.398383371824
0.252008765522 0.398383371824
0.251916757941 0.398383371824
0.251824817518 0.398383371824
0.251732944181 0.398383371824
0.251641137856 0.398383371824
0.251549398469 0.398383371824
0.251457725948 0.398383371824
0.251366120219 0.398383371824
0.251274581209 0.398383371824
0.251183108846 0.398383371824
0.251455604076 0.39896073903
0.251364132412 0.39896073903
0.251636363636 0.399538106236
0.251544892766 0.399538106236
0.251816860465 0.400115473441
0.252088630585 0.400692840647
0.251997095134 0.400692840647
0.251905626134 0.400692840647
0.251814223512 0.400692840647
0.25208560029 0.401270207852
0.251994198695 0.401270207852
0.251902863356 0.401270207852
0.251811594203 0.401270207852
0.251720391163 0.401270207852
0.251629254164 0.401270207852
0.251538183134 0.401270207852
0.251808972504 0.401847575058
0.251717902351 0.401847575058
0.251626898048 0.401847575058
0.251535959523 0.401847575058
0.251445086705 0.401847575058
0.251354279523 0.401847575058
0.251263537906 0.401847575058
0.251172861783 0.401847575058
0.251082251082 0.401847575058
0.251352326001 0.402424942263
0.251261715934 0.402424942263
0.251171171171 0.402424942263
0.25144092219 0.403002309469
0.251350378106 0.403002309469
0.251259899208 0.403002309469
0.251169485426 0.403002309469
0.251079136691 0.403002309469
0.251348435814 0.403579676674
0.251258087707 0.403579676674
0.251167804527 0.403579676674
0.251077586207 0.403579676674
0.251346499102 0.40415704388
0.251256281407 0.40415704388
0.251166128454 0.40415704388
0.251076040172 0.40415704388
0.251344567946 0.404734411085
0.251254480287 0.404734411085
0.251164457184 0.404734411085
0.251074498567 0.404734411085
0.250984604368 0.404734411085
0.250894774517 0.404734411085
0.250805008945 0.404734411085
0.251072961373 0.405311778291
0.250983196282 0.405311778291
0.251250893495 0.405889145497
0.251161128975 0.405889145497
0.251071428571 0.405889145497
0.250981792217 0.405889145497
0.250892219843 0.405889145497
0.251159471994 0.406466512702
0.251426533524 0.407043879908
0.251693404635 0.407621247113
0.251603706344 0.407621247113
0.251514071963 0.407621247113
0.251424501425 0.407621247113
0.25133499466 0.407621247113
0.251245551601 0.407621247113
0.251511917467 0.408198614319
0.251422475107 0.408198614319
0.251333096338 0.408198614319
0.251243781095 0.408198614319
0.251154529307 0.408198614319
0.251065340909 0.408198614319
0.250976215832 0.408198614319
0.25088715401 0.408198614319
0.250798155374 0.408198614319
0.250709219858 0.408198614319
0.250620347395 0.408198614319
0.250531537916 0.408198614319
0.250442791357 0.408198614319
0.250354107649 0.408198614319
0.250265486726 0.408198614319
0.250530785563 0.408775981524
0.250442164839 0.408775981524
0.250353606789 0.408775981524
0.250265111347 0.408775981524
0.250530035336 0.40935334873
0.250794772165 0.409930715935
0.250706214689 0.409930715935
0.250617719732 0.409930715935
0.250529287227 0.409930715935
0.250440917108 0.409930715935
0.250352609309 0.409930715935
0.250264363765 0.409930715935
0.250176180409 0.409930715935
0.250440295879 0.410508083141
0.250352112676 0.410508083141
0.250615980289 0.411085450346
0.25087966221 0.411662817552
0.251143158635 0.412240184758
0.251054852321 0.412240184758
0.250966608084 0.412240184758
0.250878425861 0.412240184758
0.251141552511 0.412817551963
0.251053370787 0.412817551963
0.251316251316 0.413394919169
0.251228070175 0.413394919169
0.251139950894 0.413394919169
0.251051893408 0.413394919169
0.250963897652 0.413394919169
0.25087596356 0.413394919169
0.250788091068 0.413394919169
0.250700280112 0.413394919169
0.250962548127 0.413972286374
0.250874737579 0.413972286374
0.250786988458 0.413972286374
0.250699300699 0.413972286374
0.25061167424 0.413972286374
0.250524109015 0.413972286374
0.25043660496 0.413972286374
0.250349162011 0.413972286374
0.250261780105 0.413972286374
0.250174459177 0.413972286374
0.250087199163 0.413972286374
0.25 0.413972286374
0.249912861624 0.413972286374
