634 1 0.997013092041
26790 1 0.996003210545
36052 1 0.994507849216
25872 1 0.993920683861
59721 1 0.993804693222
20917 1 0.992542147636
37761 1 0.991775274277
3160 1 0.991669535637
4331 1 0.9916203022
57243 1 0.991577267647
91210 1 0.991565823555
78322 1 0.991034805775
3527 1 0.990572988987
38955 1 0.990348577499
7243 1 0.989997029305
41233 1 0.989919543266
27691 1 0.989049434662
87308 1 0.988999307156
64040 1 0.988828420639
69181 1 0.988789916039
26715 1 0.98874270916
40502 1 0.98815536499
25772 1 0.987973332405
325 1 0.987733602524
68642 1 0.987594842911
36888 1 0.987192630768
58500 1 0.987047731876
27028 1 0.98688018322
5661 1 0.986869394779
84797 1 0.986502766609
26497 1 0.986279964447
3706 1 0.986147463322
12463 1 0.985542654991
22247 1 0.985333621502
66282 1 0.985126018524
80608 1 0.985054850578
76245 1 0.985037386417
88783 1 0.98497736454
43256 1 0.984767735004
5384 1 0.984524428844
65238 1 0.984038710594
21197 1 0.98398733139
44020 1 0.983937442303
84730 1 0.9839001894
46201 1 0.983896136284
50965 1 0.982876241207
34090 1 0.982840120792
73947 1 0.982792675495
5356 1 0.982461392879
55134 1 0.982395350933
44676 1 0.982188761234
56049 1 0.980018317699
86818 1 0.979187130928
82299 1 0.978620529175
55668 1 0.978546917439
79467 1 0.978227257729
16301 1 0.978209018707
15916 1 0.978177428246
40156 1 0.977982997894
4265 1 0.977867245674
49084 1 0.977819740772
49832 1 0.977786004543
35410 1 0.976407170296
43610 1 0.976395905018
53230 1 0.976222991943
15614 1 0.9761698246
22257 1 0.975909531116
62894 1 0.975592851639
2364 1 0.975509345531
49161 1 0.975100040436
86133 1 0.974988400936
10038 1 0.974590778351
30298 1 0.974473834038
642 1 0.974076807499
38938 1 0.973753392696
22239 1 0.973597407341
10162 1 0.973462641239
8692 1 0.973166227341
8105 1 0.973150849342
12557 1 0.973045289516
8680 1 0.972990095615
59280 1 0.972757101059
12810 1 0.972584426403
60218 1 0.972110748291
60726 1 0.972082555294
52353 1 0.97173833847
14082 4 0.971437215805
841 1 0.9713793993
41789 1 0.971058607101
35197 1 0.969559788704
23399 1 0.96858727932
16049 1 0.967883229256
15533 1 0.967867136002
52350 1 0.967759251595
70760 1 0.96713745594
69665 1 0.966538071632
89667 1 0.965581953526
1958 1 0.965555250645
7750 1 0.965285480022
35668 1 0.965055823326
19330 1 0.964829981327
10153 1 0.964817106724
23701 1 0.964536428452
40540 1 0.963706552982
15302 1 0.963354170322
55218 1 0.962846457958
17501 1 0.962613761425
60763 4 0.962176501751
73632 1 0.961691260338
5475 1 0.961172580719
19655 1 0.960944235325
5697 1 0.960900306702
28799 1 0.959977626801
23150 1 0.959705471992
38227 1 0.959578812122
17774 1 0.959545969963
17440 1 0.959015130997
46745 1 0.958420395851
36939 1 0.95812612772
55877 1 0.957926213741
2155 1 0.957647502422
20501 1 0.956844210625
43077 1 0.956468999386
43041 1 0.955982506275
46747 1 0.955212116241
11462 1 0.955100238323
18460 1 0.955081641674
28634 1 0.955075979233
60907 1 0.954898953438
57463 1 0.954843521118
46007 1 0.953888475895
49876 1 0.953608751297
50492 1 0.953490376472
13624 1 0.95346903801
44997 1 0.952986896038
29407 1 0.952542126179
5248 1 0.952373623848
62824 1 0.952357769012
33696 1 0.952354311943
9676 1 0.95159727335
59841 1 0.951307117939
18652 1 0.951180040836
57306 1 0.950636029243
62056 1 0.950524330139
46526 1 0.950438380241
4841 1 0.949737429619
51218 1 0.949602901936
34256 1 0.949537813663
38120 1 0.946918606758
52262 4 0.946843028069
269 1 0.946671128273
53396 1 0.946550488472
90510 1 0.945572853088
38509 1 0.945297718048
4679 1 0.945275068283
60803 1 0.945164263248
54305 1 0.94497859478
4930 1 0.944677531719
78824 1 0.94434350729
42594 1 0.944099485874
6357 1 0.943914830685
72198 1 0.94384264946
63110 1 0.943708539009
32660 1 0.943097054958
13538 1 0.942256391048
20713 1 0.940526247025
18571 1 0.940450549126
40405 1 0.940396130085
50190 1 0.94030725956
53930 1 0.939966320992
61727 1 0.939886450768
49616 1 0.938451230526
57739 1 0.938070356846
52357 1 0.937938451767
19227 1 0.937892079353
80093 1 0.937786519527
22177 4 0.937404096127
90607 1 0.93738669157
32044 1 0.936559081078
5011 1 0.93651932478
20697 1 0.935941934586
37347 1 0.935832798481
49018 1 0.935602486134
62578 1 0.935085058212
71006 1 0.934899866581
88115 1 0.934270679951
420 1 0.934190630913
17333 1 0.934097886086
64789 1 0.934023737907
61250 1 0.932663321495
89443 1 0.932657420635
48689 1 0.932325184345
47024 1 0.93213558197
84936 1 0.931033670902
76861 1 0.930537104607
61802 1 0.930378913879
54 1 0.930312991142
58062 1 0.930148243904
88137 1 0.929960906506
66711 1 0.929904699326
60106 1 0.929595947266
42415 1 0.928101956844
44526 1 0.92765724659
4095 1 0.927447199821
5558 1 0.926817417145
5700 1 0.926685154438
46551 1 0.925987422466
45577 1 0.925628483295
71962 1 0.925484597683
28520 1 0.925303161144
31204 1 0.925138652325
49076 1 0.925039231777
49274 1 0.92463684082
71726 1 0.924596905708
6049 1 0.924521505833
12657 1 0.924133479595
85153 1 0.923724770546
10233 1 0.923280596733
67140 1 0.923231601715
61464 1 0.922864735126
89266 1 0.922660291195
36505 1 0.921636581421
50546 4 0.921481192112
76717 1 0.921190261841
48162 1 0.920880794525
10432 1 0.919295907021
65577 4 0.919236838818
67394 1 0.918822050095
5932 1 0.918015420437
30371 1 0.916551172733
19747 1 0.91636544466
20156 1 0.916169345379
18914 1 0.915786921978
34601 1 0.915758311749
52211 1 0.915510475636
59029 1 0.915308773518
8162 1 0.91519600153
4064 1 0.915193140507
50349 1 0.915131449699
2256 1 0.913843691349
63167 1 0.913821101189
4297 1 0.913349688053
8518 4 0.913311779499
11801 4 0.912993609905
11143 1 0.912593722343
47349 1 0.912227392197
71952 1 0.91203469038
58784 1 0.911978423595
65433 4 0.911091029644
432 1 0.91084843874
73113 1 0.910089373589
50967 1 0.909373164177
3226 1 0.909351170063
83301 1 0.908687651157
18891 1 0.907466650009
90061 1 0.907304763794
82521 1 0.906675875187
61252 1 0.906000733376
50485 1 0.905804157257
74755 1 0.905398607254
62181 4 0.905292510986
19589 1 0.904656052589
86981 1 0.904457390308
20459 1 0.903855204582
21924 1 0.903389275074
76784 1 0.902868688107
28388 1 0.902692317963
87258 1 0.902629971504
50266 1 0.902501523495
10771 1 0.901660740376
60088 1 0.901447176933
81825 1 0.90112298727
37650 1 0.900842726231
45529 1 0.900762677193
35795 1 0.900592148304
54468 1 0.900348961353
1478 1 0.900137662888
66444 1 0.899782180786
51693 1 0.899281263351
16093 1 0.899154186249
66030 1 0.898531556129
79503 4 0.898357868195
34429 1 0.898225128651
62251 1 0.897988677025
27041 1 0.897968888283
38092 1 0.896754384041
11595 1 0.896237492561
68660 1 0.896093010902
45848 1 0.895822882652
12300 1 0.895757138729
62554 1 0.895696401596
50133 1 0.895693421364
66779 1 0.894656777382
69751 1 0.894498109818
32859 1 0.893717169762
51754 1 0.893607795238
45875 1 0.893263578415
68717 1 0.89299172163
41755 1 0.892934679985
34260 1 0.892738163471
89099 1 0.891817092896
84620 1 0.891655147076
55578 1 0.891385495663
76946 1 0.890762805939
45000 1 0.890700161457
28451 1 0.890653848648
1913 4 0.890495538712
50090 1 0.890038251877
52583 1 0.889649152756
6837 1 0.889209926128
66775 1 0.889128267765
41839 1 0.88905608654
11882 1 0.888844549656
78215 1 0.888773798943
7699 1 0.888725101948
88938 1 0.888011217117
76497 1 0.887069225311
43887 1 0.886989295483
10165 1 0.886786460876
86336 1 0.885922968388
50241 1 0.885763585567
76606 1 0.884901225567
47860 1 0.884652376175
74303 1 0.88462883234
64562 1 0.883245944977
29853 1 0.883148133755
30194 1 0.882993876934
63615 1 0.882446050644
5913 1 0.881575584412
7935 1 0.881425619125
55446 1 0.881249547005
91627 1 0.881027638912
62098 4 0.879746854305
84940 1 0.878845274448
74410 1 0.878811597824
56891 1 0.878773808479
9763 1 0.878114163876
89177 1 0.878037512302
33904 1 0.877610206604
78835 1 0.877329230309
22638 1 0.877079844475
18138 1 0.876815676689
89664 1 0.876665234566
76866 4 0.87662512064
89666 1 0.875809788704
7852 1 0.875194311142
9462 1 0.875179409981
10956 1 0.87479609251
69817 1 0.874431908131
6243 1 0.874082684517
59276 1 0.874073922634
66010 1 0.873841524124
22583 1 0.873585283756
51715 1 0.873262643814
61748 1 0.873230278492
66918 1 0.87304598093
54560 1 0.872120082378
55884 1 0.87210547924
43067 1 0.871429800987
58548 1 0.870585560799
59772 1 0.869975209236
1321 4 0.869918882847
87612 1 0.869883298874
2204 1 0.869354069233
75798 1 0.869106292725
82160 4 0.868921637535
57651 1 0.868823289871
34792 1 0.86851143837
85896 1 0.868309140205
32110 4 0.867471754551
75664 1 0.866131305695
35938 1 0.865495622158
46690 4 0.864608407021
76572 1 0.864601433277
5939 1 0.863615453243
16174 1 0.863611102104
55623 4 0.86323517561
25807 1 0.86283493042
61917 1 0.862825274467
44268 1 0.862480342388
67029 1 0.862475812435
55755 1 0.862336814404
82535 1 0.861785173416
25101 1 0.861729383469
36616 1 0.8616771698
36731 1 0.861525833607
37928 1 0.860708594322
43202 1 0.860664010048
4646 1 0.860497236252
2067 1 0.860426902771
48117 4 0.859763562679
85006 4 0.859041213989
35718 1 0.858022332191
91609 1 0.857641518116
820 1 0.857548475266
86741 1 0.857326328754
52820 1 0.857286691666
38232 1 0.857074677944
40155 1 0.856801390648
46242 1 0.856251239777
66441 1 0.855705976486
28616 1 0.855402112007
13604 1 0.855160355568
48908 1 0.854420661926
47567 1 0.85421872139
33034 1 0.853762090206
87927 1 0.853470265865
66592 1 0.852871060371
53921 1 0.852701425552
55913 1 0.851225018501
41055 1 0.850809812546
83506 1 0.850335299969
33782 1 0.850261628628
51875 1 0.850189328194
51784 1 0.850025713444
62046 1 0.849357068539
66591 1 0.848721146584
70388 4 0.848372936249
85928 1 0.848186969757
80969 1 0.847113311291
45966 1 0.846868515015
37509 1 0.846629917622
88902 1 0.846175372601
78216 1 0.846009135246
31624 1 0.845966398716
10439 1 0.84551012516
21139 1 0.845407366753
84800 1 0.845259130001
81153 1 0.844957232475
83491 3 0.844135403633
85643 1 0.843837440014
8665 1 0.843496978283
5476 1 0.8433791399
78741 1 0.843361377716
23356 1 0.843342125416
82634 1 0.842207789421
77254 1 0.841818034649
10036 1 0.841288864613
67141 1 0.841157913208
46779 1 0.841015458107
62370 1 0.840593278408
73337 1 0.840404033661
34156 1 0.839871406555
28736 1 0.838478386402
88658 1 0.838061988354
13922 1 0.83777821064
38093 1 0.836924254894
19759 1 0.836887359619
18219 1 0.836796939373
18998 1 0.836791813374
7976 1 0.836455225945
89445 1 0.836137413979
86815 1 0.8358284235
28078 1 0.835244178772
41074 1 0.83458006382
29398 4 0.83395665884
7977 1 0.833155691624
4891 1 0.832987427711
31081 1 0.832281053066
67504 3 0.831998705864
50791 1 0.831894040108
4520 1 0.831283330917
85831 1 0.830771565437
13611 1 0.829919338226
68720 1 0.829539239407
38400 1 0.82950425148
55638 1 0.828816354275
5914 1 0.828600108624
87745 1 0.828447699547
3137 1 0.828128814697
60937 4 0.827835023403
91277 4 0.827829420567
62787 1 0.827684342861
62289 1 0.827621221542
19532 1 0.827241837978
43964 1 0.82716101408
20804 1 0.827002584934
34553 1 0.826954245567
61749 1 0.826705038548
13026 1 0.826632261276
19175 4 0.826528429985
56475 1 0.825129151344
19012 1 0.825088977814
82457 1 0.825047850609
76976 1 0.824944078922
21956 1 0.823950767517
90018 1 0.823505878448
25672 1 0.823247909546
35586 1 0.823133289814
64602 1 0.823023915291
30471 1 0.822891950607
28455 1 0.822665810585
81104 1 0.822392642498
33781 1 0.822150826454
37843 1 0.821944534779
22404 1 0.821887731552
17630 1 0.821805596352
85250 1 0.82132679224
5523 1 0.821262001991
33385 1 0.820964455605
21416 1 0.82088047266
76475 1 0.820429861546
1996 1 0.820213496685
6706 1 0.81954985857
57591 1 0.819418072701
56888 1 0.819392442703
13027 1 0.81894081831
20283 4 0.818655431271
79629 1 0.818604290485
62216 4 0.818530857563
46600 1 0.816931605339
17468 1 0.816783964634
62667 1 0.816251516342
29148 1 0.816035687923
39318 1 0.81601703167
1304 1 0.815709173679
26386 1 0.815405130386
78189 4 0.815402507782
86982 1 0.815097033978
31906 4 0.814981520176
91230 1 0.814808547497
23999 1 0.814796626568
67138 1 0.814566135406
1244 4 0.814554572105
42812 4 0.814143776894
58011 1 0.814048826694
71546 1 0.813797831535
47859 1 0.812665998936
89681 1 0.811755001545
45187 1 0.811308264732
22255 1 0.810902655125
1852 1 0.810698449612
1737 1 0.810387969017
62182 4 0.810348927975
6710 1 0.810222268105
14156 1 0.809993267059
43711 1 0.809828698635
69393 1 0.809794068336
71725 1 0.809752941132
60122 1 0.809328973293
76738 1 0.808381438255
12238 1 0.808102548122
33331 1 0.807764530182
65598 1 0.806999087334
77 1 0.806949496269
88926 1 0.806940972805
66713 1 0.806831777096
32622 4 0.805548608303
37880 1 0.805488526821
70281 1 0.805112123489
21930 1 0.805013239384
38094 1 0.804989814758
21801 1 0.804850101471
57308 1 0.804294109344
25204 4 0.804154276848
39959 1 0.803915143013
72879 1 0.803764760494
87885 1 0.803756952286
33199 1 0.803727984428
19529 1 0.803145051003
67503 1 0.803042531013
39921 1 0.80299282074
53981 1 0.802842020988
3297 1 0.802037060261
47717 4 0.802008450031
4415 1 0.80169916153
60483 1 0.801573574543
24163 1 0.801465392113
70749 1 0.801363408566
64637 3 0.801266908646
26133 1 0.801168859005
57552 1 0.801158368587
11410 1 0.801032185555
18436 1 0.801011323929
64013 1 0.799973070621
18244 1 0.799763858318
56133 1 0.798091053963
29194 1 0.797634780407
11656 1 0.797597646713
54679 1 0.797465085983
84725 1 0.797426879406
30927 1 0.797426879406
77992 1 0.797198116779
66772 4 0.796744942665
84875 1 0.796689450741
18170 1 0.796409368515
10344 1 0.795999646187
90475 1 0.79567617178
38952 1 0.795365869999
12766 1 0.794307112694
62572 1 0.794292807579
88379 1 0.794242858887
42424 1 0.793909132481
78569 1 0.793651103973
22721 1 0.793393790722
8715 4 0.792928218842
56663 1 0.792495429516
55646 1 0.792055487633
44109 1 0.791937947273
39029 1 0.791764438152
18237 1 0.791729331017
62891 1 0.791716396809
55166 1 0.791545748711
2467 1 0.79151147604
62593 1 0.791209816933
2356 1 0.790902853012
72607 1 0.789063572884
10950 1 0.788900136948
38208 1 0.788411557674
44730 1 0.78836786747
4084 1 0.78822684288
40227 3 0.788011431694
78980 1 0.787622630596
900 1 0.787573993206
12543 1 0.787522733212
38957 1 0.78741723299
10397 4 0.786439478397
61513 1 0.784830272198
81508 1 0.784829378128
76492 1 0.784655809402
60685 1 0.784630954266
19745 1 0.7844825387
63155 1 0.784316539764
69208 1 0.784120857716
42711 1 0.78407150507
71394 1 0.783855855465
17886 1 0.783810138702
81131 4 0.782585203648
42126 1 0.781832158566
32886 1 0.781745970249
32316 1 0.781399011612
57661 1 0.78036737442
87614 1 0.779441058636
22219 1 0.779276072979
47618 1 0.778987646103
30358 1 0.778941333294
32291 1 0.778937578201
45981 1 0.778908729553
51581 4 0.776364982128
22043 1 0.776312112808
64554 1 0.775799810886
1252 1 0.775611698627
17402 1 0.775391817093
51665 1 0.775309383869
5795 1 0.775131523609
25426 1 0.774912178516
41365 1 0.774794995785
23278 1 0.774598956108
54255 1 0.774402499199
67139 1 0.7738032341
629 1 0.773528337479
31239 1 0.772934675217
21659 1 0.77278649807
29821 1 0.772285878658
59067 1 0.772132277489
85392 1 0.772036075592
6569 1 0.771221935749
64638 1 0.770894944668
22196 1 0.77077960968
437 1 0.770308673382
67091 1 0.769906938076
2260 1 0.769689619541
54051 1 0.769240558147
49044 4 0.769143104553
28739 1 0.768485307693
84568 1 0.767963886261
39946 1 0.767942488194
4880 1 0.766895115376
44571 1 0.766777515411
44530 1 0.76675838232
3427 1 0.766706049442
11160 1 0.766574561596
480 1 0.765773952007
64152 1 0.765656232834
3690 1 0.765644490719
19730 1 0.765341579914
28390 1 0.764319360256
36405 4 0.764035582542
27184 1 0.76388078928
89444 1 0.762575566769
33107 1 0.762562155724
41217 1 0.76227504015
48372 4 0.762254118919
74524 1 0.761794984341
21548 1 0.761450469494
90352 4 0.761157929897
28462 1 0.760895907879
1285 1 0.76056098938
828 1 0.76055842638
5231 1 0.759914159775
87366 1 0.759820342064
25007 1 0.759744107723
1610 4 0.75950974226
20369 4 0.759407639503
15471 4 0.759385228157
41049 1 0.759378135204
59040 1 0.759306788445
15158 1 0.758774518967
5521 1 0.758499205112
28217 1 0.758446872234
63082 1 0.758353531361
16012 1 0.758179247379
35032 4 0.757692813873
58146 1 0.757379472256
16660 1 0.757316946983
89191 4 0.757277548313
68555 4 0.757242918015
81310 1 0.756932318211
22367 1 0.756335794926
63937 1 0.755318284035
40916 1 0.755184650421
68520 1 0.755120396614
79996 1 0.754944562912
22250 1 0.754629075527
20350 1 0.754510939121
26960 1 0.754329025745
12980 4 0.753573715687
3852 1 0.753347992897
20890 1 0.753133833408
10306 4 0.752847671509
73631 1 0.752806901932
11341 1 0.752672076225
70016 1 0.752594172955
43136 1 0.752139687538
75251 1 0.752070903778
76813 1 0.751324176788
23003 1 0.751276552677
89000 1 0.75066369772
78314 1 0.750658810139
47616 1 0.750486791134
57882 3 0.750130832195
82825 1 0.749043107033
60136 1 0.74878770113
32671 1 0.748589098454
48387 1 0.748381435871
7797 1 0.748293399811
25828 4 0.748067438602
2258 1 0.747720837593
81175 1 0.747682869434
78650 1 0.747501909733
28079 1 0.747458934784
4846 1 0.747151911259
42866 1 0.746478736401
71313 1 0.746311187744
46209 4 0.746153175831
11123 3 0.745798408985
20747 1 0.745786428452
55507 4 0.7456189394
69792 1 0.745553433895
90414 1 0.745398581028
12190 4 0.745352447033
37166 1 0.745327174664
3231 1 0.744676411152
43894 1 0.744615316391
1175 1 0.744355499744
59773 1 0.744070589542
13021 1 0.743606626987
23648 1 0.743424892426
4048 1 0.742416977882
40397 1 0.741264760494
45121 1 0.741191208363
18976 1 0.741098046303
13958 1 0.741076886654
30830 1 0.740318238735
76743 1 0.740256547928
44145 1 0.740223407745
66956 1 0.740117847919
84222 1 0.739402115345
77007 1 0.739389538765
9370 1 0.738266646862
13246 1 0.738121688366
1174 1 0.737549126148
51124 1 0.737512767315
51699 1 0.737275779247
69940 1 0.736886382103
47647 1 0.73687851429
45679 1 0.736691772938
5687 1 0.736664950848
43169 1 0.736651718616
55481 1 0.736638188362
43892 1 0.736534833908
53964 1 0.736492455006
48540 1 0.735895633698
30470 1 0.735857248306
74775 1 0.735732495785
32460 1 0.735728085041
76887 1 0.73543715477
56060 1 0.735407292843
57654 1 0.735261261463
20045 4 0.734852433205
37914 1 0.734846770763
19580 1 0.73402774334
51074 4 0.732754588127
8601 1 0.732727587223
17221 1 0.732647776604
89585 3 0.732062757015
2973 1 0.731987774372
57465 1 0.731580376625
23903 1 0.731461286545
75767 1 0.731370389462
18045 1 0.731344759464
49997 1 0.731032252312
48702 4 0.730837166309
7628 4 0.730170667171
21311 1 0.730040132999
78651 1 0.729932665825
90137 1 0.72987639904
42531 1 0.729816257954
45625 1 0.729179561138
55464 1 0.72879755497
4526 4 0.728627085686
40025 1 0.728109061718
40721 1 0.727999746799
22704 1 0.727555692196
4429 4 0.727079451084
37173 4 0.726873517036
34665 4 0.726155340672
27496 1 0.72556334734
18509 1 0.725530087948
17148 1 0.725110828876
55644 1 0.724924504757
4599 1 0.724787712097
12717 1 0.724738180637
58418 1 0.724594593048
35407 1 0.724458694458
89731 1 0.724422872066
58890 1 0.724313259125
64186 1 0.72424685955
62552 1 0.723886549473
2102 1 0.723885416985
26384 1 0.723359465599
78214 1 0.723030626774
3090 1 0.723012983799
38887 1 0.722315847874
5059 1 0.72217810154
50334 1 0.721428990364
79427 1 0.721408069134
22526 1 0.721333503723
8770 3 0.720583081245
5563 1 0.720191836357
81863 1 0.719825267792
20509 1 0.719569802284
44267 1 0.719324588776
51192 4 0.719188213348
32169 1 0.719110429287
11841 1 0.718871414661
16647 4 0.718746900558
342 4 0.718645036221
32807 1 0.718485116959
8779 3 0.717861533165
34334 1 0.717528223991
30880 1 0.717070162296
56047 1 0.717025518417
52415 1 0.716602087021
49742 1 0.716461420059
21386 1 0.716365754604
87462 1 0.716044425964
55970 1 0.715663433075
47372 1 0.715340971947
87498 1 0.715336441994
7806 1 0.715273439884
40433 1 0.715209543705
28049 4 0.71444195509
84977 1 0.714119851589
54548 1 0.713937044144
34791 1 0.713104784489
19469 1 0.712829768658
12234 4 0.712635934353
45979 1 0.712603509426
18860 1 0.712481021881
40819 1 0.712331771851
46867 1 0.712285161018
78566 3 0.711817681789
67184 1 0.711103379726
26266 1 0.711060166359
29437 1 0.711009144783
8322 1 0.710698306561
76284 1 0.710149109364
67627 1 0.710110247135
34116 4 0.710052847862
55194 1 0.709603428841
371 1 0.709054887295
90183 1 0.708980202675
68650 1 0.708612561226
27173 1 0.708582818508
21759 1 0.708541810513
21549 1 0.708145022392
58748 1 0.707572162151
83934 1 0.70720654726
83344 1 0.707142353058
16315 1 0.706709802151
6517 1 0.706705212593
65551 1 0.70659327507
86302 1 0.706286072731
31252 1 0.705744624138
7798 1 0.705735623837
49072 1 0.705224812031
75655 1 0.70518887043
8586 1 0.704817891121
2134 1 0.70466530323
86484 1 0.704598844051
54976 1 0.704092681408
44905 1 0.7040335536
73115 1 0.70373904705
5933 1 0.703616797924
27428 1 0.703466296196
43355 1 0.70254278183
84822 1 0.7025385499
51592 1 0.702517747879
13818 1 0.702058911324
89796 1 0.701949954033
77568 4 0.701878368855
63241 1 0.701256275177
48585 1 0.701172351837
25629 1 0.701010406017
54773 1 0.700988650322
33309 1 0.70036482811
2135 1 0.700296163559
41064 3 0.700209498405
32349 1 0.699624717236
5783 1 0.699424386024
7545 1 0.699141800404
91099 1 0.698791861534
70103 1 0.69828414917
15832 4 0.697997331619
74246 4 0.697914421558
54265 1 0.696958780289
72669 1 0.696872472763
10166 1 0.696718811989
62213 1 0.696672141552
62575 1 0.696583032608
69534 1 0.696430623531
57706 1 0.69588804245
62682 1 0.695212543011
45678 1 0.695119440556
52532 1 0.694489121437
36995 1 0.693743169308
72953 1 0.693412899971
80667 1 0.693397581577
42076 1 0.692954897881
46512 1 0.692759633064
59825 1 0.692750155926
65431 4 0.692530274391
61053 1 0.69246006012
42348 1 0.692298293114
39724 1 0.692175209522
29082 1 0.692161798477
90184 1 0.691771864891
40424 1 0.691712737083
12444 1 0.691651582718
9207 1 0.69130396843
61195 1 0.691077828407
38190 1 0.690915644169
55415 1 0.690327942371
3138 1 0.690225660801
1671 1 0.689540326595
80113 1 0.689456343651
90374 1 0.688915848732
40170 1 0.688451528549
8175 1 0.688392937183
89301 1 0.68790769577
30011 1 0.687890410423
9586 1 0.68758392334
45334 1 0.687554240227
73338 1 0.687379002571
37430 1 0.686572849751
13881 1 0.686053752899
25411 1 0.68603104353
54774 1 0.68563491106
16931 1 0.685427606106
60996 1 0.685329914093
30061 1 0.685314357281
20396 1 0.684761822224
24169 1 0.684465646744
43748 1 0.684421896935
31568 1 0.683349788189
26485 1 0.682740271091
65082 1 0.682524502277
1778 1 0.682290971279
85472 1 0.681517660618
12451 1 0.681248366833
33584 1 0.681199073792
628 1 0.68119519949
46935 1 0.681170701981
42532 1 0.681020021439
75608 1 0.680453002453
68320 1 0.67992067337
60479 1 0.679712533951
28460 1 0.679569900036
32412 1 0.678232610226
83931 1 0.678174138069
63900 1 0.678128659725
19753 1 0.677977323532
10690 1 0.677967429161
28772 1 0.677718341351
1237 1 0.677592396736
67405 1 0.677168309689
69938 1 0.67711442709
87910 4 0.676857173443
6838 1 0.676525115967
66901 1 0.676524758339
2557 1 0.676138520241
883 1 0.675788223743
1178 1 0.675065696239
89337 4 0.67485165596
81777 1 0.674833834171
53924 1 0.674003124237
9719 1 0.673876047134
76476 1 0.673778891563
64546 1 0.67373508215
28109 1 0.673439323902
80828 1 0.673432469368
5885 1 0.67307561636
9041 1 0.673042118549
68230 4 0.672579348087
63952 1 0.672411322594
30542 1 0.671074151993
41270 1 0.6708984375
17247 1 0.670395970345
39558 1 0.669960319996
26145 1 0.669689059258
76167 1 0.66963493824
44286 1 0.669538676739
18427 1 0.669093132019
49845 1 0.669048011303
62847 1 0.668544948101
756 1 0.668344855309
48315 1 0.66824567318
3597 1 0.668034374714
1420 4 0.667729437351
11041 1 0.667726397514
81521 1 0.6677069664
88860 1 0.667683959007
38742 1 0.667622745037
82922 4 0.666894733906
15653 1 0.66671359539
63338 1 0.666696667671
42979 1 0.666565835476
26264 1 0.666563332081
26077 1 0.665361344814
74068 1 0.665037989616
17884 1 0.664978742599
6774 1 0.664742827415
1180 1 0.664589047432
49503 1 0.664579868317
48185 1 0.664482116699
73325 1 0.664420604706
42425 1 0.663734436035
69082 1 0.663673222065
76240 1 0.663651525974
20743 1 0.663549602032
38231 1 0.663548648357
62683 1 0.662954628468
66150 1 0.662259101868
50469 1 0.661901950836
6971 2 0.661792755127
38380 1 0.661665320396
23589 1 0.661550223827
22253 1 0.661389112473
71298 1 0.660907626152
8230 1 0.660336375237
19894 1 0.6603038311
52402 4 0.660096049309
87225 1 0.66006654501
5712 1 0.659971058369
13665 1 0.659865617752
57233 1 0.659750819206
1169 1 0.659740626812
10001 1 0.659682512283
76472 1 0.659672617912
31160 1 0.659488201141
54489 1 0.659336447716
20511 1 0.65915954113
54621 1 0.658798873425
82520 1 0.658462762833
77437 1 0.657769560814
35785 1 0.657666087151
83543 1 0.657645881176
83281 1 0.657481729984
88844 4 0.657429695129
56890 1 0.657312214375
74354 1 0.656909942627
58833 1 0.656793951988
24513 1 0.656690716743
76490 1 0.656682729721
89050 1 0.656567275524
5275 1 0.656230092049
83284 1 0.655961215496
8656 1 0.655945956707
52821 7 0.655822277069
27072 1 0.655803322792
52618 1 0.655459582806
70720 1 0.655190050602
56651 1 0.655047178268
46568 1 0.654749214649
82411 1 0.654677271843
66233 1 0.654607474804
21804 1 0.654136180878
5398 4 0.6540979743
43749 1 0.653782010078
52508 4 0.653778791428
36918 1 0.653751969337
3077 1 0.653530597687
1789 1 0.653405725956
75966 1 0.653095006943
47318 1 0.652971982956
24067 1 0.652824103832
50173 1 0.652605652809
42342 1 0.652065813541
82920 1 0.651922881603
18431 1 0.65191411972
1799 1 0.651815593243
6453 1 0.651762366295
73756 1 0.65173125267
21052 1 0.651631474495
22840 1 0.651586532593
33308 1 0.651485800743
1239 1 0.650963425636
41675 1 0.650562047958
83496 1 0.650530397892
7996 1 0.650250792503
2259 1 0.650187015533
54586 1 0.649716377258
88914 4 0.649652957916
32672 1 0.649594008923
8960 1 0.649522185326
31296 1 0.649460852146
38992 1 0.649165987968
83262 3 0.64891076088
29149 7 0.648620545864
75105 1 0.648455381393
24100 4 0.648199856281
16019 1 0.647858679295
6572 4 0.647598028183
7094 1 0.647422075272
6828 1 0.647013902664
63949 1 0.646542727947
48181 4 0.646412074566
9210 1 0.646308660507
70093 1 0.646229207516
64173 1 0.646228015423
70856 3 0.6460724473
10274 1 0.645860373974
1851 1 0.645398199558
31915 1 0.644302606583
56943 1 0.644115686417
84960 4 0.644034922123
90969 1 0.644009232521
61750 1 0.643863797188
44946 1 0.64371150732
37785 1 0.643332660198
37329 1 0.643323540688
87067 1 0.643299937248
85306 1 0.643162548542
78127 1 0.643081486225
91062 2 0.643054366112
21226 1 0.642097055912
44361 1 0.641809999943
22254 1 0.641439914703
35929 1 0.641396462917
12474 4 0.641038715839
22211 1 0.640743970871
20454 1 0.639864504337
70282 1 0.63965690136
85394 1 0.63931196928
566 1 0.638943374157
33326 4 0.638873517513
69942 1 0.638720631599
57401 1 0.638322889805
833 1 0.638263940811
13619 1 0.637998700142
51065 4 0.637965977192
70937 1 0.637882530689
85459 1 0.637706160545
62387 1 0.637692987919
6958 1 0.636955678463
21045 1 0.636778175831
12450 1 0.63670694828
33061 1 0.636534035206
37842 1 0.63627833128
58463 1 0.636194527149
69905 1 0.63601142168
78981 1 0.63569933176
25798 1 0.635622262955
86146 1 0.635547578335
10451 1 0.635404407978
37178 4 0.635302007198
77008 1 0.635050654411
38619 1 0.634908914566
85799 1 0.634739279747
30336 4 0.634485065937
21937 1 0.634407281876
82559 1 0.634319841862
39200 1 0.634010374546
54544 1 0.633901059628
76696 1 0.633623719215
45702 1 0.63357937336
28666 1 0.633495509624
6219 1 0.633417606354
17784 1 0.63338136673
4173 4 0.633330702782
44019 1 0.632680118084
2157 1 0.632541000843
65992 1 0.632498145103
74243 4 0.632487893105
68425 1 0.632356584072
78009 1 0.632228732109
44930 1 0.631906092167
88921 1 0.631798267365
6987 1 0.63178896904
24146 1 0.63174277544
52708 1 0.631570875645
62814 1 0.631041824818
13257 1 0.630712926388
9187 1 0.62970495224
33695 4 0.629587650299
71045 1 0.62956738472
15959 1 0.629116475582
51668 1 0.628960311413
28458 1 0.628908574581
34004 1 0.628874719143
25384 1 0.628796935081
64218 1 0.62861341238
81143 1 0.628314554691
73925 1 0.627871692181
15339 1 0.627035975456
26735 1 0.626995384693
12630 1 0.626868247986
88117 1 0.626812517643
83661 1 0.626609385014
8332 1 0.626241266727
32920 1 0.626192092896
43024 1 0.625560343266
5144 3 0.625457584858
65069 1 0.625389814377
1173 1 0.625235795975
40127 4 0.625210762024
32042 1 0.625210702419
53872 1 0.625175714493
83263 1 0.625095069408
64601 1 0.625002145767
47834 1 0.624474644661
44383 1 0.623883903027
3108 1 0.623549997807
75989 1 0.62310308218
44661 1 0.622705280781
13247 1 0.62257283926
80171 1 0.622500538826
35078 1 0.622444272041
53505 1 0.622403800488
4113 1 0.622122168541
28814 1 0.621997416019
28751 1 0.621498167515
18975 1 0.621479928493
28072 1 0.621046304703
35784 1 0.620881378651
37660 1 0.620104789734
26649 1 0.619800925255
37403 1 0.619372606277
45122 1 0.619202971458
18262 1 0.619134426117
45380 1 0.619062960148
29323 1 0.618580877781
59672 1 0.61851900816
29618 1 0.618118703365
22362 1 0.618000984192
43351 1 0.617938756943
49525 1 0.617255032063
82909 1 0.617153465748
7411 1 0.616953551769
65165 1 0.616678774357
12353 1 0.61637032032
38108 1 0.616223454475
35676 1 0.61613702774
56782 1 0.616019248962
14650 1 0.615950167179
40396 1 0.615801692009
18394 1 0.615778684616
64116 1 0.615699708462
22761 1 0.615659117699
48719 4 0.615643084049
32840 1 0.615580737591
42385 1 0.615362226963
22037 1 0.615151524544
41718 1 0.615129232407
742 1 0.614909410477
77961 1 0.614792644978
61242 1 0.614680409431
13735 1 0.614655673504
8325 1 0.614491283894
25214 1 0.613574743271
42243 1 0.61347591877
23682 1 0.613012909889
74382 1 0.612944185734
53666 1 0.612822532654
22659 1 0.61277794838
62379 4 0.612197041512
61923 1 0.612016916275
70410 1 0.611544728279
91484 1 0.611166834831
30227 1 0.611048638821
33073 1 0.611017882824
50960 1 0.610935151577
22693 1 0.61090105772
30926 1 0.610794663429
12631 1 0.610706627369
88594 1 0.610350489616
41371 1 0.609888017178
41465 1 0.609775066376
30462 1 0.609716594219
91522 1 0.609185993671
47268 1 0.608888685703
3914 1 0.608806848526
50084 1 0.608757138252
5373 1 0.6084882617
6541 1 0.608231186867
4493 1 0.607933938503
66753 1 0.607723116875
25777 1 0.60760051012
902 1 0.607490479946
49004 1 0.607460081577
28649 1 0.607316672802
76714 1 0.607274949551
22785 1 0.606908559799
26511 1 0.606785714626
65390 7 0.606653988361
72670 1 0.606352627277
4467 1 0.605955541134
8294 4 0.605815529823
82586 1 0.605565011501
48511 1 0.605454266071
15305 1 0.605217337608
83201 1 0.60469019413
22639 1 0.604547798634
16912 1 0.603918850422
2446 1 0.603875219822
28623 1 0.603649556637
42978 4 0.603586554527
88584 1 0.603122413158
9228 1 0.603083431721
58485 1 0.603058218956
73509 1 0.603009521961
82513 1 0.602803170681
30109 1 0.602570295334
69939 1 0.602528035641
572 1 0.60228741169
18218 1 0.601914286613
89447 1 0.6018846035
63145 1 0.601714193821
25688 4 0.601620197296
23196 1 0.601545453072
39831 1 0.601525843143
4292 1 0.60083514452
57301 1 0.600737988949
9217 1 0.600587725639
32220 1 0.600568413734
78834 1 0.600540339947
83807 1 0.600205302238
31584 1 0.600197732449
58585 1 0.600192785263
73464 1 0.600178480148
77209 1 0.600097000599
35906 1 0.599668741226
7722 1 0.599542975426
65754 4 0.599043548107
9460 1 0.598950207233
48575 1 0.598919451237
50708 1 0.598684608936
87338 1 0.598600685596
59157 1 0.598495900631
69856 1 0.598069727421
62815 1 0.597963929176
52314 1 0.597894668579
38951 1 0.597808599472
21390 1 0.596910357475
3162 1 0.596837580204
38053 1 0.596557796001
40980 1 0.596530973911
41013 1 0.596270501614
10940 1 0.59563845396
44713 4 0.59559071064
88923 1 0.595510959625
81062 1 0.595489799976
21225 1 0.595384657383
26814 1 0.595239281654
38969 1 0.59466189146
18435 1 0.594173669815
35126 1 0.594104349613
10307 4 0.594100534916
73889 7 0.59407222271
82037 1 0.594000101089
10167 1 0.593423366547
85804 1 0.593350768089
38727 1 0.593067765236
62165 1 0.592628657818
28808 1 0.592602789402
41686 1 0.592165648937
63619 1 0.592087984085
28146 1 0.592075228691
12868 3 0.591315507889
56182 1 0.591149568558
8982 1 0.591015815735
45773 4 0.591007888317
10961 1 0.590969502926
67172 1 0.590867817402
46515 1 0.590661048889
4726 1 0.59066003561
80637 1 0.590051949024
58158 4 0.590024530888
5232 1 0.589427947998
82585 1 0.589283466339
60801 3 0.589228987694
5938 1 0.589139103889
64711 1 0.589020192623
6240 1 0.589007139206
25664 1 0.588756799698
7393 1 0.588698625565
50257 4 0.588686704636
5784 7 0.588634908199
25659 1 0.588588953018
19247 1 0.588506877422
21245 1 0.588046848774
88780 1 0.588019669056
34209 1 0.587758719921
21229 1 0.58758109808
44223 3 0.587400197983
85972 1 0.58731675148
26478 1 0.587090313435
34968 1 0.586876690388
75557 1 0.586753666401
15527 1 0.586264669895
46101 1 0.586216390133
1014 1 0.585670530796
3570 1 0.585662484169
16945 2 0.585477888584
18983 1 0.585163652897
32752 1 0.584974169731
46252 1 0.584663152695
75658 1 0.584655284882
33603 1 0.584270298481
5053 1 0.583526074886
13667 1 0.583140075207
72422 1 0.583100140095
49556 4 0.582341551781
47043 4 0.582227110863
89669 1 0.580864310265
32164 1 0.580849051476
30085 1 0.580156266689
81082 1 0.579971790314
67346 1 0.579946696758
1313 1 0.579921960831
30544 1 0.579765200615
27951 4 0.579458713531
89909 1 0.579389572144
30585 1 0.579380273819
11032 1 0.579259097576
26767 1 0.579223692417
67259 1 0.579206585884
2536 1 0.578861653805
17091 2 0.578188717365
45646 4 0.577322483063
67112 4 0.577284693718
56726 1 0.577187776566
16004 2 0.577071368694
20474 1 0.577042877674
22550 1 0.576760172844
32247 1 0.576199710369
55741 1 0.575226128101
66567 1 0.575066447258
89074 4 0.574768185616
41674 1 0.574767231941
34070 1 0.574434220791
18839 1 0.574101865292
26687 1 0.573968231678
3865 1 0.5738312006
56729 1 0.573746085167
1185 1 0.573571681976
27921 1 0.573432743549
39480 1 0.573094189167
69911 4 0.572993993759
17329 1 0.572913467884
18978 1 0.572902619839
38382 1 0.572644770145
18630 1 0.572619557381
6844 1 0.572602450848
33332 1 0.572538018227
13466 1 0.572450459003
192 1 0.572366595268
63928 1 0.57200551033
17793 1 0.571953117847
50368 1 0.571947574615
17467 1 0.571783661842
15326 1 0.571309566498
48435 1 0.571123957634
48593 1 0.571096539497
1882 1 0.570948719978
26787 1 0.570238053799
76958 4 0.569887578487
2163 4 0.569851458073
26566 1 0.569521903992
63133 1 0.569425880909
25774 1 0.569259822369
38163 1 0.568635284901
11038 1 0.56809848547
23151 1 0.56808590889
48658 1 0.56808257103
56184 1 0.56802713871
4359 1 0.56798106432
22845 1 0.56792807579
4921 1 0.567678332329
9000 1 0.567421138287
28635 1 0.567144095898
80611 1 0.566885411739
50915 1 0.566775500774
46392 1 0.566554307938
11522 1 0.565993249416
75247 1 0.565704107285
45982 1 0.565581679344
67682 1 0.565319538116
67665 1 0.565110504627
3236 1 0.564996898174
5635 1 0.564909994602
19645 1 0.564561486244
38718 1 0.564553797245
11773 1 0.564214587212
11596 1 0.563585877419
71744 1 0.563440799713
2807 1 0.563287556171
38229 1 0.563204109669
61803 1 0.563100576401
48571 4 0.563048839569
11152 2 0.562993764877
34002 1 0.562785744667
62786 1 0.562641918659
43598 1 0.562619447708
44892 1 0.56250590086
38741 1 0.562382876873
90633 1 0.5620470047
17143 1 0.561771273613
63156 1 0.561494588852
41767 1 0.561201393604
28457 1 0.56116771698
44165 1 0.561119258404
46032 1 0.561049520969
54516 1 0.560946643353
76198 1 0.56082701683
82815 1 0.55985224247
11166 1 0.559840142727
83901 4 0.559801876545
47569 4 0.559583842754
70562 1 0.559474289417
7310 1 0.558810532093
83267 1 0.558775126934
71477 1 0.558683753014
30901 1 0.558539390564
33619 1 0.55849313736
82297 1 0.558295547962
14222 1 0.558202505112
1419 4 0.55789154768
40734 1 0.557577252388
52236 1 0.557245314121
88918 1 0.556969046593
70739 1 0.55687379837
76368 1 0.556811153889
89953 1 0.556788384914
30737 1 0.556742072105
56379 1 0.556498646736
21762 1 0.556116580963
67849 4 0.55478990078
37508 1 0.554461419582
51286 1 0.554401695728
24051 1 0.554242312908
21022 1 0.553998470306
50486 1 0.55395668745
45817 1 0.553914546967
8762 2 0.553883910179
50174 1 0.5538585186
21545 1 0.553525149822
10103 1 0.553485512733
57621 1 0.552926361561
40975 1 0.552896976471
65147 1 0.552747547626
31508 1 0.552430868149
49074 1 0.55236518383
62490 1 0.552219569683
42426 1 0.551826357841
74777 3 0.551781356335
52709 3 0.55157661438
53686 1 0.551554679871
43706 1 0.551482200623
10164 1 0.55122256279
9 1 0.551119089127
28650 1 0.55101788044
66548 1 0.550957679749
400 1 0.550951182842
40228 1 0.550846934319
31698 1 0.550739943981
5663 1 0.550727128983
30077 1 0.550257503986
23800 1 0.550099909306
81473 4 0.550098538399
19755 1 0.55003798008
23176 1 0.549911022186
9304 1 0.54987090826
2707 1 0.549552023411
77943 1 0.549439370632
70304 1 0.549383759499
27066 1 0.549290955067
44098 1 0.549249947071
83997 4 0.549079537392
87119 1 0.549027681351
20746 1 0.548994481564
19082 4 0.548694849014
16434 1 0.54855209589
69264 1 0.548520982265
47839 1 0.548485338688
47436 1 0.548395872116
44993 2 0.547879934311
32854 1 0.547621130943
67039 1 0.547445476055
2779 1 0.54721570015
89944 1 0.547011613846
85370 1 0.546899616718
71044 1 0.546621143818
56597 1 0.546446502209
22171 1 0.546235561371
48791 4 0.545958101749
573 1 0.545893371105
4903 1 0.545857906342
90359 1 0.545638024807
80144 1 0.545636236668
7205 1 0.545580685139
58889 1 0.545421421528
66213 1 0.545348525047
9371 4 0.545198857784
68530 1 0.545004010201
43719 1 0.544958114624
30179 1 0.544756710529
78321 1 0.544271230698
34369 1 0.54398047924
26137 4 0.543839097023
76499 1 0.543746948242
42522 1 0.541774392128
62305 1 0.541541993618
57650 7 0.541398048401
55778 2 0.541372835636
30665 1 0.54112970829
81447 1 0.541096568108
18748 1 0.540971934795
23885 4 0.540495693684
16051 1 0.540459275246
19756 1 0.540211379528
39938 1 0.540080070496
4819 1 0.540003120899
84226 1 0.539885759354
28335 1 0.539824008942
33038 1 0.53962045908
3826 1 0.539574086666
34813 1 0.539518773556
79972 1 0.538779973984
27833 1 0.538500964642
77960 1 0.537448942661
31175 4 0.537375748158
72592 1 0.537198543549
37315 1 0.537019133568
23784 1 0.536976337433
65352 1 0.536852777004
36433 1 0.536837756634
27440 1 0.536704719067
75740 1 0.536435246468
66443 1 0.536016941071
8368 1 0.53599011898
19752 1 0.535820484161
15924 1 0.535817444324
56416 1 0.535671412945
60154 1 0.535431206226
29438 1 0.53538364172
3739 1 0.535290539265
67129 1 0.53525853157
9052 1 0.535158395767
58841 1 0.535044968128
36697 1 0.534996271133
577 1 0.534848630428
50478 1 0.534837603569
581 1 0.534714281559
6862 1 0.534670054913
32666 1 0.53465372324
12422 1 0.534537434578
19647 1 0.534424602985
78729 1 0.534142136574
2787 1 0.534069299698
76706 1 0.534000217915
15793 1 0.533914089203
2257 1 0.533322393894
4537 1 0.533149302006
83315 1 0.533115267754
74567 1 0.532788395882
37163 1 0.53265029192
89665 1 0.53244972229
64005 1 0.532416343689
50997 2 0.532057404518
19111 1 0.53189599514
7092 1 0.53183978796
12049 1 0.531014740467
68535 1 0.53091019392
61241 4 0.530879437923
39582 3 0.530448019505
88646 3 0.529886066914
27835 1 0.529727637768
68907 4 0.529634714127
22244 1 0.529443323612
40422 2 0.529071092606
54233 1 0.529051363468
67859 1 0.528961122036
3521 1 0.52829760313
34078 1 0.528114378452
16153 1 0.527780413628
26431 1 0.52742254734
42022 1 0.527235090733
73858 1 0.527186393738
64270 1 0.526833474636
90134 1 0.5265391469
12041 1 0.526339054108
9327 4 0.526120781898
8622 1 0.52604174614
18974 1 0.526038110256
27578 1 0.526000201702
21668 1 0.525967121124
4391 2 0.525911808014
38191 1 0.525343835354
83752 1 0.525232493877
55345 1 0.525206148624
35728 1 0.525139272213
23869 4 0.524987399578
54398 1 0.524853348732
82821 1 0.524719417095
61555 1 0.524237632751
28266 1 0.524198830128
2803 1 0.524153053761
78010 1 0.524095237255
84126 3 0.523946046829
1763 1 0.523869514465
36792 1 0.523790836334
81513 1 0.522916734219
79477 1 0.522792339325
40784 1 0.522713541985
38374 1 0.522711396217
90431 1 0.5225918293
8653 1 0.522432267666
25938 1 0.522377967834
73559 1 0.52237534523
13820 1 0.521827280521
38247 1 0.521787524223
30873 4 0.521771430969
42521 1 0.521733403206
48331 1 0.52161949873
88400 1 0.521611809731
8315 1 0.521611213684
85951 1 0.521549463272
21183 1 0.521392524242
3821 4 0.521167933941
39181 1 0.521008074284
1798 1 0.520998835564
41547 1 0.520753204823
13547 1 0.520696461201
62529 4 0.520656049252
69047 1 0.520588934422
89678 1 0.520481586456
60754 1 0.520220398903
3118 1 0.520066380501
57883 1 0.520062744617
38599 1 0.520013868809
6973 2 0.51989120245
24595 1 0.51967304945
76573 1 0.519272565842
70627 1 0.518963456154
23587 1 0.518957138062
565 1 0.518684267998
6578 4 0.518621861935
61579 1 0.51859074831
24132 1 0.518559634686
34682 3 0.518294870853
55001 1 0.518077194691
7093 1 0.518064439297
41714 1 0.518052577972
25695 1 0.517868638039
68024 4 0.517714262009
25611 1 0.517400681973
32303 1 0.517379641533
80157 1 0.517235040665
69051 1 0.517210125923
55265 1 0.517126917839
41761 1 0.517081201077
17229 1 0.517004907131
78864 1 0.51698321104
62249 1 0.516957044601
46052 1 0.516913056374
78013 1 0.516778469086
24397 1 0.516759693623
89165 1 0.516754627228
13343 1 0.516442835331
80368 1 0.516352593899
2879 1 0.516108810902
70943 1 0.516016304493
83595 4 0.515980958939
129 1 0.515835165977
56984 1 0.515747904778
19155 1 0.515717387199
55914 7 0.515644490719
45169 2 0.51561331749
3856 4 0.515447318554
11391 1 0.515417158604
45977 1 0.515283346176
37915 1 0.515127658844
56230 1 0.514965415001
74521 1 0.514904260635
64898 1 0.514622926712
10209 1 0.514466762543
7385 1 0.514214932919
89605 4 0.514155387878
17460 1 0.513910293579
55055 1 0.513887882233
24165 1 0.513720989227
38203 1 0.513684153557
84690 1 0.513428092003
39217 1 0.512926340103
78482 3 0.512747466564
83492 1 0.51266092062
83955 4 0.512384712696
23898 1 0.512067377567
75236 1 0.512059569359
22237 1 0.511971175671
26243 1 0.511900246143
35077 1 0.511679053307
1176 1 0.511671245098
3913 1 0.511314928532
49687 7 0.511226773262
76852 1 0.511147081852
32168 1 0.511143386364
11045 1 0.51111471653
57738 1 0.510948002338
5910 1 0.510843932629
60135 1 0.510842144489
48389 1 0.510836064816
31051 1 0.510781466961
44446 1 0.510651409626
62238 1 0.510574102402
62546 1 0.510558128357
56607 1 0.510519623756
85864 1 0.510470449924
6480 1 0.510234057903
37249 1 0.510190844536
89689 1 0.509988546371
82763 1 0.509925484657
34552 1 0.509920418262
76515 1 0.509467840195
80530 4 0.509373962879
18240 1 0.509321272373
22836 3 0.509244143963
89679 1 0.509116411209
47990 1 0.509083688259
70485 1 0.508994102478
81758 1 0.508833289146
12838 1 0.508596658707
24362 1 0.508574724197
1959 1 0.508431077003
51008 1 0.508295118809
53947 1 0.50821107626
40983 1 0.508119642735
82904 1 0.507982611656
4109 1 0.507947206497
39009 1 0.507624268532
70487 1 0.507466375828
50947 1 0.507406413555
50299 1 0.507350623608
70940 1 0.507225811481
78785 1 0.507225573063
4446 1 0.5070104599
50181 1 0.506941199303
56415 1 0.506939768791
44431 1 0.506938636303
24135 1 0.506878197193
54708 1 0.506594181061
12396 1 0.506450593472
26221 1 0.506249725819
27652 1 0.505986988544
53240 4 0.505872189999
58839 1 0.505772411823
63345 1 0.505722045898
32795 1 0.505710422993
63650 1 0.505523741245
64488 2 0.505450606346
43464 4 0.505024433136
3277 1 0.50499600172
89712 1 0.504962146282
3822 4 0.50492721796
20732 1 0.504926383495
56136 1 0.504812836647
79094 1 0.504797756672
63004 1 0.504662334919
19003 1 0.504326462746
233 1 0.504316031933
46513 1 0.504054367542
1667 1 0.503900527954
74436 1 0.503833889961
51712 1 0.503575742245
17786 4 0.503357410431
38688 1 0.503040969372
81592 1 0.502950310707
42551 1 0.502399265766
20733 1 0.502390086651
9295 1 0.502329647541
19978 1 0.502298057079
73891 1 0.502119123936
89733 1 0.501982092857
10179 1 0.501971423626
10766 1 0.501942813396
438 1 0.501939058304
62794 1 0.501536250114
64612 1 0.50149255991
86731 1 0.50145560503
26490 1 0.501365602016
77297 1 0.501342475414
8149 1 0.501162469387
84911 1 0.501121938229
75374 1 0.501079440117
81756 1 0.500995993614
69138 1 0.500946044922
78019 1 0.500731050968
72541 1 0.500629246235
66007 1 0.500579833984
82402 1 0.500569939613
90399 4 0.500545680523
51690 1 0.500542163849
6953 1 0.500482141972
39061 1 0.500478506088
68029 1 0.500149071217
67880 2 0.500131130219
85758 1 0.500087380409
21233 1 0.49987205863
56386 4 0.499810159206
55838 1 0.49975758791
78294 1 0.49966904521
63706 1 0.499476790428
53219 1 0.499470561743
74592 1 0.499229729176
67077 1 0.499200969934
73107 1 0.499195098877
82175 4 0.499139547348
24752 1 0.499048858881
77154 1 0.498954296112
22448 1 0.498795390129
6533 1 0.498184621334
32218 1 0.498176693916
77320 1 0.49805188179
3911 1 0.49764418602
23355 1 0.497619390488
4822 3 0.497506588697
37596 1 0.497375816107
79551 1 0.497243195772
18877 1 0.497210770845
14065 1 0.497192680836
51711 1 0.496988296509
1526 4 0.496962577105
12072 1 0.496728569269
11394 1 0.496372669935
24514 1 0.49621912837
4192 1 0.496024876833
50265 1 0.496023178101
25632 1 0.49579000473
77057 1 0.495760172606
87276 1 0.495179206133
27653 1 0.494626134634
4060 1 0.494318455458
19480 1 0.494093507528
57653 1 0.494086831808
47236 1 0.494066685438
89159 1 0.493392199278
23586 1 0.493234217167
76860 1 0.492965340614
10427 2 0.492922872305
88477 1 0.492852389812
76002 1 0.492709219456
12415 1 0.492189884186
28334 1 0.492054671049
68020 1 0.491762161255
12298 4 0.491471409798
21635 4 0.491412341595
6859 1 0.491016298532
51214 1 0.490399479866
18242 1 0.490272283554
42455 1 0.49018651247
6709 2 0.490179717541
34219 1 0.490161418915
47619 1 0.489939838648
10467 1 0.489017039537
89730 1 0.488967776299
23852 1 0.488637894392
12727 1 0.487796038389
69299 7 0.487395852804
2103 1 0.48732149601
69952 1 0.487120509148
65964 4 0.486947745085
52338 1 0.486914634705
1919 4 0.486744195223
56913 2 0.486596316099
25168 4 0.48629245162
2313 2 0.48584485054
48582 1 0.485413700342
273 1 0.485287606716
59442 2 0.485181629658
83806 4 0.484746545553
74340 4 0.484288841486
54256 1 0.484119743109
10163 1 0.483639925718
86949 1 0.483553290367
22256 1 0.483417868614
57605 1 0.480891555548
12662 2 0.480829656124
25354 1 0.480419456959
45933 4 0.479511618614
23683 3 0.479423612356
65164 1 0.479102641344
26265 1 0.478495657444
1743 2 0.478416264057
34679 1 0.477922081947
34674 4 0.47771936655
31738 3 0.47752097249
1947 1 0.475581109524
13884 2 0.475211381912
40373 4 0.474380731583
42227 4 0.474314570427
40671 1 0.473921835423
89621 1 0.473501861095
48020 1 0.473436057568
9425 4 0.473095208406
84887 3 0.473034799099
68911 4 0.470386058092
56310 4 0.469848752022
76854 3 0.469711244106
1510 1 0.469466567039
52507 4 0.468750655651
81775 1 0.468720644712
46212 1 0.468556284904
50687 4 0.466483831406
34458 7 0.464701026678
62551 1 0.463795691729
34729 2 0.463596493006
52617 3 0.462369650602
85971 1 0.461947590113
78487 3 0.461121767759
10345 4 0.460610449314
6552 4 0.460236430168
6867 1 0.459982514381
62553 1 0.459201425314
85527 1 0.457927703857
55463 1 0.457342654467
34373 2 0.456234127283
10509 4 0.454746067524
68488 1 0.452084451914
65114 3 0.452047914267
32239 3 0.451904177666
54278 2 0.451058596373
49853 2 0.449665635824
57747 3 0.44950401783
69300 7 0.449388295412
81778 1 0.448585629463
41260 2 0.447671383619
62518 3 0.447027951479
29687 4 0.446031153202
27250 4 0.444921642542
58874 3 0.444309920073
10244 2 0.443455249071
14260 3 0.443372100592
12686 3 0.442477077246
2350 2 0.441942662001
34367 3 0.439700841904
20745 2 0.438280642033
25345 2 0.436256110668
65391 1 0.436223059893
68156 4 0.435086280107
38798 4 0.434483110905
4788 2 0.431555062532
11051 2 0.430886149406
90848 1 0.430304855108
9361 2 0.425832539797
6586 2 0.424699693918
51621 3 0.422303676605
61213 2 0.421541571617
89525 2 0.420588582754
68313 2 0.418055742979
13313 4 0.415970116854
14021 2 0.411223053932
9814 1 0.409082978964
76608 1 0.407562941313
39712 3 0.405798584223
20435 2 0.405175238848
11269 2 0.403139173985
17180 4 0.402009516954
57242 1 0.40016195178
46213 1 0.399045795202
80988 2 0.397647291422
9038 3 0.394181877375
77646 1 0.392648249865
55876 1 0.392105549574
81757 7 0.39181882143
12051 4 0.391429483891
64521 3 0.390144884586
79120 4 0.388008415699
67918 3 0.387576490641
11509 4 0.383569538593
80096 1 0.383199393749
62556 1 0.381118178368
34403 3 0.379338294268
22198 2 0.378835439682
10238 2 0.37852409482
37167 2 0.376744925976
43668 1 0.376606911421
79685 1 0.374899595976
728 2 0.37240293622
82915 4 0.368123352528
59019 4 0.359188824892
91456 1 0.359087347984
3306 3 0.356102138758
55695 2 0.352072328329
3754 4 0.347600609064
7336 3 0.341219633818
62555 1 0.340745061636
73473 3 0.334983706474
26143 2 0.322736918926
78878 2 0.318717420101
83505 3 0.309132903814
37567 2 0.306023806334
83775 5 0.292503356934
73434 2 0.282552927732
72758 3 0.278434127569
2754 2 0.275755673647
50738 2 0.275022655725
74793 2 0.268884539604
47211 2 0.268675148487
60813 2 0.258849859238
3117 5 0.248270079494
41956 2 0.247551992536
4356 5 0.234814763069
33268 2 0.232891902328
654 2 0.231259390712
57449 5 0.214273244143
27125 5 0.211161062121
51404 2 0.209931656718
56223 2 0.204267024994
28709 2 0.189756095409
10181 3 0.184265866876
