634 1 0.999720513821
20917 1 0.998971104622
25872 1 0.998503446579
58500 1 0.997634887695
88783 1 0.997397065163
91210 1 0.997356057167
8692 1 0.996477067471
14082 4 0.994841277599
3160 1 0.994511842728
59721 1 0.994168162346
50546 4 0.993438065052
27028 1 0.99332100153
52262 4 0.993202567101
78322 1 0.992953836918
22177 4 0.992588639259
76572 1 0.99242413044
57243 1 0.992259681225
10153 1 0.990495920181
62894 1 0.990237057209
11801 4 0.98968142271
5356 1 0.989061236382
60763 4 0.988559663296
22247 1 0.988250732422
56888 1 0.986178994179
46201 1 0.983443081379
55623 4 0.982461512089
10038 1 0.98186224699
26790 1 0.98080933094
89443 1 0.980629086494
80608 1 0.980434894562
82160 4 0.979881644249
29398 4 0.979647517204
5661 1 0.979336082935
52350 1 0.979129552841
8518 4 0.977794229984
84797 1 0.977545797825
91277 4 0.977071464062
84960 4 0.9767177701
1913 4 0.976693212986
62181 4 0.976662933826
82299 1 0.975988566875
37761 1 0.975900769234
10306 4 0.973258435726
34665 4 0.972331166267
48117 4 0.972001135349
87308 1 0.971481621265
62098 4 0.970596373081
26715 1 0.97053539753
51074 4 0.969828486443
85006 4 0.969733178616
79503 4 0.969549715519
90352 4 0.967867553234
43256 1 0.966575622559
65433 4 0.966423392296
1958 1 0.966282308102
8680 1 0.965170860291
22239 1 0.964939534664
23701 1 0.964813768864
36052 1 0.964457452297
51192 4 0.96408945322
3706 1 0.963353633881
21924 1 0.963026285172
79094 1 0.962941586971
89191 4 0.962933659554
69181 1 0.961867928505
76866 4 0.96161621809
55134 1 0.961515367031
1321 4 0.96149969101
5384 1 0.961484074593
47717 4 0.960708498955
15302 1 0.960448801517
49084 1 0.959788620472
35410 1 0.959267795086
41789 1 0.95904147625
36888 1 0.95852804184
46565 1 0.957042336464
1919 4 0.955831885338
66592 1 0.954122841358
56049 1 0.954076945782
84730 1 0.953566670418
10307 4 0.953205108643
4331 1 0.953137636185
49832 1 0.952050805092
38955 1 0.952018797398
62216 4 0.951777517796
60907 1 0.951514720917
12810 1 0.95099067688
7243 1 0.950036108494
65577 4 0.949055433273
44020 1 0.948627948761
32110 4 0.947888433933
10397 4 0.947859108448
69665 1 0.947488427162
20045 4 0.945809721947
3527 1 0.945742487907
49018 1 0.944332003593
642 1 0.94429564476
53230 1 0.944034636021
50965 1 0.94351631403
81131 4 0.943342506886
25204 4 0.94315636158
91609 1 0.943154752254
8715 4 0.943080842495
4265 1 0.942806661129
16647 4 0.942748606205
52211 1 0.942402899265
74254 4 0.941711544991
25828 4 0.94081145525
49616 1 0.939578235149
12190 4 0.939082205296
65431 4 0.938245296478
19175 4 0.937215030193
65238 1 0.937016546726
62182 4 0.936610341072
45773 4 0.936543822289
15832 4 0.935755074024
31906 4 0.935611844063
88938 1 0.935381293297
71006 1 0.934402108192
42812 4 0.933575391769
9676 1 0.933341562748
40502 1 0.931363046169
64040 1 0.930554807186
10162 1 0.929172694683
17501 1 0.928557097912
36405 4 0.928416907787
19227 1 0.928366541862
26497 1 0.928260266781
48181 4 0.926014721394
67140 1 0.926010191441
20369 4 0.923506855965
55913 1 0.923221945763
41233 1 0.922774910927
5275 1 0.922606945038
36939 1 0.922151982784
70760 1 0.921453714371
70388 4 0.921396434307
73947 1 0.921031951904
20283 4 0.920927703381
46690 4 0.920659780502
42415 1 0.919161617756
16049 1 0.918388664722
4526 4 0.917281210423
1244 4 0.915141522884
10509 4 0.914629518986
28049 4 0.914334237576
50241 1 0.914091825485
32660 1 0.91380417347
60726 1 0.913346111774
85928 1 0.912656366825
48372 4 0.911388278008
6357 1 0.91078799963
62824 1 0.91039121151
35032 4 0.909508287907
48791 4 0.908925235271
17387 1 0.908386826515
25772 1 0.908295035362
21197 1 0.90818041563
88844 4 0.907762110233
2155 1 0.906325101852
74243 4 0.905324876308
84936 1 0.905202448368
20697 1 0.905138790607
19330 1 0.904817640781
13538 1 0.904815733433
5697 1 0.904545426369
68642 1 0.904411435127
78189 4 0.904349565506
43779 4 0.90362983942
325 1 0.903609216213
21852 1 0.902916193008
66772 4 0.902626752853
7699 1 0.901626229286
73337 1 0.90160804987
1420 4 0.901009678841
74246 4 0.900585472584
46007 1 0.900221705437
59841 1 0.899925589561
52508 4 0.899387001991
50190 1 0.898102104664
18652 1 0.897453844547
40156 1 0.896541953087
12234 4 0.895290136337
1610 4 0.89527130127
66282 1 0.895105004311
55507 4 0.894807636738
3090 1 0.894691407681
34090 1 0.893283963203
34116 4 0.893185675144
44676 1 0.890320241451
83806 4 0.890287160873
12463 1 0.889595866203
18460 1 0.889090418816
15614 1 0.888450622559
87910 4 0.88794618845
49274 1 0.886958777905
60803 1 0.886557579041
20713 1 0.885667979717
76861 1 0.885010719299
10511 4 0.884664773941
55668 1 0.884612441063
35795 1 0.883902549744
86133 1 0.883740305901
5475 1 0.882589936256
42227 4 0.882465183735
64186 1 0.881563663483
43610 1 0.881260275841
40127 4 0.881077051163
52507 4 0.879286408424
31204 1 0.878699839115
17333 1 0.878490030766
50090 1 0.877176403999
2364 1 0.876859068871
76717 1 0.876291513443
6572 4 0.876287043095
269 1 0.876008272171
68024 4 0.875630199909
72207 4 0.875536680222
31081 1 0.87552946806
841 1 0.875256299973
47024 1 0.875041127205
83997 4 0.873457193375
12657 1 0.873325645924
71321 4 0.873216927052
11143 1 0.872467279434
38120 1 0.871909737587
27691 1 0.871393144131
27578 1 0.871313929558
45875 1 0.870819151402
35668 1 0.870708107948
60088 1 0.87041592598
46526 1 0.870067536831
22257 1 0.86897456646
24100 4 0.867854714394
28634 1 0.867736756802
35197 1 0.865170121193
2973 1 0.865132451057
32622 4 0.865129351616
49161 1 0.864868402481
23001 4 0.86323428154
47349 1 0.863020479679
65390 7 0.862457931042
55877 1 0.861112713814
90633 1 0.859497487545
66591 1 0.858987390995
68907 4 0.857674837112
51581 4 0.857318460941
54489 1 0.856018066406
17774 1 0.855270087719
74068 1 0.854735374451
22583 1 0.854380905628
86818 1 0.852936923504
47569 4 0.852109372616
48702 4 0.851652264595
23399 1 0.850442528725
8105 1 0.846874833107
33695 4 0.846355259418
49556 4 0.844738304615
79467 1 0.844394803047
33326 4 0.843788266182
54305 1 0.843688488007
52820 1 0.843503296375
61241 4 0.840649843216
89667 1 0.840135216713
57650 7 0.839958369732
15916 1 0.838291943073
76575 1 0.837944865227
58781 4 0.837696075439
76196 4 0.837412834167
7750 1 0.837102353573
56890 1 0.835813820362
85153 1 0.835781216621
27250 4 0.834691166878
55218 1 0.833861649036
54560 1 0.831693172455
48719 4 0.831672310829
38227 1 0.831293046474
29149 7 0.82981210947
74340 4 0.829742491245
69938 1 0.829580962658
59280 1 0.828850388527
420 1 0.827075779438
3822 4 0.826794564724
40980 1 0.826628923416
81473 4 0.826504170895
6096 1 0.826271831989
69911 4 0.82602763176
44997 1 0.82549071312
8770 3 0.825298666954
38208 1 0.822708427906
77568 4 0.822424829006
629 1 0.822393774986
68555 4 0.821303844452
4841 1 0.820788383484
19747 1 0.820363163948
73338 1 0.820083737373
57739 1 0.819470703602
5398 4 0.819295763969
51507 4 0.818896532059
33097 4 0.818893015385
55578 1 0.818741381168
10432 1 0.818013727665
62554 1 0.813718616962
66567 1 0.813632190228
44361 1 0.812006235123
43067 1 0.809412121773
89444 1 0.809228599072
3821 4 0.809118330479
76958 4 0.808537185192
37173 4 0.807452380657
46747 1 0.80606585741
15471 4 0.805341601372
19759 1 0.804805696011
9462 1 0.803039669991
52353 1 0.802596211433
26137 4 0.800019860268
81742 4 0.799967706203
7539 1 0.799937188625
72198 1 0.798989772797
40390 4 0.798340022564
7628 4 0.797815680504
66956 1 0.796874463558
62682 1 0.796427607536
20746 1 0.795849561691
3534 4 0.795842707157
16093 1 0.79523307085
67849 4 0.794150590897
69817 1 0.793098926544
77992 1 0.792874336243
21635 4 0.791903614998
3856 4 0.791633725166
10166 1 0.791116893291
86336 1 0.789519309998
21851 7 0.789029061794
82922 4 0.784623384476
89177 1 0.783448040485
77331 1 0.78306299448
37843 1 0.781941175461
44713 4 0.779233813286
32044 1 0.778732895851
28388 1 0.778645992279
12300 1 0.778384745121
87612 1 0.777473092079
74303 1 0.777012586594
5932 1 0.776788830757
50257 4 0.776402771473
83955 4 0.776306867599
20206 1 0.776044368744
43464 4 0.775964021683
11462 1 0.774351716042
51065 4 0.774321258068
62056 1 0.774012923241
66010 1 0.771100997925
55884 1 0.771099984646
49044 4 0.763902068138
28616 1 0.763733148575
48689 1 0.763423860073
88137 1 0.761489212513
89337 4 0.76140409708
59004 1 0.76088732481
38938 1 0.760646402836
83491 3 0.760488927364
68660 1 0.758965015411
81757 7 0.756591200829
60937 4 0.75317043066
88914 4 0.752506136894
13122 4 0.75176769495
17284 4 0.75074750185
57882 3 0.750600457191
14744 4 0.749941706657
63110 1 0.749861955643
4679 1 0.749575197697
4429 4 0.749404013157
74755 1 0.749375402927
58784 1 0.749234139919
18571 1 0.746741712093
59516 4 0.74651157856
54976 1 0.745849967003
61727 1 0.74526399374
91113 4 0.743648290634
19589 1 0.743331491947
37928 1 0.742951273918
1914 4 0.742896676064
43202 1 0.740779519081
67029 1 0.740571916103
2163 4 0.740041792393
28799 1 0.738831758499
23374 4 0.738304376602
61250 1 0.735625684261
34792 1 0.734878957272
50967 1 0.73481118679
41755 1 0.734720528126
1499 1 0.734190404415
68520 1 0.734090983868
13611 1 0.73374158144
34601 1 0.732474863529
89585 3 0.73240095377
69802 4 0.731846988201
75966 1 0.730592131615
43041 1 0.730553209782
54468 1 0.729820370674
71962 1 0.729484915733
38382 1 0.728526592255
59029 1 0.728401780128
51784 1 0.727951824665
31175 4 0.727558255196
4173 4 0.72706925869
29687 4 0.726101219654
17180 4 0.726004302502
38247 1 0.724404275417
81153 1 0.722978234291
12557 1 0.722546815872
67504 3 0.722435235977
16301 1 0.721077680588
24135 1 0.720740795135
52357 1 0.720616996288
44268 1 0.72023588419
29853 1 0.719693183899
40405 1 0.718844890594
66444 1 0.718685925007
342 4 0.718548715115
74777 3 0.718203186989
2067 1 0.715964078903
61751 4 0.71533447504
23999 1 0.714241564274
1526 4 0.714042901993
68717 1 0.713974356651
58062 1 0.713745594025
25168 4 0.713030517101
5248 1 0.711939156055
6971 2 0.711221635342
2356 1 0.710576176643
34256 1 0.710229873657
19655 1 0.710017561913
48575 1 0.709500193596
30298 1 0.709089756012
9763 1 0.708598911762
9425 4 0.708308815956
37430 1 0.708301723003
40227 3 0.708029031754
45933 4 0.707128345966
83506 1 0.706872165203
5563 1 0.706458210945
89000 1 0.706379950047
3297 1 0.705944299698
4294 4 0.704878509045
4095 1 0.703093469143
18998 1 0.702984929085
63952 1 0.70269292593
46745 1 0.701064825058
51715 1 0.699934780598
57651 1 0.699880599976
18219 1 0.6974375844
47714 1 0.697187185287
3226 1 0.697096586227
33696 1 0.696056485176
68156 4 0.695205271244
54712 4 0.695056736469
5558 1 0.69377219677
90061 1 0.693503916264
64637 3 0.693187832832
42426 1 0.691635668278
69751 1 0.691421449184
84222 1 0.690716862679
11595 1 0.690361559391
23356 1 0.689961194992
78402 4 0.689804017544
87109 1 0.688996136189
432 1 0.688466310501
88606 4 0.688199818134
53930 1 0.685661196709
66711 1 0.685550808907
38509 1 0.685449779034
59672 1 0.685113489628
34458 7 0.684424877167
12980 4 0.68442094326
19082 4 0.683843851089
28451 1 0.68361723423
90018 1 0.682434141636
91627 1 0.681536793709
63018 4 0.68039304018
53240 4 0.67876881361
88735 4 0.67823946476
42022 1 0.677014768124
51218 1 0.676932692528
11123 3 0.674104332924
11509 4 0.673481881618
83301 1 0.67089176178
64789 1 0.668391048908
76245 1 0.668094694614
55755 1 0.668011009693
37360 4 0.667779624462
83903 4 0.667431592941
7307 1 0.667163252831
67141 1 0.66598212719
32886 1 0.665696680546
3366 4 0.665053009987
83934 1 0.663430452347
3754 4 0.66201364994
48720 4 0.661269962788
91626 10 0.659813463688
49076 1 0.65980899334
56386 4 0.658784151077
30336 4 0.656483948231
480 1 0.655436217785
10164 1 0.654862701893
77983 4 0.653229236603
1419 4 0.651815116405
33904 1 0.650742471218
27951 4 0.650168776512
29440 4 0.650081217289
64010 1 0.649841666222
29148 1 0.648682117462
51404 6 0.646746098995
13027 1 0.645949780941
73689 4 0.645291030407
51875 1 0.644774377346
15326 1 0.642920732498
24146 1 0.642533242702
68911 4 0.64211833477
6578 4 0.63988751173
38094 1 0.63972222805
76074 4 0.639489173889
10345 4 0.639371454716
42531 1 0.638244569302
50349 1 0.638101994991
32859 1 0.637388169765
5914 1 0.635948479176
53396 1 0.635125279427
64638 1 0.635034501553
78009 1 0.634392440319
54 1 0.634187281132
51124 1 0.633482694626
52821 7 0.632233321667
91062 2 0.630377590656
14156 1 0.629627227783
55446 1 0.629535973072
73632 1 0.629323244095
57306 1 0.629117190838
34004 1 0.628733098507
84875 1 0.628053188324
20501 1 0.627990603447
89196 4 0.627272367477
90399 4 0.626975417137
5700 1 0.626255631447
63133 1 0.625815570354
45121 1 0.625676810741
73431 4 0.625365197659
61513 1 0.625334262848
45577 1 0.624854683876
4297 1 0.623847723007
4599 1 0.623701095581
27668 6 0.623669862747
30230 4 0.622808873653
45178 4 0.621815502644
76635 1 0.619359016418
61917 1 0.61932104826
52852 4 0.618412733078
77523 6 0.617847561836
9327 4 0.61768746376
50687 4 0.61632412672
5476 1 0.615572988987
70274 1 0.615401923656
16461 4 0.615113198757
62552 1 0.61473596096
48162 1 0.614728391171
88037 4 0.614382624626
52402 4 0.612059950829
9371 4 0.612009704113
60218 1 0.610535681248
57463 1 0.609630703926
66491 4 0.607731878757
30179 1 0.607666492462
55481 1 0.607338964939
12543 1 0.606769382954
38092 1 0.605961322784
67627 1 0.60498893261
84368 4 0.604497909546
44620 1 0.604184985161
39382 4 0.60405766964
20459 1 0.603096544743
50 4 0.602022230625
67394 1 0.599517762661
10527 4 0.598330259323
46536 4 0.597896397114
61312 4 0.597837269306
71952 1 0.596733689308
87067 1 0.596420645714
85306 1 0.595891654491
62379 4 0.595196068287
37509 1 0.594829559326
75664 1 0.594400703907
67112 4 0.594246208668
18138 1 0.592924773693
43077 1 0.592498540878
56566 4 0.591820061207
11698 4 0.590437889099
6552 4 0.590080320835
23507 4 0.587387740612
76910 4 0.585122287273
79092 1 0.583649158478
42082 4 0.583450555801
23150 1 0.583275675774
45529 1 0.582733631134
1852 1 0.582652807236
23003 1 0.581771731377
84887 3 0.581630706787
6710 1 0.581606805325
21956 1 0.581519365311
88658 1 0.581449151039
38804 4 0.581363320351
88646 3 0.580169558525
4447 10 0.580153763294
30471 1 0.579927206039
70885 4 0.579721808434
51754 1 0.578684866428
5523 1 0.577866017818
31624 1 0.577399134636
12314 4 0.575581789017
24177 1 0.574779629707
66030 1 0.574676156044
85896 1 0.574510455132
87927 1 0.572743594646
34674 4 0.571927964687
9460 1 0.571150898933
76606 1 0.571061015129
26145 1 0.570582091808
38798 4 0.569756984711
9210 1 0.568714618683
33943 1 0.568638503551
42763 4 0.567024588585
5784 7 0.56641548872
48908 1 0.566004157066
61802 1 0.565816044807
91035 4 0.565810382366
22043 1 0.56580299139
58158 4 0.565097570419
32913 1 0.565007269382
83262 3 0.564628362656
17091 2 0.564584076405
20804 1 0.564563512802
88260 4 0.564493000507
10812 4 0.563484370708
8779 3 0.561796784401
44892 1 0.561347544193
5913 1 0.56097215414
43080 10 0.560121655464
47043 4 0.559469819069
9041 1 0.559338927269
27041 1 0.559193074703
42594 1 0.558732748032
5795 1 0.558654904366
3409 1 0.557886064053
60801 3 0.556921303272
6652 4 0.555870950222
654 6 0.555243253708
62168 4 0.55503231287
44905 1 0.554552853107
59442 2 0.553993105888
64013 1 0.553125619888
82879 1 0.551889121532
91230 1 0.551189959049
22198 2 0.550686836243
8294 4 0.549852013588
56913 2 0.548916459084
60813 6 0.548783004284
42978 4 0.548485815525
88728 4 0.5479170084
87338 1 0.546678721905
7537 1 0.546399712563
76714 1 0.546245753765
55166 1 0.545130372047
78566 3 0.544921576977
16004 2 0.544884800911
78835 1 0.544740974903
57661 1 0.54405605793
12474 4 0.543456912041
84940 1 0.541237413883
46551 1 0.541104078293
67478 1 0.540947079659
34156 1 0.540456414223
90510 1 0.540366470814
24380 4 0.540037572384
80969 1 0.538542211056
38380 1 0.537848293781
45153 4 0.53764295578
20213 1 0.537406146526
16910 4 0.537065625191
2754 6 0.536537766457
7675 4 0.535633981228
33207 6 0.534678161144
25820 4 0.534465253353
88379 1 0.533458948135
90607 1 0.532411575317
80122 4 0.531643152237
50492 1 0.531412303448
27051 4 0.530738651752
10684 5 0.530513942242
10137 10 0.530375599861
12051 4 0.530355393887
17634 4 0.529735982418
17436 1 0.529577732086
69801 4 0.528457522392
76967 4 0.528439581394
50738 6 0.527092516422
62578 1 0.526406168938
18914 1 0.524070799351
71726 1 0.523654937744
1959 1 0.523331999779
1879 4 0.522718667984
10956 1 0.522505879402
33576 4 0.521973371506
46568 1 0.521702706814
33782 1 0.521278560162
9555 10 0.521274626255
24751 4 0.519567191601
4880 1 0.519356310368
87366 1 0.518889307976
38718 1 0.518791973591
78482 3 0.51851016283
8162 1 0.518501400948
88902 1 0.517971873283
31584 1 0.517831146717
70281 1 0.517427742481
30194 1 0.516454815865
20156 1 0.516343057156
67184 1 0.516092598438
45646 4 0.515115201473
88115 1 0.514790654182
71975 4 0.514142930508
8374 6 0.51239579916
77293 4 0.510993719101
8762 2 0.510589957237
83595 4 0.510450959206
21659 1 0.510408103466
63167 1 0.50977563858
37927 5 0.509255826473
43887 1 0.508585512638
28736 1 0.507640957832
57759 4 0.505977630615
24163 1 0.505404531956
62213 1 0.505215466022
84620 1 0.504585802555
66441 1 0.504268050194
56223 6 0.504187047482
5144 3 0.503617763519
46209 4 0.503076076508
6451 4 0.502711415291
65467 4 0.502396047115
56047 1 0.502257943153
76718 7 0.501660168171
11152 2 0.501380085945
67918 3 0.500812888145
23869 4 0.500609636307
18109 7 0.500388860703
67139 1 0.500242829323
64546 1 0.500054180622
54278 2 0.499976813793
82079 6 0.499645829201
7977 1 0.499355733395
22761 1 0.499221235514
33107 1 0.498777538538
87340 8 0.498601615429
17386 1 0.498438358307
16945 2 0.497219979763
3690 1 0.496782749891
89605 4 0.496642529964
77320 1 0.496573716402
41350 4 0.496488183737
50486 8 0.496190994978
86982 1 0.496150553226
650 4 0.496072858572
83807 1 0.495125472546
18202 4 0.493553966284
59553 4 0.493151694536
37167 2 0.492905169725
62683 1 0.49144756794
86721 4 0.491192162037
39029 1 0.490784704685
25829 4 0.490188747644
6973 2 0.489570647478
29997 4 0.48743930459
34381 4 0.485104471445
899 1 0.482798427343
17358 4 0.481709778309
69803 4 0.479915887117
42424 1 0.479036211967
47933 4 0.478839337826
22774 6 0.478536278009
56310 4 0.478051185608
30927 1 0.47749209404
62518 3 0.47706630826
63589 4 0.476917624474
3117 6 0.473311990499
66771 10 0.472624957561
4391 2 0.472450882196
82750 4 0.47175475955
87013 3 0.471111059189
62556 7 0.468190938234
13313 4 0.467538267374
78878 5 0.465901553631
82915 4 0.461665391922
70185 2 0.458391875029
45169 2 0.457274377346
68313 2 0.456338912249
44993 2 0.455242455006
34367 3 0.454428970814
51621 3 0.45167350769
42038 6 0.450403809547
79593 5 0.449169754982
29832 5 0.448517471552
39383 4 0.447091847658
45532 4 0.445321440697
39181 1 0.443180680275
15488 10 0.442876845598
44223 3 0.440702348948
14021 2 0.439246952534
33308 7 0.438854545355
4179 4 0.438183188438
76235 4 0.437751621008
2350 2 0.436383992434
51552 4 0.4359395504
1003 4 0.434760093689
728 2 0.433737456799
91112 4 0.432569116354
34729 2 0.431209892035
7654 5 0.429893702269
55970 1 0.427758991718
31738 3 0.420907527208
20745 2 0.418824106455
34373 2 0.418413043022
62517 3 0.418138056993
791 5 0.416858226061
45924 2 0.414758265018
12705 5 0.412454426289
9510 6 0.412443608046
49199 3 0.411595672369
57726 4 0.41065326333
10238 5 0.407108843327
40140 2 0.405454427004
35411 4 0.403103470802
91635 5 0.401636391878
33441 5 0.401560276747
6709 2 0.39909902215
26164 6 0.398810088634
44329 5 0.39649310708
26143 2 0.396145403385
74793 5 0.395513087511
22176 10 0.394656538963
48362 4 0.393642365932
32651 4 0.392313927412
72574 5 0.392164885998
90632 1 0.391700744629
76765 4 0.391473263502
5944 6 0.389752805233
67934 5 0.388588726521
47867 6 0.388543605804
61213 5 0.386507749557
29277 4 0.383957654238
67880 2 0.38102003932
83505 5 0.380666822195
79594 5 0.38010969758
41260 2 0.37819224596
80988 2 0.377982199192
21086 4 0.37741419673
39180 8 0.377074480057
68488 7 0.376739412546
25669 2 0.37586542964
68583 5 0.374418020248
5654 5 0.373998373747
56922 4 0.371814608574
10181 6 0.371085852385
72758 4 0.369279146194
83775 5 0.368484646082
27125 5 0.364726960659
12547 2 0.362312734127
39582 3 0.361931055784
4355 2 0.361490279436
58874 3 0.357544362545
73473 3 0.356924831867
17258 3 0.353174269199
4356 5 0.342075556517
16534 1 0.341369509697
79107 4 0.338851511478
41956 2 0.338443934917
72584 5 0.338414490223
83982 3 0.338200777769
50352 4 0.337302565575
47871 6 0.337041914463
47042 2 0.3364585042
83582 4 0.332840710878
57449 5 0.332315981388
73421 5 0.332268178463
77315 9 0.330057859421
67870 2 0.327071160078
58083 4 0.325561344624
33268 4 0.314839810133
54519 4 0.314113914967
54555 3 0.312594473362
84447 5 0.311958193779
29841 5 0.309197187424
23492 8 0.308494091034
28709 5 0.308113634586
73434 5 0.307197451591
23945 2 0.306693613529
73474 3 0.305991977453
43175 5 0.304859608412
31709 5 0.301321387291
18231 5 0.295039921999
4416 6 0.294189333916
75740 5 0.292983353138
42425 1 0.281304359436
47211 2 0.280801385641
18753 5 0.280430287123
3720 3 0.278809994459
90558 3 0.275121986866
71938 2 0.274410516024
73509 1 0.271122395992
17280 3 0.269787341356
82856 2 0.263038903475
17764 3 0.25975728035
65527 7 0.258596479893
5897 2 0.243805751204
84493 3 0.239050745964
16919 4 0.235846072435
87349 4 0.235381871462
80955 6 0.223242327571
18428 5 0.219566851854
71747 5 0.215362846851
28621 9 0.207522600889
72018 5 0.206080287695
57737 9 0.198002338409
59770 5 0.193448007107
21348 5 0.193000003695
83964 4 0.191655486822
66695 5 0.189812168479
75956 5 0.167198196054
67255 4 0.150590002537
9814 5 0.146450832486
