1.0 0.0
0.0 0.0
0.5 0.000577367205543
0.666666666667 0.00115473441109
0.75 0.00173210161663
0.8 0.00230946882217
0.666666666667 0.00230946882217
0.714285714286 0.00288683602771
0.625 0.00288683602771
0.666666666667 0.00346420323326
0.7 0.0040415704388
0.727272727273 0.00461893764434
0.75 0.00519630484988
0.769230769231 0.00577367205543
0.785714285714 0.00635103926097
0.8 0.00692840646651
0.8125 0.00750577367206
0.823529411765 0.0080831408776
0.833333333333 0.00866050808314
0.842105263158 0.00923787528868
0.85 0.00981524249423
0.809523809524 0.00981524249423
0.818181818182 0.0103926096998
0.826086956522 0.0109699769053
0.833333333333 0.0115473441109
0.84 0.0121247113164
0.807692307692 0.0121247113164
0.814814814815 0.0127020785219
0.821428571429 0.0132794457275
0.793103448276 0.0132794457275
0.8 0.013856812933
0.806451612903 0.0144341801386
0.78125 0.0144341801386
0.757575757576 0.0144341801386
0.764705882353 0.0150115473441
0.742857142857 0.0150115473441
0.722222222222 0.0150115473441
0.72972972973 0.0155889145497
0.736842105263 0.0161662817552
0.74358974359 0.0167436489607
0.725 0.0167436489607
0.731707317073 0.0173210161663
0.738095238095 0.0178983833718
0.744186046512 0.0184757505774
0.727272727273 0.0184757505774
0.733333333333 0.0190531177829
0.739130434783 0.0196304849885
0.744680851064 0.020207852194
0.729166666667 0.020207852194
0.734693877551 0.0207852193995
0.72 0.0207852193995
0.705882352941 0.0207852193995
0.711538461538 0.0213625866051
0.716981132075 0.0219399538106
0.703703703704 0.0219399538106
0.709090909091 0.0225173210162
0.714285714286 0.0230946882217
0.719298245614 0.0236720554273
0.724137931034 0.0242494226328
0.728813559322 0.0248267898383
0.733333333333 0.0254041570439
0.72131147541 0.0254041570439
0.725806451613 0.0259815242494
0.730158730159 0.026558891455
0.734375 0.0271362586605
0.738461538462 0.0277136258661
0.727272727273 0.0277136258661
0.716417910448 0.0277136258661
0.720588235294 0.0282909930716
0.710144927536 0.0282909930716
0.714285714286 0.0288683602771
0.704225352113 0.0288683602771
0.708333333333 0.0294457274827
0.698630136986 0.0294457274827
0.689189189189 0.0294457274827
0.68 0.0294457274827
0.671052631579 0.0294457274827
0.662337662338 0.0294457274827
0.653846153846 0.0294457274827
0.658227848101 0.0300230946882
0.6625 0.0306004618938
0.666666666667 0.0311778290993
0.658536585366 0.0311778290993
0.66265060241 0.0317551963048
0.666666666667 0.0323325635104
0.670588235294 0.0329099307159
0.674418604651 0.0334872979215
0.67816091954 0.034064665127
0.681818181818 0.0346420323326
0.685393258427 0.0352193995381
0.677777777778 0.0352193995381
0.681318681319 0.0357967667436
0.684782608696 0.0363741339492
0.677419354839 0.0363741339492
0.68085106383 0.0369515011547
0.673684210526 0.0369515011547
0.666666666667 0.0369515011547
0.659793814433 0.0369515011547
0.663265306122 0.0375288683603
0.666666666667 0.0381062355658
0.66 0.0381062355658
0.653465346535 0.0381062355658
0.656862745098 0.0386836027714
0.650485436893 0.0386836027714
0.644230769231 0.0386836027714
0.647619047619 0.0392609699769
0.650943396226 0.0398383371824
0.654205607477 0.040415704388
0.657407407407 0.0409930715935
0.651376146789 0.0409930715935
0.654545454545 0.0415704387991
0.657657657658 0.0421478060046
0.651785714286 0.0421478060046
0.646017699115 0.0421478060046
0.640350877193 0.0421478060046
0.64347826087 0.0427251732102
0.637931034483 0.0427251732102
0.641025641026 0.0433025404157
0.635593220339 0.0433025404157
0.638655462185 0.0438799076212
0.641666666667 0.0444572748268
0.644628099174 0.0450346420323
0.647540983607 0.0456120092379
0.642276422764 0.0456120092379
0.645161290323 0.0461893764434
0.64 0.0461893764434
0.634920634921 0.0461893764434
0.629921259843 0.0461893764434
0.625 0.0461893764434
0.62015503876 0.0461893764434
0.623076923077 0.046766743649
0.618320610687 0.046766743649
0.621212121212 0.0473441108545
0.624060150376 0.04792147806
0.626865671642 0.0484988452656
0.622222222222 0.0484988452656
0.617647058824 0.0484988452656
0.613138686131 0.0484988452656
0.615942028986 0.0490762124711
0.611510791367 0.0490762124711
0.614285714286 0.0496535796767
0.617021276596 0.0502309468822
0.612676056338 0.0502309468822
0.608391608392 0.0502309468822
0.604166666667 0.0502309468822
0.606896551724 0.0508083140878
0.602739726027 0.0508083140878
0.605442176871 0.0513856812933
0.601351351351 0.0513856812933
0.604026845638 0.0519630484988
0.6 0.0519630484988
0.602649006623 0.0525404157044
0.598684210526 0.0525404157044
0.601307189542 0.0531177829099
0.603896103896 0.0536951501155
0.6 0.0536951501155
0.602564102564 0.054272517321
0.59872611465 0.054272517321
0.594936708861 0.054272517321
0.591194968553 0.054272517321
0.59375 0.0548498845266
0.596273291925 0.0554272517321
0.598765432099 0.0560046189376
0.59509202454 0.0560046189376
0.59756097561 0.0565819861432
0.593939393939 0.0565819861432
0.590361445783 0.0565819861432
0.586826347305 0.0565819861432
0.589285714286 0.0571593533487
0.585798816568 0.0571593533487
0.588235294118 0.0577367205543
0.584795321637 0.0577367205543
0.581395348837 0.0577367205543
0.578034682081 0.0577367205543
0.580459770115 0.0583140877598
0.582857142857 0.0588914549654
0.579545454545 0.0588914549654
0.576271186441 0.0588914549654
0.578651685393 0.0594688221709
0.575418994413 0.0594688221709
0.572222222222 0.0594688221709
0.574585635359 0.0600461893764
0.576923076923 0.060623556582
0.579234972678 0.0612009237875
0.576086956522 0.0612009237875
0.572972972973 0.0612009237875
0.569892473118 0.0612009237875
0.566844919786 0.0612009237875
0.56914893617 0.0617782909931
0.571428571429 0.0623556581986
0.573684210526 0.0629330254042
0.570680628272 0.0629330254042
0.572916666667 0.0635103926097
0.575129533679 0.0640877598152
0.577319587629 0.0646651270208
0.579487179487 0.0652424942263
0.581632653061 0.0658198614319
0.583756345178 0.0663972286374
0.585858585859 0.066974595843
0.582914572864 0.066974595843
0.58 0.066974595843
0.577114427861 0.066974595843
0.574257425743 0.066974595843
0.571428571429 0.066974595843
0.56862745098 0.066974595843
0.565853658537 0.066974595843
0.563106796117 0.066974595843
0.56038647343 0.066974595843
0.557692307692 0.066974595843
0.555023923445 0.066974595843
0.557142857143 0.0675519630485
0.554502369668 0.0675519630485
0.551886792453 0.0675519630485
0.549295774648 0.0675519630485
0.546728971963 0.0675519630485
0.544186046512 0.0675519630485
0.541666666667 0.0675519630485
0.543778801843 0.068129330254
0.545871559633 0.0687066974596
0.543378995434 0.0687066974596
0.545454545455 0.0692840646651
0.547511312217 0.0698614318707
0.54954954955 0.0704387990762
0.551569506726 0.0710161662818
0.553571428571 0.0715935334873
0.555555555556 0.0721709006928
0.553097345133 0.0721709006928
0.555066079295 0.0727482678984
0.552631578947 0.0727482678984
0.554585152838 0.0733256351039
0.552173913043 0.0733256351039
0.554112554113 0.0739030023095
0.551724137931 0.0739030023095
0.55364806867 0.074480369515
0.555555555556 0.0750577367206
0.557446808511 0.0756351039261
0.559322033898 0.0762124711316
0.561181434599 0.0767898383372
0.558823529412 0.0767898383372
0.560669456067 0.0773672055427
0.5625 0.0779445727483
0.564315352697 0.0785219399538
0.566115702479 0.0790993071594
0.56378600823 0.0790993071594
0.565573770492 0.0796766743649
0.563265306122 0.0796766743649
0.565040650407 0.0802540415704
0.562753036437 0.0802540415704
0.564516129032 0.080831408776
0.566265060241 0.0814087759815
0.568 0.0819861431871
0.569721115538 0.0825635103926
0.571428571429 0.0831408775982
0.573122529644 0.0837182448037
0.570866141732 0.0837182448037
0.572549019608 0.0842956120092
0.5703125 0.0842956120092
0.571984435798 0.0848729792148
0.56976744186 0.0848729792148
0.567567567568 0.0848729792148
0.569230769231 0.0854503464203
0.567049808429 0.0854503464203
0.564885496183 0.0854503464203
0.562737642586 0.0854503464203
0.560606060606 0.0854503464203
0.562264150943 0.0860277136259
0.56015037594 0.0860277136259
0.558052434457 0.0860277136259
0.559701492537 0.0866050808314
0.557620817844 0.0866050808314
0.555555555556 0.0866050808314
0.553505535055 0.0866050808314
0.551470588235 0.0866050808314
0.549450549451 0.0866050808314
0.547445255474 0.0866050808314
0.545454545455 0.0866050808314
0.547101449275 0.087182448037
0.545126353791 0.087182448037
0.543165467626 0.087182448037
0.541218637993 0.087182448037
0.539285714286 0.087182448037
0.540925266904 0.0877598152425
0.539007092199 0.0877598152425
0.537102473498 0.0877598152425
0.535211267606 0.0877598152425
0.536842105263 0.088337182448
0.534965034965 0.088337182448
0.533101045296 0.088337182448
0.534722222222 0.0889145496536
0.532871972318 0.0889145496536
0.531034482759 0.0889145496536
0.529209621993 0.0889145496536
0.527397260274 0.0889145496536
0.529010238908 0.0894919168591
0.527210884354 0.0894919168591
0.525423728814 0.0894919168591
0.523648648649 0.0894919168591
0.521885521886 0.0894919168591
0.520134228188 0.0894919168591
0.521739130435 0.0900692840647
0.523333333333 0.0906466512702
0.521594684385 0.0906466512702
0.523178807947 0.0912240184758
0.521452145215 0.0912240184758
0.519736842105 0.0912240184758
0.518032786885 0.0912240184758
0.519607843137 0.0918013856813
0.521172638436 0.0923787528868
0.522727272727 0.0929561200924
0.521035598706 0.0929561200924
0.51935483871 0.0929561200924
0.51768488746 0.0929561200924
0.516025641026 0.0929561200924
0.517571884984 0.0935334872979
0.519108280255 0.0941108545035
0.51746031746 0.0941108545035
0.51582278481 0.0941108545035
0.517350157729 0.094688221709
0.51572327044 0.094688221709
0.51724137931 0.0952655889145
0.51875 0.0958429561201
0.520249221184 0.0964203233256
0.521739130435 0.0969976905312
0.523219814241 0.0975750577367
0.521604938272 0.0975750577367
0.523076923077 0.0981524249423
0.524539877301 0.0987297921478
0.522935779817 0.0987297921478
0.521341463415 0.0987297921478
0.519756838906 0.0987297921478
0.518181818182 0.0987297921478
0.516616314199 0.0987297921478
0.515060240964 0.0987297921478
0.516516516517 0.0993071593533
0.51497005988 0.0993071593533
0.513432835821 0.0993071593533
0.511904761905 0.0993071593533
0.513353115727 0.0998845265589
0.511834319527 0.0998845265589
0.510324483776 0.0998845265589
0.511764705882 0.100461893764
0.510263929619 0.100461893764
0.508771929825 0.100461893764
0.507288629738 0.100461893764
0.505813953488 0.100461893764
0.507246376812 0.10103926097
0.508670520231 0.101616628176
0.507204610951 0.101616628176
0.505747126437 0.101616628176
0.504297994269 0.101616628176
0.502857142857 0.101616628176
0.501424501425 0.101616628176
0.502840909091 0.102193995381
0.504249291785 0.102771362587
0.502824858757 0.102771362587
0.504225352113 0.103348729792
0.505617977528 0.103926096998
0.504201680672 0.103926096998
0.502793296089 0.103926096998
0.504178272981 0.104503464203
0.502777777778 0.104503464203
0.501385041551 0.104503464203
0.5 0.104503464203
0.498622589532 0.104503464203
0.497252747253 0.104503464203
0.498630136986 0.105080831409
0.497267759563 0.105080831409
0.49591280654 0.105080831409
0.494565217391 0.105080831409
0.493224932249 0.105080831409
0.494594594595 0.105658198614
0.493261455526 0.105658198614
0.491935483871 0.105658198614
0.493297587131 0.10623556582
0.491978609626 0.10623556582
0.493333333333 0.106812933025
0.492021276596 0.106812933025
0.493368700265 0.107390300231
0.492063492063 0.107390300231
0.490765171504 0.107390300231
0.492105263158 0.107967667436
0.49343832021 0.108545034642
0.494764397906 0.109122401848
0.493472584856 0.109122401848
0.4921875 0.109122401848
0.490909090909 0.109122401848
0.492227979275 0.109699769053
0.490956072351 0.109699769053
0.492268041237 0.110277136259
0.491002570694 0.110277136259
0.492307692308 0.110854503464
0.49104859335 0.110854503464
0.489795918367 0.110854503464
0.488549618321 0.110854503464
0.489847715736 0.11143187067
0.491139240506 0.112009237875
0.489898989899 0.112009237875
0.491183879093 0.112586605081
0.489949748744 0.112586605081
0.491228070175 0.113163972286
0.4925 0.113741339492
0.491271820449 0.113741339492
0.492537313433 0.114318706697
0.493796526055 0.114896073903
0.49504950495 0.115473441109
0.496296296296 0.116050808314
0.495073891626 0.116050808314
0.496314496314 0.11662817552
0.495098039216 0.11662817552
0.496332518337 0.117205542725
0.49512195122 0.117205542725
0.493917274939 0.117205542725
0.495145631068 0.117782909931
0.496368038741 0.118360277136
0.495169082126 0.118360277136
0.496385542169 0.118937644342
0.495192307692 0.118937644342
0.496402877698 0.119515011547
0.497607655502 0.120092378753
0.496420047733 0.120092378753
0.495238095238 0.120092378753
0.49406175772 0.120092378753
0.495260663507 0.120669745958
0.494089834515 0.120669745958
0.492924528302 0.120669745958
0.494117647059 0.121247113164
0.495305164319 0.12182448037
0.494145199063 0.12182448037
0.492990654206 0.12182448037
0.494172494172 0.122401847575
0.495348837209 0.122979214781
0.494199535963 0.122979214781
0.493055555556 0.122979214781
0.491916859122 0.122979214781
0.493087557604 0.123556581986
0.491954022989 0.123556581986
0.490825688073 0.123556581986
0.491990846682 0.124133949192
0.490867579909 0.124133949192
0.489749430524 0.124133949192
0.488636363636 0.124133949192
0.487528344671 0.124133949192
0.486425339367 0.124133949192
0.48532731377 0.124133949192
0.484234234234 0.124133949192
0.483146067416 0.124133949192
0.484304932735 0.124711316397
0.485458612975 0.125288683603
0.486607142857 0.125866050808
0.485523385301 0.125866050808
0.484444444444 0.125866050808
0.483370288248 0.125866050808
0.482300884956 0.125866050808
0.483443708609 0.126443418014
0.482378854626 0.126443418014
0.481318681319 0.126443418014
0.480263157895 0.126443418014
0.479212253829 0.126443418014
0.480349344978 0.127020785219
0.481481481481 0.127598152425
0.480434782609 0.127598152425
0.479392624729 0.127598152425
0.478354978355 0.127598152425
0.479481641469 0.12817551963
0.478448275862 0.12817551963
0.477419354839 0.12817551963
0.478540772532 0.128752886836
0.477516059957 0.128752886836
0.476495726496 0.128752886836
0.475479744136 0.128752886836
0.474468085106 0.128752886836
0.473460721868 0.128752886836
0.474576271186 0.129330254042
0.475687103594 0.129907621247
0.474683544304 0.129907621247
0.475789473684 0.130484988453
0.474789915966 0.130484988453
0.475890985325 0.131062355658
0.47489539749 0.131062355658
0.475991649269 0.131639722864
0.477083333333 0.132217090069
0.476091476091 0.132217090069
0.477178423237 0.132794457275
0.47619047619 0.132794457275
0.477272727273 0.13337182448
0.476288659794 0.13337182448
0.475308641975 0.13337182448
0.474332648871 0.13337182448
0.475409836066 0.133949191686
0.474437627812 0.133949191686
0.475510204082 0.134526558891
0.474541751527 0.134526558891
0.473577235772 0.134526558891
0.47261663286 0.134526558891
0.471659919028 0.134526558891
0.472727272727 0.135103926097
0.471774193548 0.135103926097
0.470824949698 0.135103926097
0.469879518072 0.135103926097
0.468937875752 0.135103926097
0.468 0.135103926097
0.467065868263 0.135103926097
0.466135458167 0.135103926097
0.467196819085 0.135681293303
0.46626984127 0.135681293303
0.465346534653 0.135681293303
0.46442687747 0.135681293303
0.463510848126 0.135681293303
0.462598425197 0.135681293303
0.461689587426 0.135681293303
0.460784313725 0.135681293303
0.461839530333 0.136258660508
0.4609375 0.136258660508
0.461988304094 0.136836027714
0.461089494163 0.136836027714
0.460194174757 0.136836027714
0.459302325581 0.136836027714
0.460348162476 0.137413394919
0.46138996139 0.137990762125
0.460500963391 0.137990762125
0.459615384615 0.137990762125
0.458733205374 0.137990762125
0.45785440613 0.137990762125
0.456978967495 0.137990762125
0.458015267176 0.13856812933
0.459047619048 0.139145496536
0.458174904943 0.139145496536
0.459203036053 0.139722863741
0.458333333333 0.139722863741
0.457466918715 0.139722863741
0.456603773585 0.139722863741
0.457627118644 0.140300230947
0.458646616541 0.140877598152
0.459662288931 0.141454965358
0.458801498127 0.141454965358
0.457943925234 0.141454965358
0.458955223881 0.142032332564
0.458100558659 0.142032332564
0.457249070632 0.142032332564
0.456400742115 0.142032332564
0.455555555556 0.142032332564
0.45471349353 0.142032332564
0.453874538745 0.142032332564
0.453038674033 0.142032332564
0.452205882353 0.142032332564
0.451376146789 0.142032332564
0.450549450549 0.142032332564
0.45155393053 0.142609699769
0.452554744526 0.143187066975
0.451730418944 0.143187066975
0.452727272727 0.14376443418
0.451905626134 0.14376443418
0.451086956522 0.14376443418
0.45027124774 0.14376443418
0.449458483755 0.14376443418
0.448648648649 0.14376443418
0.44964028777 0.144341801386
0.448833034111 0.144341801386
0.44982078853 0.144919168591
0.449016100179 0.144919168591
0.45 0.145496535797
0.450980392157 0.146073903002
0.450177935943 0.146073903002
0.449378330373 0.146073903002
0.450354609929 0.146651270208
0.451327433628 0.147228637413
0.450530035336 0.147228637413
0.451499118166 0.147806004619
0.452464788732 0.148383371824
0.451669595782 0.148383371824
0.452631578947 0.14896073903
0.453590192644 0.149538106236
0.452797202797 0.149538106236
0.452006980803 0.149538106236
0.452961672474 0.150115473441
0.452173913043 0.150115473441
0.451388888889 0.150115473441
0.452339688042 0.150692840647
0.451557093426 0.150692840647
0.452504317789 0.151270207852
0.451724137931 0.151270207852
0.450946643718 0.151270207852
0.451890034364 0.151847575058
0.451114922813 0.151847575058
0.452054794521 0.152424942263
0.451282051282 0.152424942263
0.450511945392 0.152424942263
0.449744463373 0.152424942263
0.448979591837 0.152424942263
0.448217317487 0.152424942263
0.447457627119 0.152424942263
0.446700507614 0.152424942263
0.445945945946 0.152424942263
0.445193929174 0.152424942263
0.444444444444 0.152424942263
0.443697478992 0.152424942263
0.442953020134 0.152424942263
0.443886097152 0.153002309469
0.443143812709 0.153002309469
0.44407345576 0.153579676674
0.445 0.15415704388
0.445923460899 0.154734411085
0.445182724252 0.154734411085
0.444444444444 0.154734411085
0.445364238411 0.155311778291
0.444628099174 0.155311778291
0.443894389439 0.155311778291
0.444810543657 0.155889145497
0.444078947368 0.155889145497
0.443349753695 0.155889145497
0.44262295082 0.155889145497
0.441898527005 0.155889145497
0.441176470588 0.155889145497
0.442088091354 0.156466512702
0.441368078176 0.156466512702
0.442276422764 0.157043879908
0.443181818182 0.157621247113
0.442463533225 0.157621247113
0.441747572816 0.157621247113
0.441033925687 0.157621247113
0.441935483871 0.158198614319
0.442834138486 0.158775981524
0.443729903537 0.15935334873
0.443017656501 0.15935334873
0.44391025641 0.159930715935
0.4448 0.160508083141
0.445686900958 0.161085450346
0.444976076555 0.161085450346
0.445859872611 0.161662817552
0.446740858506 0.162240184758
0.447619047619 0.162817551963
0.446909667195 0.162817551963
0.447784810127 0.163394919169
0.447077409163 0.163394919169
0.446372239748 0.163394919169
0.447244094488 0.163972286374
0.446540880503 0.163972286374
0.447409733124 0.16454965358
0.44670846395 0.16454965358
0.446009389671 0.16454965358
0.446875 0.165127020785
0.447737909516 0.165704387991
0.447040498442 0.165704387991
0.44634525661 0.165704387991
0.447204968944 0.166281755196
0.448062015504 0.166859122402
0.447368421053 0.166859122402
0.448222565688 0.167436489607
0.447530864198 0.167436489607
0.446841294299 0.167436489607
0.446153846154 0.167436489607
0.447004608295 0.168013856813
0.446319018405 0.168013856813
0.447166921899 0.168591224018
0.446483180428 0.168591224018
0.445801526718 0.168591224018
0.446646341463 0.169168591224
0.44596651446 0.169168591224
0.445288753799 0.169168591224
0.446130500759 0.16974595843
0.445454545455 0.16974595843
0.444780635401 0.16974595843
0.444108761329 0.16974595843
0.443438914027 0.16974595843
0.442771084337 0.16974595843
0.442105263158 0.16974595843
0.441441441441 0.16974595843
0.440779610195 0.16974595843
0.440119760479 0.16974595843
0.440956651719 0.170323325635
0.440298507463 0.170323325635
0.439642324888 0.170323325635
0.440476190476 0.170900692841
0.441307578009 0.171478060046
0.440652818991 0.171478060046
0.44 0.171478060046
0.440828402367 0.172055427252
0.440177252585 0.172055427252
0.441002949853 0.172632794457
0.440353460972 0.172632794457
0.441176470588 0.173210161663
0.440528634361 0.173210161663
0.441348973607 0.173787528868
0.440702781845 0.173787528868
0.441520467836 0.174364896074
0.442335766423 0.174942263279
0.441690962099 0.174942263279
0.44250363901 0.175519630485
0.441860465116 0.175519630485
0.4412191582 0.175519630485
0.440579710145 0.175519630485
0.43994211288 0.175519630485
0.439306358382 0.175519630485
0.438672438672 0.175519630485
0.438040345821 0.175519630485
0.437410071942 0.175519630485
0.438218390805 0.176096997691
0.437589670014 0.176096997691
0.436962750716 0.176096997691
0.437768240343 0.176674364896
0.437142857143 0.176674364896
0.436519258203 0.176674364896
0.435897435897 0.176674364896
0.435277382646 0.176674364896
0.434659090909 0.176674364896
0.434042553191 0.176674364896
0.434844192635 0.177251732102
0.434229137199 0.177251732102
0.435028248588 0.177829099307
0.434414668547 0.177829099307
0.435211267606 0.178406466513
0.434599156118 0.178406466513
0.435393258427 0.178983833718
0.43618513324 0.179561200924
0.436974789916 0.180138568129
0.436363636364 0.180138568129
0.437150837989 0.180715935335
0.436541143654 0.180715935335
0.435933147632 0.180715935335
0.435326842837 0.180715935335
0.434722222222 0.180715935335
0.434119278779 0.180715935335
0.434903047091 0.18129330254
0.434301521438 0.18129330254
0.435082872928 0.181870669746
0.434482758621 0.181870669746
0.435261707989 0.182448036952
0.434662998624 0.182448036952
0.43543956044 0.183025404157
0.434842249657 0.183025404157
0.434246575342 0.183025404157
0.435020519836 0.183602771363
0.434426229508 0.183602771363
0.433833560709 0.183602771363
0.433242506812 0.183602771363
0.432653061224 0.183602771363
0.432065217391 0.183602771363
0.432835820896 0.184180138568
0.432249322493 0.184180138568
0.431664411367 0.184180138568
0.431081081081 0.184180138568
0.430499325236 0.184180138568
0.429919137466 0.184180138568
0.42934051144 0.184180138568
0.430107526882 0.184757505774
0.429530201342 0.184757505774
0.430294906166 0.185334872979
0.429718875502 0.185334872979
0.430481283422 0.185912240185
0.431241655541 0.18648960739
0.432 0.187066974596
0.431424766977 0.187066974596
0.43085106383 0.187066974596
0.430278884462 0.187066974596
0.429708222812 0.187066974596
0.429139072848 0.187066974596
0.429894179894 0.187644341801
0.429326287979 0.187644341801
0.430079155673 0.188221709007
0.429512516469 0.188221709007
0.430263157895 0.188799076212
0.429697766097 0.188799076212
0.429133858268 0.188799076212
0.429882044561 0.189376443418
0.430628272251 0.189953810624
0.430065359477 0.189953810624
0.429503916449 0.189953810624
0.430247718383 0.190531177829
0.4296875 0.190531177829
0.429128738622 0.190531177829
0.428571428571 0.190531177829
0.428015564202 0.190531177829
0.427461139896 0.190531177829
0.428201811125 0.191108545035
0.427648578811 0.191108545035
0.428387096774 0.19168591224
0.427835051546 0.19168591224
0.428571428571 0.192263279446
0.428020565553 0.192263279446
0.427471116816 0.192263279446
0.428205128205 0.192840646651
0.427656850192 0.192840646651
0.428388746803 0.193418013857
0.427841634738 0.193418013857
0.428571428571 0.193995381062
0.428025477707 0.193995381062
0.427480916031 0.193995381062
0.426937738247 0.193995381062
0.427664974619 0.194572748268
0.428390367554 0.195150115473
0.427848101266 0.195150115473
0.428571428571 0.195727482679
0.42803030303 0.195727482679
0.428751576293 0.196304849885
0.428211586902 0.196304849885
0.427672955975 0.196304849885
0.427135678392 0.196304849885
0.426599749059 0.196304849885
0.427318295739 0.19688221709
0.426783479349 0.19688221709
0.42625 0.19688221709
0.426966292135 0.197459584296
0.426433915212 0.197459584296
0.425902864259 0.197459584296
0.425373134328 0.197459584296
0.424844720497 0.197459584296
0.424317617866 0.197459584296
0.423791821561 0.197459584296
0.423267326733 0.197459584296
0.422744128554 0.197459584296
0.423456790123 0.198036951501
0.422934648582 0.198036951501
0.422413793103 0.198036951501
0.421894218942 0.198036951501
0.421375921376 0.198036951501
0.420858895706 0.198036951501
0.420343137255 0.198036951501
0.419828641371 0.198036951501
0.419315403423 0.198036951501
0.418803418803 0.198036951501
0.418292682927 0.198036951501
0.41778319123 0.198036951501
0.417274939173 0.198036951501
0.416767922236 0.198036951501
0.416262135922 0.198036951501
0.415757575758 0.198036951501
0.415254237288 0.198036951501
0.414752116082 0.198036951501
0.415458937198 0.198614318707
0.414957780458 0.198614318707
0.414457831325 0.198614318707
0.413959085439 0.198614318707
0.414663461538 0.199191685912
0.415366146459 0.199769053118
0.414868105516 0.199769053118
0.414371257485 0.199769053118
0.415071770335 0.200346420323
0.414575866189 0.200346420323
0.414081145585 0.200346420323
0.413587604291 0.200346420323
0.414285714286 0.200923787529
0.413793103448 0.200923787529
0.413301662708 0.200923787529
0.4128113879 0.200923787529
0.412322274882 0.200923787529
0.411834319527 0.200923787529
0.412529550827 0.201501154734
0.412042502952 0.201501154734
0.411556603774 0.201501154734
0.412249705536 0.20207852194
0.412941176471 0.202655889145
0.412455934195 0.202655889145
0.411971830986 0.202655889145
0.41266119578 0.203233256351
0.413348946136 0.203810623557
0.414035087719 0.204387990762
0.413551401869 0.204387990762
0.413068844807 0.204387990762
0.412587412587 0.204387990762
0.412107101281 0.204387990762
0.411627906977 0.204387990762
0.411149825784 0.204387990762
0.411832946636 0.204965357968
0.411355735805 0.204965357968
0.412037037037 0.205542725173
0.412716763006 0.206120092379
0.412240184758 0.206120092379
0.41291810842 0.206697459584
0.412442396313 0.206697459584
0.411967779056 0.206697459584
0.412643678161 0.20727482679
0.412169919633 0.20727482679
0.411697247706 0.20727482679
0.411225658648 0.20727482679
0.411899313501 0.207852193995
0.411428571429 0.207852193995
0.412100456621 0.208429561201
0.411630558723 0.208429561201
0.412300683371 0.209006928406
0.412969283276 0.209584295612
0.4125 0.209584295612
0.412031782066 0.209584295612
0.412698412698 0.210161662818
0.412231030578 0.210161662818
0.411764705882 0.210161662818
0.411299435028 0.210161662818
0.410835214447 0.210161662818
0.411499436302 0.210739030023
0.412162162162 0.211316397229
0.411698537683 0.211316397229
0.411235955056 0.211316397229
0.41189674523 0.211893764434
0.411434977578 0.211893764434
0.410974244121 0.211893764434
0.410514541387 0.211893764434
0.410055865922 0.211893764434
0.409598214286 0.211893764434
0.409141583055 0.211893764434
0.409799554566 0.21247113164
0.409343715239 0.21247113164
0.408888888889 0.21247113164
0.408435072142 0.21247113164
0.407982261641 0.21247113164
0.407530454042 0.21247113164
0.408185840708 0.213048498845
0.408839779006 0.213625866051
0.409492273731 0.214203233256
0.409040793826 0.214203233256
0.40859030837 0.214203233256
0.408140814081 0.214203233256
0.407692307692 0.214203233256
0.40724478595 0.214203233256
0.406798245614 0.214203233256
0.406352683461 0.214203233256
0.40590809628 0.214203233256
0.405464480874 0.214203233256
0.405021834061 0.214203233256
0.404580152672 0.214203233256
0.40522875817 0.214780600462
0.40478781284 0.214780600462
0.404347826087 0.214780600462
0.403908794788 0.214780600462
0.404555314534 0.215357967667
0.404117009751 0.215357967667
0.40367965368 0.215357967667
0.403243243243 0.215357967667
0.402807775378 0.215357967667
0.402373247033 0.215357967667
0.403017241379 0.215935334873
0.402583423036 0.215935334873
0.403225806452 0.216512702079
0.402792696026 0.216512702079
0.402360515021 0.216512702079
0.40192926045 0.216512702079
0.402569593148 0.217090069284
0.40320855615 0.21766743649
0.402777777778 0.21766743649
0.40234791889 0.21766743649
0.401918976546 0.21766743649
0.402555910543 0.218244803695
0.402127659574 0.218244803695
0.40170031881 0.218244803695
0.402335456476 0.218822170901
0.401908801697 0.218822170901
0.401483050847 0.218822170901
0.401058201058 0.218822170901
0.400634249471 0.218822170901
0.400211193242 0.218822170901
0.399789029536 0.218822170901
0.399367755532 0.218822170901
0.398947368421 0.218822170901
0.398527865405 0.218822170901
0.399159663866 0.219399538106
0.399790136411 0.219976905312
0.399371069182 0.219976905312
0.398952879581 0.219976905312
0.398535564854 0.219976905312
0.398119122257 0.219976905312
0.398747390397 0.220554272517
0.399374348279 0.221131639723
0.398958333333 0.221131639723
0.398543184183 0.221131639723
0.398128898129 0.221131639723
0.397715472482 0.221131639723
0.398340248963 0.221709006928
0.39792746114 0.221709006928
0.39751552795 0.221709006928
0.398138572906 0.222286374134
0.398760330579 0.222863741339
0.399380804954 0.223441108545
0.398969072165 0.223441108545
0.398558187436 0.223441108545
0.398148148148 0.223441108545
0.398766700925 0.224018475751
0.398357289528 0.224018475751
0.397948717949 0.224018475751
0.397540983607 0.224018475751
0.39713408393 0.224018475751
0.39672801636 0.224018475751
0.396322778345 0.224018475751
0.39693877551 0.224595842956
0.396534148828 0.224595842956
0.396130346232 0.224595842956
0.396744659207 0.225173210162
0.397357723577 0.225750577367
0.397969543147 0.226327944573
0.398580121704 0.226905311778
0.398176291793 0.226905311778
0.397773279352 0.226905311778
0.397371081901 0.226905311778
0.39696969697 0.226905311778
0.397578203835 0.227482678984
0.398185483871 0.228060046189
0.39778449144 0.228060046189
0.398390342052 0.228637413395
0.397989949749 0.228637413395
0.39859437751 0.2292147806
0.398194583751 0.2292147806
0.397795591182 0.2292147806
0.397397397397 0.2292147806
0.397 0.2292147806
0.397602397602 0.229792147806
0.397205588822 0.229792147806
0.396809571286 0.229792147806
0.396414342629 0.229792147806
0.396019900498 0.229792147806
0.39662027833 0.230369515012
0.396226415094 0.230369515012
0.396825396825 0.230946882217
0.397423191278 0.231524249423
0.39702970297 0.231524249423
0.396636993076 0.231524249423
0.397233201581 0.232101616628
0.39684106614 0.232101616628
0.396449704142 0.232101616628
0.3960591133 0.232101616628
0.396653543307 0.232678983834
0.396263520157 0.232678983834
0.395874263261 0.232678983834
0.395485770363 0.232678983834
0.395098039216 0.232678983834
0.39569049951 0.233256351039
0.39530332681 0.233256351039
0.395894428152 0.233833718245
0.3955078125 0.233833718245
0.396097560976 0.23441108545
0.396686159844 0.234988452656
0.396299902629 0.234988452656
0.396887159533 0.235565819861
0.396501457726 0.235565819861
0.396116504854 0.235565819861
0.395732298739 0.235565819861
0.395348837209 0.235565819861
0.394966118103 0.235565819861
0.394584139265 0.235565819861
0.395169082126 0.236143187067
0.395752895753 0.236720554273
0.396335583414 0.237297921478
0.396917148362 0.237875288684
0.39749759384 0.238452655889
0.397115384615 0.238452655889
0.396733909702 0.238452655889
0.396353166987 0.238452655889
0.395973154362 0.238452655889
0.396551724138 0.239030023095
0.396172248804 0.239030023095
0.395793499044 0.239030023095
0.395415472779 0.239030023095
0.395992366412 0.2396073903
0.396568160153 0.240184757506
0.39619047619 0.240184757506
0.395813510942 0.240184757506
0.3963878327 0.240762124711
0.396011396011 0.240762124711
0.396584440228 0.241339491917
0.396208530806 0.241339491917
0.395833333333 0.241339491917
0.396404919584 0.241916859122
0.396975425331 0.242494226328
0.396600566572 0.242494226328
0.396226415094 0.242494226328
0.395852968897 0.242494226328
0.396421845574 0.243071593533
0.396989651929 0.243648960739
0.396616541353 0.243648960739
0.396244131455 0.243648960739
0.395872420263 0.243648960739
0.395501405811 0.243648960739
0.395131086142 0.243648960739
0.394761459308 0.243648960739
0.394392523364 0.243648960739
0.394024276377 0.243648960739
0.393656716418 0.243648960739
0.393289841566 0.243648960739
0.393854748603 0.244226327945
0.394418604651 0.24480369515
0.39405204461 0.24480369515
0.393686165274 0.24480369515
0.394248608534 0.245381062356
0.393883225209 0.245381062356
0.393518518519 0.245381062356
0.393154486586 0.245381062356
0.392791127542 0.245381062356
0.39242843952 0.245381062356
0.392066420664 0.245381062356
0.391705069124 0.245381062356
0.391344383057 0.245381062356
0.390984360626 0.245381062356
0.390625 0.245381062356
0.391184573003 0.245958429561
0.390825688073 0.245958429561
0.390467461045 0.245958429561
0.391025641026 0.246535796767
0.390667886551 0.246535796767
0.391224862888 0.247113163972
0.391780821918 0.247690531178
0.391423357664 0.247690531178
0.391066545123 0.247690531178
0.391621129326 0.248267898383
0.391264786169 0.248267898383
0.391818181818 0.248845265589
0.391462306994 0.248845265589
0.39110707804 0.248845265589
0.3907524932 0.248845265589
0.390398550725 0.248845265589
0.390950226244 0.249422632794
0.390596745027 0.249422632794
0.390243902439 0.249422632794
0.389891696751 0.249422632794
0.38954012624 0.249422632794
0.389189189189 0.249422632794
0.388838883888 0.249422632794
0.388489208633 0.249422632794
0.388140161725 0.249422632794
0.387791741472 0.249422632794
0.387443946188 0.249422632794
0.387992831541 0.25
0.387645478962 0.25
0.387298747764 0.25
0.387846291332 0.250577367206
0.3875 0.250577367206
0.387154326494 0.250577367206
0.387700534759 0.251154734411
0.387355298308 0.251154734411
0.387010676157 0.251154734411
0.386666666667 0.251154734411
0.386323268206 0.251154734411
0.386867790594 0.251732101617
0.386524822695 0.251732101617
0.386182462356 0.251732101617
0.385840707965 0.251732101617
0.385499557913 0.251732101617
0.385159010601 0.251732101617
0.385701676964 0.252309468822
0.385361552028 0.252309468822
0.385022026432 0.252309468822
0.384683098592 0.252309468822
0.384344766931 0.252309468822
0.384885764499 0.252886836028
0.38454784899 0.252886836028
0.384210526316 0.252886836028
0.383873794917 0.252886836028
0.384413309982 0.253464203233
0.384076990376 0.253464203233
0.383741258741 0.253464203233
0.384279475983 0.254041570439
0.384816753927 0.254618937644
0.385353095031 0.25519630485
0.385017421603 0.25519630485
0.385552654482 0.255773672055
0.386086956522 0.256351039261
0.385751520417 0.256351039261
0.385416666667 0.256351039261
0.385082393755 0.256351039261
0.384748700173 0.256351039261
0.384415584416 0.256351039261
0.384083044983 0.256351039261
0.38375108038 0.256351039261
0.383419689119 0.256351039261
0.383951682485 0.256928406467
0.383620689655 0.256928406467
0.383290267011 0.256928406467
0.382960413081 0.256928406467
0.383490971625 0.257505773672
0.383161512027 0.257505773672
0.383690987124 0.258083140878
0.383361921098 0.258083140878
0.383033419023 0.258083140878
0.382705479452 0.258083140878
0.383233532934 0.258660508083
0.382905982906 0.258660508083
0.382578992314 0.258660508083
0.383105802048 0.259237875289
0.382779198636 0.259237875289
0.383304940375 0.259815242494
0.382978723404 0.259815242494
0.382653061224 0.259815242494
0.382327952421 0.259815242494
0.38285229202 0.2603926097
0.382527565734 0.2603926097
0.382203389831 0.2603926097
0.381879762913 0.2603926097
0.382402707276 0.260969976905
0.382079459003 0.260969976905
0.381756756757 0.260969976905
0.381434599156 0.260969976905
0.381956155143 0.261547344111
0.38247683235 0.262124711316
0.382996632997 0.262702078522
0.3826745164 0.262702078522
0.382352941176 0.262702078522
0.382871536524 0.263279445727
0.38255033557 0.263279445727
0.382229673093 0.263279445727
0.382747068677 0.263856812933
0.382426778243 0.263856812933
0.382107023411 0.263856812933
0.382623224728 0.264434180139
0.382303839733 0.264434180139
0.38198498749 0.264434180139
0.381666666667 0.264434180139
0.381348875937 0.264434180139
0.381031613977 0.264434180139
0.380714879468 0.264434180139
0.380398671096 0.264434180139
0.380912863071 0.265011547344
0.380597014925 0.265011547344
0.380281690141 0.265011547344
0.379966887417 0.265011547344
0.379652605459 0.265011547344
0.379338842975 0.265011547344
0.379025598679 0.265011547344
0.378712871287 0.265011547344
0.37922506183 0.26558891455
0.379736408567 0.266166281755
0.379423868313 0.266166281755
0.379111842105 0.266166281755
0.378800328677 0.266166281755
0.378489326765 0.266166281755
0.378178835111 0.266166281755
0.377868852459 0.266166281755
0.377559377559 0.266166281755
0.377250409165 0.266166281755
0.376941946034 0.266166281755
0.376633986928 0.266166281755
0.376326530612 0.266166281755
0.376019575856 0.266166281755
0.375713121434 0.266166281755
0.375407166124 0.266166281755
0.375101708706 0.266166281755
0.374796747967 0.266166281755
0.374492282697 0.266166281755
0.374188311688 0.266166281755
0.374695863747 0.266743648961
0.374392220421 0.266743648961
0.374089068826 0.266743648961
0.373786407767 0.266743648961
0.373484236055 0.266743648961
0.373182552504 0.266743648961
0.372881355932 0.266743648961
0.372580645161 0.266743648961
0.37308622079 0.267321016166
0.372785829308 0.267321016166
0.373290426388 0.267898383372
0.372990353698 0.267898383372
0.372690763052 0.267898383372
0.372391653291 0.267898383372
0.372093023256 0.267898383372
0.372596153846 0.268475750577
0.373098478783 0.269053117783
0.3736 0.269630484988
0.374100719424 0.270207852194
0.373801916933 0.270207852194
0.373503591381 0.270207852194
0.374003189793 0.2707852194
0.373705179283 0.2707852194
0.374203821656 0.271362586605
0.373906125696 0.271362586605
0.37440381558 0.271939953811
0.374106433678 0.271939953811
0.37380952381 0.271939953811
0.374306106265 0.272517321016
0.374009508716 0.272517321016
0.374505146477 0.273094688222
0.374208860759 0.273094688222
0.374703557312 0.273672055427
0.374407582938 0.273672055427
0.374901341752 0.274249422633
0.374605678233 0.274249422633
0.375098502758 0.274826789838
0.375590551181 0.275404157044
0.375295043273 0.275404157044
0.375 0.275404157044
0.374705420267 0.275404157044
0.374411302983 0.275404157044
0.374117647059 0.275404157044
0.373824451411 0.275404157044
0.373531714957 0.275404157044
0.37323943662 0.275404157044
0.372947615324 0.275404157044
0.37265625 0.275404157044
0.373145979703 0.275981524249
0.372854914197 0.275981524249
0.372564302416 0.275981524249
0.372274143302 0.275981524249
0.372762645914 0.276558891455
0.372472783826 0.276558891455
0.37296037296 0.277136258661
0.372670807453 0.277136258661
0.372381691234 0.277136258661
0.372093023256 0.277136258661
0.371804802479 0.277136258661
0.371517027864 0.277136258661
0.371229698376 0.277136258661
0.37171561051 0.277713625866
0.371428571429 0.277713625866
0.371141975309 0.277713625866
0.370855821126 0.277713625866
0.370570107858 0.277713625866
0.371054657429 0.278290993072
0.370769230769 0.278290993072
0.37048424289 0.278290993072
0.37019969278 0.278290993072
0.37068303914 0.278868360277
0.371165644172 0.279445727483
0.370881226054 0.279445727483
0.370597243492 0.279445727483
0.370313695486 0.279445727483
0.370795107034 0.280023094688
0.3705118411 0.280023094688
0.370992366412 0.280600461894
0.370709382151 0.280600461894
0.37118902439 0.281177829099
0.370906321401 0.281177829099
0.370624048706 0.281177829099
0.371102661597 0.281755196305
0.370820668693 0.281755196305
0.371298405467 0.28233256351
0.371016691958 0.28233256351
0.371493555724 0.282909930716
0.37196969697 0.283487297921
0.372445117335 0.284064665127
0.372163388805 0.284064665127
0.371882086168 0.284064665127
0.371601208459 0.284064665127
0.371320754717 0.284064665127
0.371040723982 0.284064665127
0.3715146948 0.284642032333
0.371234939759 0.284642032333
0.370955605719 0.284642032333
0.371428571429 0.285219399538
0.371149511645 0.285219399538
0.370870870871 0.285219399538
0.370592648162 0.285219399538
0.370314842579 0.285219399538
0.370786516854 0.285796766744
0.370508982036 0.285796766744
0.370979805535 0.286374133949
0.370702541106 0.286374133949
0.370425690814 0.286374133949
0.370149253731 0.286374133949
0.369873228934 0.286374133949
0.369597615499 0.286374133949
0.369322412509 0.286374133949
0.369791666667 0.286951501155
0.369516728625 0.286951501155
0.369242199108 0.286951501155
0.369710467706 0.28752886836
0.36943620178 0.28752886836
0.369162342476 0.28752886836
0.36962962963 0.288106235566
0.369356032568 0.288106235566
0.369822485207 0.288683602771
0.370288248337 0.289260969977
0.370753323486 0.289838337182
0.370479704797 0.289838337182
0.370943952802 0.290415704388
0.370670596905 0.290415704388
0.371134020619 0.290993071594
0.371596762325 0.291570438799
0.371323529412 0.291570438799
0.371050698016 0.291570438799
0.370778267254 0.291570438799
0.370506236244 0.291570438799
0.370234604106 0.291570438799
0.369963369963 0.291570438799
0.369692532943 0.291570438799
0.369422092173 0.291570438799
0.369152046784 0.291570438799
0.368882395909 0.291570438799
0.368613138686 0.291570438799
0.368344274252 0.291570438799
0.368804664723 0.292147806005
0.36853605244 0.292147806005
0.368995633188 0.29272517321
0.368727272727 0.29272517321
0.369186046512 0.293302540416
0.368917937545 0.293302540416
0.368650217707 0.293302540416
0.368382886149 0.293302540416
0.368115942029 0.293302540416
0.368573497466 0.293879907621
0.369030390738 0.294457274827
0.368763557484 0.294457274827
0.368497109827 0.294457274827
0.368231046931 0.294457274827
0.367965367965 0.294457274827
0.368421052632 0.295034642032
0.368155619597 0.295034642032
0.368610511159 0.295612009238
0.368345323741 0.295612009238
0.368080517613 0.295612009238
0.367816091954 0.295612009238
0.367552045944 0.295612009238
0.367288378766 0.295612009238
0.367025089606 0.295612009238
0.36676217765 0.295612009238
0.36649964209 0.295612009238
0.366237482117 0.295612009238
0.365975696926 0.295612009238
0.365714285714 0.295612009238
0.36545324768 0.295612009238
0.365905848787 0.296189376443
0.365645046329 0.296189376443
0.366096866097 0.296766743649
0.366548042705 0.297344110855
0.366287339972 0.297344110855
0.366027007818 0.297344110855
0.365767045455 0.297344110855
0.365507452094 0.297344110855
0.36524822695 0.297344110855
0.364989369242 0.297344110855
0.365439093484 0.29792147806
0.365180467091 0.29792147806
0.364922206506 0.29792147806
0.365371024735 0.298498845266
0.36581920904 0.299076212471
0.36556104446 0.299076212471
0.366008462623 0.299653579677
0.365750528541 0.299653579677
0.365492957746 0.299653579677
0.365235749472 0.299653579677
0.364978902954 0.299653579677
0.365425158117 0.300230946882
0.365168539326 0.300230946882
0.364912280702 0.300230946882
0.364656381487 0.300230946882
0.364400840925 0.300230946882
0.364145658263 0.300230946882
0.36389083275 0.300230946882
0.364335664336 0.300808314088
0.364081062194 0.300808314088
0.363826815642 0.300808314088
0.363572923936 0.300808314088
0.363319386332 0.300808314088
0.363763066202 0.301385681293
0.363509749304 0.301385681293
0.363256784969 0.301385681293
0.363004172462 0.301385681293
0.362751911049 0.301385681293
0.363194444444 0.301963048499
0.36294240111 0.301963048499
0.363384188627 0.302540415704
0.363132363132 0.302540415704
0.362880886427 0.302540415704
0.362629757785 0.302540415704
0.362378976487 0.302540415704
0.362128541811 0.302540415704
0.361878453039 0.302540415704
0.361628709455 0.302540415704
0.361379310345 0.302540415704
0.361130254997 0.302540415704
0.361570247934 0.30311778291
0.361321403992 0.30311778291
0.361072902338 0.30311778291
0.360824742268 0.30311778291
0.360576923077 0.30311778291
0.360329444063 0.30311778291
0.360082304527 0.30311778291
0.35983550377 0.30311778291
0.359589041096 0.30311778291
0.359342915811 0.30311778291
0.359097127223 0.30311778291
0.358851674641 0.30311778291
0.358606557377 0.30311778291
0.358361774744 0.30311778291
0.358117326057 0.30311778291
0.357873210634 0.30311778291
0.357629427793 0.30311778291
0.357385976855 0.30311778291
0.357823129252 0.303695150115
0.357579877634 0.303695150115
0.357336956522 0.303695150115
0.357094365241 0.303695150115
0.356852103121 0.303695150115
0.356610169492 0.303695150115
0.357046070461 0.304272517321
0.357481381178 0.304849884527
0.357916102842 0.305427251732
0.357674104124 0.305427251732
0.357432432432 0.305427251732
0.357191087103 0.305427251732
0.356950067476 0.305427251732
0.356709372893 0.305427251732
0.356469002695 0.305427251732
0.356228956229 0.305427251732
0.35598923284 0.305427251732
0.355749831876 0.305427251732
0.355510752688 0.305427251732
0.355271994627 0.305427251732
0.355033557047 0.305427251732
0.354795439302 0.305427251732
0.355227882038 0.306004618938
0.354989953115 0.306004618938
0.354752342704 0.306004618938
0.354515050167 0.306004618938
0.354278074866 0.306004618938
0.354709418838 0.306581986143
0.354472630174 0.306581986143
0.354236157438 0.306581986143
0.354 0.306581986143
0.353764157229 0.306581986143
0.353528628495 0.306581986143
0.353293413174 0.306581986143
0.353723404255 0.307159353349
0.353488372093 0.307159353349
0.353253652058 0.307159353349
0.35301924353 0.307159353349
0.353448275862 0.307736720554
0.353214049039 0.307736720554
0.35298013245 0.307736720554
0.35274652548 0.307736720554
0.352513227513 0.307736720554
0.352280237938 0.307736720554
0.352047556143 0.307736720554
0.351815181518 0.307736720554
0.351583113456 0.307736720554
0.351351351351 0.307736720554
0.351119894598 0.307736720554
0.350888742594 0.307736720554
0.350657894737 0.307736720554
0.350427350427 0.307736720554
0.350197109067 0.307736720554
0.349967170059 0.307736720554
0.350393700787 0.30831408776
0.350163934426 0.30831408776
0.349934469201 0.30831408776
0.349705304519 0.30831408776
0.349476439791 0.30831408776
0.349247874428 0.30831408776
0.349019607843 0.30831408776
0.349444807315 0.308891454965
0.349216710183 0.308891454965
0.349641226354 0.309468822171
0.349413298566 0.309468822171
0.349185667752 0.309468822171
0.348958333333 0.309468822171
0.34873129473 0.309468822171
0.348504551365 0.309468822171
0.348278102664 0.309468822171
0.348701298701 0.310046189376
0.348475016223 0.310046189376
0.348249027237 0.310046189376
0.348023331173 0.310046189376
0.347797927461 0.310046189376
0.348220064725 0.310623556582
0.347994825356 0.310623556582
0.347769877182 0.310623556582
0.347545219638 0.310623556582
0.347320852163 0.310623556582
0.347096774194 0.310623556582
0.347517730496 0.311200923788
0.347293814433 0.311200923788
0.347070186735 0.311200923788
0.346846846847 0.311200923788
0.346623794212 0.311200923788
0.346401028278 0.311200923788
0.346178548491 0.311200923788
0.3459563543 0.311200923788
0.345734445157 0.311200923788
0.345512820513 0.311200923788
0.345291479821 0.311200923788
0.345070422535 0.311200923788
0.344849648113 0.311200923788
0.345268542199 0.311778290993
0.345047923323 0.311778290993
0.344827586207 0.311778290993
0.345245692406 0.312355658199
0.345025510204 0.312355658199
0.344805608668 0.312355658199
0.344585987261 0.312355658199
0.344366645449 0.312355658199
0.344147582697 0.312355658199
0.344564526383 0.312933025404
0.344345616264 0.312933025404
0.344126984127 0.312933025404
0.343908629442 0.312933025404
0.34369055168 0.312933025404
0.343472750317 0.312933025404
0.343255224826 0.312933025404
0.343670886076 0.31351039261
0.343453510436 0.31351039261
0.343236409608 0.31351039261
0.34301958307 0.31351039261
0.342803030303 0.31351039261
0.342586750789 0.31351039261
0.34237074401 0.31351039261
0.342155009452 0.31351039261
0.342569269521 0.314087759815
0.342983008181 0.314665127021
0.343396226415 0.315242494226
0.343180389692 0.315242494226
0.342964824121 0.315242494226
0.34274952919 0.315242494226
0.342534504391 0.315242494226
0.342946708464 0.315819861432
0.342731829574 0.315819861432
0.342517219787 0.315819861432
0.342302878598 0.315819861432
0.342088805503 0.315819861432
0.341875 0.315819861432
0.341661461587 0.315819861432
0.341448189763 0.315819861432
0.341859014348 0.316397228637
0.341645885287 0.316397228637
0.341433021807 0.316397228637
0.341220423412 0.316397228637
0.341008089608 0.316397228637
0.3407960199 0.316397228637
0.340584213797 0.316397228637
0.34099378882 0.316974595843
0.340782122905 0.316974595843
0.340570719603 0.316974595843
0.340979541228 0.317551963048
0.340768277571 0.317551963048
0.340557275542 0.317551963048
0.340346534653 0.317551963048
0.340136054422 0.317551963048
0.339925834363 0.317551963048
0.339715873996 0.317551963048
0.33950617284 0.317551963048
0.33991363356 0.318129330254
0.340320591862 0.31870669746
0.34011090573 0.31870669746
0.339901477833 0.31870669746
0.339692307692 0.31870669746
0.339483394834 0.31870669746
0.339274738783 0.31870669746
0.339066339066 0.31870669746
0.338858195212 0.31870669746
0.338650306748 0.31870669746
0.338442673207 0.31870669746
0.338235294118 0.31870669746
0.338640538885 0.319284064665
0.339045287638 0.319861431871
0.338837920489 0.319861431871
0.338630806846 0.319861431871
0.338423946243 0.319861431871
0.338827838828 0.320438799076
0.338621110433 0.320438799076
0.338414634146 0.320438799076
0.338208409506 0.320438799076
0.338002436054 0.320438799076
0.337796713329 0.320438799076
0.337591240876 0.320438799076
0.337386018237 0.320438799076
0.337181044957 0.320438799076
0.336976320583 0.320438799076
0.337378640777 0.321016166282
0.337174044876 0.321016166282
0.337575757576 0.321593533487
0.337371290127 0.321593533487
0.337167070218 0.321593533487
0.336963097399 0.321593533487
0.336759371221 0.321593533487
0.337160120846 0.322170900693
0.336956521739 0.322170900693
0.336753168377 0.322170900693
0.337153196622 0.322748267898
0.336949969861 0.322748267898
0.336746987952 0.322748267898
0.336544250452 0.322748267898
0.336341756919 0.322748267898
0.336740829826 0.323325635104
0.337139423077 0.323903002309
0.337537537538 0.324480369515
0.337334933974 0.324480369515
0.337132573485 0.324480369515
0.336930455635 0.324480369515
0.336728579988 0.324480369515
0.336526946108 0.324480369515
0.336325553561 0.324480369515
0.336124401914 0.324480369515
0.335923490735 0.324480369515
0.335722819594 0.324480369515
0.33552238806 0.324480369515
0.335322195704 0.324480369515
0.335718545021 0.325057736721
0.335518474374 0.325057736721
0.335318642049 0.325057736721
0.335119047619 0.325057736721
0.33491969066 0.325057736721
0.334720570749 0.325057736721
0.334521687463 0.325057736721
0.33432304038 0.325057736721
0.33412462908 0.325057736721
0.333926453144 0.325057736721
0.333728512152 0.325057736721
0.333530805687 0.325057736721
0.333333333333 0.325057736721
0.333727810651 0.325635103926
0.333530455352 0.325635103926
0.333924349882 0.326212471132
0.333727111636 0.326212471132
0.333530106257 0.326212471132
0.333333333333 0.326212471132
0.333136792453 0.326212471132
0.333529758397 0.326789838337
0.333333333333 0.326789838337
0.333137139494 0.326789838337
0.333529411765 0.327367205543
0.33392122281 0.327944572748
0.334312573443 0.328521939954
0.334116265414 0.328521939954
0.333920187793 0.328521939954
0.333724340176 0.328521939954
0.334114888628 0.329099307159
0.333919156415 0.329099307159
0.333723653396 0.329099307159
0.333528379169 0.329099307159
0.333333333333 0.329099307159
0.333138515488 0.329099307159
0.333528037383 0.329676674365
0.333333333333 0.329676674365
0.333138856476 0.329676674365
0.332944606414 0.329676674365
0.332750582751 0.329676674365
0.33255678509 0.329676674365
0.332363213038 0.329676674365
0.332169866201 0.329676674365
0.331976744186 0.329676674365
0.331783846601 0.329676674365
0.331591173055 0.329676674365
0.33197910621 0.33025404157
0.331786542923 0.33025404157
0.331594202899 0.33025404157
0.331981460023 0.330831408776
0.331789229878 0.330831408776
0.331597222222 0.330831408776
0.331405436669 0.330831408776
0.331791907514 0.331408775982
0.33160023108 0.331408775982
0.331408775982 0.331408775982
0.331217541835 0.331408775982
0.331026528258 0.331408775982
0.331412103746 0.331986143187
0.331221198157 0.331986143187
0.331030512378 0.331986143187
0.331415420023 0.332563510393
0.331224841863 0.332563510393
0.331034482759 0.332563510393
0.330844342332 0.332563510393
0.33122847302 0.333140877598
0.331612162937 0.333718244804
0.331422018349 0.333718244804
0.331232091691 0.333718244804
0.331042382589 0.333718244804
0.33085289067 0.333718244804
0.330663615561 0.333718244804
0.33047455689 0.333718244804
0.330285714286 0.333718244804
0.330097087379 0.333718244804
0.329908675799 0.333718244804
0.329720479179 0.333718244804
0.329532497149 0.333718244804
0.329344729345 0.333718244804
0.329726651481 0.334295612009
0.330108138873 0.334872979215
0.330489192264 0.33545034642
0.330869812393 0.336027713626
0.330681818182 0.336027713626
0.33106189665 0.336605080831
0.3314415437 0.337182448037
0.331253545094 0.337182448037
0.331065759637 0.337182448037
0.330878186969 0.337182448037
0.330690826727 0.337182448037
0.330503678551 0.337182448037
0.330316742081 0.337182448037
0.330695308084 0.337759815242
0.331073446328 0.338337182448
0.3308865048 0.338337182448
0.331264108352 0.338914549654
0.331077270164 0.338914549654
0.330890642616 0.338914549654
0.330704225352 0.338914549654
0.330518018018 0.338914549654
0.330332020259 0.338914549654
0.330146231721 0.338914549654
0.329960652052 0.338914549654
0.329775280899 0.338914549654
0.329590117911 0.338914549654
0.329405162738 0.338914549654
0.329220415031 0.338914549654
0.329035874439 0.338914549654
0.328851540616 0.338914549654
0.328667413214 0.338914549654
0.328483491886 0.338914549654
0.328299776286 0.338914549654
0.32811626607 0.338914549654
0.327932960894 0.338914549654
0.327749860413 0.338914549654
0.327566964286 0.338914549654
0.32738427217 0.338914549654
0.327201783724 0.338914549654
0.327019498607 0.338914549654
0.326837416481 0.338914549654
0.326655537006 0.338914549654
0.326473859844 0.338914549654
0.326292384658 0.338914549654
0.326111111111 0.338914549654
0.325930038867 0.338914549654
0.326304106548 0.339491916859
0.32612312812 0.339491916859
0.325942350333 0.339491916859
0.325761772853 0.339491916859
0.325581395349 0.339491916859
0.325401217488 0.339491916859
0.325221238938 0.339491916859
0.32504145937 0.339491916859
0.324861878453 0.339491916859
0.324682495859 0.339491916859
0.324503311258 0.339491916859
0.324875896304 0.340069284065
0.325248070562 0.34064665127
0.325068870523 0.34064665127
0.324889867841 0.34064665127
0.32471106219 0.34064665127
0.324532453245 0.34064665127
0.324903793293 0.341224018476
0.324725274725 0.341224018476
0.324546952224 0.341224018476
0.324368825467 0.341224018476
0.324190894131 0.341224018476
0.324013157895 0.341224018476
0.323835616438 0.341224018476
0.323658269441 0.341224018476
0.323481116585 0.341224018476
0.323851203501 0.341801385681
0.323674138874 0.341801385681
0.32349726776 0.341801385681
0.323320589842 0.341801385681
0.323144104803 0.341801385681
0.32296781233 0.341801385681
0.323336968375 0.342378752887
0.323160762943 0.342378752887
0.322984749455 0.342378752887
0.322808927599 0.342378752887
0.322633297062 0.342378752887
0.322457857531 0.342378752887
0.322282608696 0.342378752887
0.322107550244 0.342378752887
0.321932681868 0.342378752887
0.321758003256 0.342378752887
0.3215835141 0.342378752887
0.321409214092 0.342378752887
0.321235102925 0.342378752887
0.321602598809 0.342956120092
0.321428571429 0.342956120092
0.321254732288 0.342956120092
0.321621621622 0.343533487298
0.321447866018 0.343533487298
0.321274298056 0.343533487298
0.321100917431 0.343533487298
0.321467098166 0.344110854503
0.321832884097 0.344688221709
0.321659482759 0.344688221709
0.321486268174 0.344688221709
0.321313240043 0.344688221709
0.321140398063 0.344688221709
0.320967741935 0.344688221709
0.320795271359 0.344688221709
0.320622986037 0.344688221709
0.320450885668 0.344688221709
0.320278969957 0.344688221709
0.320107238606 0.344688221709
0.319935691318 0.344688221709
0.319764327799 0.344688221709
0.319593147752 0.344688221709
0.319422150883 0.344688221709
0.319251336898 0.344688221709
0.319080705505 0.344688221709
0.31891025641 0.344688221709
0.319273892152 0.345265588915
0.319103521878 0.345265588915
0.319466666667 0.34584295612
0.319296375267 0.34584295612
0.319126265317 0.34584295612
0.318956336528 0.34584295612
0.318786588611 0.34584295612
0.318617021277 0.34584295612
0.318447634237 0.34584295612
0.318278427205 0.34584295612
0.318109399894 0.34584295612
0.317940552017 0.34584295612
0.317771883289 0.34584295612
0.317603393425 0.34584295612
0.317435082141 0.34584295612
0.317266949153 0.34584295612
0.317628374801 0.346420323326
0.31746031746 0.346420323326
0.317292437864 0.346420323326
0.317124735729 0.346420323326
0.316957210777 0.346420323326
0.316789862724 0.346420323326
0.316622691293 0.346420323326
0.316455696203 0.346420323326
0.316288877174 0.346420323326
0.31612223393 0.346420323326
0.316482359136 0.346997690531
0.316315789474 0.346997690531
0.316149395055 0.346997690531
0.315983175605 0.346997690531
0.315817130846 0.346997690531
0.315651260504 0.346997690531
0.315485564304 0.346997690531
0.315320041973 0.346997690531
0.315154693235 0.346997690531
0.31498951782 0.346997690531
0.314824515453 0.346997690531
0.314659685864 0.346997690531
0.315018315018 0.347575057737
0.314853556485 0.347575057737
0.314688970204 0.347575057737
0.314524555904 0.347575057737
0.314360313316 0.347575057737
0.314718162839 0.348152424942
0.31455399061 0.348152424942
0.314389989572 0.348152424942
0.314226159458 0.348152424942
0.3140625 0.348152424942
0.313899010932 0.348152424942
0.313735691988 0.348152424942
0.313572542902 0.348152424942
0.31340956341 0.348152424942
0.313766233766 0.348729792148
0.313603322949 0.348729792148
0.313440581214 0.348729792148
0.313796680498 0.349307159353
0.313634007258 0.349307159353
0.313471502591 0.349307159353
0.313309166235 0.349307159353
0.31314699793 0.349307159353
0.312984997413 0.349307159353
0.312823164426 0.349307159353
0.312661498708 0.349307159353
0.3125 0.349307159353
0.312338668043 0.349307159353
0.31217750258 0.349307159353
0.312016503352 0.349307159353
0.311855670103 0.349307159353
0.311695002576 0.349307159353
0.312049433574 0.349884526559
0.311888831704 0.349884526559
0.312242798354 0.350461893764
0.312596401028 0.35103926097
0.312435765673 0.35103926097
0.312275295326 0.35103926097
0.312114989733 0.35103926097
0.31195484864 0.35103926097
0.311794871795 0.35103926097
0.312147616607 0.351616628176
0.311987704918 0.351616628176
0.311827956989 0.351616628176
0.311668372569 0.351616628176
0.312020460358 0.352193995381
0.311860940695 0.352193995381
0.311701584057 0.352193995381
0.311542390194 0.352193995381
0.311383358857 0.352193995381
0.311224489796 0.352193995381
0.311065782764 0.352193995381
0.310907237513 0.352193995381
0.310748853795 0.352193995381
0.311099796334 0.352771362587
0.310941475827 0.352771362587
0.310783316378 0.352771362587
0.310625317743 0.352771362587
0.310467479675 0.352771362587
0.31030980193 0.352771362587
0.310152284264 0.352771362587
0.309994926433 0.352771362587
0.310344827586 0.353348729792
0.310187531678 0.353348729792
0.310030395137 0.353348729792
0.309873417722 0.353348729792
0.30971659919 0.353348729792
0.309559939302 0.353348729792
0.309403437816 0.353348729792
0.309247094492 0.353348729792
0.309090909091 0.353348729792
0.308934881373 0.353348729792
0.3087790111 0.353348729792
0.309127584468 0.353926096998
0.308971774194 0.353926096998
0.308816120907 0.353926096998
0.309164149043 0.354503464203
0.309008555611 0.354503464203
0.308853118712 0.354503464203
0.30869783811 0.354503464203
0.308542713568 0.354503464203
0.308387744852 0.354503464203
0.308232931727 0.354503464203
0.308078273959 0.354503464203
0.307923771314 0.354503464203
0.308270676692 0.355080831409
0.308116232465 0.355080831409
0.307961942914 0.355080831409
0.307807807808 0.355080831409
0.307653826913 0.355080831409
0.308 0.355658198614
0.307846076962 0.355658198614
0.307692307692 0.355658198614
0.308037943085 0.35623556582
0.307884231537 0.35623556582
0.307730673317 0.35623556582
0.307577268195 0.35623556582
0.307424015944 0.35623556582
0.307270916335 0.35623556582
0.307117969139 0.35623556582
0.306965174129 0.35623556582
0.306812531079 0.35623556582
0.306660039761 0.35623556582
0.30650769995 0.35623556582
0.30685203575 0.356812933025
0.306699751861 0.356812933025
0.307043650794 0.357390300231
0.306891422905 0.357390300231
0.306739345887 0.357390300231
0.306587419515 0.357390300231
0.306930693069 0.357967667436
0.306778822365 0.357967667436
0.307121661721 0.358545034642
0.306969846762 0.358545034642
0.307312252964 0.359122401848
0.307160493827 0.359122401848
0.307008884501 0.359122401848
0.306857424766 0.359122401848
0.307199211045 0.359699769053
0.307047806801 0.359699769053
0.306896551724 0.359699769053
0.306745445593 0.359699769053
0.307086614173 0.360277136259
0.306935563207 0.360277136259
0.306784660767 0.360277136259
0.306633906634 0.360277136259
0.306483300589 0.360277136259
0.306332842415 0.360277136259
0.306182531894 0.360277136259
0.306032368808 0.360277136259
0.30637254902 0.360854503464
0.30622243998 0.360854503464
0.306072477963 0.360854503464
0.306412139011 0.36143187067
0.30675146771 0.362009237875
0.306601466993 0.362009237875
0.306451612903 0.362009237875
0.306301905227 0.362009237875
0.30615234375 0.362009237875
0.306002928258 0.362009237875
0.306341463415 0.362586605081
0.306192101414 0.362586605081
0.30604288499 0.362586605081
0.305893813931 0.362586605081
0.305744888023 0.362586605081
0.305596107056 0.362586605081
0.30593385214 0.363163972286
0.305785123967 0.363163972286
0.30563654033 0.363163972286
0.30548810102 0.363163972286
0.305339805825 0.363163972286
0.305191654537 0.363163972286
0.305043646945 0.363163972286
0.304895782841 0.363163972286
0.304748062016 0.363163972286
0.304600484262 0.363163972286
0.304453049371 0.363163972286
0.304305757136 0.363163972286
0.30415860735 0.363163972286
0.304494925085 0.363741339492
0.304347826087 0.363741339492
0.304200869145 0.363741339492
0.304054054054 0.363741339492
0.303907380608 0.363741339492
0.303760848602 0.363741339492
0.303614457831 0.363741339492
0.303468208092 0.363741339492
0.303803562831 0.364318706697
0.303657362849 0.364318706697
0.303511303511 0.364318706697
0.303365384615 0.364318706697
0.303219605959 0.364318706697
0.303073967339 0.364318706697
0.302928468555 0.364318706697
0.302783109405 0.364318706697
0.303117505995 0.364896073903
0.30297219559 0.364896073903
0.303306181121 0.365473441109
0.303639846743 0.366050808314
0.303494494974 0.366050808314
0.303349282297 0.366050808314
0.303204208513 0.366050808314
0.303059273423 0.366050808314
0.302914476828 0.366050808314
0.302769818529 0.366050808314
0.302625298329 0.366050808314
0.302480916031 0.366050808314
0.302336671435 0.366050808314
0.302192564347 0.366050808314
0.302048594569 0.366050808314
0.301904761905 0.366050808314
0.301761066159 0.366050808314
0.301617507136 0.366050808314
0.301949595816 0.36662817552
0.30180608365 0.36662817552
0.301662707838 0.36662817552
0.301519468186 0.36662817552
0.301376364499 0.36662817552
0.301233396584 0.36662817552
0.301090564248 0.36662817552
0.300947867299 0.36662817552
0.300805305542 0.36662817552
0.300662878788 0.36662817552
0.300520586843 0.36662817552
0.300851466414 0.367205542725
0.300709219858 0.367205542725
0.30056710775 0.367205542725
0.300425129901 0.367205542725
0.300283286119 0.367205542725
0.300141576215 0.367205542725
0.3 0.367205542725
0.299858557284 0.367205542725
0.299717247879 0.367205542725
0.299576071597 0.367205542725
0.299435028249 0.367205542725
0.299294117647 0.367205542725
0.299153339605 0.367205542725
0.29948283968 0.367782909931
0.299342105263 0.367782909931
0.299201503053 0.367782909931
0.299061032864 0.367782909931
