14082 4 0.99365645647
634 1 0.991989672184
60763 4 0.985813558102
52262 4 0.984277546406
22177 4 0.983020246029
11801 4 0.97406488657
65433 4 0.970883369446
25872 1 0.967539608479
79503 4 0.967067778111
62181 4 0.966007471085
20917 1 0.963664591312
1913 4 0.961916804314
62098 4 0.96156001091
27028 1 0.960686981678
58500 1 0.959778904915
36052 1 0.959668278694
76866 4 0.959633111954
82160 4 0.958879768848
65577 4 0.956873774529
46690 4 0.956680953503
8518 4 0.956451535225
50546 4 0.955616056919
32110 4 0.951807081699
3160 1 0.949449121952
78322 1 0.949118554592
26790 1 0.94892758131
70388 4 0.947080790997
29398 4 0.946706056595
37761 1 0.94609361887
48117 4 0.943585574627
38955 1 0.942834079266
1321 4 0.940686941147
26497 1 0.936804056168
88783 1 0.934641897678
91277 4 0.933954119682
85006 4 0.931851804256
43256 1 0.930331528187
26715 1 0.928647458553
20283 4 0.926605403423
40502 1 0.925552368164
51192 4 0.925443828106
4526 4 0.925106942654
82299 1 0.924038767815
78189 4 0.924021661282
65238 1 0.923438251019
8715 4 0.922164916992
66772 4 0.921627640724
5356 1 0.921365380287
51581 4 0.920155704021
21197 1 0.91965842247
7243 1 0.918732941151
91210 1 0.917794942856
1244 4 0.917696654797
55623 4 0.917002439499
47717 4 0.916927158833
62182 4 0.916563868523
5661 1 0.915904164314
34665 4 0.914893507957
59721 1 0.914876639843
87308 1 0.914094150066
60937 4 0.913201630116
41233 1 0.912433981895
42812 4 0.911266207695
62216 4 0.910640954971
31906 4 0.91056060791
4331 1 0.910409986973
19175 4 0.909875690937
57243 1 0.909425795078
25828 4 0.908923447132
90352 4 0.908904731274
10306 4 0.908508300781
20045 4 0.908183515072
37173 4 0.907918214798
25204 4 0.907115459442
84797 1 0.907004475594
69181 1 0.906388163567
36888 1 0.906365156174
65431 4 0.902956724167
84960 4 0.902175307274
32622 4 0.902113556862
8692 1 0.901984274387
51074 4 0.900791764259
10397 4 0.899892389774
36405 4 0.899490594864
76245 1 0.898538470268
89191 4 0.898446559906
55507 4 0.898441016674
48372 4 0.897083520889
68555 4 0.896539211273
34090 1 0.894266307354
68642 1 0.89370650053
77568 4 0.893300235271
20369 4 0.893033385277
3527 1 0.892205119133
27691 1 0.890785872936
52508 4 0.8900847435
1610 4 0.889654636383
44020 1 0.88965266943
10153 1 0.889071583748
69665 1 0.888960003853
12980 4 0.883955895901
10038 1 0.882094740868
62894 1 0.880254983902
52350 1 0.879945099354
49044 4 0.879842817783
325 1 0.878534436226
60803 1 0.876823961735
35032 4 0.876180410385
81131 4 0.875713646412
70760 1 0.875085234642
48181 4 0.874221384525
15916 1 0.873918831348
3706 1 0.873065769672
15832 4 0.87268692255
80608 1 0.871145188808
12463 1 0.869091570377
22247 1 0.868758797646
74246 4 0.86741822958
83491 3 0.861113607883
15471 4 0.860996246338
55668 1 0.860538601875
64040 1 0.859962999821
10307 4 0.85980451107
56049 1 0.859780788422
17501 1 0.859722197056
28049 4 0.8590888381
6572 4 0.858782410622
55134 1 0.857835769653
5384 1 0.857251822948
48702 4 0.856324970722
12234 4 0.856180846691
87910 4 0.855534374714
2364 1 0.855323970318
49084 1 0.855066418648
42978 4 0.853873372078
64637 3 0.8535374403
50965 1 0.852892935276
7628 4 0.851876080036
1958 1 0.851520776749
34116 4 0.849953114986
8680 1 0.84994405508
4429 4 0.849762558937
12474 4 0.848611831665
66282 1 0.847483873367
25772 1 0.847279012203
46201 1 0.847251474857
57463 1 0.84652364254
33326 4 0.84611427784
30298 1 0.845699310303
19082 4 0.845386266708
40156 1 0.845204651356
342 4 0.843396484852
1420 4 0.842151939869
51065 4 0.839121162891
2163 4 0.837956249714
49018 1 0.837132453918
23701 1 0.83575463295
20501 1 0.8356513381
28634 1 0.835146725178
68230 4 0.834046125412
12298 4 0.833213031292
4265 1 0.832238852978
49556 4 0.831899821758
22239 1 0.831591129303
46209 4 0.831269085407
32660 1 0.83094650507
60726 1 0.829805612564
83806 4 0.82958137989
88914 4 0.828531980515
16049 1 0.822595059872
53230 1 0.821399748325
86818 1 0.819759011269
60218 1 0.819724917412
57882 3 0.818630099297
45773 4 0.818020522594
89337 4 0.817073643208
4173 4 0.814631044865
46747 1 0.812932193279
420 1 0.812380373478
74243 4 0.811300933361
16647 4 0.809665858746
41789 1 0.809467315674
49161 1 0.80943608284
55877 1 0.808050096035
8770 3 0.804480612278
69911 4 0.804460287094
11123 3 0.804268479347
79467 1 0.803732514381
88844 4 0.803581655025
40127 4 0.801329851151
8294 4 0.80075854063
5248 1 0.799281656742
642 1 0.797702014446
5697 1 0.796644389629
13538 1 0.795820951462
73947 1 0.795123577118
12190 4 0.794389367104
49832 1 0.792993366718
1919 4 0.792912244797
12557 1 0.792005717754
86133 1 0.790867507458
59841 1 0.790104329586
83997 4 0.789704084396
76717 1 0.788264393806
5398 4 0.788039505482
841 1 0.786037266254
67504 3 0.785909950733
89443 1 0.785426855087
64789 1 0.785187840462
44676 1 0.784357249737
21635 4 0.784056007862
52402 4 0.783695042133
47349 1 0.782913684845
33695 4 0.781234502792
42227 4 0.779988527298
12810 1 0.779568731785
89585 3 0.778687357903
24100 4 0.777376055717
8779 3 0.77692180872
43610 1 0.77667838335
16301 1 0.776529848576
46007 1 0.776333510876
44997 1 0.776274621487
82922 4 0.776255846024
53240 4 0.775728821754
50257 4 0.775579690933
76958 4 0.775473058224
9676 1 0.774474561214
3822 4 0.773140728474
90399 4 0.772840857506
48791 4 0.772838592529
8105 1 0.771325409412
47043 4 0.771295547485
62379 4 0.770522534847
74254 4 0.768807530403
15614 1 0.767626225948
44713 4 0.764341771603
61241 4 0.762887597084
9371 4 0.761455357075
59280 1 0.761180520058
46526 1 0.759331226349
9327 4 0.757648408413
3821 4 0.755859076977
35197 1 0.755621731281
84368 4 0.755066514015
89074 4 0.753296911716
54305 1 0.753096699715
25688 4 0.752704143524
1526 4 0.751838922501
18652 1 0.750808417797
61751 4 0.750271975994
5475 1 0.749290049076
26137 4 0.747108221054
19330 1 0.746849179268
58781 4 0.744612693787
62529 4 0.742484807968
67112 4 0.73856061697
23885 4 0.737099349499
58158 4 0.736960113049
83595 4 0.735114216805
6971 2 0.734357237816
91062 2 0.734234511852
46745 1 0.73422318697
38938 1 0.733663082123
2155 1 0.733033418655
31175 4 0.731701552868
37928 1 0.731508255005
67849 4 0.730895102024
83955 4 0.729929983616
27951 4 0.729923844337
25820 4 0.727900624275
23869 4 0.727183103561
53396 1 0.725616276264
81742 4 0.725414276123
1419 4 0.724712967873
23399 1 0.724609732628
68907 4 0.723905146122
88137 1 0.723239421844
62056 1 0.722979724407
22257 1 0.72246670723
42415 1 0.721984326839
84730 1 0.721538186073
60907 1 0.720606148243
40227 3 0.720370471478
57739 1 0.718503296375
7750 1 0.716015040874
65754 4 0.71563410759
76074 4 0.715281426907
20713 1 0.715067923069
76196 4 0.713716447353
50190 1 0.713232517242
34256 1 0.712485849857
12868 3 0.712149262428
78566 3 0.711266279221
37178 4 0.710109710693
30336 4 0.707872509956
80530 4 0.707203149796
47024 1 0.706009089947
4841 1 0.705475330353
31427 4 0.704871416092
45646 4 0.704039335251
81473 4 0.703288197517
6357 1 0.703074038029
3534 4 0.702982842922
27250 4 0.702540040016
3856 4 0.701310455799
48719 4 0.700185060501
2067 1 0.700038909912
83262 3 0.699771761894
10162 1 0.698592305183
45117 4 0.698187232018
30873 4 0.695714950562
86336 1 0.694923520088
18460 1 0.694793522358
66711 1 0.694393873215
17333 1 0.693177998066
43041 1 0.692808926105
83901 4 0.692415297031
11595 1 0.69201028347
4679 1 0.691760778427
43464 4 0.691612899303
10511 4 0.689156234264
16945 2 0.68827521801
89667 1 0.686328589916
9425 4 0.685372769833
35410 1 0.685282468796
16004 2 0.683612763882
74340 4 0.682929396629
91035 4 0.680528104305
5144 3 0.677775382996
50492 1 0.677630603313
57306 1 0.677310049534
49616 1 0.674889147282
18571 1 0.674387037754
41064 3 0.673698961735
47569 4 0.673596441746
61727 1 0.671293497086
6578 4 0.670581579208
23150 1 0.669608712196
6710 1 0.66954690218
10956 1 0.668686926365
8762 2 0.668387889862
72207 4 0.668310046196
33097 4 0.667357623577
17284 4 0.66731095314
55578 1 0.666496932507
35668 1 0.665819406509
48689 1 0.665535986423
76784 1 0.664621829987
85153 1 0.664399385452
38227 1 0.661994278431
17091 2 0.659959197044
63110 1 0.657175183296
38509 1 0.65575581789
10432 1 0.655477941036
5795 1 0.654541194439
15302 1 0.654107928276
45933 4 0.653749704361
17786 4 0.65349149704
11462 1 0.653188765049
52820 1 0.653120338917
33696 1 0.652909755707
11152 2 0.65203744173
54560 1 0.651950955391
7861 4 0.651818335056
2256 1 0.651693642139
5932 1 0.651268422604
4064 1 0.650814414024
50687 4 0.650797963142
55218 1 0.649508357048
59442 2 0.648214459419
68024 4 0.648161649704
44223 3 0.647947728634
43077 1 0.647499203682
16093 1 0.647429764271
11509 4 0.647289991379
10509 4 0.646601855755
60088 1 0.64643573761
57747 3 0.645826339722
6049 1 0.64365029335
4294 4 0.642377078533
17180 4 0.642269432545
18998 1 0.641849637032
89266 1 0.641692221165
18859 4 0.641529321671
25168 4 0.641408324242
19227 1 0.640356838703
65390 7 0.640078306198
75664 1 0.639977276325
72198 1 0.639561772346
89605 4 0.639497339725
64488 2 0.639367640018
1852 1 0.638893902302
52353 1 0.637875378132
36939 1 0.636266946793
32291 1 0.634537100792
269 1 0.632958590984
6973 2 0.632714152336
20459 1 0.631318986416
22836 3 0.631041705608
20853 4 0.630600810051
55778 2 0.630283713341
27488 4 0.63018733263
56386 4 0.62964195013
31204 1 0.629416882992
88606 4 0.62786346674
66010 1 0.627595484257
34260 1 0.627174675465
70856 3 0.627012729645
23617 4 0.626822471619
7675 4 0.625956594944
39582 3 0.62438839674
1914 4 0.62184458971
16910 4 0.621385276318
52507 4 0.620256781578
46779 1 0.619439184666
17774 1 0.618874192238
67140 1 0.61839401722
29149 7 0.617516100407
91609 1 0.617385864258
68156 4 0.61510270834
6552 4 0.615043580532
23374 4 0.614942371845
48162 1 0.614725768566
4095 1 0.612567901611
51542 4 0.611441910267
50 4 0.611195027828
38798 4 0.611008703709
67880 2 0.610734462738
32774 4 0.610351800919
44993 2 0.608841598034
82915 4 0.608107686043
90510 1 0.606452345848
57650 7 0.605811774731
2350 2 0.605687141418
28799 1 0.605321586132
56475 1 0.605297386646
62578 1 0.605233371258
4391 2 0.605215728283
78402 4 0.604478538036
48571 4 0.604185342789
57651 1 0.602927148342
18914 1 0.602115094662
10345 4 0.601155698299
88735 4 0.597712993622
4930 1 0.597361385822
2313 2 0.596342563629
88738 4 0.59573495388
29687 4 0.59551846981
60106 1 0.595367789268
54712 4 0.59484565258
68052 4 0.594608664513
71726 1 0.594595611095
45000 1 0.594583034515
89000 1 0.592263221741
73337 1 0.592063903809
83506 1 0.591983854771
80988 2 0.591832995415
46949 4 0.591074645519
52357 1 0.589865267277
36505 1 0.589482784271
45875 1 0.5886246562
17440 1 0.587678551674
7699 1 0.587509989738
13624 1 0.585879564285
41755 1 0.585762321949
51507 4 0.585709750652
34682 3 0.585506856441
56310 4 0.584672391415
32079 4 0.584244787693
19747 1 0.583057284355
50997 2 0.582925200462
64554 1 0.582007288933
82175 4 0.581434369087
90607 1 0.581361591816
25829 4 0.581138789654
13884 2 0.580975532532
71954 4 0.5807030797
64304 4 0.580352067947
45169 2 0.580313444138
65114 3 0.580175876617
34674 4 0.579856753349
68189 4 0.579617142677
66956 1 0.578582346439
40390 4 0.577125012875
78487 3 0.577124595642
50241 1 0.576882123947
17634 4 0.576526463032
71006 1 0.575859069824
50227 4 0.575651288033
61252 1 0.575473189354
74998 4 0.575011193752
88253 4 0.573555707932
45504 3 0.571522295475
84887 3 0.570769846439
23001 4 0.570655226707
89121 4 0.570584893227
60801 3 0.569370746613
63589 4 0.568334400654
32886 1 0.567760407925
20804 1 0.565629005432
1003 4 0.565501511097
19005 3 0.565097033978
3754 4 0.564337313175
12662 2 0.564003527164
13021 1 0.561760306358
26471 4 0.5612449646
1743 2 0.560805857182
12657 1 0.559213340282
50090 1 0.557757675648
20697 1 0.557400465012
42594 1 0.556110918522
6652 4 0.555662631989
38094 1 0.555391252041
29440 4 0.555286169052
71975 4 0.554648697376
51754 1 0.554573893547
15533 1 0.554501116276
6709 2 0.554256975651
35795 1 0.553965866566
31152 4 0.55393743515
83988 3 0.552851617336
33782 1 0.552556633949
10427 2 0.552409350872
76861 1 0.552132070065
61917 1 0.550499200821
22198 2 0.549731433392
59276 1 0.548934936523
18138 1 0.548783004284
53930 1 0.548763394356
54278 2 0.54861587286
3548 3 0.548479557037
67141 1 0.54832482338
78482 3 0.547606110573
32044 1 0.547465801239
17764 3 0.547384619713
85896 1 0.546842575073
40405 1 0.546341001987
37167 2 0.545739471912
83903 4 0.545198380947
12300 1 0.545191943645
68313 2 0.543977558613
20745 2 0.543496787548
628 1 0.543472647667
3366 4 0.543344199657
71957 4 0.542192220688
34941 3 0.541199862957
56913 2 0.541050672531
69802 4 0.54076051712
40373 4 0.540647923946
80122 4 0.540564835072
38208 1 0.540379285812
76572 1 0.539638221264
82521 1 0.539329409599
55884 1 0.539227902889
28520 1 0.5392177701
91627 1 0.539141774178
68911 4 0.538428008556
71952 1 0.538089036942
23683 3 0.537460744381
44526 1 0.535730242729
61312 4 0.534615397453
432 1 0.534402668476
37360 4 0.533903181553
19589 1 0.53311163187
27051 4 0.529942512512
80317 4 0.529371142387
19759 1 0.52860045433
84620 1 0.528563022614
69803 4 0.52779263258
47991 2 0.527433931828
68660 1 0.527425348759
49853 2 0.527195870876
51715 1 0.526962995529
43779 4 0.526799798012
9361 2 0.526614010334
27041 1 0.526563286781
49274 1 0.526393294334
88115 1 0.526168882847
61250 1 0.525818943977
31776 3 0.52531671524
4220 4 0.524993002415
20044 4 0.524862706661
15251 4 0.524649083614
70680 3 0.524104833603
37166 1 0.523317813873
89197 4 0.522230923176
16046 3 0.522096037865
34203 4 0.521762728691
67475 4 0.521631419659
25672 1 0.520673692226
5558 1 0.520150899887
60413 4 0.519861578941
1304 1 0.518146634102
19791 4 0.516775846481
5766 3 0.516371071339
68717 1 0.515430629253
84936 1 0.515083491802
6586 2 0.514608621597
34803 3 0.514154493809
10244 2 0.513790428638
87927 1 0.513776063919
25838 4 0.513618826866
34367 3 0.513335764408
67918 3 0.513012588024
77983 4 0.512755930424
14260 3 0.512753486633
14744 4 0.512239098549
78569 1 0.512231528759
65964 4 0.512067615986
73632 1 0.512048065662
90061 1 0.511907577515
85928 1 0.510934114456
42763 4 0.510626673698
50349 1 0.510381042957
34373 2 0.510354697704
34792 1 0.510179042816
46551 1 0.509742379189
51621 3 0.509384155273
40422 2 0.509248435497
57081 4 0.507921457291
11051 2 0.507207274437
74777 3 0.505788207054
52211 1 0.505078673363
43202 1 0.504028260708
3218 4 0.503155827522
11698 4 0.502542853355
41260 2 0.502036690712
73113 1 0.501653134823
88736 4 0.500868916512
10994 4 0.500358402729
24243 4 0.499872773886
25147 4 0.499756217003
52821 7 0.49906000495
80514 4 0.498610258102
89664 1 0.497565567493
17468 3 0.496446758509
59019 4 0.495348721743
35266 4 0.495343536139
82159 4 0.494713574648
19655 1 0.494522869587
62824 1 0.494176179171
79120 4 0.493384540081
56888 1 0.493357807398
9556 4 0.493161678314
504 4 0.491784900427
34729 2 0.491217762232
70885 4 0.490811705589
45178 4 0.490772485733
76854 3 0.488623201847
52709 3 0.488610297441
58874 3 0.488462746143
48813 3 0.486296743155
25345 2 0.485618263483
12051 4 0.485574603081
14021 2 0.48347055912
18999 3 0.483086794615
71321 4 0.482923984528
13313 4 0.48237901926
91113 4 0.482012093067
62168 4 0.478189229965
79167 2 0.478132873774
38092 1 0.476560413837
20435 2 0.474880546331
84126 3 0.473052978516
52789 3 0.472546905279
83872 4 0.472382068634
59029 1 0.472092926502
29148 1 0.470651179552
83582 4 0.470424890518
62518 3 0.470406889915
30831 4 0.467666774988
6451 4 0.466024816036
61213 2 0.463004916906
43195 4 0.462721914053
4788 2 0.460445255041
3737 4 0.457461446524
19774 2 0.455475538969
39712 3 0.450236290693
8537 3 0.449955701828
11269 2 0.448650360107
66444 1 0.448574066162
40648 3 0.448345541954
83254 2 0.448277980089
17147 3 0.44783821702
57726 3 0.447106748819
5784 7 0.446422189474
43996 3 0.444574594498
52617 3 0.443836867809
10238 2 0.443812608719
31738 3 0.443394184113
37567 2 0.44277715683
728 2 0.439295977354
89525 2 0.437984615564
9227 2 0.436888694763
59516 4 0.436470746994
52337 3 0.432654291391
42082 4 0.431987136602
64098 2 0.428455770016
62517 3 0.425594747066
64020 2 0.423326343298
65353 2 0.422785282135
59994 2 0.421840965748
73431 4 0.421832859516
55695 2 0.421249657869
18202 4 0.420415759087
79107 4 0.417880982161
47211 2 0.417586296797
73473 3 0.415073662996
348 4 0.413711220026
41628 4 0.41308093071
31472 4 0.412313818932
57753 4 0.411269456148
2305 2 0.410931020975
43080 4 0.410859465599
34458 7 0.410228610039
1755 2 0.409464240074
64521 3 0.408434003592
41956 2 0.408155858517
4447 4 0.407628208399
49493 3 0.403475731611
40140 2 0.403284221888
70220 4 0.403226315975
50738 2 0.401752769947
476 2 0.401157975197
54519 4 0.399555027485
21838 2 0.399317890406
9038 3 0.395866125822
4416 2 0.395691752434
29277 4 0.395514219999
21086 4 0.391993522644
39936 2 0.391342580318
13882 2 0.39112201333
59884 4 0.389220297337
32651 3 0.387659817934
57759 4 0.387580245733
7336 3 0.387516111135
28001 2 0.38474047184
26143 2 0.384700447321
67255 4 0.384283423424
24757 4 0.382253557444
2700 3 0.379808962345
78878 2 0.379190385342
34403 3 0.378685265779
29481 2 0.377197861671
2754 2 0.375076711178
65748 3 0.374644130468
8981 3 0.369626522064
84447 2 0.369541615248
60813 2 0.363775014877
12705 2 0.36001893878
58326 2 0.3582008183
3117 2 0.357390463352
72758 4 0.357126533985
53533 3 0.352418333292
73434 2 0.352296739817
49681 3 0.351401954889
4356 2 0.351188123226
17280 3 0.350527942181
87447 2 0.350218057632
51404 2 0.350124329329
86758 2 0.348778486252
654 2 0.345672547817
38743 2 0.340285569429
55750 3 0.339944750071
74793 2 0.33491936326
55467 2 0.334252357483
8374 2 0.331009477377
73938 2 0.32401907444
83505 3 0.318455159664
28709 2 0.31371191144
88728 4 0.310192704201
61113 3 0.308493703604
83775 2 0.306888222694
33268 4 0.30211442709
4355 2 0.297087728977
57449 2 0.286547243595
5591 2 0.285271853209
7873 2 0.283720761538
5654 5 0.281532794237
76765 4 0.280965685844
56223 2 0.272328585386
24756 4 0.271831154823
10181 2 0.26377877593
22774 2 0.263071238995
29832 5 0.262398868799
59770 2 0.251620054245
9510 3 0.242699161172
9814 2 0.242127671838
27668 6 0.233743906021
66695 3 0.230247974396
27125 5 0.225894585252
33207 2 0.180209472775
