1.0 0.0
0.0 0.0
0.5 0.000577367205543
0.333333333333 0.000577367205543
0.25 0.000577367205543
0.4 0.00115473441109
0.5 0.00173210161663
0.571428571429 0.00230946882217
0.5 0.00230946882217
0.555555555556 0.00288683602771
0.5 0.00288683602771
0.454545454545 0.00288683602771
0.5 0.00346420323326
0.538461538462 0.0040415704388
0.571428571429 0.00461893764434
0.6 0.00519630484988
0.5625 0.00519630484988
0.588235294118 0.00577367205543
0.611111111111 0.00635103926097
0.631578947368 0.00692840646651
0.65 0.00750577367206
0.666666666667 0.0080831408776
0.681818181818 0.00866050808314
0.695652173913 0.00923787528868
0.666666666667 0.00923787528868
0.68 0.00981524249423
0.692307692308 0.0103926096998
0.703703703704 0.0109699769053
0.678571428571 0.0109699769053
0.689655172414 0.0115473441109
0.666666666667 0.0115473441109
0.677419354839 0.0121247113164
0.6875 0.0127020785219
0.666666666667 0.0127020785219
0.676470588235 0.0132794457275
0.685714285714 0.013856812933
0.666666666667 0.013856812933
0.675675675676 0.0144341801386
0.657894736842 0.0144341801386
0.666666666667 0.0150115473441
0.65 0.0150115473441
0.658536585366 0.0155889145497
0.666666666667 0.0161662817552
0.651162790698 0.0161662817552
0.659090909091 0.0167436489607
0.644444444444 0.0167436489607
0.652173913043 0.0173210161663
0.63829787234 0.0173210161663
0.645833333333 0.0178983833718
0.65306122449 0.0184757505774
0.66 0.0190531177829
0.666666666667 0.0196304849885
0.673076923077 0.020207852194
0.660377358491 0.020207852194
0.666666666667 0.0207852193995
0.654545454545 0.0207852193995
0.660714285714 0.0213625866051
0.649122807018 0.0213625866051
0.637931034483 0.0213625866051
0.64406779661 0.0219399538106
0.633333333333 0.0219399538106
0.622950819672 0.0219399538106
0.629032258065 0.0225173210162
0.634920634921 0.0230946882217
0.640625 0.0236720554273
0.646153846154 0.0242494226328
0.651515151515 0.0248267898383
0.65671641791 0.0254041570439
0.647058823529 0.0254041570439
0.652173913043 0.0259815242494
0.657142857143 0.026558891455
0.647887323944 0.026558891455
0.652777777778 0.0271362586605
0.657534246575 0.0277136258661
0.662162162162 0.0282909930716
0.653333333333 0.0282909930716
0.657894736842 0.0288683602771
0.662337662338 0.0294457274827
0.666666666667 0.0300230946882
0.670886075949 0.0306004618938
0.6625 0.0306004618938
0.666666666667 0.0311778290993
0.670731707317 0.0317551963048
0.674698795181 0.0323325635104
0.678571428571 0.0329099307159
0.670588235294 0.0329099307159
0.662790697674 0.0329099307159
0.666666666667 0.0334872979215
0.670454545455 0.034064665127
0.662921348315 0.034064665127
0.666666666667 0.0346420323326
0.659340659341 0.0346420323326
0.652173913043 0.0346420323326
0.655913978495 0.0352193995381
0.648936170213 0.0352193995381
0.642105263158 0.0352193995381
0.645833333333 0.0357967667436
0.649484536082 0.0363741339492
0.65306122449 0.0369515011547
0.656565656566 0.0375288683603
0.66 0.0381062355658
0.653465346535 0.0381062355658
0.656862745098 0.0386836027714
0.650485436893 0.0386836027714
0.644230769231 0.0386836027714
0.647619047619 0.0392609699769
0.641509433962 0.0392609699769
0.635514018692 0.0392609699769
0.62962962963 0.0392609699769
0.633027522936 0.0398383371824
0.636363636364 0.040415704388
0.63963963964 0.0409930715935
0.642857142857 0.0415704387991
0.637168141593 0.0415704387991
0.631578947368 0.0415704387991
0.634782608696 0.0421478060046
0.637931034483 0.0427251732102
0.641025641026 0.0433025404157
0.635593220339 0.0433025404157
0.638655462185 0.0438799076212
0.641666666667 0.0444572748268
0.636363636364 0.0444572748268
0.631147540984 0.0444572748268
0.634146341463 0.0450346420323
0.637096774194 0.0456120092379
0.64 0.0461893764434
0.634920634921 0.0461893764434
0.637795275591 0.046766743649
0.6328125 0.046766743649
0.627906976744 0.046766743649
0.623076923077 0.046766743649
0.618320610687 0.046766743649
0.621212121212 0.0473441108545
0.616541353383 0.0473441108545
0.619402985075 0.04792147806
0.622222222222 0.0484988452656
0.625 0.0490762124711
0.620437956204 0.0490762124711
0.623188405797 0.0496535796767
0.625899280576 0.0502309468822
0.628571428571 0.0508083140878
0.624113475177 0.0508083140878
0.619718309859 0.0508083140878
0.615384615385 0.0508083140878
0.618055555556 0.0513856812933
0.620689655172 0.0519630484988
0.623287671233 0.0525404157044
0.619047619048 0.0525404157044
0.614864864865 0.0525404157044
0.610738255034 0.0525404157044
0.613333333333 0.0531177829099
0.615894039735 0.0536951501155
0.611842105263 0.0536951501155
0.607843137255 0.0536951501155
0.603896103896 0.0536951501155
0.606451612903 0.054272517321
0.602564102564 0.054272517321
0.59872611465 0.054272517321
0.594936708861 0.054272517321
0.59748427673 0.0548498845266
0.6 0.0554272517321
0.60248447205 0.0560046189376
0.604938271605 0.0565819861432
0.601226993865 0.0565819861432
0.59756097561 0.0565819861432
0.6 0.0571593533487
0.596385542169 0.0571593533487
0.592814371257 0.0571593533487
0.589285714286 0.0571593533487
0.591715976331 0.0577367205543
0.588235294118 0.0577367205543
0.590643274854 0.0583140877598
0.587209302326 0.0583140877598
0.583815028902 0.0583140877598
0.580459770115 0.0583140877598
0.577142857143 0.0583140877598
0.573863636364 0.0583140877598
0.570621468927 0.0583140877598
0.573033707865 0.0588914549654
0.575418994413 0.0594688221709
0.577777777778 0.0600461893764
0.580110497238 0.060623556582
0.576923076923 0.060623556582
0.579234972678 0.0612009237875
0.58152173913 0.0617782909931
0.578378378378 0.0617782909931
0.575268817204 0.0617782909931
0.577540106952 0.0623556581986
0.579787234043 0.0629330254042
0.57671957672 0.0629330254042
0.573684210526 0.0629330254042
0.570680628272 0.0629330254042
0.572916666667 0.0635103926097
0.575129533679 0.0640877598152
0.577319587629 0.0646651270208
0.579487179487 0.0652424942263
0.581632653061 0.0658198614319
0.583756345178 0.0663972286374
0.580808080808 0.0663972286374
0.577889447236 0.0663972286374
0.58 0.066974595843
0.577114427861 0.066974595843
0.574257425743 0.066974595843
0.571428571429 0.066974595843
0.573529411765 0.0675519630485
0.570731707317 0.0675519630485
0.572815533981 0.068129330254
0.570048309179 0.068129330254
0.567307692308 0.068129330254
0.569377990431 0.0687066974596
0.571428571429 0.0692840646651
0.568720379147 0.0692840646651
0.566037735849 0.0692840646651
0.56338028169 0.0692840646651
0.565420560748 0.0698614318707
0.567441860465 0.0704387990762
0.569444444444 0.0710161662818
0.571428571429 0.0715935334873
0.56880733945 0.0715935334873
0.566210045662 0.0715935334873
0.568181818182 0.0721709006928
0.565610859729 0.0721709006928
0.563063063063 0.0721709006928
0.560538116592 0.0721709006928
0.5625 0.0727482678984
0.56 0.0727482678984
0.561946902655 0.0733256351039
0.559471365639 0.0733256351039
0.55701754386 0.0733256351039
0.554585152838 0.0733256351039
0.552173913043 0.0733256351039
0.554112554113 0.0739030023095
0.556034482759 0.074480369515
0.55364806867 0.074480369515
0.551282051282 0.074480369515
0.548936170213 0.074480369515
0.546610169492 0.074480369515
0.548523206751 0.0750577367206
0.546218487395 0.0750577367206
0.548117154812 0.0756351039261
0.545833333333 0.0756351039261
0.54356846473 0.0756351039261
0.545454545455 0.0762124711316
0.547325102881 0.0767898383372
0.545081967213 0.0767898383372
0.542857142857 0.0767898383372
0.540650406504 0.0767898383372
0.542510121457 0.0773672055427
0.540322580645 0.0773672055427
0.538152610442 0.0773672055427
0.54 0.0779445727483
0.541832669323 0.0785219399538
0.543650793651 0.0790993071594
0.541501976285 0.0790993071594
0.543307086614 0.0796766743649
0.541176470588 0.0796766743649
0.54296875 0.0802540415704
0.540856031128 0.0802540415704
0.542635658915 0.080831408776
0.540540540541 0.080831408776
0.542307692308 0.0814087759815
0.540229885057 0.0814087759815
0.538167938931 0.0814087759815
0.539923954373 0.0819861431871
0.541666666667 0.0825635103926
0.543396226415 0.0831408775982
0.545112781955 0.0837182448037
0.543071161049 0.0837182448037
0.544776119403 0.0842956120092
0.542750929368 0.0842956120092
0.544444444444 0.0848729792148
0.546125461255 0.0854503464203
0.544117647059 0.0854503464203
0.542124542125 0.0854503464203
0.540145985401 0.0854503464203
0.538181818182 0.0854503464203
0.536231884058 0.0854503464203
0.537906137184 0.0860277136259
0.539568345324 0.0866050808314
0.537634408602 0.0866050808314
0.535714285714 0.0866050808314
0.537366548043 0.087182448037
0.539007092199 0.0877598152425
0.540636042403 0.088337182448
0.542253521127 0.0889145496536
0.543859649123 0.0894919168591
0.545454545455 0.0900692840647
0.543554006969 0.0900692840647
0.541666666667 0.0900692840647
0.539792387543 0.0900692840647
0.537931034483 0.0900692840647
0.536082474227 0.0900692840647
0.534246575342 0.0900692840647
0.532423208191 0.0900692840647
0.530612244898 0.0900692840647
0.528813559322 0.0900692840647
0.530405405405 0.0906466512702
0.52861952862 0.0906466512702
0.530201342282 0.0912240184758
0.528428093645 0.0912240184758
0.53 0.0918013856813
0.528239202658 0.0918013856813
0.529801324503 0.0923787528868
0.528052805281 0.0923787528868
0.529605263158 0.0929561200924
0.531147540984 0.0935334872979
0.529411764706 0.0935334872979
0.527687296417 0.0935334872979
0.525974025974 0.0935334872979
0.52427184466 0.0935334872979
0.525806451613 0.0941108545035
0.524115755627 0.0941108545035
0.522435897436 0.0941108545035
0.520766773163 0.0941108545035
0.519108280255 0.0941108545035
0.520634920635 0.094688221709
0.518987341772 0.094688221709
0.520504731861 0.0952655889145
0.518867924528 0.0952655889145
0.520376175549 0.0958429561201
0.521875 0.0964203233256
0.520249221184 0.0964203233256
0.518633540373 0.0964203233256
0.520123839009 0.0969976905312
0.518518518519 0.0969976905312
0.516923076923 0.0969976905312
0.515337423313 0.0969976905312
0.51376146789 0.0969976905312
0.512195121951 0.0969976905312
0.510638297872 0.0969976905312
0.509090909091 0.0969976905312
0.507552870091 0.0969976905312
0.506024096386 0.0969976905312
0.504504504505 0.0969976905312
0.502994011976 0.0969976905312
0.501492537313 0.0969976905312
0.5 0.0969976905312
0.498516320475 0.0969976905312
0.497041420118 0.0969976905312
0.495575221239 0.0969976905312
0.494117647059 0.0969976905312
0.495601173021 0.0975750577367
0.494152046784 0.0975750577367
0.492711370262 0.0975750577367
0.491279069767 0.0975750577367
0.489855072464 0.0975750577367
0.491329479769 0.0981524249423
0.489913544669 0.0981524249423
0.488505747126 0.0981524249423
0.487106017192 0.0981524249423
0.485714285714 0.0981524249423
0.48433048433 0.0981524249423
0.485795454545 0.0987297921478
0.484419263456 0.0987297921478
0.483050847458 0.0987297921478
0.481690140845 0.0987297921478
0.480337078652 0.0987297921478
0.481792717087 0.0993071593533
0.480446927374 0.0993071593533
0.479108635097 0.0993071593533
0.480555555556 0.0998845265589
0.479224376731 0.0998845265589
0.477900552486 0.0998845265589
0.479338842975 0.100461893764
0.480769230769 0.10103926097
0.482191780822 0.101616628176
0.48087431694 0.101616628176
0.479564032698 0.101616628176
0.478260869565 0.101616628176
0.479674796748 0.102193995381
0.478378378378 0.102193995381
0.479784366577 0.102771362587
0.481182795699 0.103348729792
0.479892761394 0.103348729792
0.478609625668 0.103348729792
0.477333333333 0.103348729792
0.476063829787 0.103348729792
0.474801061008 0.103348729792
0.473544973545 0.103348729792
0.472295514512 0.103348729792
0.471052631579 0.103348729792
0.469816272966 0.103348729792
0.468586387435 0.103348729792
0.467362924282 0.103348729792
0.466145833333 0.103348729792
0.467532467532 0.103926096998
0.468911917098 0.104503464203
0.467700258398 0.104503464203
0.466494845361 0.104503464203
0.46529562982 0.104503464203
0.466666666667 0.105080831409
0.46547314578 0.105080831409
0.464285714286 0.105080831409
0.4631043257 0.105080831409
0.464467005076 0.105658198614
0.46582278481 0.10623556582
0.464646464646 0.10623556582
0.465994962217 0.106812933025
0.464824120603 0.106812933025
0.466165413534 0.107390300231
0.4675 0.107967667436
0.468827930175 0.108545034642
0.470149253731 0.109122401848
0.468982630273 0.109122401848
0.467821782178 0.109122401848
0.466666666667 0.109122401848
0.465517241379 0.109122401848
0.464373464373 0.109122401848
0.463235294118 0.109122401848
0.462102689487 0.109122401848
0.460975609756 0.109122401848
0.462287104623 0.109699769053
0.461165048544 0.109699769053
0.46004842615 0.109699769053
0.458937198068 0.109699769053
0.460240963855 0.110277136259
0.459134615385 0.110277136259
0.458033573141 0.110277136259
0.456937799043 0.110277136259
0.45584725537 0.110277136259
0.457142857143 0.110854503464
0.456057007126 0.110854503464
0.454976303318 0.110854503464
0.45390070922 0.110854503464
0.452830188679 0.110854503464
0.451764705882 0.110854503464
0.450704225352 0.110854503464
0.449648711944 0.110854503464
0.450934579439 0.11143187067
0.452214452214 0.112009237875
0.453488372093 0.112586605081
0.452436194896 0.112586605081
0.451388888889 0.112586605081
0.450346420323 0.112586605081
0.44930875576 0.112586605081
0.448275862069 0.112586605081
0.447247706422 0.112586605081
0.448512585812 0.113163972286
0.447488584475 0.113163972286
0.44874715262 0.113741339492
0.45 0.114318706697
0.451247165533 0.114896073903
0.452488687783 0.115473441109
0.453724604966 0.116050808314
0.452702702703 0.116050808314
0.45393258427 0.11662817552
0.452914798206 0.11662817552
0.454138702461 0.117205542725
0.455357142857 0.117782909931
0.456570155902 0.118360277136
0.455555555556 0.118360277136
0.456762749446 0.118937644342
0.45796460177 0.119515011547
0.456953642384 0.119515011547
0.455947136564 0.119515011547
0.457142857143 0.120092378753
0.458333333333 0.120669745958
0.457330415755 0.120669745958
0.456331877729 0.120669745958
0.457516339869 0.121247113164
0.45652173913 0.121247113164
0.457700650759 0.12182448037
0.45670995671 0.12182448037
0.45788336933 0.122401847575
0.459051724138 0.122979214781
0.458064516129 0.122979214781
0.457081545064 0.122979214781
0.456102783726 0.122979214781
0.455128205128 0.122979214781
0.456289978678 0.123556581986
0.457446808511 0.124133949192
0.458598726115 0.124711316397
0.459745762712 0.125288683603
0.458773784355 0.125288683603
0.457805907173 0.125288683603
0.458947368421 0.125866050808
0.457983193277 0.125866050808
0.459119496855 0.126443418014
0.460251046025 0.127020785219
0.459290187891 0.127020785219
0.458333333333 0.127020785219
0.45738045738 0.127020785219
0.458506224066 0.127598152425
0.457556935818 0.127598152425
0.45867768595 0.12817551963
0.459793814433 0.128752886836
0.458847736626 0.128752886836
0.457905544148 0.128752886836
0.456967213115 0.128752886836
0.458077709611 0.129330254042
0.459183673469 0.129907621247
0.460285132383 0.130484988453
0.459349593496 0.130484988453
0.458417849899 0.130484988453
0.457489878543 0.130484988453
0.458585858586 0.131062355658
0.457661290323 0.131062355658
0.456740442656 0.131062355658
0.455823293173 0.131062355658
0.454909819639 0.131062355658
0.456 0.131639722864
0.455089820359 0.131639722864
0.456175298805 0.132217090069
0.455268389662 0.132217090069
0.456349206349 0.132794457275
0.457425742574 0.13337182448
0.458498023715 0.133949191686
0.459566074951 0.134526558891
0.458661417323 0.134526558891
0.457760314342 0.134526558891
0.458823529412 0.135103926097
0.457925636008 0.135103926097
0.458984375 0.135681293303
0.458089668616 0.135681293303
0.45719844358 0.135681293303
0.456310679612 0.135681293303
0.455426356589 0.135681293303
0.456479690522 0.136258660508
0.455598455598 0.136258660508
0.45472061657 0.136258660508
0.455769230769 0.136836027714
0.454894433781 0.136836027714
0.454022988506 0.136836027714
0.453154875717 0.136836027714
0.454198473282 0.137413394919
0.453333333333 0.137413394919
0.454372623574 0.137990762125
0.453510436433 0.137990762125
0.454545454545 0.13856812933
0.453686200378 0.13856812933
0.454716981132 0.139145496536
0.453860640301 0.139145496536
0.453007518797 0.139145496536
0.452157598499 0.139145496536
0.451310861423 0.139145496536
0.45046728972 0.139145496536
0.449626865672 0.139145496536
0.448789571695 0.139145496536
0.447955390335 0.139145496536
0.447124304267 0.139145496536
0.446296296296 0.139145496536
0.445471349353 0.139145496536
0.444649446494 0.139145496536
0.445672191529 0.139722863741
0.446691176471 0.140300230947
0.445871559633 0.140300230947
0.446886446886 0.140877598152
0.4478976234 0.141454965358
0.448905109489 0.142032332564
0.448087431694 0.142032332564
0.447272727273 0.142032332564
0.446460980036 0.142032332564
0.447463768116 0.142609699769
0.448462929476 0.143187066975
0.447653429603 0.143187066975
0.446846846847 0.143187066975
0.446043165468 0.143187066975
0.445242369838 0.143187066975
0.44623655914 0.14376443418
0.445438282648 0.14376443418
0.446428571429 0.144341801386
0.447415329768 0.144919168591
0.446619217082 0.144919168591
0.447602131439 0.145496535797
0.446808510638 0.145496535797
0.446017699115 0.145496535797
0.445229681979 0.145496535797
0.444444444444 0.145496535797
0.445422535211 0.146073903002
0.446397188049 0.146651270208
0.445614035088 0.146651270208
0.444833625219 0.146651270208
0.444055944056 0.146651270208
0.44502617801 0.147228637413
0.44425087108 0.147228637413
0.44347826087 0.147228637413
0.442708333333 0.147228637413
0.441941074523 0.147228637413
0.441176470588 0.147228637413
0.442141623489 0.147806004619
0.441379310345 0.147806004619
0.440619621343 0.147806004619
0.439862542955 0.147806004619
0.43910806175 0.147806004619
0.438356164384 0.147806004619
0.437606837607 0.147806004619
0.436860068259 0.147806004619
0.436115843271 0.147806004619
0.437074829932 0.148383371824
0.436332767402 0.148383371824
0.437288135593 0.14896073903
0.43654822335 0.14896073903
0.435810810811 0.14896073903
0.43676222597 0.149538106236
0.43771043771 0.150115473441
0.438655462185 0.150692840647
0.439597315436 0.151270207852
0.4405360134 0.151847575058
0.439799331104 0.151847575058
0.440734557596 0.152424942263
0.441666666667 0.153002309469
0.440931780366 0.153002309469
0.440199335548 0.153002309469
0.439469320066 0.153002309469
0.440397350993 0.153579676674
0.439669421488 0.153579676674
0.438943894389 0.153579676674
0.438220757825 0.153579676674
0.4375 0.153579676674
0.43842364532 0.15415704388
0.439344262295 0.154734411085
0.438625204583 0.154734411085
0.437908496732 0.154734411085
0.437194127243 0.154734411085
0.436482084691 0.154734411085
0.435772357724 0.154734411085
0.435064935065 0.154734411085
0.434359805511 0.154734411085
0.433656957929 0.154734411085
0.43295638126 0.154734411085
0.432258064516 0.154734411085
0.431561996779 0.154734411085
0.430868167203 0.154734411085
0.431781701445 0.155311778291
0.432692307692 0.155889145497
0.4336 0.156466512702
0.432907348243 0.156466512702
0.433811802233 0.157043879908
0.433121019108 0.157043879908
0.432432432432 0.157043879908
0.433333333333 0.157621247113
0.43264659271 0.157621247113
0.431962025316 0.157621247113
0.431279620853 0.157621247113
0.430599369085 0.157621247113
0.429921259843 0.157621247113
0.430817610063 0.158198614319
0.430141287284 0.158198614319
0.431034482759 0.158775981524
0.431924882629 0.15935334873
0.43125 0.15935334873
0.432137285491 0.159930715935
0.431464174455 0.159930715935
0.43234836703 0.160508083141
0.433229813665 0.161085450346
0.432558139535 0.161085450346
0.431888544892 0.161085450346
0.431221020093 0.161085450346
0.430555555556 0.161085450346
0.431432973806 0.161662817552
0.432307692308 0.162240184758
0.431643625192 0.162240184758
0.430981595092 0.162240184758
0.430321592649 0.162240184758
0.429663608563 0.162240184758
0.429007633588 0.162240184758
0.428353658537 0.162240184758
0.429223744292 0.162817551963
0.428571428571 0.162817551963
0.427921092564 0.162817551963
0.427272727273 0.162817551963
0.426626323752 0.162817551963
0.425981873112 0.162817551963
0.425339366516 0.162817551963
0.424698795181 0.162817551963
0.424060150376 0.162817551963
0.424924924925 0.163394919169
0.425787106447 0.163972286374
0.425149700599 0.163972286374
0.424514200299 0.163972286374
0.425373134328 0.16454965358
0.424739195231 0.16454965358
0.425595238095 0.165127020785
0.424962852897 0.165127020785
0.424332344214 0.165127020785
0.425185185185 0.165704387991
0.426035502959 0.166281755196
0.426883308715 0.166859122402
0.426253687316 0.166859122402
0.425625920471 0.166859122402
0.425 0.166859122402
0.424375917768 0.166859122402
0.423753665689 0.166859122402
0.423133235725 0.166859122402
0.422514619883 0.166859122402
0.421897810219 0.166859122402
0.421282798834 0.166859122402
0.422125181951 0.167436489607
0.421511627907 0.167436489607
0.420899854862 0.167436489607
0.420289855072 0.167436489607
0.419681620839 0.167436489607
0.420520231214 0.168013856813
0.419913419913 0.168013856813
0.420749279539 0.168591224018
0.420143884892 0.168591224018
0.419540229885 0.168591224018
0.41893830703 0.168591224018
0.418338108883 0.168591224018
0.41773962804 0.168591224018
0.417142857143 0.168591224018
0.416547788873 0.168591224018
0.415954415954 0.168591224018
0.416785206259 0.169168591224
0.416193181818 0.169168591224
0.417021276596 0.16974595843
0.416430594901 0.16974595843
0.415841584158 0.16974595843
0.415254237288 0.16974595843
0.416078984485 0.170323325635
0.415492957746 0.170323325635
0.414908579466 0.170323325635
0.414325842697 0.170323325635
0.413744740533 0.170323325635
0.413165266106 0.170323325635
0.412587412587 0.170323325635
0.412011173184 0.170323325635
0.411436541144 0.170323325635
0.412256267409 0.170900692841
0.413073713491 0.171478060046
0.4125 0.171478060046
0.411927877947 0.171478060046
0.41135734072 0.171478060046
0.410788381743 0.171478060046
0.410220994475 0.171478060046
0.409655172414 0.171478060046
0.409090909091 0.171478060046
0.409903713893 0.172055427252
0.409340659341 0.172055427252
0.410150891632 0.172632794457
0.409589041096 0.172632794457
0.40902872777 0.172632794457
0.408469945355 0.172632794457
0.407912687585 0.172632794457
0.407356948229 0.172632794457
0.406802721088 0.172632794457
0.407608695652 0.173210161663
0.407055630936 0.173210161663
0.406504065041 0.173210161663
0.405953991881 0.173210161663
0.406756756757 0.173787528868
0.40620782726 0.173787528868
0.407008086253 0.174364896074
0.407806191117 0.174942263279
0.407258064516 0.174942263279
0.406711409396 0.174942263279
0.407506702413 0.175519630485
0.406961178046 0.175519630485
0.406417112299 0.175519630485
0.405874499332 0.175519630485
0.405333333333 0.175519630485
0.406125166445 0.176096997691
0.405585106383 0.176096997691
0.405046480744 0.176096997691
0.40450928382 0.176096997691
0.403973509934 0.176096997691
0.404761904762 0.176674364896
0.404227212682 0.176674364896
0.403693931398 0.176674364896
0.404479578393 0.177251732102
0.405263157895 0.177829099307
0.404730617608 0.177829099307
0.404199475066 0.177829099307
0.403669724771 0.177829099307
0.40445026178 0.178406466513
0.40522875817 0.178983833718
0.404699738903 0.178983833718
0.405475880052 0.179561200924
0.404947916667 0.179561200924
0.404421326398 0.179561200924
0.405194805195 0.180138568129
0.4046692607 0.180138568129
0.40414507772 0.180138568129
0.40362225097 0.180138568129
0.404392764858 0.180715935335
0.403870967742 0.180715935335
0.403350515464 0.180715935335
0.404118404118 0.18129330254
0.403598971722 0.18129330254
0.403080872914 0.18129330254
0.402564102564 0.18129330254
0.40204865557 0.18129330254
0.401534526854 0.18129330254
0.402298850575 0.181870669746
0.401785714286 0.181870669746
0.40127388535 0.181870669746
0.40203562341 0.182448036952
0.401524777637 0.182448036952
0.401015228426 0.182448036952
0.400506970849 0.182448036952
0.401265822785 0.183025404157
0.400758533502 0.183025404157
0.400252525253 0.183025404157
0.39974779319 0.183025404157
0.399244332494 0.183025404157
0.398742138365 0.183025404157
0.39824120603 0.183025404157
0.39774153074 0.183025404157
0.398496240602 0.183602771363
0.399249061327 0.184180138568
0.39875 0.184180138568
0.39950062422 0.184757505774
0.400249376559 0.185334872979
0.399750933998 0.185334872979
0.399253731343 0.185334872979
0.4 0.185912240185
0.400744416873 0.18648960739
0.400247831475 0.18648960739
0.399752475248 0.18648960739
0.400494437577 0.187066974596
0.401234567901 0.187644341801
0.401972872996 0.188221709007
0.401477832512 0.188221709007
0.40098400984 0.188221709007
0.40171990172 0.188799076212
0.40245398773 0.189376443418
0.40318627451 0.189953810624
0.402692778458 0.189953810624
0.403422982885 0.190531177829
0.40293040293 0.190531177829
0.40243902439 0.190531177829
0.401948842875 0.190531177829
0.401459854015 0.190531177829
0.400972053463 0.190531177829
0.400485436893 0.190531177829
0.4 0.190531177829
0.399515738499 0.190531177829
0.399032648126 0.190531177829
0.398550724638 0.190531177829
0.399276236429 0.191108545035
0.398795180723 0.191108545035
0.398315282792 0.191108545035
0.399038461538 0.19168591224
0.39855942377 0.19168591224
0.398081534772 0.19168591224
0.397604790419 0.19168591224
0.398325358852 0.192263279446
0.397849462366 0.192263279446
0.397374701671 0.192263279446
0.396901072706 0.192263279446
0.397619047619 0.192840646651
0.397146254459 0.192840646651
0.396674584323 0.192840646651
0.397390272835 0.193418013857
0.398104265403 0.193995381062
0.397633136095 0.193995381062
0.398345153664 0.194572748268
0.39787485242 0.194572748268
0.397405660377 0.194572748268
0.396937573616 0.194572748268
0.396470588235 0.194572748268
0.397179788484 0.195150115473
0.396713615023 0.195150115473
0.396248534584 0.195150115473
0.396955503513 0.195727482679
0.397660818713 0.196304849885
0.397196261682 0.196304849885
0.396732788798 0.196304849885
0.397435897436 0.19688221709
0.398137369034 0.197459584296
0.398837209302 0.198036951501
0.39837398374 0.198036951501
0.399071925754 0.198614318707
0.398609501738 0.198614318707
0.398148148148 0.198614318707
0.398843930636 0.199191685912
0.399538106236 0.199769053118
0.39907727797 0.199769053118
0.398617511521 0.199769053118
0.398158803222 0.199769053118
0.397701149425 0.199769053118
0.397244546498 0.199769053118
0.396788990826 0.199769053118
0.397479954181 0.200346420323
0.397025171625 0.200346420323
0.397714285714 0.200923787529
0.397260273973 0.200923787529
0.396807297605 0.200923787529
0.396355353075 0.200923787529
0.39590443686 0.200923787529
0.395454545455 0.200923787529
0.395005675369 0.200923787529
0.395691609977 0.201501154734
0.395243488109 0.201501154734
0.39592760181 0.20207852194
0.395480225989 0.20207852194
0.395033860045 0.20207852194
0.394588500564 0.20207852194
0.39527027027 0.202655889145
0.394825646794 0.202655889145
0.394382022472 0.202655889145
0.393939393939 0.202655889145
0.393497757848 0.202655889145
0.393057110862 0.202655889145
0.392617449664 0.202655889145
0.39217877095 0.202655889145
0.392857142857 0.203233256351
0.392419175028 0.203233256351
0.391982182628 0.203233256351
0.391546162403 0.203233256351
0.391111111111 0.203233256351
0.390677025527 0.203233256351
0.390243902439 0.203233256351
0.389811738649 0.203233256351
0.389380530973 0.203233256351
0.388950276243 0.203233256351
0.389624724062 0.203810623557
0.389195148842 0.203810623557
0.38986784141 0.204387990762
0.389438943894 0.204387990762
0.389010989011 0.204387990762
0.388583973655 0.204387990762
0.388157894737 0.204387990762
0.38882803943 0.204965357968
0.389496717724 0.205542725173
0.389071038251 0.205542725173
0.38864628821 0.205542725173
0.389312977099 0.206120092379
0.388888888889 0.206120092379
0.388465723613 0.206120092379
0.388043478261 0.206120092379
0.387622149837 0.206120092379
0.387201735358 0.206120092379
0.386782231853 0.206120092379
0.386363636364 0.206120092379
0.387027027027 0.206697459584
0.386609071274 0.206697459584
0.38619201726 0.206697459584
0.386853448276 0.20727482679
0.387513455328 0.207852193995
0.387096774194 0.207852193995
0.386680988185 0.207852193995
0.387339055794 0.208429561201
0.387995712755 0.209006928406
0.388650963597 0.209584295612
0.389304812834 0.210161662818
0.388888888889 0.210161662818
0.388473852721 0.210161662818
0.389125799574 0.210739030023
0.389776357827 0.211316397229
0.389361702128 0.211316397229
0.390010626993 0.211893764434
0.389596602972 0.211893764434
0.390243902439 0.21247113164
0.389830508475 0.21247113164
0.390476190476 0.213048498845
0.3911205074 0.213625866051
0.39070749736 0.213625866051
0.39029535865 0.213625866051
0.389884088514 0.213625866051
0.389473684211 0.213625866051
0.389064143007 0.213625866051
0.388655462185 0.213625866051
0.388247639035 0.213625866051
0.38784067086 0.213625866051
0.387434554974 0.213625866051
0.387029288703 0.213625866051
0.387669801463 0.214203233256
0.387265135699 0.214203233256
0.387904066736 0.214780600462
0.3875 0.214780600462
0.38813735692 0.215357967667
0.387733887734 0.215357967667
0.38733125649 0.215357967667
0.387966804979 0.215935334873
0.387564766839 0.215935334873
0.387163561077 0.215935334873
0.386763185109 0.215935334873
0.387396694215 0.216512702079
0.388028895769 0.217090069284
0.387628865979 0.217090069284
0.388259526262 0.21766743649
0.387860082305 0.21766743649
0.388489208633 0.218244803695
0.388090349076 0.218244803695
0.387692307692 0.218244803695
0.387295081967 0.218244803695
0.386898669396 0.218244803695
0.387525562372 0.218822170901
0.388151174668 0.219399538106
0.387755102041 0.219399538106
0.388379204893 0.219976905312
0.38900203666 0.220554272517
0.388606307223 0.220554272517
0.388211382114 0.220554272517
0.387817258883 0.220554272517
0.388438133874 0.221131639723
0.388044579534 0.221131639723
0.387651821862 0.221131639723
0.387259858443 0.221131639723
0.386868686869 0.221131639723
0.386478304743 0.221131639723
0.386088709677 0.221131639723
0.385699899295 0.221131639723
0.385311871227 0.221131639723
0.384924623116 0.221131639723
0.38453815261 0.221131639723
0.384152457372 0.221131639723
0.384769539078 0.221709006928
0.384384384384 0.221709006928
0.385 0.222286374134
0.384615384615 0.222286374134
0.384231536926 0.222286374134
0.383848454636 0.222286374134
0.383466135458 0.222286374134
0.38407960199 0.222863741339
0.383697813121 0.222863741339
0.383316782522 0.222863741339
0.382936507937 0.222863741339
0.382556987116 0.222863741339
0.382178217822 0.222863741339
0.381800197824 0.222863741339
0.381422924901 0.222863741339
0.381046396841 0.222863741339
0.381656804734 0.223441108545
0.381280788177 0.223441108545
0.38188976378 0.224018475751
0.38249754179 0.224595842956
0.382121807466 0.224595842956
0.381746810599 0.224595842956
0.38137254902 0.224595842956
0.381978452498 0.225173210162
0.381604696673 0.225173210162
0.381231671554 0.225173210162
0.380859375 0.225173210162
0.381463414634 0.225750577367
0.381091617934 0.225750577367
0.380720545278 0.225750577367
0.381322957198 0.226327944573
0.380952380952 0.226327944573
0.380582524272 0.226327944573
0.380213385063 0.226327944573
0.37984496124 0.226327944573
0.379477250726 0.226327944573
0.379110251451 0.226327944573
0.378743961353 0.226327944573
0.379343629344 0.226905311778
0.379942140791 0.227482678984
0.3795761079 0.227482678984
0.379210779596 0.227482678984
0.378846153846 0.227482678984
0.378482228626 0.227482678984
0.379078694818 0.228060046189
0.378715244487 0.228060046189
0.378352490421 0.228060046189
0.377990430622 0.228060046189
0.378585086042 0.228637413395
0.378223495702 0.228637413395
0.37786259542 0.228637413395
0.377502383222 0.228637413395
0.378095238095 0.2292147806
0.37773549001 0.2292147806
0.377376425856 0.2292147806
0.377018043685 0.2292147806
0.376660341556 0.2292147806
0.376303317536 0.2292147806
0.375946969697 0.2292147806
0.375591296121 0.2292147806
0.37618147448 0.229792147806
0.376770538244 0.230369515012
0.37641509434 0.230369515012
0.377002827521 0.230946882217
0.376647834275 0.230946882217
0.377234242709 0.231524249423
0.376879699248 0.231524249423
0.376525821596 0.231524249423
0.377110694184 0.232101616628
0.376757263355 0.232101616628
0.376404494382 0.232101616628
0.376052385407 0.232101616628
0.375700934579 0.232101616628
0.376283846872 0.232678983834
0.375932835821 0.232678983834
0.375582479031 0.232678983834
0.375232774674 0.232678983834
0.375813953488 0.233256351039
0.375464684015 0.233256351039
0.375116063138 0.233256351039
0.374768089054 0.233256351039
0.374420759963 0.233256351039
0.375 0.233833718245
0.375578168363 0.23441108545
0.375231053604 0.23441108545
0.374884579871 0.23441108545
0.374538745387 0.23441108545
0.374193548387 0.23441108545
0.373848987109 0.23441108545
0.374425022999 0.234988452656
0.374080882353 0.234988452656
0.373737373737 0.234988452656
0.373394495413 0.234988452656
0.37396883593 0.235565819861
0.374542124542 0.236143187067
0.374199451052 0.236143187067
0.374771480804 0.236720554273
0.375342465753 0.237297921478
0.375 0.237297921478
0.374658158614 0.237297921478
0.374316939891 0.237297921478
0.373976342129 0.237297921478
0.374545454545 0.237875288684
0.374205267938 0.237875288684
0.374773139746 0.238452655889
0.374433363554 0.238452655889
0.375 0.239030023095
0.374660633484 0.239030023095
0.374321880651 0.239030023095
0.374887082204 0.2396073903
0.374548736462 0.2396073903
0.374211000902 0.2396073903
0.373873873874 0.2396073903
0.373537353735 0.2396073903
0.373201438849 0.2396073903
0.372866127583 0.2396073903
0.372531418312 0.2396073903
0.372197309417 0.2396073903
0.371863799283 0.2396073903
0.371530886303 0.2396073903
0.372093023256 0.240184757506
0.371760500447 0.240184757506
0.371428571429 0.240184757506
0.371989295272 0.240762124711
0.371657754011 0.240762124711
0.371326803206 0.240762124711
0.371886120996 0.241339491917
0.372444444444 0.241916859122
0.372113676732 0.241916859122
0.371783496007 0.241916859122
0.371453900709 0.241916859122
0.371124889283 0.241916859122
0.370796460177 0.241916859122
0.371352785146 0.242494226328
0.371024734982 0.242494226328
0.370697263901 0.242494226328
0.37037037037 0.242494226328
0.370044052863 0.242494226328
0.370598591549 0.243071593533
0.370272647318 0.243071593533
0.369947275923 0.243071593533
0.369622475856 0.243071593533
0.369298245614 0.243071593533
0.368974583699 0.243071593533
0.368651488616 0.243071593533
0.36832895888 0.243071593533
0.368006993007 0.243071593533
0.36768558952 0.243071593533
0.368237347295 0.243648960739
0.3679163034 0.243648960739
0.367595818815 0.243648960739
0.36727589208 0.243648960739
0.366956521739 0.243648960739
0.366637706342 0.243648960739
0.366319444444 0.243648960739
0.366001734605 0.243648960739
0.366551126516 0.244226327945
0.3670995671 0.24480369515
0.36678200692 0.24480369515
0.366464995678 0.24480369515
0.36701208981 0.245381062356
0.366695427092 0.245381062356
0.366379310345 0.245381062356
0.366063738157 0.245381062356
0.365748709122 0.245381062356
0.36543422184 0.245381062356
0.365120274914 0.245381062356
0.365665236052 0.245958429561
0.365351629503 0.245958429561
0.365038560411 0.245958429561
0.364726027397 0.245958429561
0.365269461078 0.246535796767
0.364957264957 0.246535796767
0.365499573015 0.247113163972
0.366040955631 0.247690531178
0.365728900256 0.247690531178
0.365417376491 0.247690531178
0.365106382979 0.247690531178
0.364795918367 0.247690531178
0.364485981308 0.247690531178
0.364176570458 0.247690531178
0.363867684478 0.247690531178
0.363559322034 0.247690531178
0.363251481795 0.247690531178
0.363790186125 0.248267898383
0.363482671175 0.248267898383
0.363175675676 0.248267898383
0.362869198312 0.248267898383
0.362563237774 0.248267898383
0.362257792755 0.248267898383
0.361952861953 0.248267898383
0.361648444071 0.248267898383
0.361344537815 0.248267898383
0.361041141898 0.248267898383
0.360738255034 0.248267898383
0.360435875943 0.248267898383
0.36013400335 0.248267898383
0.359832635983 0.248267898383
0.359531772575 0.248267898383
0.359231411863 0.248267898383
0.358931552588 0.248267898383
0.358632193495 0.248267898383
0.358333333333 0.248267898383
0.358034970858 0.248267898383
0.357737104825 0.248267898383
0.357439733998 0.248267898383
0.357973421927 0.248845265589
0.357676348548 0.248845265589
0.358208955224 0.249422632794
0.357912178956 0.249422632794
0.35761589404 0.249422632794
0.357320099256 0.249422632794
0.357024793388 0.249422632794
0.356729975227 0.249422632794
0.356435643564 0.249422632794
0.356141797197 0.249422632794
0.355848434926 0.249422632794
0.356378600823 0.25
0.356085526316 0.25
0.355792933443 0.25
0.35632183908 0.250577367206
0.356849876948 0.251154734411
0.35737704918 0.251732101617
0.357084357084 0.251732101617
0.356792144026 0.251732101617
0.357318070319 0.252309468822
0.357843137255 0.252886836028
0.357551020408 0.252886836028
0.357259380098 0.252886836028
0.356968215159 0.252886836028
0.35667752443 0.252886836028
0.356387306753 0.252886836028
0.356097560976 0.252886836028
0.355808285946 0.252886836028
0.356331168831 0.253464203233
0.356853203569 0.254041570439
0.356564019449 0.254041570439
0.357085020243 0.254618937644
0.356796116505 0.254618937644
0.356507679871 0.254618937644
0.356219709208 0.254618937644
0.35593220339 0.254618937644
0.356451612903 0.25519630485
0.356164383562 0.25519630485
0.355877616747 0.25519630485
0.355591311344 0.25519630485
0.356109324759 0.255773672055
0.355823293173 0.255773672055
0.356340288925 0.256351039261
0.356054530874 0.256351039261
0.355769230769 0.256351039261
0.35548438751 0.256351039261
0.356 0.256928406467
0.355715427658 0.256928406467
0.356230031949 0.257505773672
0.355945730247 0.257505773672
0.355661881978 0.257505773672
0.355378486056 0.257505773672
0.355095541401 0.257505773672
0.354813046937 0.257505773672
0.35453100159 0.257505773672
0.354249404289 0.257505773672
0.353968253968 0.257505773672
0.353687549564 0.257505773672
0.354199683043 0.258083140878
0.354711005542 0.258660508083
0.354430379747 0.258660508083
0.354150197628 0.258660508083
0.354660347551 0.259237875289
0.354380426204 0.259237875289
0.354100946372 0.259237875289
0.353821907013 0.259237875289
0.353543307087 0.259237875289
0.353265145555 0.259237875289
0.352987421384 0.259237875289
0.352710133543 0.259237875289
0.352433281005 0.259237875289
0.352156862745 0.259237875289
0.352664576803 0.259815242494
0.352388410337 0.259815242494
0.352112676056 0.259815242494
0.352619233776 0.2603926097
0.353125 0.260969976905
0.352849336456 0.260969976905
0.352574102964 0.260969976905
0.352299298519 0.260969976905
0.352024922118 0.260969976905
0.351750972763 0.260969976905
0.352255054432 0.261547344111
0.351981351981 0.261547344111
0.35248447205 0.262124711316
0.352986811482 0.262702078522
0.353488372093 0.263279445727
0.353214562355 0.263279445727
0.352941176471 0.263279445727
0.352668213457 0.263279445727
0.352395672334 0.263279445727
0.352123552124 0.263279445727
0.35262345679 0.263856812933
0.352351580571 0.263856812933
0.352080123267 0.263856812933
0.352578906851 0.264434180139
0.352307692308 0.264434180139
0.352036894696 0.264434180139
0.352534562212 0.265011547344
0.35226400614 0.265011547344
0.352760736196 0.26558891455
0.352490421456 0.26558891455
0.352986217458 0.266166281755
0.352716143841 0.266166281755
0.35244648318 0.266166281755
0.35217723453 0.266166281755
0.351908396947 0.266166281755
0.352402745995 0.266743648961
0.352134146341 0.266743648961
0.351865955826 0.266743648961
0.351598173516 0.266743648961
0.351330798479 0.266743648961
0.351063829787 0.266743648961
0.351556567957 0.267321016166
0.35128983308 0.267321016166
0.351023502654 0.267321016166
0.350757575758 0.267321016166
0.350492051476 0.267321016166
0.350226928896 0.267321016166
0.350718065004 0.267898383372
0.351208459215 0.268475750577
0.350943396226 0.268475750577
0.350678733032 0.268475750577
0.350414468726 0.268475750577
0.35015060241 0.268475750577
0.349887133183 0.268475750577
0.34962406015 0.268475750577
0.349361382419 0.268475750577
0.349099099099 0.268475750577
0.348837209302 0.268475750577
0.348575712144 0.268475750577
0.348314606742 0.268475750577
0.348053892216 0.268475750577
0.347793567689 0.268475750577
0.347533632287 0.268475750577
0.347274085138 0.268475750577
0.347014925373 0.268475750577
0.34750186428 0.269053117783
0.347988077496 0.269630484988
0.347728965004 0.269630484988
0.347470238095 0.269630484988
0.347211895911 0.269630484988
0.346953937593 0.269630484988
0.346696362287 0.269630484988
0.347181008902 0.270207852194
0.346923647146 0.270207852194
0.346666666667 0.270207852194
0.346410066617 0.270207852194
0.346153846154 0.270207852194
0.345898004435 0.270207852194
0.34564254062 0.270207852194
0.345387453875 0.270207852194
0.34587020649 0.2707852194
0.345615327929 0.2707852194
0.345360824742 0.2707852194
0.345842531273 0.271362586605
0.345588235294 0.271362586605
0.345334313005 0.271362586605
0.345080763583 0.271362586605
0.344827586207 0.271362586605
0.344574780059 0.271362586605
0.345054945055 0.271939953811
0.344802342606 0.271939953811
0.345281638625 0.272517321016
0.345029239766 0.272517321016
0.345507669832 0.273094688222
0.34598540146 0.273672055427
0.346462436178 0.274249422633
0.346209912536 0.274249422633
0.345957756737 0.274249422633
0.345705967977 0.274249422633
0.346181818182 0.274826789838
0.345930232558 0.274826789838
0.345679012346 0.274826789838
0.345428156749 0.274826789838
0.345177664975 0.274826789838
0.344927536232 0.274826789838
0.344677769732 0.274826789838
0.344428364689 0.274826789838
0.344179320318 0.274826789838
0.343930635838 0.274826789838
0.343682310469 0.274826789838
0.343434343434 0.274826789838
0.343907714492 0.275404157044
0.343659942363 0.275404157044
0.343412526998 0.275404157044
0.343165467626 0.275404157044
0.34291876348 0.275404157044
0.343390804598 0.275981524249
0.343144292893 0.275981524249
0.342898134864 0.275981524249
0.342652329749 0.275981524249
0.342406876791 0.275981524249
0.342161775233 0.275981524249
0.34191702432 0.275981524249
0.341672623302 0.275981524249
0.341428571429 0.275981524249
0.341898643826 0.276558891455
0.341654778887 0.276558891455
0.341411261582 0.276558891455
0.341168091168 0.276558891455
0.340925266904 0.276558891455
0.340682788051 0.276558891455
0.340440653873 0.276558891455
0.340198863636 0.276558891455
0.339957416608 0.276558891455
0.339716312057 0.276558891455
0.339475549256 0.276558891455
0.339235127479 0.276558891455
0.338995046001 0.276558891455
0.338755304102 0.276558891455
0.33851590106 0.276558891455
0.338276836158 0.276558891455
0.33803810868 0.276558891455
0.337799717913 0.276558891455
