1.0 0.0
0.0 0.0
0.5 0.000577367205543
0.666666666667 0.00115473441109
0.75 0.00173210161663
0.6 0.00173210161663
0.666666666667 0.00230946882217
0.714285714286 0.00288683602771
0.75 0.00346420323326
0.666666666667 0.00346420323326
0.6 0.00346420323326
0.636363636364 0.0040415704388
0.583333333333 0.0040415704388
0.615384615385 0.00461893764434
0.642857142857 0.00519630484988
0.666666666667 0.00577367205543
0.6875 0.00635103926097
0.647058823529 0.00635103926097
0.611111111111 0.00635103926097
0.631578947368 0.00692840646651
0.65 0.00750577367206
0.666666666667 0.0080831408776
0.681818181818 0.00866050808314
0.695652173913 0.00923787528868
0.708333333333 0.00981524249423
0.72 0.0103926096998
0.730769230769 0.0109699769053
0.740740740741 0.0115473441109
0.714285714286 0.0115473441109
0.724137931034 0.0121247113164
0.733333333333 0.0127020785219
0.741935483871 0.0132794457275
0.71875 0.0132794457275
0.727272727273 0.013856812933
0.735294117647 0.0144341801386
0.742857142857 0.0150115473441
0.722222222222 0.0150115473441
0.72972972973 0.0155889145497
0.736842105263 0.0161662817552
0.74358974359 0.0167436489607
0.725 0.0167436489607
0.707317073171 0.0167436489607
0.714285714286 0.0173210161663
0.720930232558 0.0178983833718
0.727272727273 0.0184757505774
0.733333333333 0.0190531177829
0.717391304348 0.0190531177829
0.723404255319 0.0196304849885
0.729166666667 0.020207852194
0.714285714286 0.020207852194
0.7 0.020207852194
0.686274509804 0.020207852194
0.673076923077 0.020207852194
0.660377358491 0.020207852194
0.648148148148 0.020207852194
0.636363636364 0.020207852194
0.642857142857 0.0207852193995
0.649122807018 0.0213625866051
0.637931034483 0.0213625866051
0.627118644068 0.0213625866051
0.633333333333 0.0219399538106
0.639344262295 0.0225173210162
0.629032258065 0.0225173210162
0.619047619048 0.0225173210162
0.625 0.0230946882217
0.630769230769 0.0236720554273
0.636363636364 0.0242494226328
0.641791044776 0.0248267898383
0.647058823529 0.0254041570439
0.652173913043 0.0259815242494
0.642857142857 0.0259815242494
0.647887323944 0.026558891455
0.652777777778 0.0271362586605
0.657534246575 0.0277136258661
0.662162162162 0.0282909930716
0.666666666667 0.0288683602771
0.671052631579 0.0294457274827
0.662337662338 0.0294457274827
0.653846153846 0.0294457274827
0.645569620253 0.0294457274827
0.65 0.0300230946882
0.654320987654 0.0306004618938
0.646341463415 0.0306004618938
0.650602409639 0.0311778290993
0.654761904762 0.0317551963048
0.658823529412 0.0323325635104
0.651162790698 0.0323325635104
0.655172413793 0.0329099307159
0.647727272727 0.0329099307159
0.651685393258 0.0334872979215
0.655555555556 0.034064665127
0.659340659341 0.0346420323326
0.652173913043 0.0346420323326
0.655913978495 0.0352193995381
0.659574468085 0.0357967667436
0.652631578947 0.0357967667436
0.65625 0.0363741339492
0.659793814433 0.0369515011547
0.663265306122 0.0375288683603
0.666666666667 0.0381062355658
0.67 0.0386836027714
0.663366336634 0.0386836027714
0.666666666667 0.0392609699769
0.669902912621 0.0398383371824
0.673076923077 0.040415704388
0.67619047619 0.0409930715935
0.679245283019 0.0415704387991
0.682242990654 0.0421478060046
0.685185185185 0.0427251732102
0.688073394495 0.0433025404157
0.690909090909 0.0438799076212
0.684684684685 0.0438799076212
0.678571428571 0.0438799076212
0.672566371681 0.0438799076212
0.666666666667 0.0438799076212
0.660869565217 0.0438799076212
0.655172413793 0.0438799076212
0.65811965812 0.0444572748268
0.652542372881 0.0444572748268
0.647058823529 0.0444572748268
0.65 0.0450346420323
0.644628099174 0.0450346420323
0.647540983607 0.0456120092379
0.650406504065 0.0461893764434
0.645161290323 0.0461893764434
0.64 0.0461893764434
0.634920634921 0.0461893764434
0.637795275591 0.046766743649
0.640625 0.0473441108545
0.635658914729 0.0473441108545
0.630769230769 0.0473441108545
0.625954198473 0.0473441108545
0.628787878788 0.04792147806
0.631578947368 0.0484988452656
0.626865671642 0.0484988452656
0.622222222222 0.0484988452656
0.625 0.0490762124711
0.620437956204 0.0490762124711
0.623188405797 0.0496535796767
0.618705035971 0.0496535796767
0.621428571429 0.0502309468822
0.624113475177 0.0508083140878
0.619718309859 0.0508083140878
0.615384615385 0.0508083140878
0.618055555556 0.0513856812933
0.620689655172 0.0519630484988
0.616438356164 0.0519630484988
0.612244897959 0.0519630484988
0.614864864865 0.0525404157044
0.61744966443 0.0531177829099
0.613333333333 0.0531177829099
0.615894039735 0.0536951501155
0.618421052632 0.054272517321
0.62091503268 0.0548498845266
0.623376623377 0.0554272517321
0.61935483871 0.0554272517321
0.621794871795 0.0560046189376
0.617834394904 0.0560046189376
0.620253164557 0.0565819861432
0.616352201258 0.0565819861432
0.61875 0.0571593533487
0.621118012422 0.0577367205543
0.617283950617 0.0577367205543
0.613496932515 0.0577367205543
0.615853658537 0.0583140877598
0.612121212121 0.0583140877598
0.614457831325 0.0588914549654
0.610778443114 0.0588914549654
0.613095238095 0.0594688221709
0.609467455621 0.0594688221709
0.611764705882 0.0600461893764
0.608187134503 0.0600461893764
0.604651162791 0.0600461893764
0.606936416185 0.060623556582
0.603448275862 0.060623556582
0.605714285714 0.0612009237875
0.607954545455 0.0617782909931
0.604519774011 0.0617782909931
0.606741573034 0.0623556581986
0.608938547486 0.0629330254042
0.605555555556 0.0629330254042
0.602209944751 0.0629330254042
0.598901098901 0.0629330254042
0.601092896175 0.0635103926097
0.597826086957 0.0635103926097
0.594594594595 0.0635103926097
0.591397849462 0.0635103926097
0.588235294118 0.0635103926097
0.585106382979 0.0635103926097
0.582010582011 0.0635103926097
0.584210526316 0.0640877598152
0.581151832461 0.0640877598152
0.578125 0.0640877598152
0.575129533679 0.0640877598152
0.572164948454 0.0640877598152
0.574358974359 0.0646651270208
0.571428571429 0.0646651270208
0.573604060914 0.0652424942263
0.575757575758 0.0658198614319
0.577889447236 0.0663972286374
0.58 0.066974595843
0.577114427861 0.066974595843
0.579207920792 0.0675519630485
0.581280788177 0.068129330254
0.583333333333 0.0687066974596
0.585365853659 0.0692840646651
0.582524271845 0.0692840646651
0.579710144928 0.0692840646651
0.576923076923 0.0692840646651
0.574162679426 0.0692840646651
0.57619047619 0.0698614318707
0.578199052133 0.0704387990762
0.575471698113 0.0704387990762
0.577464788732 0.0710161662818
0.579439252336 0.0715935334873
0.576744186047 0.0715935334873
0.578703703704 0.0721709006928
0.58064516129 0.0727482678984
0.577981651376 0.0727482678984
0.579908675799 0.0733256351039
0.577272727273 0.0733256351039
0.574660633484 0.0733256351039
0.572072072072 0.0733256351039
0.569506726457 0.0733256351039
0.566964285714 0.0733256351039
0.564444444444 0.0733256351039
0.566371681416 0.0739030023095
0.563876651982 0.0739030023095
0.561403508772 0.0739030023095
0.563318777293 0.074480369515
0.560869565217 0.074480369515
0.558441558442 0.074480369515
0.556034482759 0.074480369515
0.557939914163 0.0750577367206
0.555555555556 0.0750577367206
0.557446808511 0.0756351039261
0.555084745763 0.0756351039261
0.552742616034 0.0756351039261
0.554621848739 0.0762124711316
0.55230125523 0.0762124711316
0.55 0.0762124711316
0.551867219917 0.0767898383372
0.54958677686 0.0767898383372
0.547325102881 0.0767898383372
0.549180327869 0.0773672055427
0.54693877551 0.0773672055427
0.548780487805 0.0779445727483
0.550607287449 0.0785219399538
0.548387096774 0.0785219399538
0.546184738956 0.0785219399538
0.544 0.0785219399538
0.541832669323 0.0785219399538
0.543650793651 0.0790993071594
0.541501976285 0.0790993071594
0.53937007874 0.0790993071594
0.537254901961 0.0790993071594
0.53515625 0.0790993071594
0.533073929961 0.0790993071594
0.531007751938 0.0790993071594
0.532818532819 0.0796766743649
0.534615384615 0.0802540415704
0.532567049808 0.0802540415704
0.530534351145 0.0802540415704
0.532319391635 0.080831408776
0.534090909091 0.0814087759815
0.535849056604 0.0819861431871
0.537593984962 0.0825635103926
0.539325842697 0.0831408775982
0.537313432836 0.0831408775982
0.539033457249 0.0837182448037
0.540740740741 0.0842956120092
0.538745387454 0.0842956120092
0.536764705882 0.0842956120092
0.538461538462 0.0848729792148
0.536496350365 0.0848729792148
0.534545454545 0.0848729792148
0.536231884058 0.0854503464203
0.537906137184 0.0860277136259
0.535971223022 0.0860277136259
0.534050179211 0.0860277136259
0.532142857143 0.0860277136259
0.533807829181 0.0866050808314
0.535460992908 0.087182448037
0.533568904594 0.087182448037
0.531690140845 0.087182448037
0.533333333333 0.0877598152425
0.534965034965 0.088337182448
0.533101045296 0.088337182448
0.53125 0.088337182448
0.532871972318 0.0889145496536
0.531034482759 0.0889145496536
0.529209621993 0.0889145496536
0.530821917808 0.0894919168591
0.532423208191 0.0900692840647
0.530612244898 0.0900692840647
0.528813559322 0.0900692840647
0.527027027027 0.0900692840647
0.525252525253 0.0900692840647
0.523489932886 0.0900692840647
0.52508361204 0.0906466512702
0.526666666667 0.0912240184758
0.524916943522 0.0912240184758
0.523178807947 0.0912240184758
0.524752475248 0.0918013856813
0.523026315789 0.0918013856813
0.52131147541 0.0918013856813
0.519607843137 0.0918013856813
0.521172638436 0.0923787528868
0.519480519481 0.0923787528868
0.521035598706 0.0929561200924
0.51935483871 0.0929561200924
0.520900321543 0.0935334872979
0.522435897436 0.0941108545035
0.520766773163 0.0941108545035
0.519108280255 0.0941108545035
0.520634920635 0.094688221709
0.518987341772 0.094688221709
0.517350157729 0.094688221709
0.51572327044 0.094688221709
0.51724137931 0.0952655889145
0.515625 0.0952655889145
0.517133956386 0.0958429561201
0.515527950311 0.0958429561201
0.513931888545 0.0958429561201
0.515432098765 0.0964203233256
0.516923076923 0.0969976905312
0.518404907975 0.0975750577367
0.519877675841 0.0981524249423
0.521341463415 0.0987297921478
0.522796352584 0.0993071593533
0.521212121212 0.0993071593533
0.519637462236 0.0993071593533
0.521084337349 0.0998845265589
0.522522522523 0.100461893764
0.520958083832 0.100461893764
0.522388059701 0.10103926097
0.520833333333 0.10103926097
0.519287833828 0.10103926097
0.51775147929 0.10103926097
0.519174041298 0.101616628176
0.517647058824 0.101616628176
0.516129032258 0.101616628176
0.514619883041 0.101616628176
0.513119533528 0.101616628176
0.514534883721 0.102193995381
0.513043478261 0.102193995381
0.514450867052 0.102771362587
0.512968299712 0.102771362587
0.514367816092 0.103348729792
0.512893982808 0.103348729792
0.511428571429 0.103348729792
0.509971509972 0.103348729792
0.511363636364 0.103926096998
0.512747875354 0.104503464203
0.514124293785 0.105080831409
0.512676056338 0.105080831409
0.51404494382 0.105658198614
0.512605042017 0.105658198614
0.513966480447 0.10623556582
0.512534818942 0.10623556582
0.511111111111 0.10623556582
0.509695290859 0.10623556582
0.511049723757 0.106812933025
0.509641873278 0.106812933025
0.508241758242 0.106812933025
0.509589041096 0.107390300231
0.508196721311 0.107390300231
0.509536784741 0.107967667436
0.508152173913 0.107967667436
0.509485094851 0.108545034642
0.508108108108 0.108545034642
0.509433962264 0.109122401848
0.510752688172 0.109699769053
0.512064343164 0.110277136259
0.513368983957 0.110854503464
0.512 0.110854503464
0.51329787234 0.11143187067
0.511936339523 0.11143187067
0.513227513228 0.112009237875
0.511873350923 0.112009237875
0.510526315789 0.112009237875
0.511811023622 0.112586605081
0.510471204188 0.112586605081
0.509138381201 0.112586605081
0.5078125 0.112586605081
0.509090909091 0.113163972286
0.507772020725 0.113163972286
0.509043927649 0.113741339492
0.510309278351 0.114318706697
0.508997429306 0.114318706697
0.507692307692 0.114318706697
0.506393861893 0.114318706697
0.505102040816 0.114318706697
0.503816793893 0.114318706697
0.505076142132 0.114896073903
0.506329113924 0.115473441109
0.505050505051 0.115473441109
0.506297229219 0.116050808314
0.507537688442 0.11662817552
0.50626566416 0.11662817552
0.5075 0.117205542725
0.508728179551 0.117782909931
0.509950248756 0.118360277136
0.508684863524 0.118360277136
0.507425742574 0.118360277136
0.508641975309 0.118937644342
0.507389162562 0.118937644342
0.5085995086 0.119515011547
0.507352941176 0.119515011547
0.506112469438 0.119515011547
0.50487804878 0.119515011547
0.506082725061 0.120092378753
0.504854368932 0.120092378753
0.506053268765 0.120669745958
0.507246376812 0.121247113164
0.506024096386 0.121247113164
0.504807692308 0.121247113164
0.505995203837 0.12182448037
0.504784688995 0.12182448037
0.505966587112 0.122401847575
0.504761904762 0.122401847575
0.503562945368 0.122401847575
0.502369668246 0.122401847575
0.503546099291 0.122979214781
0.502358490566 0.122979214781
0.501176470588 0.122979214781
0.50234741784 0.123556581986
0.503512880562 0.124133949192
0.504672897196 0.124711316397
0.503496503497 0.124711316397
0.502325581395 0.124711316397
0.501160092807 0.124711316397
0.502314814815 0.125288683603
0.501154734411 0.125288683603
0.5 0.125288683603
0.498850574713 0.125288683603
0.497706422018 0.125288683603
0.496567505721 0.125288683603
0.495433789954 0.125288683603
0.49430523918 0.125288683603
0.495454545455 0.125866050808
0.496598639456 0.126443418014
0.495475113122 0.126443418014
0.494356659142 0.126443418014
0.493243243243 0.126443418014
0.494382022472 0.127020785219
0.493273542601 0.127020785219
0.492170022371 0.127020785219
0.493303571429 0.127598152425
0.494432071269 0.12817551963
0.495555555556 0.128752886836
0.494456762749 0.128752886836
0.495575221239 0.129330254042
0.494481236203 0.129330254042
0.495594713656 0.129907621247
0.494505494505 0.129907621247
0.493421052632 0.129907621247
0.492341356674 0.129907621247
0.493449781659 0.130484988453
0.492374727669 0.130484988453
0.491304347826 0.130484988453
0.490238611714 0.130484988453
0.489177489177 0.130484988453
0.488120950324 0.130484988453
0.489224137931 0.131062355658
0.488172043011 0.131062355658
0.487124463519 0.131062355658
0.48608137045 0.131062355658
0.487179487179 0.131639722864
0.488272921109 0.132217090069
0.487234042553 0.132217090069
0.488322717622 0.132794457275
0.487288135593 0.132794457275
0.486257928118 0.132794457275
0.485232067511 0.132794457275
0.484210526316 0.132794457275
0.485294117647 0.13337182448
0.486373165618 0.133949191686
0.487447698745 0.134526558891
0.48643006263 0.134526558891
0.4875 0.135103926097
0.488565488565 0.135681293303
0.48755186722 0.135681293303
0.486542443064 0.135681293303
0.485537190083 0.135681293303
0.484536082474 0.135681293303
0.48353909465 0.135681293303
0.482546201232 0.135681293303
0.483606557377 0.136258660508
0.482617586912 0.136258660508
0.483673469388 0.136836027714
0.484725050916 0.137413394919
0.483739837398 0.137413394919
0.48275862069 0.137413394919
0.481781376518 0.137413394919
0.482828282828 0.137990762125
0.483870967742 0.13856812933
0.482897384306 0.13856812933
0.481927710843 0.13856812933
0.482965931864 0.139145496536
0.482 0.139145496536
0.481037924152 0.139145496536
0.480079681275 0.139145496536
0.48111332008 0.139722863741
0.480158730159 0.139722863741
0.479207920792 0.139722863741
0.478260869565 0.139722863741
0.477317554241 0.139722863741
0.476377952756 0.139722863741
0.475442043222 0.139722863741
0.474509803922 0.139722863741
0.473581213307 0.139722863741
0.47265625 0.139722863741
0.473684210526 0.140300230947
0.474708171206 0.140877598152
0.473786407767 0.140877598152
0.47480620155 0.141454965358
0.47582205029 0.142032332564
0.474903474903 0.142032332564
0.47591522158 0.142609699769
0.476923076923 0.143187066975
0.47792706334 0.14376443418
0.477011494253 0.14376443418
0.476099426386 0.14376443418
0.475190839695 0.14376443418
0.474285714286 0.14376443418
0.475285171103 0.144341801386
0.474383301708 0.144341801386
0.475378787879 0.144919168591
0.474480151229 0.144919168591
0.47358490566 0.144919168591
0.474576271186 0.145496535797
0.473684210526 0.145496535797
0.472795497186 0.145496535797
0.47191011236 0.145496535797
0.472897196262 0.146073903002
0.472014925373 0.146073903002
0.472998137803 0.146651270208
0.472118959108 0.146651270208
0.473098330241 0.147228637413
0.474074074074 0.147806004619
0.473197781885 0.147806004619
0.474169741697 0.148383371824
0.473296500921 0.148383371824
0.472426470588 0.148383371824
0.471559633028 0.148383371824
0.470695970696 0.148383371824
0.469835466179 0.148383371824
0.46897810219 0.148383371824
0.468123861566 0.148383371824
0.467272727273 0.148383371824
0.466424682396 0.148383371824
0.467391304348 0.14896073903
0.466546112116 0.14896073903
0.467509025271 0.149538106236
0.468468468468 0.150115473441
0.467625899281 0.150115473441
0.466786355476 0.150115473441
0.467741935484 0.150692840647
0.466905187835 0.150692840647
0.467857142857 0.151270207852
0.467023172906 0.151270207852
0.467971530249 0.151847575058
0.467140319716 0.151847575058
0.466312056738 0.151847575058
0.465486725664 0.151847575058
0.466431095406 0.152424942263
0.465608465608 0.152424942263
0.464788732394 0.152424942263
0.463971880492 0.152424942263
0.464912280702 0.153002309469
0.46584938704 0.153579676674
0.465034965035 0.153579676674
0.465968586387 0.15415704388
0.465156794425 0.15415704388
0.466086956522 0.154734411085
0.467013888889 0.155311778291
0.466204506066 0.155311778291
0.467128027682 0.155889145497
0.466321243523 0.155889145497
0.465517241379 0.155889145497
0.464716006885 0.155889145497
0.463917525773 0.155889145497
0.463121783877 0.155889145497
0.462328767123 0.155889145497
0.461538461538 0.155889145497
0.460750853242 0.155889145497
0.461669505963 0.156466512702
0.460884353741 0.156466512702
0.461799660441 0.157043879908
0.462711864407 0.157621247113
0.463620981387 0.158198614319
0.462837837838 0.158198614319
0.462057335582 0.158198614319
0.461279461279 0.158198614319
0.460504201681 0.158198614319
0.459731543624 0.158198614319
0.460636515913 0.158775981524
0.459866220736 0.158775981524
0.459098497496 0.158775981524
0.46 0.15935334873
0.460898502496 0.159930715935
0.461794019934 0.160508083141
0.462686567164 0.161085450346
0.461920529801 0.161085450346
0.462809917355 0.161662817552
0.46204620462 0.161662817552
0.462932454695 0.162240184758
0.462171052632 0.162240184758
0.461412151067 0.162240184758
0.462295081967 0.162817551963
0.461538461538 0.162817551963
0.460784313725 0.162817551963
0.460032626427 0.162817551963
0.459283387622 0.162817551963
0.458536585366 0.162817551963
0.459415584416 0.163394919169
0.458670988655 0.163394919169
0.459546925566 0.163972286374
0.46042003231 0.16454965358
0.461290322581 0.165127020785
0.460547504026 0.165127020785
0.461414790997 0.165704387991
0.460674157303 0.165704387991
0.461538461538 0.166281755196
0.4608 0.166281755196
0.460063897764 0.166281755196
0.460925039872 0.166859122402
0.460191082803 0.166859122402
0.459459459459 0.166859122402
0.45873015873 0.166859122402
0.459587955626 0.167436489607
0.458860759494 0.167436489607
0.458135860979 0.167436489607
0.458990536278 0.168013856813
0.458267716535 0.168013856813
0.457547169811 0.168013856813
0.458398744113 0.168591224018
0.457680250784 0.168591224018
0.45696400626 0.168591224018
0.45625 0.168591224018
0.455538221529 0.168591224018
0.456386292835 0.169168591224
0.457231726283 0.16974595843
0.458074534161 0.170323325635
0.457364341085 0.170323325635
0.456656346749 0.170323325635
0.455950540958 0.170323325635
0.456790123457 0.170900692841
0.457627118644 0.171478060046
0.456923076923 0.171478060046
0.457757296467 0.172055427252
0.458588957055 0.172632794457
0.457886676876 0.172632794457
0.45871559633 0.173210161663
0.459541984733 0.173787528868
0.458841463415 0.173787528868
0.458143074581 0.173787528868
0.45896656535 0.174364896074
0.459787556904 0.174942263279
0.460606060606 0.175519630485
0.459909228442 0.175519630485
0.459214501511 0.175519630485
0.458521870287 0.175519630485
0.459337349398 0.176096997691
0.458646616541 0.176096997691
0.457957957958 0.176096997691
0.457271364318 0.176096997691
0.458083832335 0.176674364896
0.457399103139 0.176674364896
0.45671641791 0.176674364896
0.457526080477 0.177251732102
0.456845238095 0.177251732102
0.456166419019 0.177251732102
0.455489614243 0.177251732102
0.456296296296 0.177829099307
0.455621301775 0.177829099307
0.456425406204 0.178406466513
0.455752212389 0.178406466513
0.455081001473 0.178406466513
0.454411764706 0.178406466513
0.453744493392 0.178406466513
0.453079178886 0.178406466513
0.452415812592 0.178406466513
0.451754385965 0.178406466513
0.452554744526 0.178983833718
0.451895043732 0.178983833718
0.451237263464 0.178983833718
0.450581395349 0.178983833718
0.44992743106 0.178983833718
0.449275362319 0.178983833718
0.448625180897 0.178983833718
0.447976878613 0.178983833718
0.44733044733 0.178983833718
0.448126801153 0.179561200924
0.448920863309 0.180138568129
0.449712643678 0.180715935335
0.449067431851 0.180715935335
0.448424068768 0.180715935335
0.447782546495 0.180715935335
0.447142857143 0.180715935335
0.446504992867 0.180715935335
0.447293447293 0.18129330254
0.448079658606 0.181870669746
0.447443181818 0.181870669746
0.448226950355 0.182448036952
0.447592067989 0.182448036952
0.448373408769 0.183025404157
0.449152542373 0.183602771363
0.448519040903 0.183602771363
0.447887323944 0.183602771363
0.448663853727 0.184180138568
0.448033707865 0.184180138568
0.447405329593 0.184180138568
0.446778711485 0.184180138568
0.447552447552 0.184757505774
0.446927374302 0.184757505774
0.44630404463 0.184757505774
0.445682451253 0.184757505774
0.44645340751 0.185334872979
0.445833333333 0.185334872979
0.446601941748 0.185912240185
0.445983379501 0.185912240185
0.445366528354 0.185912240185
0.444751381215 0.185912240185
0.444137931034 0.185912240185
0.444903581267 0.18648960739
0.445667125172 0.187066974596
0.445054945055 0.187066974596
0.444444444444 0.187066974596
0.445205479452 0.187644341801
0.444596443228 0.187644341801
0.443989071038 0.187644341801
0.443383356071 0.187644341801
0.444141689373 0.188221709007
0.443537414966 0.188221709007
0.442934782609 0.188221709007
0.442333785617 0.188221709007
0.443089430894 0.188799076212
0.44248985115 0.188799076212
0.441891891892 0.188799076212
0.442645074224 0.189376443418
0.44204851752 0.189376443418
0.441453566622 0.189376443418
0.442204301075 0.189953810624
0.441610738255 0.189953810624
0.441018766756 0.189953810624
0.441767068273 0.190531177829
0.442513368984 0.191108545035
0.441922563418 0.191108545035
0.441333333333 0.191108545035
0.44207723036 0.19168591224
0.442819148936 0.192263279446
0.443559096946 0.192840646651
0.442970822281 0.192840646651
0.443708609272 0.193418013857
0.443121693122 0.193418013857
0.442536327609 0.193418013857
0.441952506596 0.193418013857
0.442687747036 0.193995381062
0.443421052632 0.194572748268
0.444152431012 0.195150115473
0.443569553806 0.195150115473
0.442988204456 0.195150115473
0.442408376963 0.195150115473
0.441830065359 0.195150115473
0.441253263708 0.195150115473
0.440677966102 0.195150115473
0.440104166667 0.195150115473
0.439531859558 0.195150115473
0.438961038961 0.195150115473
0.438391699092 0.195150115473
0.437823834197 0.195150115473
0.437257438551 0.195150115473
0.43669250646 0.195150115473
0.437419354839 0.195727482679
0.436855670103 0.195727482679
0.436293436293 0.195727482679
0.435732647815 0.195727482679
0.436456996149 0.196304849885
0.435897435897 0.196304849885
0.435339308579 0.196304849885
0.434782608696 0.196304849885
0.434227330779 0.196304849885
0.434948979592 0.19688221709
0.434394904459 0.19688221709
0.433842239186 0.19688221709
0.433290978399 0.19688221709
0.432741116751 0.19688221709
0.433460076046 0.197459584296
0.43417721519 0.198036951501
0.433628318584 0.198036951501
0.433080808081 0.198036951501
0.432534678436 0.198036951501
0.431989924433 0.198036951501
0.432704402516 0.198614318707
0.43216080402 0.198614318707
0.431618569636 0.198614318707
0.432330827068 0.199191685912
0.433041301627 0.199769053118
0.4325 0.199769053118
0.431960049938 0.199769053118
0.432668329177 0.200346420323
0.433374844334 0.200923787529
0.432835820896 0.200923787529
0.433540372671 0.201501154734
0.43300248139 0.201501154734
0.432465923172 0.201501154734
0.433168316832 0.20207852194
0.433868974042 0.202655889145
0.434567901235 0.203233256351
0.434032059186 0.203233256351
0.433497536946 0.203233256351
0.432964329643 0.203233256351
0.432432432432 0.203233256351
0.433128834356 0.203810623557
0.433823529412 0.204387990762
0.43329253366 0.204387990762
0.432762836186 0.204387990762
0.432234432234 0.204387990762
0.431707317073 0.204387990762
0.432399512789 0.204965357968
0.431873479319 0.204965357968
0.43134872418 0.204965357968
0.430825242718 0.204965357968
0.430303030303 0.204965357968
0.429782082324 0.204965357968
0.429262394196 0.204965357968
0.428743961353 0.204965357968
0.428226779252 0.204965357968
0.428915662651 0.205542725173
0.428399518652 0.205542725173
0.429086538462 0.206120092379
0.428571428571 0.206120092379
0.429256594724 0.206697459584
0.42874251497 0.206697459584
0.428229665072 0.206697459584
0.427718040621 0.206697459584
0.428400954654 0.20727482679
0.42789034565 0.20727482679
0.428571428571 0.207852193995
0.428061831153 0.207852193995
0.427553444181 0.207852193995
0.427046263345 0.207852193995
0.427725118483 0.208429561201
0.427218934911 0.208429561201
0.426713947991 0.208429561201
0.426210153483 0.208429561201
0.42570754717 0.208429561201
0.426383981154 0.209006928406
0.427058823529 0.209584295612
0.427732079906 0.210161662818
0.427230046948 0.210161662818
0.42672919109 0.210161662818
0.426229508197 0.210161662818
0.425730994152 0.210161662818
0.42523364486 0.210161662818
0.424737456243 0.210161662818
0.425407925408 0.210739030023
0.424912689173 0.210739030023
0.425581395349 0.211316397229
0.425087108014 0.211316397229
0.425754060325 0.211893764434
0.425260718424 0.211893764434
0.425925925926 0.21247113164
0.425433526012 0.21247113164
0.424942263279 0.21247113164
0.424452133795 0.21247113164
0.425115207373 0.213048498845
0.425776754891 0.213625866051
0.425287356322 0.213625866051
0.424799081515 0.213625866051
0.424311926606 0.213625866051
0.424971363116 0.214203233256
0.424485125858 0.214203233256
0.424 0.214203233256
0.423515981735 0.214203233256
0.423033067275 0.214203233256
0.422551252847 0.214203233256
0.422070534699 0.214203233256
0.422727272727 0.214780600462
0.422247446084 0.214780600462
0.421768707483 0.214780600462
0.421291053228 0.214780600462
0.421945701357 0.215357967667
0.422598870056 0.215935334873
0.423250564334 0.216512702079
0.422773393461 0.216512702079
0.422297297297 0.216512702079
0.422947131609 0.217090069284
0.422471910112 0.217090069284
0.421997755331 0.217090069284
0.421524663677 0.217090069284
0.422172452408 0.21766743649
0.422818791946 0.218244803695
0.422346368715 0.218244803695
0.421875 0.218244803695
0.421404682274 0.218244803695
0.422048997773 0.218822170901
0.421579532814 0.218822170901
0.421111111111 0.218822170901
0.42064372919 0.218822170901
0.420177383592 0.218822170901
0.420819490587 0.219399538106
0.421460176991 0.219976905312
0.420994475138 0.219976905312
0.420529801325 0.219976905312
0.421168687982 0.220554272517
0.420704845815 0.220554272517
0.420242024202 0.220554272517
0.420879120879 0.221131639723
0.42041712404 0.221131639723
0.421052631579 0.221709006928
0.421686746988 0.222286374134
0.421225382932 0.222286374134
0.420765027322 0.222286374134
0.420305676856 0.222286374134
0.419847328244 0.222286374134
0.419389978214 0.222286374134
0.418933623504 0.222286374134
0.41847826087 0.222286374134
0.419109663409 0.222863741339
0.418655097614 0.222863741339
0.418201516793 0.222863741339
0.417748917749 0.222863741339
0.417297297297 0.222863741339
0.417926565875 0.223441108545
0.418554476807 0.224018475751
0.418103448276 0.224018475751
0.417653390743 0.224018475751
0.417204301075 0.224018475751
0.416756176155 0.224018475751
0.417381974249 0.224595842956
0.416934619507 0.224595842956
0.416488222698 0.224595842956
0.416042780749 0.224595842956
0.415598290598 0.224595842956
0.4151547492 0.224595842956
0.414712153518 0.224595842956
0.415335463259 0.225173210162
0.414893617021 0.225173210162
0.414452709883 0.225173210162
0.415074309979 0.225750577367
0.414634146341 0.225750577367
0.414194915254 0.225750577367
0.413756613757 0.225750577367
0.414376321353 0.226327944573
0.414994720169 0.226905311778
0.414556962025 0.226905311778
0.415173867229 0.227482678984
0.414736842105 0.227482678984
0.415352260778 0.228060046189
0.415966386555 0.228637413395
0.415529905561 0.228637413395
0.415094339623 0.228637413395
0.414659685864 0.228637413395
0.414225941423 0.228637413395
0.414838035528 0.2292147806
0.414405010438 0.2292147806
0.413972888425 0.2292147806
0.413541666667 0.2292147806
0.413111342352 0.2292147806
0.412681912682 0.2292147806
0.41225337487 0.2292147806
0.411825726141 0.2292147806
0.411398963731 0.2292147806
0.412008281573 0.229792147806
0.41158221303 0.229792147806
0.411157024793 0.229792147806
0.411764705882 0.230369515012
0.411340206186 0.230369515012
0.410916580844 0.230369515012
0.411522633745 0.230946882217
0.411099691675 0.230946882217
0.41067761807 0.230946882217
0.410256410256 0.230946882217
0.409836065574 0.230946882217
0.410440122825 0.231524249423
0.410020449898 0.231524249423
0.409601634321 0.231524249423
0.409183673469 0.231524249423
0.40876656473 0.231524249423
0.408350305499 0.231524249423
0.407934893184 0.231524249423
0.407520325203 0.231524249423
0.407106598985 0.231524249423
0.406693711968 0.231524249423
0.407294832827 0.232101616628
0.406882591093 0.232101616628
0.406471183013 0.232101616628
0.406060606061 0.232101616628
0.405650857719 0.232101616628
0.40625 0.232678983834
0.406847935549 0.233256351039
0.406438631791 0.233256351039
0.407035175879 0.233833718245
0.406626506024 0.233833718245
0.406218655968 0.233833718245
0.406813627255 0.23441108545
0.406406406406 0.23441108545
0.406 0.23441108545
0.405594405594 0.23441108545
0.405189620758 0.23441108545
0.405782652044 0.234988452656
0.405378486056 0.234988452656
0.405970149254 0.235565819861
0.405566600398 0.235565819861
0.406156901688 0.236143187067
0.405753968254 0.236143187067
0.405351833499 0.236143187067
0.40495049505 0.236143187067
0.404549950544 0.236143187067
0.404150197628 0.236143187067
0.403751233959 0.236143187067
0.404339250493 0.236720554273
0.4039408867 0.236720554273
0.403543307087 0.236720554273
0.403146509341 0.236720554273
0.402750491159 0.236720554273
0.402355250245 0.236720554273
0.401960784314 0.236720554273
0.402546523017 0.237297921478
0.402152641879 0.237297921478
0.401759530792 0.237297921478
0.4013671875 0.237297921478
0.400975609756 0.237297921478
0.400584795322 0.237297921478
0.400194741967 0.237297921478
0.399805447471 0.237297921478
0.399416909621 0.237297921478
0.4 0.237875288684
0.399612027158 0.237875288684
0.399224806202 0.237875288684
0.398838334947 0.237875288684
0.398452611219 0.237875288684
0.399033816425 0.238452655889
0.398648648649 0.238452655889
0.398264223722 0.238452655889
0.398843930636 0.239030023095
0.398460057748 0.239030023095
0.398076923077 0.239030023095
0.397694524496 0.239030023095
0.398272552783 0.2396073903
0.397890699904 0.2396073903
0.39846743295 0.240184757506
0.398086124402 0.240184757506
0.398661567878 0.240762124711
0.39923591213 0.241339491917
0.398854961832 0.241339491917
0.398474737846 0.241339491917
0.399047619048 0.241916859122
0.3986679353 0.241916859122
0.398288973384 0.241916859122
0.397910731244 0.241916859122
0.397533206831 0.241916859122
0.398104265403 0.242494226328
0.397727272727 0.242494226328
0.397350993377 0.242494226328
0.396975425331 0.242494226328
0.396600566572 0.242494226328
0.396226415094 0.242494226328
0.396795475966 0.243071593533
0.396421845574 0.243071593533
0.396048918156 0.243071593533
0.395676691729 0.243071593533
0.396244131455 0.243648960739
0.395872420263 0.243648960739
0.395501405811 0.243648960739
0.395131086142 0.243648960739
0.394761459308 0.243648960739
0.394392523364 0.243648960739
0.394957983193 0.244226327945
0.394589552239 0.244226327945
0.394221808015 0.244226327945
0.393854748603 0.244226327945
0.394418604651 0.24480369515
0.39405204461 0.24480369515
0.394614670381 0.245381062356
0.394248608534 0.245381062356
0.393883225209 0.245381062356
0.394444444444 0.245958429561
0.394079555967 0.245958429561
0.393715341959 0.245958429561
0.393351800554 0.245958429561
0.392988929889 0.245958429561
0.392626728111 0.245958429561
0.39226519337 0.245958429561
0.391904323827 0.245958429561
0.391544117647 0.245958429561
0.391184573003 0.245958429561
0.390825688073 0.245958429561
0.390467461045 0.245958429561
0.391025641026 0.246535796767
0.390667886551 0.246535796767
0.390310786106 0.246535796767
0.390867579909 0.247113163972
0.391423357664 0.247690531178
0.391978122151 0.248267898383
0.392531876138 0.248845265589
0.392174704277 0.248845265589
0.392727272727 0.249422632794
0.392370572207 0.249422632794
0.392014519056 0.249422632794
0.392565729828 0.25
0.392210144928 0.25
0.39185520362 0.25
0.391500904159 0.25
0.392050587173 0.250577367206
0.391696750903 0.250577367206
0.392245266005 0.251154734411
0.392792792793 0.251732101617
0.392439243924 0.251732101617
0.392086330935 0.251732101617
0.391734052111 0.251732101617
0.391382405745 0.251732101617
0.391031390135 0.251732101617
0.390681003584 0.251732101617
0.390331244405 0.251732101617
0.389982110912 0.251732101617
0.38963360143 0.251732101617
0.390178571429 0.252309468822
0.389830508475 0.252309468822
0.390374331551 0.252886836028
0.390026714159 0.252886836028
0.389679715302 0.252886836028
0.390222222222 0.253464203233
0.389875666075 0.253464203233
0.39041703638 0.254041570439
0.390957446809 0.254618937644
0.390611160319 0.254618937644
0.390265486726 0.254618937644
0.389920424403 0.254618937644
0.389575971731 0.254618937644
0.389232127096 0.254618937644
0.388888888889 0.254618937644
0.388546255507 0.254618937644
0.388204225352 0.254618937644
0.387862796834 0.254618937644
0.387521968366 0.254618937644
0.387181738367 0.254618937644
0.387719298246 0.25519630485
0.387379491674 0.25519630485
0.387915936953 0.255773672055
0.387576552931 0.255773672055
0.388111888112 0.256351039261
0.387772925764 0.256351039261
0.387434554974 0.256351039261
0.387096774194 0.256351039261
0.386759581882 0.256351039261
0.38729329852 0.256928406467
0.386956521739 0.256928406467
0.386620330148 0.256928406467
0.386284722222 0.256928406467
0.385949696444 0.256928406467
0.386481802426 0.257505773672
0.386147186147 0.257505773672
0.385813148789 0.257505773672
0.38547968885 0.257505773672
0.386010362694 0.258083140878
0.385677308024 0.258083140878
0.385344827586 0.258083140878
0.385012919897 0.258083140878
0.384681583477 0.258083140878
0.384350816853 0.258083140878
0.384020618557 0.258083140878
0.384549356223 0.258660508083
0.384219554031 0.258660508083
0.384747215081 0.259237875289
0.384417808219 0.259237875289
0.384088964927 0.259237875289
0.383760683761 0.259237875289
0.383432963279 0.259237875289
0.383959044369 0.259815242494
0.383631713555 0.259815242494
0.384156729131 0.2603926097
0.383829787234 0.2603926097
0.383503401361 0.2603926097
0.384027187766 0.260969976905
0.38455008489 0.261547344111
0.384223918575 0.261547344111
0.383898305085 0.261547344111
0.383573243014 0.261547344111
0.384094754653 0.262124711316
0.383770076078 0.262124711316
0.384290540541 0.262702078522
0.383966244726 0.262702078522
0.383642495784 0.262702078522
0.383319292334 0.262702078522
0.382996632997 0.262702078522
0.3826745164 0.262702078522
0.382352941176 0.262702078522
0.382031905961 0.262702078522
0.381711409396 0.262702078522
0.381391450126 0.262702078522
0.381909547739 0.263279445727
0.382426778243 0.263856812933
0.382107023411 0.263856812933
0.38178780284 0.263856812933
0.381469115192 0.263856812933
0.381150959133 0.263856812933
0.380833333333 0.263856812933
0.38051623647 0.263856812933
0.381031613977 0.264434180139
0.380714879468 0.264434180139
0.380398671096 0.264434180139
0.380082987552 0.264434180139
0.379767827529 0.264434180139
0.379453189727 0.264434180139
0.379139072848 0.264434180139
0.379652605459 0.265011547344
0.379338842975 0.265011547344
0.37985136251 0.26558891455
0.380363036304 0.266166281755
0.380049464138 0.266166281755
0.380560131796 0.266743648961
0.381069958848 0.267321016166
0.380756578947 0.267321016166
0.380443714051 0.267321016166
0.380952380952 0.267898383372
0.380639868745 0.267898383372
0.380327868852 0.267898383372
0.380016380016 0.267898383372
0.379705400982 0.267898383372
0.379394930499 0.267898383372
0.37908496732 0.267898383372
0.379591836735 0.268475750577
0.379282218597 0.268475750577
0.378973105134 0.268475750577
0.378664495114 0.268475750577
0.378356387307 0.268475750577
0.378861788618 0.269053117783
0.378554021121 0.269053117783
0.379058441558 0.269630484988
0.378751013788 0.269630484988
0.378444084279 0.269630484988
0.378947368421 0.270207852194
0.378640776699 0.270207852194
0.378334680679 0.270207852194
0.37802907916 0.270207852194
0.377723970944 0.270207852194
0.377419354839 0.270207852194
0.377115229654 0.270207852194
0.376811594203 0.270207852194
0.376508447305 0.270207852194
0.377009646302 0.2707852194
0.376706827309 0.2707852194
0.376404494382 0.2707852194
0.376102646351 0.2707852194
0.375801282051 0.2707852194
0.376301040833 0.271362586605
0.376 0.271362586605
0.375699440448 0.271362586605
0.375399361022 0.271362586605
0.375099760575 0.271362586605
0.374800637959 0.271362586605
0.374501992032 0.271362586605
0.375 0.271939953811
0.375497215593 0.272517321016
0.37519872814 0.272517321016
0.375694996029 0.273094688222
0.375396825397 0.273094688222
0.375892149088 0.273672055427
0.37559429477 0.273672055427
0.375296912114 0.273672055427
0.375791139241 0.274249422633
0.375494071146 0.274249422633
0.375197472354 0.274249422633
0.374901341752 0.274249422633
