58500 1 0.988131940365
14082 4 0.987911820412
634 1 0.983385503292
22177 4 0.979878544807
25872 1 0.979224979877
60763 4 0.977698147297
82299 1 0.97698533535
52262 4 0.974053382874
1913 4 0.971625447273
21548 1 0.964042067528
5248 1 0.962997198105
37761 1 0.961942911148
55623 4 0.960156917572
82160 4 0.957112550735
79503 4 0.954142272472
65577 4 0.953739464283
91277 4 0.953731894493
76866 4 0.952980518341
11801 4 0.952773094177
85006 4 0.95176333189
62181 4 0.950164496899
53638 1 0.948054909706
88137 1 0.946962118149
19589 1 0.94556838274
10306 4 0.945351421833
20501 1 0.944920241833
51581 4 0.943817675114
46690 4 0.943408608437
50546 4 0.941090941429
8518 4 0.940072894096
87927 1 0.939382314682
65238 1 0.937939465046
69665 1 0.935889959335
20804 1 0.934770166874
65433 4 0.93319350481
55507 4 0.931247830391
40502 1 0.929745972157
22257 1 0.928488850594
10038 1 0.92777299881
1321 4 0.927404761314
10307 4 0.927351057529
58418 1 0.926150918007
5384 1 0.922177314758
5585 1 0.921773016453
32110 4 0.919794440269
79453 1 0.919604837894
5231 1 0.919336855412
78189 4 0.919267952442
78322 1 0.919153034687
43256 1 0.91474545002
48117 4 0.914456546307
62894 1 0.913444459438
35197 1 0.909551024437
1610 4 0.909323871136
60907 1 0.907516777515
80608 1 0.907345712185
29398 4 0.906134486198
55877 1 0.906119048595
89266 1 0.905444443226
78216 1 0.905373513699
1244 4 0.903793275356
27028 1 0.902489542961
8715 4 0.902328968048
62182 4 0.901993691921
34665 4 0.89816147089
70760 1 0.897381842136
52820 1 0.897045135498
68555 4 0.894299507141
84797 1 0.89420580864
26497 1 0.89405798912
81131 4 0.894024431705
6552 4 0.893195092678
4331 1 0.890559852123
25828 4 0.889976322651
12234 4 0.889353871346
5914 1 0.889179766178
48181 4 0.888840734959
51192 4 0.888643980026
4429 4 0.888232111931
16647 4 0.888220191002
25204 4 0.888203144073
19175 4 0.887541115284
74246 4 0.887406110764
65431 4 0.887187302113
2067 1 0.887081325054
38957 1 0.886755168438
77568 4 0.886641204357
32622 4 0.886030495167
5356 1 0.884659707546
44997 1 0.884333193302
21635 4 0.879614830017
20045 4 0.879501998425
72198 1 0.878760933876
57243 1 0.878750264645
89191 4 0.876704752445
87308 1 0.876401484013
62098 4 0.874181389809
47717 4 0.873779773712
20283 4 0.873199522495
42978 4 0.87308293581
21937 1 0.8722012043
51074 4 0.872174918652
40127 4 0.872085630894
68052 4 0.871818959713
33695 4 0.871179819107
12657 1 0.870901703835
15471 4 0.870027005672
1852 1 0.869888782501
51715 1 0.869217097759
90352 4 0.867913782597
31906 4 0.86676543951
87910 4 0.865781068802
52821 7 0.865452706814
12190 4 0.864368319511
89000 1 0.862873613834
371 1 0.861906707287
76784 1 0.860136806965
32660 1 0.859474956989
2364 1 0.859462082386
88783 1 0.859085023403
49044 4 0.857579350471
10397 4 0.856832802296
70388 4 0.856825530529
51065 4 0.855312585831
48387 1 0.854461371899
36405 4 0.853963077068
23356 1 0.853479981422
45000 1 0.853382825851
36616 1 0.853199601173
37173 4 0.852792024612
43375 1 0.852127373219
37178 4 0.849480330944
48372 4 0.848212778568
900 1 0.847527980804
5783 1 0.847198605537
5784 7 0.847116649151
55134 1 0.847025036812
25688 4 0.846210062504
28736 1 0.845074534416
84960 4 0.844388306141
36052 1 0.844283103943
40433 1 0.844141721725
38092 1 0.84233289957
35032 4 0.842146933079
46745 1 0.841453671455
3160 1 0.839921712875
48689 1 0.839677751064
80144 1 0.83888220787
66956 1 0.837386190891
6971 2 0.836198091507
1958 1 0.835847496986
34116 4 0.834927856922
85153 1 0.834919333458
42711 1 0.832462668419
66772 4 0.831479370594
64789 1 0.830907464027
71725 1 0.830300211906
3137 1 0.829732596874
24100 4 0.829187989235
90475 1 0.828970611095
15832 4 0.827330470085
88844 4 0.825744748116
19082 4 0.823827266693
63937 1 0.82291841507
30298 1 0.822837054729
42812 4 0.822784602642
4526 4 0.822769403458
24163 1 0.82262378931
26137 4 0.82237392664
8745 1 0.822048604488
10345 4 0.822001695633
70281 1 0.82143253088
12298 4 0.821352779865
91062 2 0.820625126362
73889 7 0.820327222347
20917 1 0.820269823074
76717 1 0.819392263889
67849 4 0.819378137589
48702 4 0.819232940674
5697 1 0.819125592709
52402 4 0.817796707153
10153 1 0.816898822784
9327 4 0.816252946854
60106 1 0.815744936466
16945 2 0.814335167408
7628 4 0.814315199852
64637 3 0.812133908272
29149 7 0.811931967735
40197 1 0.811188220978
11152 2 0.810751020908
67140 1 0.810478329659
60483 1 0.809404075146
3852 1 0.808511793613
12980 4 0.808408141136
50241 1 0.805223762989
6709 2 0.804234325886
72207 4 0.803700327873
30926 1 0.803331017494
17284 4 0.802590250969
10956 1 0.80238109827
69316 1 0.800838112831
62216 4 0.800556659698
42227 4 0.800445318222
9676 1 0.800222218037
86336 1 0.799982964993
82904 1 0.799787580967
27250 4 0.79967457056
46209 4 0.799541413784
69911 4 0.79949760437
57651 1 0.799091637135
41670 1 0.798926770687
6973 2 0.798032343388
16004 2 0.796835958958
3821 4 0.796765327454
55578 1 0.796109378338
31959 1 0.795761704445
16049 1 0.795249760151
23701 1 0.793895840645
61917 1 0.793549954891
11595 1 0.792530596256
22721 1 0.792151868343
68717 1 0.791747868061
5563 1 0.791313767433
59029 1 0.789848983288
20369 4 0.789840102196
83997 4 0.789792776108
50997 2 0.789061188698
31152 4 0.788551688194
30336 4 0.786842882633
55778 2 0.786498427391
12662 2 0.785450398922
23150 1 0.785424232483
64488 2 0.785117447376
81104 1 0.784655690193
68642 1 0.784241199493
17091 2 0.784227371216
66443 7 0.782334208488
1919 4 0.782170772552
61241 4 0.782093167305
1304 1 0.78173148632
88914 4 0.780861616135
6572 4 0.779871404171
37843 1 0.779696583748
2313 2 0.77861392498
83491 3 0.776260375977
21852 1 0.775950312614
10432 1 0.775013685226
8762 2 0.774878680706
52508 4 0.774375975132
16660 1 0.773820340633
76245 1 0.7735850811
49687 7 0.773479938507
13882 2 0.770957231522
47616 1 0.770408093929
56913 2 0.770320475101
64010 1 0.768629670143
54278 2 0.768125772476
45773 4 0.768035531044
22247 1 0.767660915852
76572 1 0.7673189044
66591 1 0.767069280148
57882 3 0.764911472797
74243 4 0.76445710659
1420 4 0.76316857338
82559 1 0.762217462063
4391 2 0.762210071087
59442 2 0.761652648449
67880 2 0.761474013329
64152 1 0.761101901531
55415 1 0.761046111584
5475 1 0.760856389999
19730 1 0.760472655296
59697 1 0.759909927845
83806 4 0.758499741554
53230 1 0.757593333721
2350 2 0.753521323204
66441 1 0.753211021423
44286 1 0.752982735634
20511 1 0.752415418625
12810 1 0.752193927765
2305 2 0.751775085926
55914 7 0.750924408436
11269 2 0.750849604607
7409 1 0.750270605087
28634 1 0.749958634377
67141 1 0.749433517456
10427 2 0.749365210533
68911 4 0.748509347439
49556 4 0.747215151787
82521 1 0.746518492699
9227 2 0.743845820427
44020 1 0.74348372221
11051 2 0.743110358715
69802 4 0.742904245853
34729 2 0.742845475674
8680 1 0.74254745245
23869 4 0.741769194603
89337 4 0.740508615971
62529 4 0.740449905396
40422 2 0.740398406982
57171 1 0.739232122898
7861 4 0.738288998604
65390 7 0.738170683384
1743 2 0.737385809422
86133 1 0.737369596958
70943 1 0.736566722393
26715 1 0.735688745975
19747 1 0.735545992851
83595 4 0.734873473644
89585 3 0.734077334404
325 1 0.733250141144
28049 4 0.732435941696
3527 1 0.732337534428
19330 1 0.732196927071
8445 1 0.732173442841
3706 1 0.731246471405
11123 3 0.729184627533
80988 2 0.72814232111
32042 1 0.728028059006
39710 1 0.727640867233
55884 1 0.727583229542
66444 1 0.727552235126
86484 1 0.727270185947
48791 4 0.726418495178
60937 4 0.726319670677
39959 1 0.724329411983
5558 1 0.723726511002
56135 1 0.723700582981
9460 1 0.723681032658
44993 2 0.72342056036
89121 4 0.723413228989
17333 1 0.721562862396
74254 4 0.72124928236
15793 1 0.721193253994
70410 1 0.720793366432
57650 7 0.720691084862
13884 2 0.720602750778
4265 1 0.720346450806
76958 4 0.720096409321
7539 1 0.719662368298
42076 1 0.719560086727
43894 1 0.717751741409
68230 4 0.71492087841
81742 4 0.714435338974
68024 4 0.71335786581
45169 2 0.713137686253
38094 1 0.711607575417
89074 4 0.711557209492
54305 1 0.710493326187
33326 4 0.709766089916
5700 1 0.709514677525
34792 1 0.707779467106
5932 1 0.707181513309
41260 2 0.707064807415
83262 3 0.70649510622
5398 4 0.706243515015
50190 1 0.706235527992
91210 1 0.706188201904
12868 3 0.70582306385
26687 1 0.704630851746
47043 4 0.704545080662
342 4 0.704040467739
20435 2 0.703909635544
74340 4 0.701908051968
16461 4 0.701778411865
29687 4 0.699649631977
5661 1 0.699496805668
65964 4 0.698177278042
9304 1 0.697422146797
6586 2 0.696965754032
62682 1 0.696475327015
66282 1 0.695657730103
3822 4 0.695640981197
30880 1 0.6953561306
61312 4 0.694780528545
58158 4 0.694672226906
65754 4 0.693067610264
47991 2 0.691744863987
20509 1 0.690234839916
72879 1 0.689993739128
31427 4 0.689076840878
24146 1 0.688805639744
27691 1 0.688517928123
17501 1 0.688173055649
25345 2 0.687193572521
2802 2 0.686665534973
49018 1 0.685642361641
71279 1 0.685613036156
42763 4 0.68535220623
84368 4 0.68495118618
6357 1 0.684409976006
3754 4 0.684252917767
73337 1 0.684159338474
1702 4 0.684131085873
57463 1 0.68331182003
62379 4 0.683168888092
87612 1 0.683074533939
71321 4 0.682882368565
6652 4 0.682377040386
34373 2 0.681414604187
14021 2 0.681155323982
65082 1 0.680751860142
61213 2 0.67868989706
2102 1 0.678672552109
78651 1 0.678300559521
66010 1 0.67715793848
15833 4 0.674916744232
12353 1 0.674373984337
55668 1 0.674134373665
23399 1 0.674103081226
10244 2 0.674090385437
76967 4 0.673707723618
476 2 0.673529028893
68720 1 0.67341542244
81757 7 0.673348963261
76196 4 0.673116445541
27488 4 0.672845780849
46838 1 0.672553896904
86981 1 0.672334849834
68907 4 0.672025620937
24243 4 0.672018885612
82922 4 0.671624660492
18460 1 0.67121899128
9295 1 0.670905053616
58146 1 0.670248329639
3856 4 0.670140862465
9361 2 0.668313503265
21634 4 0.6677967906
20732 1 0.665966510773
11698 4 0.66592335701
52507 4 0.665596842766
52350 1 0.662846148014
79467 1 0.662828445435
49853 2 0.662530839443
19227 1 0.661688685417
7243 1 0.660887897015
78630 1 0.660548388958
71726 1 0.660476922989
16301 1 0.660431087017
31273 1 0.660007834435
1914 4 0.659992814064
13538 1 0.659529805183
60136 1 0.659455657005
79167 2 0.659419953823
21349 1 0.659262120724
20745 2 0.658276617527
12463 1 0.65768122673
22836 3 0.657656610012
6837 1 0.657141447067
88735 4 0.657031357288
60479 1 0.655984342098
18170 1 0.655250906944
51754 1 0.653889119625
23001 4 0.653770446777
59066 1 0.653353333473
3236 1 0.6530829072
43041 1 0.652968585491
46512 1 0.652453958988
91609 1 0.650677502155
80122 4 0.649552941322
50687 4 0.648222088814
54679 1 0.648176789284
76074 4 0.64815145731
81521 1 0.647212266922
19386 2 0.646358966827
4788 2 0.645974993706
45178 4 0.644512712955
9983 2 0.64445233345
53841 4 0.64381313324
21930 1 0.642559170723
78650 1 0.641663372517
50469 1 0.641595840454
18652 1 0.641162931919
73365 4 0.640345275402
68189 4 0.640047729015
62787 1 0.639610171318
62556 7 0.63912320137
89525 2 0.638853609562
90633 1 0.638598024845
4025 1 0.637917220592
70531 4 0.637245476246
15236 2 0.637102067471
44713 4 0.635573744774
4880 1 0.634438097477
34094 1 0.634292423725
65391 7 0.633521795273
4173 4 0.633315861225
30873 4 0.6330960989
38955 1 0.632648944855
89443 1 0.632306337357
28462 1 0.632040739059
49616 1 0.631723344326
68156 4 0.631384968758
83506 1 0.631117403507
66592 1 0.630858004093
65353 2 0.630382657051
2163 4 0.629542648792
59276 1 0.629149734974
83254 2 0.629130661488
25168 4 0.629078447819
87013 3 0.626445412636
63589 4 0.625475347042
7393 1 0.624714970589
1374 2 0.624439477921
88379 1 0.624073386192
8692 1 0.62290096283
25672 1 0.622688829899
31204 1 0.622666835785
41014 1 0.622301280499
56386 4 0.62197637558
68313 2 0.621921122074
17180 4 0.619948387146
1996 1 0.618211388588
29437 1 0.617845237255
1779 2 0.617210805416
48571 4 0.617076098919
712 1 0.616567194462
46201 1 0.615116596222
3231 1 0.615043759346
7240 1 0.613897621632
19745 1 0.613687694073
60466 2 0.613439142704
66775 1 0.613217353821
32774 4 0.612825334072
3690 1 0.612289726734
1755 2 0.611621081829
82175 4 0.611506581306
5521 1 0.611231148243
37914 1 0.610878229141
22198 2 0.610831797123
55194 1 0.610108017921
28739 1 0.610051631927
88253 4 0.609722673893
49161 1 0.609529972076
60088 1 0.608752012253
14744 4 0.608451366425
27951 4 0.607137084007
54255 1 0.607042908669
59994 2 0.606960952282
71975 4 0.606321632862
37167 2 0.606224775314
11166 1 0.606055378914
21549 1 0.605318307877
40155 1 0.605318188667
4294 4 0.604424118996
76475 1 0.603173673153
10305 4 0.601106584072
60726 1 0.600146174431
85896 1 0.600010335445
6787 2 0.599624454975
89796 1 0.599165678024
2155 1 0.598277151585
48585 1 0.597129642963
57739 1 0.59692466259
3226 1 0.596623003483
54265 1 0.595469295979
59772 1 0.593989133835
37567 2 0.59396058321
19373 2 0.593705534935
9371 4 0.59300661087
50334 1 0.592101633549
84936 1 0.591812610626
28001 2 0.591629505157
4679 1 0.591424763203
47933 4 0.59084290266
6578 4 0.590413153172
23903 1 0.590053856373
21838 2 0.589236736298
74584 4 0.58902156353
7307 1 0.588787376881
66711 1 0.588730454445
7976 1 0.58866250515
66901 1 0.588413417339
8770 3 0.588344693184
54774 1 0.58735460043
4292 1 0.58676636219
62518 3 0.586602628231
41789 1 0.585771918297
54560 1 0.585536897182
27918 2 0.584917485714
39712 3 0.584806919098
19774 2 0.584143519402
69299 7 0.584117650986
11677 4 0.584027647972
76606 1 0.583703458309
37596 1 0.583540022373
48719 4 0.583208143711
57081 4 0.583080649376
45933 4 0.583025455475
33097 4 0.582199990749
47569 4 0.582000374794
2773 1 0.581884622574
10238 2 0.581429541111
32044 1 0.580927014351
39640 2 0.580377399921
563 3 0.579048931599
13027 1 0.578617811203
16910 4 0.577644109726
90848 1 0.577239334583
16649 4 0.576485872269
22219 1 0.576225876808
17634 4 0.575180113316
88736 4 0.574983537197
4064 1 0.574645996094
88737 4 0.574196696281
5913 1 0.57413315773
46007 1 0.574104070663
1419 4 0.574044644833
35718 1 0.573535501957
67504 3 0.573344171047
33782 1 0.573086857796
1526 4 0.571749925613
68425 1 0.571501374245
57552 1 0.57065820694
41956 2 0.570511162281
69803 4 0.570502340794
23003 1 0.56982088089
83955 4 0.569490551949
64098 2 0.569458961487
76887 1 0.569226384163
38742 1 0.568873643875
16051 1 0.56866568327
41013 1 0.568154513836
5144 3 0.567654550076
77961 1 0.56722086668
64554 1 0.567031979561
11050 2 0.565576732159
83901 4 0.565449535847
14156 1 0.565375983715
24380 4 0.564776062965
60135 1 0.564277172089
10467 1 0.564255475998
52236 1 0.564236879349
18976 1 0.564056277275
88738 4 0.563515007496
47859 1 0.563464164734
50967 1 0.563345611095
20459 1 0.563152134418
17148 1 0.563113689423
58485 1 0.563074707985
78215 1 0.562569320202
85305 7 0.562539696693
965 4 0.561626672745
61751 4 0.561376035213
38247 1 0.561295032501
80530 4 0.561250388622
19426 2 0.560348689556
45492 1 0.56025737524
29148 1 0.560209989548
56310 4 0.560145556927
30906 2 0.559417784214
841 1 0.559195458889
41064 3 0.558463275433
17468 3 0.558273851871
35703 1 0.558214724064
73113 1 0.557824373245
1174 1 0.557282984257
4113 1 0.55589646101
46779 1 0.554194748402
26790 1 0.554007709026
48908 1 0.55360430479
52532 1 0.552764356136
17358 4 0.552177727222
4095 1 0.551885843277
40140 2 0.551629424095
54712 4 0.551366746426
6958 1 0.551363945007
27666 1 0.550853610039
81175 1 0.549285531044
269 1 0.547913432121
88594 1 0.547765612602
34091 3 0.547424137592
18427 1 0.546745061874
76714 1 0.546494245529
34458 7 0.546035885811
85093 2 0.54602175951
78566 3 0.545812010765
55695 2 0.545315444469
23176 1 0.545037150383
44223 3 0.544044554234
46052 1 0.543901085854
7699 1 0.542998850346
63620 4 0.542725801468
38743 2 0.541815519333
24140 2 0.541518807411
5970 2 0.541496574879
1313 1 0.541333436966
59721 1 0.541036009789
84841 1 0.540936052799
18509 1 0.540890812874
2256 1 0.540830671787
34803 3 0.540203213692
5939 1 0.539870083332
5011 1 0.539660811424
38208 1 0.539573252201
1176 1 0.539466023445
14342 2 0.537896633148
44405 2 0.537622690201
18237 1 0.537349820137
23374 4 0.537189185619
27525 4 0.536376059055
83988 3 0.536018490791
60906 7 0.53465116024
62056 1 0.534630060196
9425 4 0.534491896629
19391 2 0.534460604191
47567 1 0.534441947937
50257 4 0.53414618969
81473 4 0.534134805202
10165 1 0.533898413181
61596 1 0.533789038658
46252 1 0.533710420132
72592 1 0.532261788845
43464 4 0.53220051527
25772 1 0.531574070454
64040 1 0.530287802219
71394 1 0.529376804829
34791 1 0.529237210751
11509 4 0.529008686543
504 4 0.52873468399
47618 1 0.528454959393
23861 4 0.528340995312
10304 4 0.528288841248
51665 1 0.528083086014
79629 1 0.528017699718
58781 4 0.527920365334
69181 1 0.527904331684
2258 1 0.527760386467
70353 1 0.527759611607
83582 4 0.527633547783
55638 1 0.527522146702
19532 1 0.526872217655
40227 3 0.52646291256
63145 1 0.526380598545
87498 1 0.526133179665
32904 1 0.525706350803
12686 3 0.525565564632
27835 1 0.525412738323
69300 7 0.523721814156
18109 7 0.523028731346
71954 4 0.522756457329
71477 1 0.522536277771
72608 2 0.522517502308
86317 2 0.522383570671
90061 1 0.521559894085
4520 7 0.521496713161
8175 1 0.52114367485
34381 4 0.520088434219
15305 1 0.519581913948
60218 1 0.519439458847
5981 2 0.519133687019
42415 1 0.518904924393
9506 1 0.518607020378
74523 1 0.518596172333
67918 3 0.51847422123
29481 2 0.51841366291
77983 4 0.518267035484
26386 1 0.518019080162
70680 3 0.516921937466
89731 1 0.51561832428
32412 1 0.515276432037
78741 1 0.514950335026
81143 1 0.514693498611
73434 2 0.514515757561
12683 1 0.513477325439
4179 4 0.513308346272
21386 1 0.513243436813
47211 2 0.512985408306
89669 1 0.512521743774
7862 4 0.51241093874
7268 1 0.512331008911
47719 2 0.512229561806
38992 1 0.511860311031
25426 1 0.511624038219
25147 4 0.511512935162
2356 1 0.511508226395
67419 2 0.511287868023
74303 1 0.510964035988
32859 1 0.510883510113
7852 1 0.509797275066
83543 1 0.508887290955
22551 2 0.508496999741
73338 1 0.508330881596
83872 4 0.507645726204
73938 2 0.50739634037
57652 7 0.507272481918
71006 1 0.50684940815
1851 1 0.506787657738
49525 1 0.506736397743
56931 1 0.506576895714
3714 2 0.506138563156
46747 1 0.506106555462
5916 1 0.504796743393
57306 1 0.503892838955
28744 1 0.503819167614
33436 1 0.503682553768
45122 1 0.503547906876
61727 1 0.503230690956
61749 1 0.502975046635
77254 1 0.502906024456
32807 1 0.502647101879
6592 1 0.501739680767
76575 1 0.501718342304
25820 4 0.501685857773
40405 1 0.501576840878
19247 1 0.501521706581
73947 1 0.501162946224
31584 1 0.501050233841
22367 1 0.500857770443
28808 1 0.500766992569
4048 1 0.500736176968
78402 4 0.50059992075
3138 1 0.500479400158
11534 1 0.500471532345
728 2 0.500374615192
64146 1 0.500009596348
35129 4 0.499934494495
32649 2 0.499777704477
18202 4 0.49977645278
53240 4 0.499569177628
67184 1 0.499564558268
7878 2 0.498067557812
23617 4 0.49801158905
20747 1 0.497832864523
89666 1 0.497805029154
7537 1 0.497458934784
36505 1 0.49693825841
55939 4 0.4960924685
40373 4 0.49587187171
25018 4 0.494671583176
63949 1 0.494594395161
80523 4 0.494176536798
15882 4 0.493995040655
13380 1 0.493592828512
57851 4 0.492902219296
3548 3 0.492615938187
61053 1 0.492606461048
3029 4 0.49213925004
64521 3 0.491804212332
6793 2 0.491585224867
59019 4 0.490983426571
42426 1 0.49092361331
4355 2 0.490758985281
4416 2 0.490526586771
6790 2 0.489131599665
50227 4 0.488696694374
13313 4 0.488253384829
25829 4 0.487778455019
42522 1 0.48765322566
9866 2 0.487064570189
2257 1 0.486423224211
20440 1 0.486416518688
11394 1 0.485296368599
76910 4 0.485173165798
37428 3 0.484920620918
5476 1 0.484671264887
89445 1 0.484476447105
13070 4 0.48390647769
62554 1 0.48362493515
911 1 0.48329821229
43067 7 0.483231455088
39432 4 0.482067883015
79120 4 0.481501817703
70856 3 0.480875968933
8779 3 0.480340391397
65114 3 0.48032066226
42082 4 0.480046063662
60515 4 0.480001330376
64020 2 0.479708135128
13026 1 0.47965079546
51668 1 0.479135483503
39181 1 0.478631079197
3218 4 0.478195250034
83761 4 0.477778434753
44178 4 0.477693706751
50569 4 0.47734951973
84140 3 0.477116018534
70185 2 0.476075977087
40390 4 0.4757797122
20856 2 0.475365102291
26412 4 0.474225699902
59767 2 0.473542422056
1737 1 0.47239780426
38229 1 0.47216334939
78785 1 0.472066313028
2754 2 0.471828788519
72839 3 0.471793949604
27917 2 0.471664994955
51798 2 0.471477925777
69952 1 0.469552874565
791 2 0.469190657139
14166 3 0.469042629004
23149 7 0.46807000041
78878 2 0.46776664257
55913 1 0.4676014781
90137 1 0.466839283705
57819 3 0.466287225485
34367 3 0.465898573399
32139 1 0.465656280518
70378 2 0.465404599905
56548 3 0.463973939419
8981 3 0.463319152594
41696 1 0.462919414043
41930 7 0.46287727356
66150 1 0.460610300303
11772 2 0.460358172655
70885 4 0.460291028023
50485 1 0.459325492382
82915 4 0.458402991295
67478 1 0.455366820097
29440 4 0.454983055592
1003 4 0.453777104616
52337 3 0.453038573265
36183 3 0.452420920134
3359 2 0.45224288106
55929 4 0.452145755291
12051 4 0.451622605324
39582 3 0.450758486986
45924 2 0.45059043169
59516 4 0.449797689915
80317 4 0.448467373848
64304 4 0.447536736727
70232 2 0.447189211845
40031 2 0.44633308053
73473 3 0.445643186569
44762 2 0.445301294327
31019 2 0.445173174143
82728 4 0.443868875504
14260 3 0.441202193499
26734 2 0.440842330456
45754 2 0.440746307373
85306 1 0.438878774643
46213 7 0.43838557601
63871 4 0.438239187002
40978 4 0.437568664551
8152 2 0.437323212624
55750 3 0.4363938272
55165 1 0.43627011776
1013 1 0.434021949768
40367 2 0.433282613754
34403 3 0.43312177062
72603 2 0.43311598897
33268 2 0.432313501835
28315 2 0.431610792875
4356 2 0.430614888668
31709 2 0.430115193129
34553 1 0.429904252291
62555 7 0.429071545601
85805 3 0.428038060665
55755 1 0.425498515368
67934 2 0.425139009953
39936 2 0.424458026886
60801 3 0.4238948524
10509 4 0.422623902559
57449 2 0.4224845469
57726 3 0.422338038683
7336 3 0.421866416931
28709 2 0.421462953091
45073 2 0.420097768307
58460 2 0.418733209372
45151 4 0.418017834425
56566 4 0.418004870415
5897 2 0.417034715414
45153 4 0.416307061911
91247 2 0.415940612555
33308 7 0.415662795305
74777 3 0.414945721626
84887 3 0.414324432611
72574 2 0.414301425219
78576 4 0.414232254028
49199 3 0.413955152035
42038 2 0.412475079298
4447 10 0.411951303482
26156 2 0.410988360643
50738 2 0.410124748945
47042 2 0.404634326696
42425 1 0.402267426252
71938 2 0.399150371552
84447 2 0.398507922888
83313 2 0.398027688265
10531 2 0.397376984358
79107 4 0.396918833256
60813 2 0.395534157753
76063 2 0.395026981831
91608 2 0.39378502965
29832 2 0.393469542265
58326 2 0.392315298319
55467 2 0.391599059105
5368 2 0.390833079815
31776 3 0.38980704546
76751 1 0.386709451675
83775 2 0.385241299868
50452 2 0.384967952967
87447 2 0.380829870701
32222 1 0.380096763372
12705 2 0.380053430796
654 2 0.379819333553
90380 3 0.379606932402
52789 3 0.377926945686
67255 4 0.377755641937
68488 1 0.377211600542
59884 4 0.376990646124
12547 2 0.376426130533
81848 2 0.376046180725
83505 2 0.375033825636
43175 2 0.374688267708
37695 2 0.374514371157
62552 1 0.37423735857
50380 3 0.371305167675
76765 4 0.370182514191
52852 4 0.369762390852
74793 2 0.368055284023
82856 2 0.367605239153
26143 2 0.364472389221
51404 2 0.364178329706
90909 2 0.363511949778
79112 2 0.362876057625
43116 1 0.362435132265
68108 2 0.361648082733
76718 7 0.354701787233
6832 4 0.349233329296
77972 2 0.346780121326
75963 2 0.346328735352
53727 2 0.345961153507
73888 7 0.342975795269
82079 2 0.341682463884
37927 2 0.332369655371
348 4 0.330727875233
64565 2 0.330623358488
73421 2 0.329957038164
3117 2 0.327783048153
55463 1 0.326925069094
51621 3 0.325425982475
23507 3 0.3250195086
50352 4 0.324697881937
17280 3 0.324682682753
18231 2 0.323618710041
43176 2 0.32329249382
27125 2 0.322838962078
46060 2 0.321134120226
39383 4 0.320063889027
18428 2 0.317087858915
56223 2 0.314831286669
72758 4 0.309166043997
70632 2 0.300351172686
8374 2 0.300257325172
894 2 0.300090163946
5591 2 0.294678479433
49681 4 0.292843014002
35912 2 0.289457768202
33441 2 0.279048502445
9510 3 0.271126121283
22774 2 0.264185070992
10181 3 0.255620628595
27668 6 0.253507226706
44329 2 0.236079066992
77523 2 0.234865933657
18753 2 0.231635004282
27117 3 0.230336263776
33207 6 0.224344328046
50079 2 0.213880807161
9814 2 0.204059883952
