58500 1 0.997698009014
634 1 0.997093677521
8745 1 0.996447443962
25872 1 0.995819330215
14082 4 0.990820348263
76572 1 0.986189067364
22177 4 0.985442042351
20804 1 0.985121488571
82299 1 0.982796013355
1913 4 0.981174111366
76575 1 0.978756546974
19589 1 0.976987719536
78322 1 0.976674437523
88783 1 0.976330161095
10038 1 0.975561916828
62682 1 0.975380957127
88137 1 0.97475206852
69665 1 0.974207639694
62894 1 0.974198937416
87927 1 0.973514974117
371 1 0.972734808922
57243 1 0.970783472061
82879 1 0.970228672028
23356 1 0.970088005066
5231 1 0.970064342022
21548 1 0.969606399536
22257 1 0.968508541584
21852 1 0.968436181545
46565 1 0.968107759953
20917 1 0.967286467552
55877 1 0.967283129692
37761 1 0.967215538025
52262 4 0.965433239937
5585 1 0.963948428631
11801 4 0.961568593979
64010 1 0.96026301384
27028 1 0.960061252117
51715 1 0.95997017622
12810 1 0.959156692028
53638 1 0.958541929722
69316 1 0.957981169224
30298 1 0.957122385502
52820 1 0.956809818745
55507 4 0.95579123497
38092 1 0.955655455589
55623 4 0.955341398716
1852 1 0.955185055733
91210 1 0.954552471638
60907 1 0.954109609127
9460 1 0.953215479851
87308 1 0.953096151352
29398 4 0.952710568905
76866 4 0.952061593533
5248 1 0.951675236225
79453 1 0.949719369411
65238 1 0.949289381504
60763 4 0.949141323566
43256 1 0.948585510254
80608 1 0.948345482349
40502 1 0.948224544525
2067 1 0.947747409344
72198 1 0.946764171124
35197 1 0.946155190468
10153 1 0.945702254772
3090 1 0.944684565067
18460 1 0.944346368313
89000 1 0.943825125694
708 1 0.943790912628
27944 1 0.943644523621
78009 1 0.943339645863
5661 1 0.942850112915
78189 4 0.942787468433
12657 1 0.941757380962
5356 1 0.94172757864
60483 1 0.941319465637
34665 4 0.939215302467
37843 1 0.939103543758
48689 1 0.938231527805
62181 4 0.937801599503
67140 1 0.937203943729
8692 1 0.936059832573
26497 1 0.935357749462
84797 1 0.935255110264
32660 1 0.935005664825
85153 1 0.934843182564
50546 4 0.934729576111
5384 1 0.933633387089
1919 4 0.932872712612
9676 1 0.932559013367
3690 1 0.932458758354
49616 1 0.931626677513
58418 1 0.930557072163
57651 1 0.930116355419
55134 1 0.929023742676
82160 4 0.929016768932
50241 1 0.928797364235
7243 1 0.927824020386
77961 1 0.927228868008
2364 1 0.926908075809
91277 4 0.925392687321
3160 1 0.924739301205
44615 1 0.923395037651
1958 1 0.923100233078
38247 1 0.922511577606
28736 1 0.921214938164
66592 1 0.921133100986
9304 1 0.920709788799
20501 1 0.920155704021
58385 1 0.917000114918
71725 1 0.914896547794
3157 1 0.914634048939
19330 1 0.913844764233
5914 1 0.913657546043
51192 4 0.911399364471
89443 1 0.909736573696
48117 4 0.909676074982
17387 1 0.909246087074
25828 4 0.909191966057
20045 4 0.909054756165
24163 1 0.908786296844
16051 1 0.908172905445
45000 1 0.908084452152
71726 1 0.908009469509
53230 1 0.907990276814
44286 1 0.90748912096
59029 1 0.907300889492
70281 1 0.90729033947
53332 1 0.906841754913
13718 1 0.905769824982
79503 4 0.904326021671
70760 1 0.904104530811
22247 1 0.903860211372
4331 1 0.902502954006
38957 1 0.901837766171
48387 1 0.901748478413
3137 1 0.901650071144
10307 4 0.900192558765
26790 1 0.899899542332
44997 1 0.899308145046
66591 1 0.898426830769
47616 1 0.896743714809
19747 1 0.895125746727
31959 1 0.894307971001
85006 4 0.893921434879
91609 1 0.893882513046
77568 4 0.893518686295
84936 1 0.892653882504
45380 1 0.892571747303
88379 1 0.892539560795
36616 1 0.890686094761
21937 1 0.889929652214
46512 1 0.889173984528
16049 1 0.888521432877
38094 1 0.88844704628
76606 1 0.888425827026
46690 4 0.88818770647
55578 1 0.888180553913
90848 1 0.887623846531
81104 1 0.886305451393
26133 1 0.885841667652
34792 1 0.885545790195
65433 4 0.885356545448
3852 1 0.885290503502
40197 1 0.885275065899
47714 1 0.885051906109
19227 1 0.884917318821
76285 1 0.8841599226
78216 1 0.882657289505
23003 1 0.882391571999
64146 1 0.880399703979
22721 1 0.88034504652
59697 1 0.879864573479
30926 1 0.87973099947
87109 1 0.879689455032
1321 4 0.879561007023
71279 1 0.879119634628
50190 1 0.879104793072
83426 1 0.878874838352
64637 3 0.878145396709
34156 1 0.877168238163
43894 1 0.876709103584
66444 1 0.876021564007
76717 1 0.8759739995
66956 1 0.874792575836
13538 1 0.874681353569
48181 4 0.874483048916
18170 1 0.874178767204
44020 1 0.873838543892
9012 1 0.873436748981
40127 4 0.873161375523
76245 1 0.872561216354
12093 1 0.872282385826
4880 1 0.870625197887
48908 1 0.869304001331
32110 4 0.869052171707
90383 1 0.868281662464
36052 1 0.867734014988
41718 1 0.867698073387
70410 1 0.867603003979
90633 1 0.867326021194
2102 1 0.866657078266
52821 7 0.865963101387
65577 4 0.865219831467
41670 1 0.865132153034
39710 1 0.863996982574
57171 1 0.863826036453
62683 1 0.863035440445
46201 1 0.86260008812
33017 1 0.862232446671
5475 1 0.862022101879
8518 4 0.861459672451
76475 1 0.861266732216
6971 2 0.861044049263
87910 4 0.860743999481
49018 1 0.860487520695
1610 4 0.860334396362
86336 1 0.859095335007
30880 1 0.859051883221
57739 1 0.857600212097
39959 1 0.857291698456
57882 3 0.856528520584
90475 1 0.855896890163
16647 4 0.855001151562
67141 1 0.854877889156
62182 4 0.853376030922
21635 4 0.853168785572
72207 4 0.852919220924
76582 1 0.852324545383
5563 1 0.85216230154
74246 4 0.851786136627
5697 1 0.851357281208
41789 1 0.85117405653
47717 4 0.851169586182
10306 4 0.85107845068
20509 1 0.851040899754
50334 1 0.851027190685
11534 1 0.850881636143
86133 1 0.850754261017
17501 1 0.850482881069
1244 4 0.850475907326
26715 1 0.85042065382
3527 1 0.850101292133
2155 1 0.84913033247
65431 4 0.847690343857
89585 3 0.847636461258
59772 1 0.845800280571
89796 1 0.845646262169
49524 1 0.844763994217
23150 1 0.8429287076
88938 1 0.840493023396
47236 1 0.840362370014
22526 1 0.839948296547
34094 1 0.839733421803
78014 1 0.839555382729
20511 1 0.838829874992
83806 4 0.838651359081
46567 1 0.838325023651
70943 1 0.837793290615
90352 4 0.837242424488
73337 1 0.836942255497
7539 1 0.836789727211
88594 1 0.833008825779
54976 1 0.832923054695
20746 1 0.832075476646
58158 4 0.83094650507
16050 1 0.830793976784
31915 1 0.830694496632
89191 4 0.830619812012
18427 1 0.830530822277
10432 1 0.829795360565
41696 1 0.829750418663
68555 4 0.82896643877
68642 1 0.828909099102
83506 1 0.828517854214
13717 1 0.828454434872
66441 1 0.828374624252
60088 1 0.827952206135
78630 1 0.826218247414
64638 1 0.825520336628
13027 1 0.825518608093
32044 1 0.825499773026
5700 1 0.825372576714
18976 1 0.824665606022
9430 1 0.824609339237
82559 1 0.824485063553
6953 1 0.824270367622
1174 1 0.823308825493
25672 1 0.823108315468
5558 1 0.822475135326
18652 1 0.821746051311
91062 2 0.82138645649
2973 1 0.820826172829
51074 4 0.819930434227
38955 1 0.819888710976
80144 1 0.81957834959
56230 1 0.81949365139
61917 1 0.819404780865
89731 1 0.818732082844
34334 1 0.818057537079
18237 1 0.817403137684
6709 2 0.817370414734
86981 1 0.816696643829
7307 1 0.816397726536
53548 1 0.815687298775
66772 4 0.815464794636
6552 4 0.815058231354
11152 2 0.8149330616
3231 1 0.814358651638
5784 7 0.813755393028
21386 1 0.813727021217
24176 1 0.813465595245
89266 1 0.813174009323
73200 1 0.812881588936
5556 1 0.812445521355
90061 1 0.812208712101
1304 1 0.811640202999
22219 1 0.811334788799
44285 1 0.811144351959
86484 1 0.81078350544
17091 2 0.810583770275
56913 2 0.810188531876
60135 1 0.80990666151
84960 4 0.807494223118
20732 1 0.807479858398
10956 1 0.806846737862
32622 4 0.806173682213
20963 1 0.806058466434
66710 1 0.805993795395
25695 1 0.805731296539
83543 1 0.804665982723
40433 1 0.804387032986
64152 1 0.804250538349
32807 1 0.803714036942
66010 1 0.801716327667
38784 1 0.801627397537
13882 2 0.800975382328
25204 4 0.800906777382
16004 2 0.800361931324
11595 1 0.800230681896
13017 1 0.799451887608
50967 1 0.798875331879
63937 1 0.798138439655
59825 1 0.797967493534
50469 1 0.797569155693
73338 1 0.795592606068
7268 1 0.795588672161
57552 1 0.795401036739
60106 1 0.794631898403
8445 1 0.793708860874
23701 1 0.793310880661
1237 1 0.793101668358
7409 1 0.793088853359
4265 1 0.791318893433
35795 1 0.791174054146
54560 1 0.791000247002
55668 1 0.790977597237
71006 1 0.790524125099
38374 1 0.790348470211
46513 1 0.79007267952
66068 1 0.789854168892
28455 1 0.788293302059
56049 1 0.787895023823
43375 1 0.787836611271
62098 4 0.787221133709
54255 1 0.786296904087
7240 1 0.786166071892
17333 1 0.78611189127
42415 1 0.785272419453
47431 1 0.784696698189
51065 4 0.784579634666
83491 3 0.783976912498
60816 1 0.783768475056
7393 1 0.783496379852
12234 4 0.783053100109
663 1 0.782103717327
54278 2 0.782031953335
3138 1 0.782021403313
900 1 0.781713068485
82904 1 0.781238138676
37914 1 0.780924201012
51581 4 0.780552744865
54265 1 0.779804766178
26137 4 0.779381453991
51699 1 0.779361367226
63153 1 0.779216170311
81175 1 0.778685510159
69937 1 0.77863740921
87307 1 0.778601706028
29687 4 0.777941644192
5232 1 0.776834785938
79626 1 0.776822447777
67389 1 0.776788532734
28739 1 0.77603495121
3706 1 0.775602161884
16945 2 0.774838864803
18509 1 0.774492919445
12463 1 0.774219095707
48372 4 0.772394359112
87612 1 0.772381544113
25426 1 0.772313773632
48585 1 0.772097766399
14156 1 0.77081823349
19730 1 0.770723581314
46838 1 0.770587146282
6973 2 0.770399391651
629 1 0.76914614439
60136 1 0.768997013569
31906 4 0.768297612667
7935 1 0.767615199089
3226 1 0.767602682114
76784 1 0.767496824265
59721 1 0.767259597778
22367 1 0.766854822636
87338 1 0.765871405602
66150 1 0.765488982201
40980 1 0.764974355698
5398 4 0.764847934246
13247 1 0.764643490314
89669 1 0.763688087463
45979 1 0.763502418995
36405 4 0.763339698315
32139 1 0.762783169746
68717 1 0.762021481991
83262 3 0.761855959892
87067 1 0.761718809605
6652 4 0.761521875858
73947 1 0.761402010918
74243 4 0.760635316372
24146 1 0.760617375374
81131 4 0.759637892246
25820 4 0.759271144867
68720 1 0.759028315544
2258 1 0.758536636829
24135 1 0.757915437222
8994 1 0.757049500942
76714 1 0.756974637508
31204 1 0.756893932819
28616 1 0.756646513939
85306 1 0.756053805351
2163 4 0.755925893784
68425 1 0.755356192589
58463 1 0.754654705524
12190 4 0.753676652908
29148 1 0.753536522388
28462 1 0.752636015415
20404 1 0.752616643906
42076 1 0.752391159534
67478 1 0.752373933792
50965 1 0.751629531384
2257 1 0.751176416874
7976 1 0.751014769077
74303 1 0.750592470169
42522 1 0.750367224216
54020 1 0.750339150429
66901 1 0.748944699764
50496 1 0.748448252678
7537 1 0.748313128948
5932 1 0.748002648354
32138 1 0.747819185257
12450 1 0.74754601717
8762 2 0.746089458466
85804 1 0.745692312717
3236 1 0.74554002285
76910 4 0.74540668726
68714 1 0.745331943035
32859 1 0.744758367538
64789 1 0.743721365929
75361 1 0.743293464184
81521 1 0.743017673492
54305 1 0.742869138718
91099 1 0.742502093315
33326 4 0.741737008095
20283 4 0.740078747272
5059 1 0.739932477474
53921 1 0.739837348461
69300 1 0.739818632603
48575 1 0.739780366421
5759 1 0.739659011364
76844 1 0.738903701305
83997 4 0.738901734352
69802 4 0.738732874393
10397 4 0.737967610359
40422 2 0.737747550011
42227 4 0.737640857697
16011 1 0.737608194351
45492 1 0.737343609333
50997 2 0.736988723278
642 1 0.736062288284
42711 1 0.735404968262
4095 1 0.734698593616
1914 4 0.734693706036
34411 1 0.734143793583
16040 1 0.733707904816
45875 1 0.733598053455
6672 1 0.733120560646
23399 1 0.731477499008
8680 1 0.731301248074
46745 1 0.731253445148
76958 4 0.730975925922
32042 1 0.730142772198
21659 1 0.729632973671
41801 1 0.729122102261
25772 1 0.729076325893
78741 1 0.728329598904
20369 4 0.727978885174
25829 4 0.727531909943
22239 1 0.727139055729
4391 2 0.726769685745
11123 3 0.72671610117
325 1 0.726633191109
86025 1 0.726498007774
35703 1 0.726431071758
19175 4 0.726250469685
61513 1 0.726249873638
19645 1 0.726109981537
16634 1 0.725136816502
1996 1 0.724957227707
85896 1 0.724619984627
21349 1 0.723718285561
10345 4 0.723235726357
19745 1 0.721189916134
728 2 0.720852553844
50464 1 0.720765352249
21804 1 0.719900608063
19082 4 0.719741284847
20350 1 0.719581544399
17473 1 0.719027519226
34996 1 0.718855440617
25891 1 0.718321681023
59442 2 0.718250334263
74567 1 0.717963278294
63589 4 0.717692196369
5521 1 0.716712594032
63133 1 0.71668189764
34729 2 0.716449379921
27835 1 0.715729176998
77254 1 0.71539747715
5913 1 0.71498554945
88658 1 0.714790940285
81508 1 0.714328289032
12300 1 0.714086592197
3170 1 0.71285033226
30471 1 0.712594389915
29559 1 0.712460637093
20747 1 0.712320744991
39926 1 0.711762428284
45169 2 0.711244344711
23374 4 0.710606634617
3711 1 0.710548818111
90607 1 0.710511505604
1252 1 0.710125148296
14063 1 0.709892868996
5916 1 0.709445416927
10427 2 0.709355771542
34256 1 0.708651661873
67880 2 0.708542585373
71477 1 0.708114922047
17284 4 0.707989752293
628 1 0.707242190838
11143 1 0.707023143768
38992 1 0.706727802753
75236 1 0.706675350666
55194 1 0.706482708454
41675 1 0.706439077854
28460 1 0.706220984459
74592 1 0.706210196018
34553 1 0.705949902534
84841 1 0.705847859383
67849 4 0.705707967281
8993 1 0.705585002899
47618 1 0.705230474472
8770 3 0.705179274082
81757 7 0.705156564713
21032 1 0.704607069492
24100 4 0.703663706779
77331 1 0.70365601778
45933 4 0.703076660633
22693 1 0.702766418457
6704 1 0.702176868916
60726 1 0.701991677284
8715 4 0.701609909534
89183 1 0.701472759247
52415 1 0.701265513897
16154 1 0.700947225094
7394 1 0.700593709946
62056 1 0.700335264206
6837 1 0.699889481068
67504 3 0.699689686298
63928 1 0.698689103127
70562 1 0.698558032513
3865 1 0.698395490646
54679 1 0.698227405548
33782 1 0.697554290295
66491 4 0.696707189083
71394 1 0.696409106255
55778 2 0.696164548397
69952 1 0.696129620075
73889 7 0.695121765137
62216 4 0.693440258503
90863 1 0.69318318367
40405 1 0.693111240864
76887 1 0.692953467369
3821 4 0.692612588406
61858 1 0.692094564438
62786 1 0.692086040974
16301 1 0.691864430904
2350 2 0.691860735416
6586 2 0.691540956497
11394 1 0.690340995789
6357 1 0.690331876278
4679 1 0.690176010132
79467 1 0.690100848675
16762 1 0.689992845058
31846 1 0.689739346504
49687 7 0.68967872858
47043 4 0.689306616783
3437 1 0.689158856869
42531 1 0.688744723797
62554 1 0.688429236412
60218 1 0.688132584095
84822 1 0.687751471996
62370 1 0.687742948532
17221 1 0.687482833862
2402 1 0.687319874763
34458 7 0.686802208424
11166 1 0.686158835888
16012 1 0.685155749321
20416 1 0.684655368328
23903 1 0.684381365776
48791 4 0.683914959431
5783 1 0.683534860611
49525 1 0.683519005775
59841 1 0.683239519596
13884 2 0.682985365391
44993 2 0.682925343513
12980 4 0.68276566267
63900 1 0.681933104992
56135 1 0.681824028492
64040 1 0.6812915802
14364 1 0.681056141853
81143 1 0.680305957794
15832 4 0.680299639702
31584 1 0.680075407028
35410 1 0.67999124527
12582 1 0.679816186428
81501 1 0.67973035574
58146 1 0.679483056068
9327 4 0.678895831108
64488 2 0.678888380527
50473 1 0.678423523903
67029 1 0.677973628044
4025 1 0.677363932133
21388 1 0.677306890488
35668 1 0.677220523357
69938 1 0.677160441875
18244 1 0.676771759987
48702 4 0.676461219788
46007 1 0.675603091717
20213 1 0.675179243088
5911 1 0.675040304661
69962 1 0.67488360405
33244 1 0.674852669239
50466 1 0.674821019173
16295 1 0.674796998501
79629 1 0.674693226814
22253 1 0.674575805664
87366 1 0.674500048161
20497 1 0.674475073814
15309 1 0.673665761948
44620 1 0.672813892365
84800 1 0.672579050064
45122 1 0.672492742538
21926 1 0.672137856483
4429 4 0.67186820507
4292 1 0.671514630318
66711 1 0.671461880207
28960 1 0.671262383461
78215 1 0.670840024948
1906 1 0.670830667019
27666 1 0.670775175095
45977 1 0.670535624027
79329 1 0.670365393162
7699 1 0.670011341572
91397 1 0.669994294643
6572 4 0.669553339481
45981 1 0.66902166605
25629 1 0.668487727642
39938 1 0.668174266815
1178 1 0.667967200279
66282 1 0.667488753796
54445 1 0.667444288731
88844 4 0.667069971561
60877 1 0.667045235634
83201 1 0.666707336903
87498 1 0.666084647179
12662 2 0.665826380253
62518 3 0.66507178545
18974 1 0.664960026741
20413 1 0.664917171001
19247 1 0.664256572723
65147 1 0.664252817631
72879 1 0.66406083107
62434 1 0.663531303406
21921 1 0.662856280804
15793 1 0.662760317326
7750 1 0.662536144257
49853 2 0.661896646023
32904 1 0.661168992519
31568 1 0.660355508327
4048 1 0.660180747509
48389 1 0.659316897392
58485 1 0.65916287899
55415 1 0.658979415894
61053 1 0.658966481686
269 1 0.658746302128
21184 1 0.6586804986
85459 1 0.65861093998
52357 1 0.658565461636
34090 1 0.658376932144
15326 1 0.657520592213
9441 1 0.657368242741
15471 4 0.657050728798
7852 1 0.656774818897
12353 1 0.656568109989
21634 4 0.656207382679
11269 2 0.655933618546
90431 1 0.655513048172
5134 1 0.655128836632
27780 1 0.654839456081
78650 1 0.654510378838
52508 4 0.654335021973
27539 1 0.654124855995
13026 1 0.653369426727
5098 1 0.653237223625
46541 1 0.65312308073
45121 1 0.65310561657
45924 2 0.652891993523
61213 2 0.652782022953
42812 4 0.652697443962
40156 1 0.651717066765
13380 1 0.651654243469
9361 2 0.650606632233
1013 1 0.64954072237
65165 1 0.649036407471
19088 1 0.648635149002
82521 1 0.64843583107
68658 1 0.648428916931
86949 1 0.648168623447
9227 2 0.647901654243
26156 2 0.647304534912
38742 1 0.646620750427
62789 1 0.646453261375
40983 1 0.646217703819
68024 4 0.644707858562
20801 1 0.643975377083
28634 1 0.643801212311
33603 1 0.643738925457
45773 4 0.643453419209
80969 1 0.643179178238
827 1 0.643025934696
16350 1 0.642563939095
21549 1 0.642255187035
41260 2 0.641955554485
16461 4 0.641825199127
5476 1 0.641419231892
46526 1 0.641199469566
65353 2 0.641182720661
72839 3 0.64106631279
69816 1 0.640975236893
5885 1 0.640881121159
23001 4 0.640365898609
13922 1 0.639609456062
80828 1 0.639548778534
44267 1 0.639216125011
22211 1 0.63919210434
62824 1 0.638166725636
31288 1 0.637528479099
3856 4 0.637452483177
714 1 0.636982500553
34373 2 0.636944413185
82634 1 0.636891901493
10244 2 0.636891722679
4681 1 0.636457800865
63145 1 0.636403679848
1176 1 0.636245191097
5939 1 0.63556689024
30371 1 0.635305941105
52236 1 0.635083794594
55913 1 0.634827613831
26386 1 0.634752392769
38229 1 0.634491205215
23608 1 0.634397864342
74254 4 0.634100675583
80327 1 0.6337698102
38234 1 0.633620262146
24177 1 0.63271433115
10509 4 0.632683038712
9956 1 0.632290065289
7628 4 0.631601214409
22836 3 0.631301105022
36922 1 0.631221234798
66753 1 0.631185293198
4493 1 0.631029784679
28049 4 0.630511522293
77417 1 0.630321979523
69181 1 0.630096018314
2773 1 0.629528224468
38208 1 0.629114210606
34116 4 0.62909501791
31427 4 0.628933012486
50494 1 0.628800988197
59334 1 0.628103911877
1102 1 0.627976179123
37567 2 0.627592325211
27113 1 0.627551615238
55433 1 0.627428770065
1667 1 0.626813948154
52507 4 0.625919282436
22198 2 0.625862300396
66356 1 0.625661075115
6840 1 0.625417530537
29149 7 0.62539255619
90312 1 0.625387310982
1904 1 0.625377953053
28072 1 0.624682486057
69817 1 0.624540925026
66030 1 0.62430536747
21851 7 0.624275028706
85088 1 0.623945713043
57650 7 0.623425900936
69911 4 0.622995257378
53177 1 0.622822463512
39831 1 0.622739493847
10165 1 0.622515082359
75499 1 0.622409760952
33619 1 0.622166335583
3171 1 0.622129261494
51022 1 0.622052133083
40733 1 0.621431767941
41802 1 0.620935022831
57661 1 0.620427250862
40227 3 0.620390713215
21152 1 0.619876563549
43202 1 0.61986631155
26767 1 0.619610249996
2313 2 0.619349598885
6634 1 0.618587553501
22137 1 0.618398308754
43157 1 0.617674648762
16053 1 0.617370188236
7545 1 0.616585612297
80988 2 0.616540014744
40390 4 0.616475939751
25580 1 0.616092264652
30470 1 0.615769326687
61312 4 0.61506074667
16497 1 0.614832282066
55165 1 0.614812791348
36888 1 0.614756762981
22255 1 0.613524019718
39181 1 0.612790882587
20745 2 0.612541615963
47859 1 0.612397909164
89678 1 0.612355530262
65082 1 0.611808896065
88780 1 0.61150097847
6958 1 0.611129701138
33695 4 0.61110162735
46747 1 0.611100435257
5897 2 0.611023724079
49044 4 0.61077862978
5554 1 0.610494673252
61727 1 0.610370159149
72592 1 0.610346376896
32164 1 0.610222935677
1173 1 0.609513759613
39029 1 0.609308242798
4359 1 0.608315467834
27250 4 0.608085274696
86329 1 0.607814013958
12868 3 0.607810199261
37167 2 0.607728600502
49688 1 0.607722699642
67918 3 0.607382237911
78566 3 0.607190430164
50502 1 0.607123434544
88737 4 0.606281280518
89337 4 0.605708658695
10238 2 0.605483174324
46052 1 0.605461657047
566 1 0.60541254282
78730 1 0.604947268963
16093 1 0.604809880257
19386 2 0.604345023632
54774 1 0.604099810123
65391 7 0.603842973709
85799 1 0.603584885597
68911 4 0.603556096554
34791 1 0.603456199169
5139 1 0.603211283684
73888 1 0.603113293648
22158 1 0.603099107742
21930 1 0.602481424809
19000 1 0.602441847324
1179 1 0.602359116077
9506 1 0.601840317249
79636 1 0.601666390896
41931 1 0.60155570507
84911 1 0.601139783859
37842 1 0.600745081902
77210 1 0.600182056427
40985 1 0.600172162056
83025 1 0.600170969963
9694 1 0.599734425545
26329 1 0.599520027637
69041 1 0.599453806877
51711 1 0.599054098129
57463 1 0.59900701046
65390 7 0.598909020424
57277 1 0.598165750504
41956 2 0.597731053829
71975 4 0.597624599934
11462 1 0.597296714783
22920 1 0.597270786762
89683 1 0.596984624863
70388 4 0.596362352371
26317 1 0.595196604729
60801 3 0.594935417175
77983 4 0.594737410545
47567 1 0.593247234821
81777 1 0.593004822731
90299 1 0.592920124531
31954 1 0.59233546257
15833 4 0.591878056526
43136 1 0.591765522957
3250 1 0.591749250889
35737 1 0.591726124287
46242 1 0.59119695425
15614 1 0.591174542904
59004 1 0.591022014618
24380 4 0.591012001038
42978 4 0.591003775597
51124 1 0.590643644333
30830 1 0.590401291847
15554 1 0.589930474758
16958 1 0.58892339468
50468 1 0.588664352894
69940 1 0.588625073433
32808 1 0.588537752628
64186 1 0.58833104372
83105 1 0.587933182716
72836 3 0.586659908295
28744 1 0.58621686697
55463 1 0.585832953453
83301 1 0.585505247116
79621 1 0.585505068302
2356 1 0.585340738297
37711 1 0.584823906422
20435 2 0.584701538086
74584 4 0.584321916103
33268 2 0.58417725563
32108 1 0.584126532078
54544 1 0.58410692215
21155 1 0.583805084229
45754 2 0.58304476738
33696 1 0.582963466644
79 1 0.582569539547
47211 2 0.581863880157
22639 1 0.581769704819
75766 4 0.581732094288
47933 4 0.581639945507
4064 1 0.58128464222
1420 4 0.581123054028
47029 1 0.580712258816
46252 1 0.580645620823
79167 2 0.580470561981
1374 2 0.580456614494
14342 2 0.580422580242
55695 2 0.580263435841
83988 3 0.580258369446
1851 1 0.58023750782
23746 1 0.579853057861
49556 4 0.579615473747
72276 1 0.579172074795
17784 1 0.578941941261
16910 4 0.578466117382
375 1 0.578282117844
25411 1 0.578192472458
40155 1 0.57766854763
41403 1 0.57756280899
60154 1 0.577437639236
61043 1 0.577299416065
70531 4 0.577012300491
28666 1 0.576920926571
68182 1 0.576721131802
62593 1 0.57570874691
23196 1 0.575580835342
43610 1 0.575353384018
55970 1 0.574937641621
55271 1 0.574861645699
53924 1 0.574557840824
23278 1 0.574523627758
2802 2 0.574420809746
81447 1 0.574329972267
35032 4 0.574225306511
19647 1 0.574219048023
59280 1 0.574123561382
51690 1 0.573817968369
26145 1 0.573697268963
89445 1 0.57368427515
62847 1 0.573548555374
4355 2 0.573421359062
41930 7 0.573150217533
9210 1 0.572872519493
19729 1 0.572763621807
77205 1 0.572692036629
54543 1 0.572474300861
4159 1 0.57219606638
1779 2 0.571757435799
83595 4 0.571632742882
54489 1 0.570870518684
19894 1 0.570728361607
51021 1 0.570717811584
78727 2 0.570338308811
37166 1 0.570219814777
21801 1 0.569788455963
66443 7 0.569768965244
72607 1 0.569315195084
44223 3 0.568887174129
49832 1 0.568418741226
13012 1 0.567438483238
10467 1 0.567333638668
48719 4 0.567225039005
41233 1 0.566984474659
81082 1 0.566198885441
69263 1 0.566089868546
29481 2 0.566000938416
61241 4 0.56566131115
88735 4 0.565475285053
20954 1 0.565335214138
64218 1 0.564891815186
6801 1 0.564422667027
69299 1 0.563399553299
476 2 0.563248217106
34787 1 0.562990307808
16660 1 0.562717735767
69051 1 0.562378406525
68560 1 0.562237799168
59767 2 0.561254918575
37785 1 0.560600936413
34070 1 0.560563623905
1285 1 0.559929788113
52532 1 0.559918880463
49090 1 0.559780657291
55464 1 0.559752881527
23176 1 0.559653460979
20513 1 0.559367835522
49127 1 0.558995902538
73473 3 0.558956027031
2260 1 0.558868050575
14021 2 0.558744430542
20349 1 0.558270692825
3822 4 0.557502925396
79477 1 0.557502150536
89525 2 0.557366251945
39054 1 0.557217299938
78834 1 0.557067871094
34968 1 0.557015359402
37596 1 0.556877434254
89121 4 0.556738317013
62213 1 0.556314527988
6757 1 0.556050121784
62552 1 0.555651187897
1514 1 0.555117249489
64190 1 0.554559230804
25345 2 0.55451464653
28001 2 0.553667783737
4646 1 0.552645325661
32886 1 0.552194535732
23195 1 0.552035152912
35727 1 0.552016496658
26357 1 0.551320910454
12330 1 0.551299393177
2705 1 0.550986349583
59066 1 0.550424516201
90697 1 0.549810945988
24179 1 0.549296140671
46562 1 0.548966288567
22551 2 0.5489320755
83933 1 0.548777699471
60006 1 0.548732042313
28965 1 0.548708319664
48720 4 0.548705875874
6635 1 0.548294305801
7878 2 0.548221230507
45489 2 0.547176361084
2305 2 0.547016859055
90034 1 0.546857118607
12683 1 0.546741902828
90631 1 0.546647250652
78651 1 0.546179294586
81062 1 0.545861840248
28079 1 0.54579949379
50463 1 0.545565545559
52148 1 0.545519590378
90632 1 0.544828236103
1313 1 0.544544577599
10511 4 0.5441878438
41721 1 0.543982207775
45625 1 0.543794333935
85305 7 0.543734312057
21183 1 0.543686926365
248 1 0.542050361633
52402 4 0.541915297508
74775 1 0.541530907154
60554 1 0.540807187557
91209 1 0.53918504715
3754 4 0.538874864578
43216 1 0.538655877113
841 1 0.538465619087
1661 1 0.538446366787
90173 1 0.53756159544
5933 1 0.537337958813
15302 1 0.537304461002
82890 1 0.536925017834
67346 1 0.536575078964
10162 1 0.536512196064
8779 3 0.536201417446
20713 1 0.535581290722
32920 1 0.535309910774
71962 1 0.535188734531
40788 1 0.534983217716
33436 1 0.534896254539
38952 1 0.53467297554
36796 1 0.534553349018
76751 1 0.533963263035
7541 1 0.533659100533
4113 1 0.533404827118
90137 1 0.532967805862
25007 1 0.532919347286
44661 1 0.532702624798
37330 1 0.532663822174
30481 1 0.532573699951
66548 1 0.532456338406
22163 1 0.532342433929
42763 4 0.532129347324
60479 1 0.531923294067
7975 1 0.531554460526
20396 1 0.531172215939
78824 1 0.530999660492
9567 1 0.53098154068
23633 1 0.53087836504
1799 1 0.530546665192
50173 1 0.530374884605
82154 1 0.530220389366
43580 1 0.53021556139
46763 1 0.529752492905
75819 1 0.52867859602
9921 1 0.528123438358
50090 1 0.527826607227
44905 1 0.527817308903
80469 1 0.527310431004
12686 3 0.527104616165
55884 1 0.526784539223
17273 1 0.526713728905
4447 10 0.526553750038
3019 2 0.526490747929
17949 2 0.526167035103
1743 2 0.525603413582
89681 1 0.525513708591
44713 4 0.525343954563
43024 1 0.525329649448
73434 2 0.525085747242
66775 1 0.524783015251
53720 1 0.524726986885
52211 1 0.524689495564
6592 1 0.524417579174
12298 4 0.524270296097
88646 3 0.523952960968
75919 1 0.522722363472
11051 2 0.52266228199
26734 2 0.522480785847
90870 1 0.522193074226
20805 1 0.522156774998
55049 1 0.521911680698
28649 1 0.521452009678
67184 1 0.521377921104
27691 1 0.519279062748
66779 1 0.519243597984
64562 1 0.519206702709
8175 1 0.518849432468
90376 1 0.518841683865
34679 1 0.518754422665
77960 1 0.518611431122
36183 3 0.518261671066
11716 1 0.517997145653
26143 2 0.517839670181
66781 1 0.517531991005
76638 1 0.516817092896
2706 1 0.516788780689
89664 1 0.516586124897
78878 2 0.515856564045
51148 1 0.515635430813
70185 2 0.515188395977
26310 3 0.514643609524
8105 1 0.514465451241
43711 1 0.513947486877
38380 1 0.513897895813
57652 1 0.513652801514
7608 1 0.513522446156
20394 1 0.513243436813
7797 1 0.513230979443
68313 2 0.513081133366
42210 1 0.512920022011
48907 1 0.512595117092
23355 1 0.512484610081
22171 1 0.51117503643
12217 1 0.511115431786
55001 1 0.511077463627
20440 1 0.510839223862
50966 3 0.510164380074
37173 4 0.510105311871
6578 4 0.510104060173
72953 1 0.510059535503
81473 4 0.509952783585
83982 3 0.509921133518
5278 1 0.509479165077
15305 1 0.509422898293
56009 1 0.509021937847
6706 1 0.508550882339
61749 1 0.508066773415
56712 1 0.507987082005
90510 1 0.50776976347
16649 4 0.50733268261
16535 1 0.507319927216
82265 1 0.507108688354
6096 1 0.507081031799
46989 1 0.50706744194
42426 1 0.506776034832
69058 1 0.506623744965
46563 1 0.506610810757
8162 1 0.506469249725
49080 1 0.506408631802
73938 2 0.506137311459
54516 1 0.506054341793
64600 1 0.506004393101
57451 1 0.505924761295
50277 1 0.505601108074
14744 4 0.504995107651
47550 1 0.504794895649
8503 1 0.504733800888
30179 1 0.50446254015
25168 4 0.504270136356
25669 2 0.50425773859
33107 1 0.504018723965
61596 1 0.503821253777
10940 1 0.503799974918
1959 1 0.503525912762
28390 1 0.503518462181
89050 1 0.503280222416
82794 1 0.503195047379
89444 1 0.50311344862
11032 1 0.502987205982
58781 4 0.50288528204
46209 4 0.502297341824
8656 1 0.502162158489
33951 1 0.502025127411
49161 1 0.501799166203
11659 1 0.501786828041
27032 1 0.501235842705
61163 2 0.501188874245
3739 1 0.501052975655
25074 1 0.501026511192
8325 1 0.500831842422
50349 1 0.500828206539
16930 1 0.500798940659
66492 4 0.500399112701
27072 1 0.49964299798
23945 2 0.499519646168
569 1 0.499044150114
9983 2 0.497428297997
51668 1 0.497215777636
40397 1 0.49710381031
34638 1 0.496513813734
20743 1 0.496306955814
4526 4 0.495680660009
650 2 0.495494902134
34367 3 0.495442539454
36918 1 0.495364010334
62556 7 0.495292931795
87013 3 0.494888991117
4356 2 0.494550317526
30444 3 0.493863135576
47456 2 0.493246346712
45490 2 0.49271056056
40140 2 0.491911262274
45073 2 0.491775155067
84887 3 0.491262108088
27578 1 0.490940958261
10304 4 0.490536957979
5368 2 0.490366250277
76074 4 0.490294486284
73925 1 0.48978599906
47991 2 0.488361507654
86982 1 0.487998694181
12950 4 0.487973332405
38743 2 0.487854927778
30361 2 0.487131565809
10439 1 0.487061589956
19774 2 0.487030595541
18998 1 0.486193686724
8765 2 0.485926628113
64098 2 0.48553326726
18975 1 0.485018640757
37252 1 0.484570473433
91608 2 0.484386146069
33781 1 0.483563154936
30336 4 0.482243806124
31531 1 0.481740057468
79112 2 0.481363892555
29437 1 0.480564981699
56922 2 0.480292320251
17634 4 0.480126053095
64049 4 0.479951530695
48020 1 0.479648321867
91626 10 0.479587078094
8229 2 0.477941542864
76718 7 0.477330595255
70885 4 0.475219130516
63702 1 0.475087046623
72465 2 0.474486529827
3249 1 0.474199444056
25890 1 0.474135637283
72603 2 0.474019318819
61751 4 0.473760008812
4788 2 0.473577767611
50833 2 0.472245156765
57726 3 0.471381336451
50498 1 0.470820397139
55467 2 0.469569057226
21218 1 0.469098716974
72199 1 0.468979656696
36878 1 0.468824893236
74793 2 0.467885524035
57826 1 0.46690467
21924 1 0.466629981995
33441 5 0.466254979372
5144 3 0.465738147497
69642 2 0.465371310711
54876 1 0.464635908604
71321 4 0.46433570981
55755 1 0.463625103235
74340 4 0.462622463703
12705 2 0.462610065937
29774 1 0.461636573076
9510 6 0.461356252432
72584 2 0.461184114218
12051 3 0.461135596037
55214 2 0.460870891809
28101 1 0.46046769619
12451 1 0.460454791784
76063 2 0.459945529699
84447 2 0.459353238344
32419 1 0.458930462599
10164 1 0.45851790905
90380 3 0.458370685577
3089 1 0.457762867212
91247 2 0.457418292761
70680 3 0.456282615662
68607 1 0.456197798252
71938 2 0.45555767417
73509 1 0.454770535231
57829 1 0.454686224461
20856 2 0.452999532223
56566 4 0.452287018299
16315 1 0.452193528414
55457 1 0.451961100101
27668 6 0.451662808657
86317 2 0.448841273785
40031 2 0.44781845808
31709 2 0.447435379028
90430 2 0.446987479925
9866 2 0.446264564991
82920 1 0.445715874434
17436 1 0.44540181756
68669 2 0.445333123207
69243 2 0.445061355829
15488 10 0.443929672241
88656 7 0.443509042263
17280 3 0.442098647356
70378 2 0.441979527473
52337 3 0.439089268446
43116 1 0.438614100218
1702 4 0.437423586845
70742 2 0.436981499195
68907 4 0.436849057674
86459 4 0.435392081738
137 1 0.435332834721
7934 2 0.433957397938
29068 2 0.433774620295
67934 2 0.432091981173
14340 2 0.430600702763
47719 2 0.430349171162
62517 3 0.430226057768
38093 1 0.429850846529
80317 4 0.428645759821
83563 2 0.42710390687
19373 2 0.4268861413
37927 5 0.426465451717
58203 2 0.425940990448
40367 2 0.425885856152
84498 2 0.425041496754
17852 1 0.424983739853
41886 2 0.4242374897
24855 3 0.422491252422
17180 4 0.420328021049
73474 3 0.420203983784
18109 1 0.420088648796
50962 1 0.419820129871
19391 2 0.419714927673
2055 2 0.417342692614
791 2 0.416253477335
82856 2 0.416135370731
83775 2 0.41469669342
29832 5 0.413858920336
18202 2 0.41380161047
39936 2 0.412112087011
52789 3 0.411150097847
4179 4 0.410880625248
24427 2 0.409207046032
56386 4 0.408905982971
44178 4 0.406550467014
1407 2 0.406365811825
6991 2 0.404380500317
78785 1 0.403957426548
654 6 0.402324438095
87447 2 0.400714367628
54712 4 0.400036215782
77523 6 0.39768704772
33207 6 0.397168457508
34803 3 0.396173387766
44762 2 0.39522767067
74621 2 0.393306016922
85128 5 0.393148034811
80122 4 0.392552942038
18428 2 0.392432391644
39712 3 0.392014950514
51621 3 0.391811043024
32651 3 0.391517192125
3864 7 0.391390115023
51404 6 0.391028106213
49199 3 0.390625566244
86758 2 0.389783918858
4910 3 0.389526575804
348 4 0.389088928699
27125 5 0.388922929764
2754 2 0.388888031244
31716 2 0.385437399149
34552 1 0.385355353355
8028 2 0.384753078222
54555 3 0.383863687515
78870 2 0.382159769535
46213 7 0.382101535797
47864 2 0.381445795298
72574 2 0.380205333233
22774 6 0.380106210709
90909 2 0.379151791334
91112 2 0.376373559237
12547 2 0.376125633717
47868 2 0.374896526337
78108 5 0.37278881669
10684 5 0.372122943401
16055 1 0.371295273304
39582 3 0.37047046423
83505 2 0.369610697031
28709 2 0.367823272943
64208 3 0.367306113243
79107 10 0.367209017277
89262 2 0.366834908724
47569 4 0.365035951138
85980 2 0.364847332239
33308 7 0.364091336727
43175 5 0.364081948996
3960 7 0.359846502542
7336 3 0.359671920538
57449 5 0.357583135366
91635 2 0.356359899044
75963 2 0.356115341187
36921 1 0.351209551096
67870 2 0.350284695625
75740 5 0.348554551601
82079 6 0.348248422146
47621 5 0.347296386957
73421 2 0.346928626299
9814 2 0.344762921333
78693 2 0.344647824764
47042 2 0.340358972549
72018 2 0.338628977537
64565 2 0.338358789682
64756 2 0.338286697865
3117 6 0.337805658579
18231 2 0.33745610714
68583 2 0.337055236101
76524 1 0.33635315299
91113 4 0.336194992065
80096 1 0.335226476192
42423 1 0.335157155991
83653 3 0.334861010313
44329 2 0.33442530036
43370 2 0.3340960145
52424 2 0.333203852177
77972 2 0.330731987953
29182 2 0.330304503441
42038 2 0.329267114401
4675 7 0.327691167593
56223 6 0.327620923519
45379 2 0.327546775341
44809 2 0.327215433121
59516 4 0.326159626245
22002 2 0.322254449129
5654 5 0.320532023907
43176 2 0.319137603045
76765 2 0.313561022282
60813 2 0.310662746429
43115 1 0.30919149518
16056 1 0.308950811625
27215 5 0.307003200054
21537 1 0.306577652693
47623 5 0.306017011404
41934 5 0.305878967047
13578 2 0.305678844452
16175 3 0.305076181889
34039 5 0.303252547979
28220 5 0.303060144186
68762 5 0.301127880812
23507 3 0.300838798285
33106 5 0.300765097141
46398 5 0.300711661577
43668 1 0.300395280123
72109 2 0.299218416214
83480 5 0.297534614801
32261 2 0.295806646347
58326 6 0.295208930969
4416 6 0.294405579567
50738 2 0.293531566858
50079 6 0.290705114603
50687 4 0.290679752827
88728 5 0.28952229023
90916 5 0.280730247498
26262 2 0.277012228966
59770 2 0.274179905653
21348 5 0.273583561182
86105 5 0.271213501692
42425 1 0.270672738552
36339 5 0.26891168952
81145 5 0.26781308651
49681 4 0.263194978237
53089 2 0.262479543686
54821 2 0.26239991188
83582 4 0.261672735214
1328 7 0.261335968971
78482 3 0.258019000292
86757 2 0.2542783916
18753 2 0.253562837839
27117 6 0.251375198364
52270 2 0.249722287059
73475 3 0.247339636087
1517 2 0.246601253748
3961 1 0.243175044656
83813 5 0.242451786995
68488 7 0.237950906157
35708 5 0.237125262618
34403 5 0.234132900834
5591 5 0.23086720705
10181 2 0.224920362234
69740 8 0.222191944718
75634 5 0.219341292977
58874 3 0.218686670065
58395 5 0.214726865292
69159 5 0.2050999403
39905 3 0.199739515781
65527 8 0.199218139052
39378 5 0.172707170248
57737 9 0.171912774444
