1.0 0.0
1.0 0.000577367205543
1.0 0.00115473441109
0.666666666667 0.00115473441109
0.75 0.00173210161663
0.8 0.00230946882217
0.666666666667 0.00230946882217
0.714285714286 0.00288683602771
0.625 0.00288683602771
0.666666666667 0.00346420323326
0.7 0.0040415704388
0.727272727273 0.00461893764434
0.75 0.00519630484988
0.769230769231 0.00577367205543
0.785714285714 0.00635103926097
0.8 0.00692840646651
0.8125 0.00750577367206
0.823529411765 0.0080831408776
0.833333333333 0.00866050808314
0.789473684211 0.00866050808314
0.8 0.00923787528868
0.809523809524 0.00981524249423
0.818181818182 0.0103926096998
0.826086956522 0.0109699769053
0.833333333333 0.0115473441109
0.8 0.0115473441109
0.769230769231 0.0115473441109
0.777777777778 0.0121247113164
0.785714285714 0.0127020785219
0.793103448276 0.0132794457275
0.8 0.013856812933
0.806451612903 0.0144341801386
0.78125 0.0144341801386
0.787878787879 0.0150115473441
0.764705882353 0.0150115473441
0.742857142857 0.0150115473441
0.75 0.0155889145497
0.72972972973 0.0155889145497
0.736842105263 0.0161662817552
0.717948717949 0.0161662817552
0.7 0.0161662817552
0.682926829268 0.0161662817552
0.690476190476 0.0167436489607
0.674418604651 0.0167436489607
0.681818181818 0.0173210161663
0.666666666667 0.0173210161663
0.673913043478 0.0178983833718
0.68085106383 0.0184757505774
0.6875 0.0190531177829
0.673469387755 0.0190531177829
0.68 0.0196304849885
0.686274509804 0.020207852194
0.673076923077 0.020207852194
0.660377358491 0.020207852194
0.666666666667 0.0207852193995
0.654545454545 0.0207852193995
0.660714285714 0.0213625866051
0.649122807018 0.0213625866051
0.637931034483 0.0213625866051
0.64406779661 0.0219399538106
0.633333333333 0.0219399538106
0.622950819672 0.0219399538106
0.629032258065 0.0225173210162
0.634920634921 0.0230946882217
0.625 0.0230946882217
0.630769230769 0.0236720554273
0.636363636364 0.0242494226328
0.626865671642 0.0242494226328
0.632352941176 0.0248267898383
0.623188405797 0.0248267898383
0.628571428571 0.0254041570439
0.619718309859 0.0254041570439
0.611111111111 0.0254041570439
0.616438356164 0.0259815242494
0.621621621622 0.026558891455
0.613333333333 0.026558891455
0.605263157895 0.026558891455
0.61038961039 0.0271362586605
0.602564102564 0.0271362586605
0.607594936709 0.0277136258661
0.6 0.0277136258661
0.604938271605 0.0282909930716
0.609756097561 0.0288683602771
0.614457831325 0.0294457274827
0.607142857143 0.0294457274827
0.6 0.0294457274827
0.593023255814 0.0294457274827
0.586206896552 0.0294457274827
0.579545454545 0.0294457274827
0.584269662921 0.0300230946882
0.577777777778 0.0300230946882
0.582417582418 0.0306004618938
0.586956521739 0.0311778290993
0.591397849462 0.0317551963048
0.585106382979 0.0317551963048
0.589473684211 0.0323325635104
0.583333333333 0.0323325635104
0.587628865979 0.0329099307159
0.591836734694 0.0334872979215
0.59595959596 0.034064665127
0.59 0.034064665127
0.584158415842 0.034064665127
0.578431372549 0.034064665127
0.582524271845 0.0346420323326
0.586538461538 0.0352193995381
0.580952380952 0.0352193995381
0.584905660377 0.0357967667436
0.588785046729 0.0363741339492
0.583333333333 0.0363741339492
0.577981651376 0.0363741339492
0.572727272727 0.0363741339492
0.576576576577 0.0369515011547
0.580357142857 0.0375288683603
0.575221238938 0.0375288683603
0.578947368421 0.0381062355658
0.573913043478 0.0381062355658
0.577586206897 0.0386836027714
0.581196581197 0.0392609699769
0.576271186441 0.0392609699769
0.571428571429 0.0392609699769
0.575 0.0398383371824
0.570247933884 0.0398383371824
0.573770491803 0.040415704388
0.577235772358 0.0409930715935
0.572580645161 0.0409930715935
0.576 0.0415704387991
0.579365079365 0.0421478060046
0.574803149606 0.0421478060046
0.5703125 0.0421478060046
0.573643410853 0.0427251732102
0.569230769231 0.0427251732102
0.564885496183 0.0427251732102
0.560606060606 0.0427251732102
0.556390977444 0.0427251732102
0.559701492537 0.0433025404157
0.555555555556 0.0433025404157
0.558823529412 0.0438799076212
0.56204379562 0.0444572748268
0.565217391304 0.0450346420323
0.568345323741 0.0456120092379
0.564285714286 0.0456120092379
0.560283687943 0.0456120092379
0.56338028169 0.0461893764434
0.566433566434 0.046766743649
0.569444444444 0.0473441108545
0.565517241379 0.0473441108545
0.561643835616 0.0473441108545
0.557823129252 0.0473441108545
0.554054054054 0.0473441108545
0.55033557047 0.0473441108545
0.553333333333 0.04792147806
0.549668874172 0.04792147806
0.546052631579 0.04792147806
0.542483660131 0.04792147806
0.538961038961 0.04792147806
0.535483870968 0.04792147806
0.538461538462 0.0484988452656
0.535031847134 0.0484988452656
0.537974683544 0.0490762124711
0.534591194969 0.0490762124711
0.5375 0.0496535796767
0.534161490683 0.0496535796767
0.530864197531 0.0496535796767
0.533742331288 0.0502309468822
0.530487804878 0.0502309468822
0.533333333333 0.0508083140878
0.536144578313 0.0513856812933
0.532934131737 0.0513856812933
0.529761904762 0.0513856812933
0.532544378698 0.0519630484988
0.535294117647 0.0525404157044
0.53216374269 0.0525404157044
0.529069767442 0.0525404157044
0.526011560694 0.0525404157044
0.522988505747 0.0525404157044
0.52 0.0525404157044
0.517045454545 0.0525404157044
0.519774011299 0.0531177829099
0.516853932584 0.0531177829099
0.513966480447 0.0531177829099
0.516666666667 0.0536951501155
0.513812154696 0.0536951501155
0.510989010989 0.0536951501155
0.508196721311 0.0536951501155
0.505434782609 0.0536951501155
0.502702702703 0.0536951501155
0.5 0.0536951501155
0.502673796791 0.054272517321
0.5 0.054272517321
0.502645502646 0.0548498845266
0.505263157895 0.0554272517321
0.502617801047 0.0554272517321
0.5 0.0554272517321
0.502590673575 0.0560046189376
0.5 0.0560046189376
0.502564102564 0.0565819861432
0.5 0.0565819861432
0.502538071066 0.0571593533487
0.505050505051 0.0577367205543
0.507537688442 0.0583140877598
0.51 0.0588914549654
0.507462686567 0.0588914549654
0.50495049505 0.0588914549654
0.507389162562 0.0594688221709
0.509803921569 0.0600461893764
0.512195121951 0.060623556582
0.509708737864 0.060623556582
0.507246376812 0.060623556582
0.504807692308 0.060623556582
0.507177033493 0.0612009237875
0.504761904762 0.0612009237875
0.502369668246 0.0612009237875
0.5 0.0612009237875
0.49765258216 0.0612009237875
0.495327102804 0.0612009237875
0.493023255814 0.0612009237875
0.49537037037 0.0617782909931
0.493087557604 0.0617782909931
0.490825688073 0.0617782909931
0.488584474886 0.0617782909931
0.486363636364 0.0617782909931
0.488687782805 0.0623556581986
0.490990990991 0.0629330254042
0.488789237668 0.0629330254042
0.491071428571 0.0635103926097
0.493333333333 0.0640877598152
0.491150442478 0.0640877598152
0.493392070485 0.0646651270208
0.491228070175 0.0646651270208
0.493449781659 0.0652424942263
0.495652173913 0.0658198614319
0.493506493506 0.0658198614319
0.491379310345 0.0658198614319
0.489270386266 0.0658198614319
0.487179487179 0.0658198614319
0.489361702128 0.0663972286374
0.487288135593 0.0663972286374
0.485232067511 0.0663972286374
0.487394957983 0.066974595843
0.485355648536 0.066974595843
0.483333333333 0.066974595843
0.48132780083 0.066974595843
0.479338842975 0.066974595843
0.477366255144 0.066974595843
0.479508196721 0.0675519630485
0.481632653061 0.068129330254
0.479674796748 0.068129330254
0.481781376518 0.0687066974596
0.479838709677 0.0687066974596
0.481927710843 0.0692840646651
0.484 0.0698614318707
0.482071713147 0.0698614318707
0.484126984127 0.0704387990762
0.482213438735 0.0704387990762
0.48031496063 0.0704387990762
0.482352941176 0.0710161662818
0.48046875 0.0710161662818
0.47859922179 0.0710161662818
0.480620155039 0.0715935334873
0.478764478764 0.0715935334873
0.476923076923 0.0715935334873
0.478927203065 0.0721709006928
0.477099236641 0.0721709006928
0.475285171103 0.0721709006928
0.477272727273 0.0727482678984
0.475471698113 0.0727482678984
0.477443609023 0.0733256351039
0.475655430712 0.0733256351039
0.473880597015 0.0733256351039
0.472118959108 0.0733256351039
0.47037037037 0.0733256351039
0.468634686347 0.0733256351039
0.466911764706 0.0733256351039
0.465201465201 0.0733256351039
0.463503649635 0.0733256351039
0.461818181818 0.0733256351039
0.460144927536 0.0733256351039
0.458483754513 0.0733256351039
0.456834532374 0.0733256351039
0.455197132616 0.0733256351039
0.457142857143 0.0739030023095
0.455516014235 0.0739030023095
0.457446808511 0.074480369515
0.459363957597 0.0750577367206
0.457746478873 0.0750577367206
0.456140350877 0.0750577367206
0.454545454545 0.0750577367206
0.456445993031 0.0756351039261
0.458333333333 0.0762124711316
0.460207612457 0.0767898383372
0.462068965517 0.0773672055427
0.460481099656 0.0773672055427
0.462328767123 0.0779445727483
0.460750853242 0.0779445727483
0.459183673469 0.0779445727483
0.457627118644 0.0779445727483
0.456081081081 0.0779445727483
0.454545454545 0.0779445727483
0.453020134228 0.0779445727483
0.451505016722 0.0779445727483
0.45 0.0779445727483
0.451827242525 0.0785219399538
0.450331125828 0.0785219399538
0.452145214521 0.0790993071594
0.453947368421 0.0796766743649
0.455737704918 0.0802540415704
0.454248366013 0.0802540415704
0.452768729642 0.0802540415704
0.451298701299 0.0802540415704
0.453074433657 0.080831408776
0.454838709677 0.0814087759815
0.453376205788 0.0814087759815
0.451923076923 0.0814087759815
0.450479233227 0.0814087759815
0.449044585987 0.0814087759815
0.447619047619 0.0814087759815
0.449367088608 0.0819861431871
0.447949526814 0.0819861431871
0.446540880503 0.0819861431871
0.445141065831 0.0819861431871
0.446875 0.0825635103926
0.445482866044 0.0825635103926
0.447204968944 0.0831408775982
0.445820433437 0.0831408775982
0.444444444444 0.0831408775982
0.443076923077 0.0831408775982
0.444785276074 0.0837182448037
0.446483180428 0.0842956120092
0.44512195122 0.0842956120092
0.44376899696 0.0842956120092
0.442424242424 0.0842956120092
0.444108761329 0.0848729792148
0.442771084337 0.0848729792148
0.444444444444 0.0854503464203
0.446107784431 0.0860277136259
0.444776119403 0.0860277136259
0.443452380952 0.0860277136259
0.442136498516 0.0860277136259
0.443786982249 0.0866050808314
0.445427728614 0.087182448037
0.444117647059 0.087182448037
0.445747800587 0.0877598152425
0.444444444444 0.0877598152425
0.446064139942 0.088337182448
0.44476744186 0.088337182448
0.44347826087 0.088337182448
0.445086705202 0.0889145496536
0.443804034582 0.0889145496536
0.442528735632 0.0889145496536
0.441260744986 0.0889145496536
0.44 0.0889145496536
0.441595441595 0.0894919168591
0.440340909091 0.0894919168591
0.439093484419 0.0894919168591
0.437853107345 0.0894919168591
0.439436619718 0.0900692840647
0.441011235955 0.0906466512702
0.442577030812 0.0912240184758
0.444134078212 0.0918013856813
0.445682451253 0.0923787528868
0.444444444444 0.0923787528868
0.443213296399 0.0923787528868
0.444751381215 0.0929561200924
0.443526170799 0.0929561200924
0.442307692308 0.0929561200924
0.443835616438 0.0935334872979
0.44262295082 0.0935334872979
0.441416893733 0.0935334872979
0.442934782609 0.0941108545035
0.441734417344 0.0941108545035
0.440540540541 0.0941108545035
0.43935309973 0.0941108545035
0.438172043011 0.0941108545035
0.436997319035 0.0941108545035
0.438502673797 0.094688221709
0.44 0.0952655889145
0.441489361702 0.0958429561201
0.440318302387 0.0958429561201
0.439153439153 0.0958429561201
0.437994722955 0.0958429561201
0.439473684211 0.0964203233256
0.438320209974 0.0964203233256
0.439790575916 0.0969976905312
0.441253263708 0.0975750577367
0.440104166667 0.0975750577367
0.438961038961 0.0975750577367
0.440414507772 0.0981524249423
0.439276485788 0.0981524249423
0.438144329897 0.0981524249423
0.437017994859 0.0981524249423
0.438461538462 0.0987297921478
0.43989769821 0.0993071593533
0.438775510204 0.0993071593533
0.437659033079 0.0993071593533
0.43654822335 0.0993071593533
0.435443037975 0.0993071593533
0.434343434343 0.0993071593533
0.433249370277 0.0993071593533
0.434673366834 0.0998845265589
0.4335839599 0.0998845265589
0.4325 0.0998845265589
0.43391521197 0.100461893764
0.435323383085 0.10103926097
0.434243176179 0.10103926097
0.435643564356 0.101616628176
0.437037037037 0.102193995381
0.435960591133 0.102193995381
0.434889434889 0.102193995381
0.436274509804 0.102771362587
0.435207823961 0.102771362587
0.436585365854 0.103348729792
0.435523114355 0.103348729792
0.434466019417 0.103348729792
0.433414043584 0.103348729792
0.432367149758 0.103348729792
0.431325301205 0.103348729792
0.432692307692 0.103926096998
0.431654676259 0.103926096998
0.430622009569 0.103926096998
0.429594272076 0.103926096998
0.428571428571 0.103926096998
0.427553444181 0.103926096998
0.42654028436 0.103926096998
0.425531914894 0.103926096998
0.424528301887 0.103926096998
0.425882352941 0.104503464203
0.424882629108 0.104503464203
0.426229508197 0.105080831409
0.42523364486 0.105080831409
0.424242424242 0.105080831409
0.425581395349 0.105658198614
0.424593967517 0.105658198614
0.423611111111 0.105658198614
0.422632794457 0.105658198614
0.421658986175 0.105658198614
0.422988505747 0.10623556582
0.422018348624 0.10623556582
0.423340961098 0.106812933025
0.422374429224 0.106812933025
0.421412300683 0.106812933025
0.420454545455 0.106812933025
0.419501133787 0.106812933025
0.420814479638 0.107390300231
0.422121896163 0.107967667436
0.423423423423 0.108545034642
0.422471910112 0.108545034642
0.421524663677 0.108545034642
0.420581655481 0.108545034642
0.421875 0.109122401848
0.420935412027 0.109122401848
0.42 0.109122401848
0.421286031042 0.109699769053
0.420353982301 0.109699769053
0.421633554084 0.110277136259
0.422907488987 0.110854503464
0.421978021978 0.110854503464
0.423245614035 0.11143187067
0.422319474836 0.11143187067
0.421397379913 0.11143187067
0.420479302832 0.11143187067
0.419565217391 0.11143187067
0.420824295011 0.112009237875
0.422077922078 0.112586605081
0.421166306695 0.112586605081
0.42025862069 0.112586605081
0.41935483871 0.112586605081
0.418454935622 0.112586605081
0.41755888651 0.112586605081
0.416666666667 0.112586605081
0.415778251599 0.112586605081
0.414893617021 0.112586605081
0.416135881104 0.113163972286
0.417372881356 0.113741339492
0.416490486258 0.113741339492
0.415611814346 0.113741339492
0.414736842105 0.113741339492
0.415966386555 0.114318706697
0.417190775681 0.114896073903
0.418410041841 0.115473441109
0.417536534447 0.115473441109
0.41875 0.116050808314
0.417879417879 0.116050808314
0.417012448133 0.116050808314
0.416149068323 0.116050808314
0.415289256198 0.116050808314
0.414432989691 0.116050808314
0.413580246914 0.116050808314
0.41273100616 0.116050808314
0.411885245902 0.116050808314
0.411042944785 0.116050808314
0.410204081633 0.116050808314
0.409368635438 0.116050808314
0.408536585366 0.116050808314
0.409736308316 0.11662817552
0.408906882591 0.11662817552
0.408080808081 0.11662817552
0.407258064516 0.11662817552
0.406438631791 0.11662817552
0.40562248996 0.11662817552
0.404809619238 0.11662817552
0.404 0.11662817552
0.403193612774 0.11662817552
0.402390438247 0.11662817552
0.403578528827 0.117205542725
0.402777777778 0.117205542725
0.40396039604 0.117782909931
0.403162055336 0.117782909931
0.404339250493 0.118360277136
0.403543307087 0.118360277136
0.404715127701 0.118937644342
0.403921568627 0.118937644342
0.405088062622 0.119515011547
0.40625 0.120092378753
0.407407407407 0.120669745958
0.408560311284 0.121247113164
0.407766990291 0.121247113164
0.406976744186 0.121247113164
0.406189555126 0.121247113164
0.407335907336 0.12182448037
0.408477842004 0.122401847575
0.407692307692 0.122401847575
0.406909788868 0.122401847575
0.408045977011 0.122979214781
0.409177820268 0.123556581986
0.408396946565 0.123556581986
0.407619047619 0.123556581986
0.408745247148 0.124133949192
0.407969639469 0.124133949192
0.407196969697 0.124133949192
0.40831758034 0.124711316397
0.407547169811 0.124711316397
0.406779661017 0.124711316397
0.407894736842 0.125288683603
0.40712945591 0.125288683603
0.406367041199 0.125288683603
0.405607476636 0.125288683603
0.40671641791 0.125866050808
0.405959031657 0.125866050808
0.405204460967 0.125866050808
0.404452690167 0.125866050808
0.403703703704 0.125866050808
0.402957486137 0.125866050808
0.40221402214 0.125866050808
0.401473296501 0.125866050808
0.402573529412 0.126443418014
0.403669724771 0.127020785219
0.40293040293 0.127020785219
0.404021937843 0.127598152425
0.403284671533 0.127598152425
0.404371584699 0.12817551963
0.403636363636 0.12817551963
0.402903811252 0.12817551963
0.402173913043 0.12817551963
0.401446654611 0.12817551963
0.402527075812 0.128752886836
0.401801801802 0.128752886836
0.401079136691 0.128752886836
0.400359066427 0.128752886836
0.399641577061 0.128752886836
0.398926654741 0.128752886836
0.398214285714 0.128752886836
0.397504456328 0.128752886836
0.396797153025 0.128752886836
0.397868561279 0.129330254042
0.397163120567 0.129330254042
0.396460176991 0.129330254042
0.395759717314 0.129330254042
0.395061728395 0.129330254042
0.394366197183 0.129330254042
0.395430579965 0.129907621247
0.394736842105 0.129907621247
0.394045534151 0.129907621247
0.393356643357 0.129907621247
0.392670157068 0.129907621247
0.391986062718 0.129907621247
0.393043478261 0.130484988453
0.392361111111 0.130484988453
0.393414211438 0.131062355658
0.392733564014 0.131062355658
0.392055267703 0.131062355658
0.391379310345 0.131062355658
0.390705679862 0.131062355658
0.390034364261 0.131062355658
0.38936535163 0.131062355658
0.388698630137 0.131062355658
0.388034188034 0.131062355658
0.389078498294 0.131639722864
0.388415672913 0.131639722864
0.389455782313 0.132217090069
0.388794567063 0.132217090069
0.389830508475 0.132794457275
0.389170896785 0.132794457275
0.390202702703 0.13337182448
0.391231028668 0.133949191686
0.392255892256 0.134526558891
0.391596638655 0.134526558891
0.390939597315 0.134526558891
0.390284757119 0.134526558891
0.391304347826 0.135103926097
0.390651085142 0.135103926097
0.391666666667 0.135681293303
0.391014975042 0.135681293303
0.390365448505 0.135681293303
0.389718076285 0.135681293303
0.389072847682 0.135681293303
0.388429752066 0.135681293303
0.387788778878 0.135681293303
0.387149917628 0.135681293303
0.386513157895 0.135681293303
0.385878489327 0.135681293303
0.386885245902 0.136258660508
0.386252045827 0.136258660508
0.385620915033 0.136258660508
0.384991843393 0.136258660508
0.384364820847 0.136258660508
0.383739837398 0.136258660508
0.383116883117 0.136258660508
0.384116693679 0.136836027714
0.383495145631 0.136836027714
0.382875605816 0.136836027714
0.382258064516 0.136836027714
0.381642512077 0.136836027714
0.381028938907 0.136836027714
0.380417335474 0.136836027714
0.379807692308 0.136836027714
0.3808 0.137413394919
0.380191693291 0.137413394919
0.381180223285 0.137990762125
0.380573248408 0.137990762125
0.379968203498 0.137990762125
0.379365079365 0.137990762125
0.380348652932 0.13856812933
0.381329113924 0.139145496536
0.380726698262 0.139145496536
0.381703470032 0.139722863741
0.382677165354 0.140300230947
0.382075471698 0.140300230947
0.38147566719 0.140300230947
0.382445141066 0.140877598152
0.381846635368 0.140877598152
0.38125 0.140877598152
0.380655226209 0.140877598152
0.380062305296 0.140877598152
0.379471228616 0.140877598152
0.380434782609 0.141454965358
0.37984496124 0.141454965358
0.379256965944 0.141454965358
0.378670788253 0.141454965358
0.37962962963 0.142032332564
0.380585516179 0.142609699769
0.38 0.142609699769
0.379416282642 0.142609699769
0.378834355828 0.142609699769
0.378254211332 0.142609699769
0.379204892966 0.143187066975
0.378625954198 0.143187066975
0.379573170732 0.14376443418
0.37899543379 0.14376443418
0.378419452888 0.14376443418
0.37784522003 0.14376443418
0.377272727273 0.14376443418
0.376701966717 0.14376443418
0.376132930514 0.14376443418
0.37556561086 0.14376443418
0.376506024096 0.144341801386
0.375939849624 0.144341801386
0.375375375375 0.144341801386
0.374812593703 0.144341801386
0.374251497006 0.144341801386
0.373692077728 0.144341801386
0.373134328358 0.144341801386
0.372578241431 0.144341801386
0.372023809524 0.144341801386
0.37147102526 0.144341801386
0.372403560831 0.144919168591
0.371851851852 0.144919168591
0.371301775148 0.144919168591
0.37223042836 0.145496535797
0.373156342183 0.146073903002
0.372606774669 0.146073903002
0.372058823529 0.146073903002
0.371512481645 0.146073903002
0.370967741935 0.146073903002
0.370424597365 0.146073903002
0.369883040936 0.146073903002
0.369343065693 0.146073903002
0.368804664723 0.146073903002
0.369723435226 0.146651270208
0.369186046512 0.146651270208
0.370101596517 0.147228637413
0.371014492754 0.147806004619
0.370477568741 0.147806004619
0.369942196532 0.147806004619
0.369408369408 0.147806004619
0.368876080692 0.147806004619
0.368345323741 0.147806004619
0.369252873563 0.148383371824
0.368723098996 0.148383371824
0.368194842407 0.148383371824
0.367668097282 0.148383371824
0.367142857143 0.148383371824
0.366619115549 0.148383371824
0.367521367521 0.14896073903
0.366998577525 0.14896073903
0.366477272727 0.14896073903
0.365957446809 0.14896073903
0.365439093484 0.14896073903
0.364922206506 0.14896073903
0.364406779661 0.14896073903
0.36389280677 0.14896073903
0.36338028169 0.14896073903
0.362869198312 0.14896073903
0.362359550562 0.14896073903
0.361851332398 0.14896073903
0.361344537815 0.14896073903
0.362237762238 0.149538106236
0.361731843575 0.149538106236
0.361227336123 0.149538106236
0.362116991643 0.150115473441
0.361613351878 0.150115473441
0.3625 0.150692840647
0.361997226075 0.150692840647
0.362880886427 0.151270207852
0.362378976487 0.151270207852
0.361878453039 0.151270207852
0.361379310345 0.151270207852
0.3608815427 0.151270207852
0.361760660248 0.151847575058
0.362637362637 0.152424942263
0.362139917695 0.152424942263
0.36301369863 0.153002309469
0.362517099863 0.153002309469
0.362021857923 0.153002309469
0.362892223738 0.153579676674
0.362397820163 0.153579676674
0.361904761905 0.153579676674
0.361413043478 0.153579676674
0.362279511533 0.15415704388
0.363143631436 0.154734411085
0.362652232747 0.154734411085
0.362162162162 0.154734411085
0.361673414305 0.154734411085
0.361185983827 0.154734411085
0.36069986541 0.154734411085
0.360215053763 0.154734411085
0.359731543624 0.154734411085
0.359249329759 0.154734411085
0.360107095047 0.155311778291
0.359625668449 0.155311778291
0.35914552737 0.155311778291
0.36 0.155889145497
0.359520639148 0.155889145497
0.359042553191 0.155889145497
0.358565737052 0.155889145497
0.359416445623 0.156466512702
0.358940397351 0.156466512702
0.359788359788 0.157043879908
0.359313077939 0.157043879908
0.358839050132 0.157043879908
0.35836627141 0.157043879908
0.357894736842 0.157043879908
0.357424441524 0.157043879908
0.356955380577 0.157043879908
0.356487549148 0.157043879908
0.356020942408 0.157043879908
0.355555555556 0.157043879908
0.355091383812 0.157043879908
0.35593220339 0.157621247113
0.35546875 0.157621247113
0.356306892068 0.158198614319
0.355844155844 0.158198614319
0.355382619974 0.158198614319
0.35621761658 0.158775981524
0.355756791721 0.158775981524
0.355297157623 0.158775981524
0.356129032258 0.15935334873
0.355670103093 0.15935334873
0.356499356499 0.159930715935
0.356041131105 0.159930715935
0.355584082157 0.159930715935
0.355128205128 0.159930715935
0.354673495519 0.159930715935
0.354219948849 0.159930715935
0.353767560664 0.159930715935
0.353316326531 0.159930715935
0.352866242038 0.159930715935
0.352417302799 0.159930715935
0.351969504447 0.159930715935
0.352791878173 0.160508083141
0.352344740177 0.160508083141
0.351898734177 0.160508083141
0.351453855879 0.160508083141
0.35101010101 0.160508083141
0.350567465322 0.160508083141
0.350125944584 0.160508083141
0.349685534591 0.160508083141
0.349246231156 0.160508083141
0.348808030113 0.160508083141
0.348370927318 0.160508083141
0.347934918648 0.160508083141
0.3475 0.160508083141
0.348314606742 0.161085450346
0.347880299252 0.161085450346
0.347447073474 0.161085450346
0.348258706468 0.161662817552
0.347826086957 0.161662817552
0.347394540943 0.161662817552
0.346964064436 0.161662817552
0.347772277228 0.162240184758
0.347342398022 0.162240184758
0.346913580247 0.162240184758
0.346485819975 0.162240184758
0.347290640394 0.162817551963
0.346863468635 0.162817551963
0.347665847666 0.163394919169
0.347239263804 0.163394919169
0.34681372549 0.163394919169
0.346389228886 0.163394919169
0.345965770171 0.163394919169
0.345543345543 0.163394919169
0.34512195122 0.163394919169
0.344701583435 0.163394919169
0.344282238443 0.163394919169
0.343863912515 0.163394919169
0.344660194175 0.163972286374
0.345454545455 0.16454965358
0.345036319613 0.16454965358
0.345828295042 0.165127020785
0.345410628019 0.165127020785
0.344993968637 0.165127020785
0.344578313253 0.165127020785
0.344163658243 0.165127020785
0.34375 0.165127020785
0.343337334934 0.165127020785
0.342925659472 0.165127020785
0.34251497006 0.165127020785
0.342105263158 0.165127020785
0.342891278375 0.165704387991
0.343675417661 0.166281755196
0.34326579261 0.166281755196
0.342857142857 0.166281755196
0.342449464923 0.166281755196
0.342042755344 0.166281755196
0.341637010676 0.166281755196
0.341232227488 0.166281755196
0.34201183432 0.166859122402
0.341607565012 0.166859122402
0.341204250295 0.166859122402
0.341981132075 0.167436489607
0.342756183746 0.168013856813
0.342352941176 0.168013856813
0.341950646298 0.168013856813
0.341549295775 0.168013856813
0.341148886284 0.168013856813
0.341920374707 0.168591224018
0.34269005848 0.169168591224
0.343457943925 0.16974595843
0.34422403734 0.170323325635
0.343822843823 0.170323325635
0.3434225844 0.170323325635
0.343023255814 0.170323325635
0.34262485482 0.170323325635
0.34222737819 0.170323325635
0.342989571263 0.170900692841
0.342592592593 0.170900692841
0.342196531792 0.170900692841
0.341801385681 0.170900692841
0.342560553633 0.171478060046
0.342165898618 0.171478060046
0.341772151899 0.171478060046
0.341379310345 0.171478060046
0.342135476464 0.172055427252
0.342889908257 0.172632794457
0.342497136312 0.172632794457
0.342105263158 0.172632794457
0.342857142857 0.173210161663
0.343607305936 0.173787528868
0.343215507412 0.173787528868
0.342824601367 0.173787528868
0.342434584755 0.173787528868
0.343181818182 0.174364896074
0.342792281498 0.174364896074
0.343537414966 0.174942263279
0.343148357871 0.174942263279
0.342760180995 0.174942263279
0.343502824859 0.175519630485
0.344243792325 0.176096997691
0.343855693348 0.176096997691
0.343468468468 0.176096997691
0.343082114736 0.176096997691
0.342696629213 0.176096997691
0.343434343434 0.176674364896
0.343049327354 0.176674364896
0.343784994401 0.177251732102
0.34451901566 0.177829099307
0.345251396648 0.178406466513
0.344866071429 0.178406466513
0.344481605351 0.178406466513
0.344097995546 0.178406466513
0.343715239155 0.178406466513
0.343333333333 0.178406466513
0.344062153163 0.178983833718
0.343680709534 0.178983833718
0.343300110742 0.178983833718
0.342920353982 0.178983833718
0.34364640884 0.179561200924
0.343267108168 0.179561200924
0.342888643881 0.179561200924
0.342511013216 0.179561200924
0.342134213421 0.179561200924
0.341758241758 0.179561200924
0.34248079034 0.180138568129
0.342105263158 0.180138568129
0.341730558598 0.180138568129
0.341356673961 0.180138568129
0.340983606557 0.180138568129
0.340611353712 0.180138568129
0.3413304253 0.180715935335
0.340958605664 0.180715935335
0.340587595212 0.180715935335
0.340217391304 0.180715935335
0.339847991314 0.180715935335
0.339479392625 0.180715935335
0.339111592633 0.180715935335
0.338744588745 0.180715935335
0.338378378378 0.180715935335
0.338012958963 0.180715935335
0.338727076591 0.18129330254
0.338362068966 0.18129330254
0.337997847147 0.18129330254
0.337634408602 0.18129330254
0.337271750806 0.18129330254
0.337982832618 0.181870669746
0.337620578778 0.181870669746
0.338329764454 0.182448036952
0.337967914439 0.182448036952
0.338675213675 0.183025404157
0.338313767343 0.183025404157
0.337953091684 0.183025404157
0.337593184239 0.183025404157
0.33829787234 0.183602771363
0.337938363443 0.183602771363
0.337579617834 0.183602771363
0.338282078473 0.184180138568
0.337923728814 0.184180138568
0.337566137566 0.184180138568
0.337209302326 0.184180138568
0.336853220697 0.184180138568
0.336497890295 0.184180138568
0.336143308746 0.184180138568
0.335789473684 0.184180138568
0.336487907466 0.184757505774
0.33718487395 0.185334872979
0.336831059811 0.185334872979
0.336477987421 0.185334872979
0.33612565445 0.185334872979
0.336820083682 0.185912240185
0.336468129572 0.185912240185
0.33611691023 0.185912240185
0.335766423358 0.185912240185
0.335416666667 0.185912240185
0.335067637877 0.185912240185
0.334719334719 0.185912240185
0.334371754933 0.185912240185
0.334024896266 0.185912240185
0.334715025907 0.18648960739
0.334368530021 0.18648960739
0.334022750776 0.18648960739
0.33367768595 0.18648960739
0.333333333333 0.18648960739
0.332989690722 0.18648960739
0.332646755922 0.18648960739
0.332304526749 0.18648960739
0.331963001028 0.18648960739
0.331622176591 0.18648960739
0.331282051282 0.18648960739
0.330942622951 0.18648960739
0.331627430911 0.187066974596
0.332310838446 0.187644341801
0.331971399387 0.187644341801
0.332653061224 0.188221709007
0.332313965341 0.188221709007
0.33299389002 0.188799076212
0.333672431333 0.189376443418
0.333333333333 0.189376443418
0.332994923858 0.189376443418
0.333671399594 0.189953810624
0.333333333333 0.189953810624
0.332995951417 0.189953810624
0.333670374115 0.190531177829
0.333333333333 0.190531177829
0.332996972755 0.190531177829
0.332661290323 0.190531177829
0.332326283988 0.190531177829
0.332997987928 0.191108545035
0.332663316583 0.191108545035
0.332329317269 0.191108545035
0.332998996991 0.19168591224
0.332665330661 0.19168591224
0.332332332332 0.19168591224
0.333 0.192263279446
0.333666333666 0.192840646651
0.333333333333 0.192840646651
0.333000997009 0.192840646651
0.333665338645 0.193418013857
0.333333333333 0.193418013857
0.333996023857 0.193995381062
0.333664349553 0.193995381062
0.333333333333 0.193995381062
0.333002973241 0.193995381062
0.332673267327 0.193995381062
0.333333333333 0.194572748268
0.333003952569 0.194572748268
0.333662388944 0.195150115473
0.333333333333 0.195150115473
0.333004926108 0.195150115473
0.332677165354 0.195150115473
0.332350049164 0.195150115473
0.33300589391 0.195727482679
0.332679097154 0.195727482679
0.332352941176 0.195727482679
0.332027424094 0.195727482679
0.331702544031 0.195727482679
0.33137829912 0.195727482679
0.3310546875 0.195727482679
0.331707317073 0.196304849885
0.332358674464 0.19688221709
0.332035053554 0.19688221709
0.331712062257 0.19688221709
0.331389698737 0.19688221709
0.331067961165 0.19688221709
0.331716779825 0.197459584296
0.331395348837 0.197459584296
0.332042594385 0.198036951501
0.331721470019 0.198036951501
0.332367149758 0.198614318707
0.332046332046 0.198614318707
0.331726133076 0.198614318707
0.332369942197 0.199191685912
0.332050048123 0.199191685912
0.331730769231 0.199191685912
0.331412103746 0.199191685912
0.331094049904 0.199191685912
0.330776605944 0.199191685912
0.330459770115 0.199191685912
0.33014354067 0.199191685912
0.32982791587 0.199191685912
0.329512893983 0.199191685912
0.330152671756 0.199769053118
0.329837940896 0.199769053118
0.330476190476 0.200346420323
0.330161750714 0.200346420323
0.329847908745 0.200346420323
0.329534662868 0.200346420323
0.329222011385 0.200346420323
0.329857819905 0.200923787529
0.329545454545 0.200923787529
0.329233680227 0.200923787529
0.328922495274 0.200923787529
0.328611898017 0.200923787529
0.328301886792 0.200923787529
0.327992459943 0.200923787529
0.327683615819 0.200923787529
0.327375352775 0.200923787529
0.327067669173 0.200923787529
0.32676056338 0.200923787529
0.326454033771 0.200923787529
0.326148078725 0.200923787529
0.325842696629 0.200923787529
0.325537885875 0.200923787529
0.32523364486 0.200923787529
0.324929971989 0.200923787529
0.324626865672 0.200923787529
0.325256290774 0.201501154734
0.324953445065 0.201501154734
0.324651162791 0.201501154734
0.324349442379 0.201501154734
0.324048282266 0.201501154734
0.323747680891 0.201501154734
0.323447636701 0.201501154734
0.324074074074 0.20207852194
0.323774283071 0.20207852194
0.323475046211 0.20207852194
0.323176361958 0.20207852194
0.322878228782 0.20207852194
0.322580645161 0.20207852194
0.322283609576 0.20207852194
0.321987120515 0.20207852194
0.322610294118 0.202655889145
0.322314049587 0.202655889145
0.322018348624 0.202655889145
0.321723189734 0.202655889145
0.321428571429 0.202655889145
0.322049405306 0.203233256351
0.321755027422 0.203233256351
0.321461187215 0.203233256351
0.321167883212 0.203233256351
0.320875113947 0.203233256351
0.32058287796 0.203233256351
0.320291173794 0.203233256351
0.32 0.203233256351
0.319709355132 0.203233256351
0.31941923775 0.203233256351
0.319129646419 0.203233256351
0.31884057971 0.203233256351
0.319457013575 0.203810623557
0.319168173599 0.203810623557
0.318879855465 0.203810623557
0.318592057762 0.203810623557
0.31830477908 0.203810623557
0.318018018018 0.203810623557
0.317731773177 0.203810623557
0.317446043165 0.203810623557
0.317160826595 0.203810623557
0.316876122083 0.203810623557
0.316591928251 0.203810623557
0.316308243728 0.203810623557
0.316025067144 0.203810623557
0.316636851521 0.204387990762
0.316353887399 0.204387990762
0.316071428571 0.204387990762
0.315789473684 0.204387990762
0.316399286988 0.204965357968
0.317008014248 0.205542725173
0.316725978648 0.205542725173
0.317333333333 0.206120092379
0.317051509769 0.206120092379
0.317657497782 0.206697459584
0.317375886525 0.206697459584
0.317980513729 0.20727482679
0.317699115044 0.20727482679
0.318302387268 0.207852193995
0.318021201413 0.207852193995
0.318623124448 0.208429561201
0.318342151675 0.208429561201
0.318061674009 0.208429561201
0.317781690141 0.208429561201
0.317502198769 0.208429561201
0.317223198594 0.208429561201
0.316944688323 0.208429561201
0.317543859649 0.209006928406
0.318141980719 0.209584295612
0.318739054291 0.210161662818
0.318460192476 0.210161662818
0.318181818182 0.210161662818
0.318777292576 0.210739030023
0.319371727749 0.211316397229
0.319965126417 0.211893764434
0.320557491289 0.21247113164
0.320278503046 0.21247113164
0.320869565217 0.213048498845
0.320590790617 0.213048498845
0.3203125 0.213048498845
0.320901994796 0.213625866051
0.320623916811 0.213625866051
0.320346320346 0.213625866051
0.320934256055 0.214203233256
0.320656871219 0.214203233256
0.320379965458 0.214203233256
0.320966350302 0.214780600462
0.320689655172 0.214780600462
0.320413436693 0.214780600462
0.320137693632 0.214780600462
0.319862424764 0.214780600462
0.320446735395 0.215357967667
0.32017167382 0.215357967667
0.319897084048 0.215357967667
0.319622964867 0.215357967667
0.319349315068 0.215357967667
0.319931565441 0.215935334873
0.319658119658 0.215935334873
0.319385140905 0.215935334873
0.319112627986 0.215935334873
0.319693094629 0.216512702079
0.319420783646 0.216512702079
0.32 0.217090069284
0.319727891156 0.217090069284
0.31945624469 0.217090069284
0.319185059423 0.217090069284
0.318914334182 0.217090069284
0.319491525424 0.21766743649
0.320067739204 0.218244803695
0.319796954315 0.218244803695
0.319526627219 0.218244803695
0.319256756757 0.218244803695
0.318987341772 0.218244803695
0.319561551433 0.218822170901
0.319292333614 0.218822170901
0.319023569024 0.218822170901
0.318755256518 0.218822170901
0.318487394958 0.218822170901
0.318219983207 0.218822170901
0.318791946309 0.219399538106
0.318524727578 0.219399538106
0.318257956449 0.219399538106
0.317991631799 0.219399538106
0.317725752508 0.219399538106
0.31746031746 0.219399538106
0.317195325543 0.219399538106
0.317764804003 0.219976905312
0.3175 0.219976905312
0.318068276436 0.220554272517
0.317803660566 0.220554272517
0.317539484622 0.220554272517
0.317275747508 0.220554272517
0.317012448133 0.220554272517
0.316749585406 0.220554272517
0.316487158244 0.220554272517
0.316225165563 0.220554272517
0.315963606286 0.220554272517
0.315702479339 0.220554272517
0.31544178365 0.220554272517
0.31600660066 0.221131639723
0.316570486397 0.221709006928
0.316309719934 0.221709006928
0.316049382716 0.221709006928
0.315789473684 0.221709006928
0.315529991783 0.221709006928
0.316091954023 0.222286374134
0.315832649713 0.222286374134
0.315573770492 0.222286374134
0.316134316134 0.222863741339
0.315875613748 0.222863741339
0.316434995912 0.223441108545
0.316176470588 0.223441108545
0.315918367347 0.223441108545
0.315660685155 0.223441108545
0.316218418908 0.224018475751
0.3167752443 0.224595842956
0.316517493897 0.224595842956
0.316260162602 0.224595842956
0.316815597076 0.225173210162
0.31737012987 0.225750577367
0.317112733171 0.225750577367
0.317666126418 0.226327944573
0.318218623482 0.226905311778
0.318770226537 0.227482678984
0.318512530315 0.227482678984
0.318255250404 0.227482678984
0.317998385795 0.227482678984
0.317741935484 0.227482678984
0.317485898469 0.227482678984
0.318035426731 0.228060046189
0.317779565567 0.228060046189
0.317524115756 0.228060046189
0.318072289157 0.228637413395
0.318619582665 0.2292147806
0.319165998396 0.229792147806
0.31891025641 0.229792147806
0.318654923939 0.229792147806
0.3184 0.229792147806
0.318145483613 0.229792147806
0.318690095847 0.230369515012
0.319233838787 0.230946882217
0.319776714514 0.231524249423
0.319521912351 0.231524249423
0.320063694268 0.232101616628
0.320604614161 0.232678983834
0.320349761526 0.232678983834
0.320095313741 0.232678983834
0.319841269841 0.232678983834
0.320380650278 0.233256351039
0.320919175911 0.233833718245
0.321456848773 0.23441108545
0.321993670886 0.234988452656
0.321739130435 0.234988452656
0.321484992101 0.234988452656
0.321231254933 0.234988452656
0.320977917981 0.234988452656
0.320724980299 0.234988452656
0.320472440945 0.234988452656
0.320220298977 0.234988452656
0.320754716981 0.235565819861
0.320502749411 0.235565819861
0.32103610675 0.236143187067
0.320784313725 0.236143187067
0.320532915361 0.236143187067
0.320281910728 0.236143187067
0.320031298905 0.236143187067
0.319781078968 0.236143187067
0.3203125 0.236720554273
0.320843091335 0.237297921478
0.321372854914 0.237875288684
0.321122369447 0.237875288684
0.320872274143 0.237875288684
0.320622568093 0.237875288684
0.321150855365 0.238452655889
0.321678321678 0.239030023095
0.321428571429 0.239030023095
0.321179208689 0.239030023095
0.320930232558 0.239030023095
0.321456235476 0.2396073903
0.321981424149 0.240184757506
0.321732405259 0.240184757506
0.321483771252 0.240184757506
0.321235521236 0.240184757506
0.320987654321 0.240184757506
0.320740169622 0.240184757506
0.320493066256 0.240184757506
0.320246343341 0.240184757506
0.320769230769 0.240762124711
0.321291314374 0.241339491917
0.321044546851 0.241339491917
0.320798158097 0.241339491917
0.320552147239 0.241339491917
0.32030651341 0.241339491917
0.320061255743 0.241339491917
0.319816373374 0.241339491917
0.319571865443 0.241339491917
0.320091673033 0.241916859122
0.319847328244 0.241916859122
0.320366132723 0.242494226328
0.32012195122 0.242494226328
0.31987814166 0.242494226328
0.320395738204 0.243071593533
0.320152091255 0.243071593533
0.31990881459 0.243071593533
0.319665907365 0.243071593533
0.319423368741 0.243071593533
0.319181197877 0.243071593533
0.318939393939 0.243071593533
0.318697956094 0.243071593533
0.319213313162 0.243648960739
0.318972033258 0.243648960739
0.318731117825 0.243648960739
0.318490566038 0.243648960739
0.318250377074 0.243648960739
0.318010550113 0.243648960739
0.317771084337 0.243648960739
0.317531978932 0.243648960739
0.317293233083 0.243648960739
0.31705484598 0.243648960739
0.316816816817 0.243648960739
0.316579144786 0.243648960739
0.316341829085 0.243648960739
0.316104868914 0.243648960739
0.315868263473 0.243648960739
0.315632011967 0.243648960739
0.315396113602 0.243648960739
0.315160567588 0.243648960739
0.314925373134 0.243648960739
0.315436241611 0.244226327945
0.31520119225 0.244226327945
0.314966492926 0.244226327945
0.314732142857 0.244226327945
0.314498141264 0.244226327945
0.31426448737 0.244226327945
0.314031180401 0.244226327945
0.314540059347 0.24480369515
0.314306893996 0.24480369515
0.314814814815 0.245381062356
0.315321983716 0.245958429561
0.315088757396 0.245958429561
0.315594974132 0.246535796767
0.315361890694 0.246535796767
0.315129151292 0.246535796767
0.314896755162 0.246535796767
0.314664701548 0.246535796767
0.314432989691 0.246535796767
0.314201618837 0.246535796767
0.314705882353 0.247113163972
0.314474650992 0.247113163972
0.314243759178 0.247113163972
0.314013206163 0.247113163972
0.314516129032 0.247690531178
0.314285714286 0.247690531178
0.314055636896 0.247690531178
0.313825896123 0.247690531178
0.313596491228 0.247690531178
0.313367421476 0.247690531178
0.313138686131 0.247690531178
0.312910284464 0.247690531178
0.312682215743 0.247690531178
0.312454479243 0.247690531178
0.312227074236 0.247690531178
0.312 0.247690531178
0.311773255814 0.247690531178
0.311546840959 0.247690531178
0.311320754717 0.247690531178
0.311820159536 0.248267898383
0.31231884058 0.248845265589
0.312092686459 0.248845265589
0.312590448625 0.249422632794
0.312364425163 0.249422632794
0.312138728324 0.249422632794
0.311913357401 0.249422632794
0.311688311688 0.249422632794
0.311463590483 0.249422632794
0.311959654179 0.25
0.311735061195 0.25
0.311510791367 0.25
0.311286843997 0.25
0.311063218391 0.25
0.310839913855 0.25
0.311334289813 0.250577367206
0.311111111111 0.250577367206
0.311604584527 0.251154734411
0.311381531854 0.251154734411
0.311158798283 0.251154734411
0.310936383131 0.251154734411
0.310714285714 0.251154734411
0.310492505353 0.251154734411
0.310984308131 0.251732101617
0.310762651461 0.251732101617
0.310541310541 0.251732101617
0.31103202847 0.252309468822
0.310810810811 0.252309468822
0.310589907605 0.252309468822
0.310369318182 0.252309468822
0.310149041874 0.252309468822
0.309929078014 0.252309468822
0.309709425939 0.252309468822
0.309490084986 0.252309468822
0.309271054494 0.252309468822
0.309052333805 0.252309468822
0.308833922261 0.252309468822
0.308615819209 0.252309468822
0.308398023994 0.252309468822
0.308180535966 0.252309468822
0.30866807611 0.252886836028
0.308450704225 0.252886836028
0.308233638283 0.252886836028
0.308016877637 0.252886836028
0.308503162333 0.253464203233
0.308286516854 0.253464203233
0.308070175439 0.253464203233
0.307854137447 0.253464203233
0.307638402242 0.253464203233
0.307422969188 0.253464203233
0.307207837649 0.253464203233
0.306993006993 0.253464203233
0.30677847659 0.253464203233
0.30656424581 0.253464203233
0.306350314027 0.253464203233
0.306136680614 0.253464203233
0.306620209059 0.254041570439
0.306406685237 0.254041570439
0.306193458594 0.254041570439
0.305980528512 0.254041570439
0.305767894371 0.254041570439
0.305555555556 0.254041570439
0.30534351145 0.254041570439
0.305825242718 0.254618937644
0.305613305613 0.254618937644
0.306094182825 0.25519630485
0.305882352941 0.25519630485
0.305670816044 0.25519630485
0.306150656531 0.255773672055
0.305939226519 0.255773672055
0.305728088337 0.255773672055
0.305517241379 0.255773672055
0.305306685045 0.255773672055
0.305096418733 0.255773672055
0.304886441844 0.255773672055
0.304676753783 0.255773672055
0.304467353952 0.255773672055
0.304258241758 0.255773672055
0.304049416609 0.255773672055
0.303840877915 0.255773672055
0.303632625086 0.255773672055
0.303424657534 0.255773672055
0.303216974675 0.255773672055
0.303009575923 0.255773672055
0.302802460697 0.255773672055
0.302595628415 0.255773672055
0.302389078498 0.255773672055
0.302182810368 0.255773672055
0.301976823449 0.255773672055
0.302452316076 0.256351039261
0.30224642614 0.256351039261
0.302040816327 0.256351039261
0.301835486064 0.256351039261
0.301630434783 0.256351039261
0.301425661914 0.256351039261
0.301899592944 0.256928406467
0.301694915254 0.256928406467
0.301490514905 0.256928406467
0.301963439404 0.257505773672
0.301759133965 0.257505773672
0.301555104801 0.257505773672
0.301351351351 0.257505773672
0.301147873059 0.257505773672
0.300944669366 0.257505773672
0.300741739717 0.257505773672
0.300539083558 0.257505773672
0.30101010101 0.258083140878
0.300807537012 0.258083140878
0.300605245461 0.258083140878
0.300403225806 0.258083140878
0.300201477502 0.258083140878
0.3 0.258083140878
0.299798792757 0.258083140878
0.300268096515 0.258660508083
0.300736771601 0.259237875289
0.300535475234 0.259237875289
0.300334448161 0.259237875289
0.30013368984 0.259237875289
0.300601202405 0.259815242494
0.300400534045 0.259815242494
0.300200133422 0.259815242494
0.3 0.259815242494
0.299800133245 0.259815242494
0.300266311585 0.2603926097
0.300731869594 0.260969976905
0.300531914894 0.260969976905
0.300996677741 0.261547344111
0.300796812749 0.261547344111
0.300597213006 0.261547344111
0.300397877984 0.261547344111
0.300198807157 0.261547344111
0.3 0.261547344111
0.299801455989 0.261547344111
0.299603174603 0.261547344111
0.299405155321 0.261547344111
0.299207397622 0.261547344111
0.29900990099 0.261547344111
0.298812664908 0.261547344111
0.299274884641 0.262124711316
0.29907773386 0.262124711316
0.299539170507 0.262702078522
0.3 0.263279445727
0.299802761341 0.263279445727
0.299605781866 0.263279445727
0.299409061064 0.263279445727
0.299212598425 0.263279445727
0.299016393443 0.263279445727
0.298820445609 0.263279445727
0.29862475442 0.263279445727
0.299083769634 0.263856812933
0.298888162198 0.263856812933
0.298692810458 0.263856812933
0.298497713912 0.263856812933
0.298955613577 0.264434180139
0.29876060013 0.264434180139
0.299217731421 0.265011547344
0.299022801303 0.265011547344
0.299479166667 0.26558891455
0.299284320104 0.26558891455
0.299089726918 0.26558891455
0.298895386615 0.26558891455
0.299350649351 0.266166281755
0.29980532122 0.266743648961
0.299610894942 0.266743648961
0.299416720674 0.266743648961
0.299222797927 0.266743648961
0.299029126214 0.266743648961
0.298835705045 0.266743648961
0.298642533937 0.266743648961
0.298449612403 0.266743648961
0.298256939961 0.266743648961
0.298064516129 0.266743648961
0.297872340426 0.266743648961
0.297680412371 0.266743648961
0.298132646491 0.267321016166
0.297940797941 0.267321016166
0.297749196141 0.267321016166
0.297557840617 0.267321016166
0.297366730893 0.267321016166
0.297175866496 0.267321016166
0.296985246953 0.267321016166
0.296794871795 0.267321016166
0.296604740551 0.267321016166
0.296414852753 0.267321016166
0.296225207933 0.267321016166
0.296035805627 0.267321016166
0.295846645367 0.267321016166
0.296296296296 0.267898383372
0.296107211232 0.267898383372
0.295918367347 0.267898383372
0.295729764181 0.267898383372
0.296178343949 0.268475750577
0.295989815404 0.268475750577
0.296437659033 0.269053117783
0.296884933249 0.269630484988
0.296696315121 0.269630484988
0.296507936508 0.269630484988
0.296319796954 0.269630484988
0.296131896005 0.269630484988
0.296577946768 0.270207852194
0.297023432552 0.2707852194
0.296835443038 0.2707852194
0.296647691335 0.2707852194
0.297092288243 0.271362586605
0.297536323437 0.271939953811
0.29797979798 0.272517321016
0.297791798107 0.272517321016
0.297604035309 0.272517321016
0.297416509137 0.272517321016
0.297229219144 0.272517321016
0.297042164884 0.272517321016
0.296855345912 0.272517321016
0.297297297297 0.273094688222
0.297110552764 0.273094688222
0.296924042687 0.273094688222
0.296737766625 0.273094688222
0.296551724138 0.273094688222
0.296365914787 0.273094688222
0.296180338134 0.273094688222
0.295994993742 0.273094688222
0.295809881176 0.273094688222
0.295625 0.273094688222
0.295440349781 0.273094688222
0.295255930087 0.273094688222
0.295071740487 0.273094688222
0.294887780549 0.273094688222
0.295327102804 0.273672055427
0.295143212951 0.273672055427
0.295581829496 0.274249422633
0.29539800995 0.274249422633
0.295835922933 0.274826789838
0.296273291925 0.275404157044
0.296089385475 0.275404157044
0.296526054591 0.275981524249
0.296342219467 0.275981524249
0.296158612144 0.275981524249
0.295975232198 0.275981524249
0.295792079208 0.275981524249
0.295609152752 0.275981524249
0.29542645241 0.275981524249
0.295243977764 0.275981524249
0.295061728395 0.275981524249
0.295496607033 0.276558891455
0.295314426634 0.276558891455
0.295132470733 0.276558891455
0.294950738916 0.276558891455
0.294769230769 0.276558891455
0.294587945879 0.276558891455
0.294406883835 0.276558891455
0.294226044226 0.276558891455
0.294045426642 0.276558891455
0.293865030675 0.276558891455
0.293684855917 0.276558891455
0.293504901961 0.276558891455
0.293325168402 0.276558891455
0.293757649939 0.277136258661
0.294189602446 0.277713625866
0.294009779951 0.277713625866
0.293830177153 0.277713625866
0.294261294261 0.278290993072
0.294691885296 0.278868360277
0.29512195122 0.279445727483
0.29494210847 0.279445727483
0.294762484775 0.279445727483
0.294583079732 0.279445727483
0.294403892944 0.279445727483
0.294832826748 0.280023094688
0.294653705954 0.280023094688
0.294474802672 0.280023094688
0.294902912621 0.280600461894
0.294724075197 0.280600461894
0.294545454545 0.280600461894
0.294972743792 0.281177829099
0.294794188862 0.281177829099
0.29461584997 0.281177829099
0.294437726723 0.281177829099
0.294864048338 0.281755196305
0.294685990338 0.281755196305
0.295111647556 0.28233256351
0.294933655006 0.28233256351
0.294755877034 0.28233256351
0.294578313253 0.28233256351
0.294400963275 0.28233256351
0.294223826715 0.28233256351
0.294046903187 0.28233256351
0.294471153846 0.282909930716
0.294294294294 0.282909930716
0.294117647059 0.282909930716
0.293941211758 0.282909930716
0.29376498801 0.282909930716
0.293588975434 0.282909930716
0.293413173653 0.282909930716
0.293237582286 0.282909930716
0.293062200957 0.282909930716
0.292887029289 0.282909930716
0.292712066906 0.282909930716
0.292537313433 0.282909930716
0.292362768496 0.282909930716
0.292784734645 0.283487297921
0.292610250298 0.283487297921
0.292435973794 0.283487297921
0.292261904762 0.283487297921
0.292088042832 0.283487297921
0.291914387634 0.283487297921
0.2917409388 0.283487297921
0.291567695962 0.283487297921
0.291394658754 0.283487297921
0.291814946619 0.284064665127
0.291641967991 0.284064665127
0.291469194313 0.284064665127
0.291296625222 0.284064665127
0.291124260355 0.284064665127
0.290952099349 0.284064665127
0.290780141844 0.284064665127
0.290608387478 0.284064665127
0.290436835891 0.284064665127
0.290265486726 0.284064665127
0.290094339623 0.284064665127
0.289923394225 0.284064665127
0.289752650177 0.284064665127
0.29017068864 0.284642032333
0.29 0.284642032333
0.289829512052 0.284642032333
0.289659224442 0.284642032333
0.290076335878 0.285219399538
0.289906103286 0.285219399538
0.290322580645 0.285796766744
0.290152403283 0.285796766744
0.289982425308 0.285796766744
0.28981264637 0.285796766744
0.290228203628 0.286374133949
0.290058479532 0.286374133949
0.289888953828 0.286374133949
0.289719626168 0.286374133949
0.289550496205 0.286374133949
0.289381563594 0.286374133949
0.289795918367 0.286951501155
0.289627039627 0.286951501155
0.2894583576 0.286951501155
0.289289871944 0.286951501155
0.289121582315 0.286951501155
0.288953488372 0.286951501155
0.288785589773 0.286951501155
0.288617886179 0.286951501155
0.289030760302 0.28752886836
0.288863109049 0.28752886836
0.288695652174 0.28752886836
0.289107763615 0.288106235566
0.288940359004 0.288106235566
0.289351851852 0.288683602771
0.289184499711 0.288683602771
0.28901734104 0.288683602771
0.288850375505 0.288683602771
0.289260969977 0.289260969977
0.289094056549 0.289260969977
0.28892733564 0.289260969977
0.288760806916 0.289260969977
0.289170506912 0.289838337182
0.289579735176 0.290415704388
0.289413118527 0.290415704388
0.28982173663 0.290993071594
0.289655172414 0.290993071594
0.28948879954 0.290993071594
0.289322617681 0.290993071594
0.289730349971 0.291570438799
0.289564220183 0.291570438799
0.289398280802 0.291570438799
0.289232531501 0.291570438799
0.289066971952 0.291570438799
0.288901601831 0.291570438799
0.289308176101 0.292147806005
0.289142857143 0.292147806005
0.288977727013 0.292147806005
0.288812785388 0.292147806005
0.288648031945 0.292147806005
0.288483466363 0.292147806005
0.288319088319 0.292147806005
0.288154897494 0.292147806005
0.287990893569 0.292147806005
0.288395904437 0.29272517321
0.288231949972 0.29272517321
0.288068181818 0.29272517321
0.28847245883 0.293302540416
0.288308740068 0.293302540416
0.288145207033 0.293302540416
0.28798185941 0.293302540416
0.287818696884 0.293302540416
0.288221970555 0.293879907621
0.288058856819 0.293879907621
0.287895927602 0.293879907621
0.287733182589 0.293879907621
0.287570621469 0.293879907621
0.28740824393 0.293879907621
0.287246049661 0.293879907621
0.287084038353 0.293879907621
0.286922209696 0.293879907621
0.28676056338 0.293879907621
0.287162162162 0.294457274827
0.287000562746 0.294457274827
0.286839145107 0.294457274827
0.286677908938 0.294457274827
0.286516853933 0.294457274827
0.286355979787 0.294457274827
0.286195286195 0.294457274827
0.286034772855 0.294457274827
0.285874439462 0.294457274827
0.286274509804 0.295034642032
0.286114221725 0.295034642032
0.285954113039 0.295034642032
0.286353467562 0.295612009238
0.286193404136 0.295612009238
0.286033519553 0.295612009238
0.285873813512 0.295612009238
0.285714285714 0.295612009238
0.285554935862 0.295612009238
0.285395763657 0.295612009238
0.285236768802 0.295612009238
0.285634743875 0.296189376443
0.285475792988 0.296189376443
0.28531701891 0.296189376443
0.285158421345 0.296189376443
0.285555555556 0.296766743649
0.285397001666 0.296766743649
0.285238623751 0.296766743649
0.28508042152 0.296766743649
0.285476718404 0.297344110855
0.285872576177 0.29792147806
0.285714285714 0.29792147806
0.285556170448 0.29792147806
0.285398230088 0.29792147806
0.285240464345 0.29792147806
0.285082872928 0.29792147806
0.284925455549 0.29792147806
0.284768211921 0.29792147806
0.284611141754 0.29792147806
