14082 4 0.98917901516
60763 4 0.985349357128
22177 4 0.983274638653
52262 4 0.975186944008
634 1 0.974172592163
79503 4 0.973242640495
11801 4 0.969800114632
65577 4 0.968611121178
58500 1 0.967857778072
55507 4 0.967316925526
62181 4 0.966246366501
25872 1 0.965485155582
1913 4 0.965376794338
1321 4 0.964554846287
76866 4 0.964488267899
32110 4 0.960687637329
82160 4 0.95969337225
55623 4 0.959625244141
10306 4 0.958278596401
78189 4 0.956897139549
65433 4 0.956000804901
32622 4 0.954197406769
46690 4 0.953662395477
70388 4 0.949794709682
91277 4 0.946749866009
10307 4 0.944827795029
85006 4 0.943820536137
62182 4 0.942111432552
37173 4 0.941289663315
20283 4 0.941201269627
31906 4 0.940257012844
29398 4 0.939771354198
51581 4 0.938220500946
25828 4 0.938159644604
48702 4 0.938102245331
50546 4 0.938089251518
8518 4 0.937633991241
62098 4 0.937107086182
28736 1 0.933908820152
48117 4 0.933590769768
48372 4 0.928767740726
42812 4 0.928657650948
48181 4 0.928531706333
20045 4 0.927356779575
77568 4 0.925754308701
51715 1 0.925701916218
85153 1 0.92490619421
24100 4 0.92286157608
72198 1 0.921861946583
68555 4 0.921010613441
12980 4 0.919857382774
10397 4 0.91856855154
4429 4 0.916509509087
37761 1 0.915736019611
34665 4 0.91430824995
4526 4 0.913114547729
27028 1 0.912736833096
22257 1 0.912697553635
82299 1 0.912076771259
36405 4 0.910653710365
38092 1 0.908042490482
87927 1 0.907831549644
8715 4 0.906922399998
25204 4 0.90668797493
20804 1 0.906356930733
21548 1 0.906184613705
80608 1 0.906095445156
53638 1 0.904438734055
5248 1 0.904433310032
74246 4 0.904042363167
79453 1 0.903949320316
49044 4 0.903072714806
30873 4 0.902045965195
66772 4 0.901307940483
58158 4 0.900874555111
57243 1 0.900434315205
90352 4 0.900066971779
69665 1 0.899536311626
6578 4 0.899466395378
65431 4 0.898857653141
35197 1 0.898780107498
47717 4 0.898501753807
48689 1 0.898024916649
51192 4 0.898001551628
26497 1 0.89780819416
88783 1 0.897455990314
88137 1 0.89714717865
91210 1 0.895897507668
19589 1 0.894495844841
16647 4 0.894084572792
89191 4 0.893616259098
1610 4 0.893177509308
89074 4 0.893139004707
52820 1 0.891694784164
80530 4 0.891273021698
26137 4 0.890942156315
50241 1 0.890217363834
371 1 0.889106333256
22247 1 0.887089848518
12657 1 0.886840939522
10345 4 0.884776651859
19175 4 0.884662687778
70281 1 0.884493231773
12234 4 0.884395241737
9460 1 0.884133398533
5914 1 0.883298933506
51065 4 0.882301092148
6552 4 0.881708860397
1419 4 0.879923403263
20917 1 0.879841268063
12298 4 0.879155397415
40127 4 0.878970324993
89266 1 0.878876686096
88914 4 0.87636500597
81131 4 0.875240087509
78322 1 0.87417858839
36052 1 0.873332619667
81104 1 0.872162878513
61751 4 0.871948063374
17284 4 0.871665298939
21635 4 0.871016025543
6572 4 0.87097632885
87308 1 0.869726002216
44713 4 0.869499504566
51074 4 0.868347644806
42978 4 0.868044197559
62894 1 0.867422163486
78216 1 0.865752160549
62216 4 0.864611446857
60937 4 0.864256739616
62379 4 0.86342728138
67140 1 0.863271057606
7628 4 0.860964357853
40502 1 0.860898137093
1420 4 0.860560357571
71725 1 0.86027765274
20501 1 0.859127879143
84960 4 0.858233511448
76784 1 0.85768020153
34116 4 0.856256484985
55877 1 0.856200993061
76717 1 0.855935752392
9327 4 0.855771958828
900 1 0.855593144894
4331 1 0.855424821377
15471 4 0.85494184494
12190 4 0.854497492313
45773 4 0.853206813335
26790 1 0.853178501129
23356 1 0.852299749851
60907 1 0.851682364941
25168 4 0.850688755512
30298 1 0.849690437317
5398 4 0.849407970905
18460 1 0.849299907684
76245 1 0.849087119102
19082 4 0.846101641655
47043 4 0.845048725605
37843 1 0.844982504845
42227 4 0.844223916531
12810 1 0.843204796314
60106 1 0.84042018652
65238 1 0.840092182159
43375 1 0.839363574982
26715 1 0.838987648487
5585 1 0.838132023811
55134 1 0.835556328297
5661 1 0.835220515728
23617 4 0.83514559269
69911 4 0.834368228912
49018 1 0.832740485668
35032 4 0.832342803478
32660 1 0.831762850285
33326 4 0.831178545952
53230 1 0.83063018322
34792 1 0.829571604729
3527 1 0.82941788435
342 4 0.828207671642
5231 1 0.827712357044
7243 1 0.827621519566
21937 1 0.827183187008
46209 4 0.826365172863
53240 4 0.826216042042
5384 1 0.82481777668
76958 4 0.823459982872
70760 1 0.822405159473
63589 4 0.822224318981
37178 4 0.821510493755
38957 1 0.818734765053
19747 1 0.818283438683
5356 1 0.818112075329
52508 4 0.817931473255
19227 1 0.817503333092
2067 1 0.817459642887
64637 3 0.815578103065
84368 4 0.815311253071
54255 1 0.814369440079
58418 1 0.814344465733
48719 4 0.813299775124
61241 4 0.81044369936
88844 4 0.810238003731
83595 4 0.809238314629
1852 1 0.809233367443
52402 4 0.808567345142
2364 1 0.808305740356
87910 4 0.806751191616
89337 4 0.806568741798
1919 4 0.806491851807
50334 1 0.805415272713
48791 4 0.805329978466
10038 1 0.80405241251
65754 4 0.803752720356
72207 4 0.803122699261
25820 4 0.802079916
13538 1 0.800680100918
57882 3 0.800078332424
3160 1 0.799747526646
89000 1 0.798937261105
76606 1 0.797962605953
5932 1 0.796476066113
15832 4 0.795896708965
1244 4 0.795545399189
41670 1 0.795526206493
66956 1 0.794990897179
33695 4 0.794857621193
6709 2 0.793614387512
2163 4 0.793547809124
18427 1 0.792632699013
25688 4 0.791630029678
66901 1 0.790833950043
8692 1 0.790262401104
82904 1 0.789067625999
62682 1 0.788952827454
59721 1 0.788498699665
67849 4 0.788027644157
57739 1 0.78781837225
38955 1 0.787368118763
19330 1 0.786647856236
28049 4 0.786332011223
89796 1 0.786166071892
25829 4 0.786134243011
3754 4 0.785550892353
23374 4 0.785094738007
91609 1 0.785030007362
68024 4 0.783732712269
84797 1 0.782492995262
31152 4 0.782371759415
70531 4 0.781545877457
74243 4 0.781082928181
46512 1 0.780859708786
68642 1 0.780375123024
83491 3 0.779502332211
78741 1 0.777911782265
68230 4 0.776839971542
6652 4 0.776502907276
31427 4 0.776321709156
18509 1 0.776199042797
30880 1 0.77609705925
17501 1 0.775968909264
43894 1 0.774302899837
57651 1 0.774190843105
4173 4 0.773556947708
74584 4 0.77304905653
66010 1 0.772865056992
44997 1 0.772676408291
22721 1 0.772641122341
86133 1 0.771623313427
27250 4 0.771518290043
89121 4 0.771272420883
11595 1 0.771221578121
69181 1 0.770505785942
82521 1 0.770476162434
38094 1 0.769505500793
5563 1 0.769275546074
63937 1 0.76784580946
83997 4 0.766792476177
68052 4 0.766275942326
27488 4 0.766071856022
54679 1 0.765071988106
12051 4 0.764966547489
48725 4 0.764551818371
23869 4 0.764486849308
42711 1 0.764274001122
83901 4 0.764113247395
45000 1 0.764077067375
11698 4 0.763697445393
64049 4 0.763597786427
6971 2 0.763380765915
82175 4 0.761750221252
71279 1 0.76164162159
48387 1 0.761214911938
24163 1 0.760841369629
325 1 0.760224461555
23003 1 0.75962305069
3821 4 0.759169816971
47616 1 0.758312225342
20369 4 0.757652580738
59276 1 0.757470846176
16660 1 0.757439315319
44020 1 0.756531357765
71975 4 0.75614720583
40197 1 0.75597769022
46201 1 0.754910469055
34156 1 0.753733336926
86336 1 0.751679182053
30336 4 0.751209318638
76572 1 0.750934064388
60483 1 0.748885989189
65964 4 0.748721659184
71006 1 0.748443603516
1304 1 0.747815668583
62213 1 0.747464776039
3706 1 0.747292101383
39710 1 0.745644509792
38374 1 0.745342731476
88735 4 0.744631588459
21930 1 0.744114398956
74303 1 0.743739068508
91062 2 0.743096411228
44286 1 0.742918610573
1958 1 0.742650866508
78651 1 0.741255640984
48571 4 0.740652918816
2973 1 0.740273535252
16461 4 0.740169286728
49616 1 0.737360715866
41789 1 0.736650943756
12686 3 0.735902786255
10304 4 0.735629200935
90633 1 0.735173344612
7268 1 0.734864711761
69802 4 0.734359920025
80144 1 0.734289228916
77983 4 0.734220325947
32044 1 0.734166502953
68907 4 0.733760714531
60218 1 0.733561515808
59029 1 0.733475089073
83955 4 0.732995927334
3137 1 0.732491612434
89585 3 0.732158243656
4294 4 0.732030153275
4064 1 0.731961548328
14156 1 0.731580555439
43256 1 0.730751812458
42763 4 0.730293989182
16049 1 0.728886842728
11694 4 0.728795111179
40422 2 0.728600382805
24146 1 0.728229820728
10153 1 0.72805839777
7861 4 0.727890789509
88736 4 0.727718710899
73947 1 0.727574586868
11509 4 0.72709774971
31175 4 0.726888477802
50190 1 0.726871430874
9371 4 0.726631045341
57081 4 0.724653065205
48720 4 0.723927915096
86484 1 0.723550319672
8745 1 0.721919059753
78215 1 0.721493780613
13027 1 0.721385598183
20732 1 0.721251785755
6973 2 0.721017241478
83543 1 0.720479130745
1914 4 0.720478415489
13882 2 0.719666779041
10956 1 0.719575405121
88737 4 0.719543218613
50257 4 0.719314396381
11152 2 0.719204425812
19730 1 0.718829810619
56913 2 0.718582510948
62683 1 0.718466222286
3856 4 0.717902719975
23001 4 0.717475056648
64304 4 0.717340290546
16945 2 0.717294216156
68911 4 0.716487407684
9676 1 0.716486155987
22367 1 0.716424107552
39938 1 0.715671896935
71957 4 0.715360999107
73113 1 0.715226948261
3226 1 0.71488314867
16004 2 0.714630723
2102 1 0.714217722416
4265 1 0.71418595314
34256 1 0.714154422283
83262 3 0.712696433067
31568 1 0.71142989397
37914 1 0.711143255234
74340 4 0.710963010788
20044 4 0.710645198822
1526 4 0.710348188877
36616 1 0.710190176964
54560 1 0.709291219711
42415 1 0.709079504013
5913 1 0.708390414715
50967 1 0.708296716213
21634 4 0.707388699055
12868 3 0.707207977772
67141 1 0.70659071207
80122 4 0.706458628178
11123 3 0.705538153648
56135 1 0.705124080181
32774 4 0.704845607281
35795 1 0.70480543375
54265 1 0.704158008099
66591 1 0.70398324728
3218 4 0.702970921993
88379 1 0.702766597271
55415 1 0.702167391777
17091 2 0.701722204685
39712 3 0.701366901398
5475 1 0.701271057129
7240 1 0.70100992918
22836 3 0.700907707214
34094 1 0.700765430927
19745 1 0.700364172459
8680 1 0.700004279613
10443 4 0.698778748512
90475 1 0.698724269867
64789 1 0.697542369366
16093 1 0.697404026985
26471 4 0.697364091873
71726 1 0.697283565998
81508 1 0.696758270264
32042 1 0.695501983166
46745 1 0.694127857685
62529 4 0.69391065836
46007 1 0.69357919693
23150 1 0.690577864647
38742 1 0.690498530865
4095 1 0.69025439024
66592 1 0.690216124058
1174 1 0.690081417561
29687 4 0.689472138882
5697 1 0.689464628696
90061 1 0.689031600952
35703 1 0.688638210297
72879 1 0.688380181789
80828 1 0.687221348286
18170 1 0.686919093132
1252 1 0.686579346657
83806 4 0.686527609825
70562 1 0.686503529549
8105 1 0.68590170145
81742 4 0.685849428177
76910 4 0.685526192188
4880 1 0.685311377048
18436 1 0.684382617474
59442 2 0.683856487274
67029 1 0.683721721172
50997 2 0.682963728905
55194 1 0.682889461517
10305 4 0.682233214378
78566 3 0.681927204132
81447 1 0.68155169487
54774 1 0.681501686573
48908 1 0.680792331696
39959 1 0.680643975735
27691 1 0.680395066738
67504 3 0.680193543434
87498 1 0.679669797421
74998 4 0.679183721542
49090 1 0.679119169712
2155 1 0.678275704384
46513 1 0.677664995193
60088 1 0.677547097206
3534 4 0.677155375481
1702 4 0.676471114159
49556 4 0.676309883595
86146 1 0.675648093224
27539 1 0.675332546234
74254 4 0.674984633923
70885 4 0.67439109087
18652 1 0.674213349819
2305 2 0.673933088779
59697 1 0.673751115799
4391 2 0.673612177372
64488 2 0.672951221466
52821 7 0.672258138657
64562 1 0.672151088715
2356 1 0.672037422657
86981 1 0.671905755997
12662 2 0.67169469595
56310 4 0.671367943287
46944 4 0.671218693256
5558 1 0.670570313931
20511 1 0.670567452908
68658 1 0.670538008213
42569 4 0.670404314995
8762 2 0.67004609108
44223 3 0.669320106506
51754 1 0.669210672379
85896 1 0.669096589088
6586 2 0.668923437595
7750 1 0.668250143528
12463 1 0.667668700218
81175 1 0.667605876923
58146 1 0.667044520378
83903 4 0.666926860809
50965 1 0.66680586338
13884 2 0.666791021824
16301 1 0.66676223278
34334 1 0.66587215662
73365 4 0.665053904057
25807 1 0.664817154408
54976 1 0.664766788483
76475 1 0.664763152599
5521 1 0.664412915707
32164 1 0.664183676243
8445 1 0.663972258568
60136 1 0.663800597191
66282 1 0.663688957691
32859 1 0.663633406162
62518 3 0.66351377964
64040 1 0.663312733173
34091 3 0.663212180138
44993 2 0.663018345833
4220 4 0.662357985973
18858 4 0.661415219307
55778 2 0.661294579506
54278 2 0.661101639271
33097 4 0.660984039307
34729 2 0.660958230495
17634 4 0.660699725151
21759 1 0.659846186638
17148 1 0.658922791481
25426 1 0.658860325813
39831 1 0.658797979355
61213 2 0.658622145653
20745 2 0.658477425575
81473 4 0.658121466637
33963 4 0.657589554787
71394 1 0.657157123089
1285 1 0.656922698021
69803 4 0.655627548695
62168 4 0.655396580696
87612 1 0.65520209074
78650 1 0.655013978481
2313 2 0.654721796513
24380 4 0.654638409615
50687 4 0.654080808163
46252 1 0.653615355492
11677 4 0.652797341347
2773 1 0.652255117893
47221 4 0.651700139046
66030 1 0.651675343513
24176 1 0.651584684849
61917 1 0.651462137699
7852 1 0.651441991329
91392 4 0.651177883148
76074 4 0.651159465313
88253 4 0.650283038616
12474 4 0.649572074413
7976 1 0.649358808994
45933 4 0.649139463902
3822 4 0.648481965065
712 1 0.646408259869
66775 1 0.645957589149
61312 4 0.645935595036
9361 2 0.645648539066
21349 1 0.645361423492
28744 1 0.645195186138
15793 1 0.643284022808
23399 1 0.643007159233
38247 1 0.641733944416
6837 1 0.64145731926
30926 1 0.641425967216
68425 1 0.640469253063
2350 2 0.639874696732
50469 1 0.63783967495
35929 1 0.637635707855
10427 2 0.637068271637
22239 1 0.636770069599
63871 4 0.635802865028
19872 4 0.63565993309
47933 4 0.635320782661
66150 1 0.635300159454
28079 1 0.635196566582
5784 7 0.635127902031
50 4 0.634963989258
642 1 0.633324205875
41233 1 0.633132576942
82922 4 0.63310867548
53924 1 0.632317900658
79629 1 0.631369709969
10165 1 0.630654335022
41675 1 0.630218446255
57463 1 0.629950046539
54305 1 0.628628909588
83582 4 0.628291785717
63949 1 0.627588927746
48435 1 0.627160489559
34968 1 0.627134203911
69051 1 0.62629878521
25695 1 0.626086652279
59772 1 0.625667572021
20459 1 0.625649333
15305 1 0.625407755375
55578 1 0.625132501125
20853 4 0.624745428562
85804 1 0.624737083912
53921 1 0.624679028988
40405 1 0.624588668346
43464 4 0.624253153801
41260 2 0.623634696007
45169 2 0.623486936092
22198 2 0.623323321342
68156 4 0.623267352581
53841 4 0.622987747192
55668 1 0.622940123081
79467 1 0.622799873352
7675 4 0.62249994278
10432 1 0.622307181358
47569 4 0.622103214264
35668 1 0.621872842312
72061 1 0.62151157856
63900 1 0.621374070644
8770 3 0.621367990971
66753 1 0.6212682724
42076 1 0.621129274368
35129 4 0.620783269405
25345 2 0.62052989006
36505 1 0.619685411453
19791 4 0.619054973125
6357 1 0.619027018547
7699 1 0.618367910385
25798 1 0.618108987808
348 4 0.61766320467
23278 1 0.617125093937
10244 2 0.616916775703
25580 1 0.616596639156
5144 3 0.615948021412
35410 1 0.615846157074
78630 1 0.615657627583
1996 1 0.615550816059
40733 1 0.61539131403
62056 1 0.615151643753
563 3 0.615107297897
88738 4 0.614858210087
30471 1 0.614847779274
90607 1 0.614534437656
32807 1 0.614196419716
42522 1 0.614059627056
52357 1 0.613883018494
55935 4 0.613869428635
54712 4 0.61361682415
40227 3 0.613518774509
36888 1 0.612945854664
64554 1 0.612836778164
34373 2 0.611656904221
52507 4 0.611648917198
81082 1 0.611279368401
80527 4 0.610909044743
70943 1 0.61065775156
29149 7 0.61027854681
24243 4 0.610226631165
7862 4 0.609966218472
20509 1 0.609176814556
84936 1 0.608687579632
89443 1 0.606588482857
69316 1 0.606457054615
59471 1 0.605284392834
67880 2 0.605193316936
17333 1 0.604730129242
78730 1 0.604106605053
40433 1 0.604087769985
14260 3 0.604009330273
76887 1 0.603700757027
62824 1 0.602315783501
3852 1 0.602099955082
23903 1 0.602047622204
30830 1 0.602017879486
41064 3 0.601977646351
59280 1 0.601353049278
78567 3 0.601296067238
64146 1 0.601181030273
36183 3 0.601047098637
51668 1 0.600801706314
504 4 0.600797653198
4113 1 0.599120676517
11269 2 0.598949015141
4415 1 0.598918497562
1313 1 0.598578572273
63133 1 0.596798181534
7409 1 0.596562027931
76235 4 0.596035480499
9295 1 0.595639586449
71643 4 0.595413804054
1743 2 0.595226287842
65114 3 0.594928562641
40155 1 0.594375669956
76499 1 0.594228625298
27373 4 0.594172537327
84126 3 0.593915879726
34090 1 0.593894004822
46052 1 0.593707442284
8665 1 0.593053817749
91254 1 0.592791438103
17180 4 0.592712581158
22171 1 0.592293858528
5939 1 0.591456532478
17774 1 0.591264307499
9425 4 0.591184318066
46949 4 0.590669691563
28739 1 0.590492129326
52236 1 0.589948236942
11051 2 0.589662790298
3690 1 0.589626312256
87366 1 0.589495480061
37766 1 0.589224457741
1755 2 0.589018583298
60479 1 0.589005589485
45117 4 0.588797926903
78214 1 0.588783621788
87013 3 0.588703632355
83506 1 0.587817490101
28451 1 0.587761640549
18976 1 0.587590694427
3548 3 0.587443828583
91035 4 0.587419867516
81521 1 0.58738309145
31102 1 0.58666574955
25672 1 0.586577892303
1947 1 0.586159050465
8779 3 0.586108803749
13070 4 0.586040794849
18859 4 0.585400223732
25147 4 0.58503484726
67475 4 0.584827542305
76967 4 0.58475291729
5783 1 0.584739089012
80988 2 0.584398329258
1779 2 0.58434510231
40390 4 0.583235800266
73200 1 0.582715749741
38370 1 0.582392811775
1003 4 0.582360863686
64152 1 0.581997990608
62554 1 0.581919789314
11341 1 0.581768214703
17358 4 0.581725776196
40373 4 0.580963850021
80969 1 0.580859720707
61727 1 0.580815494061
71321 4 0.580754995346
46747 1 0.580358564854
10238 2 0.580015838146
32079 4 0.579940676689
7393 1 0.579835474491
64010 1 0.579634904861
23701 1 0.579536318779
28462 1 0.579329669476
76575 1 0.579077541828
28616 1 0.578907012939
27835 1 0.57875341177
3231 1 0.578634738922
38992 1 0.578576743603
1173 1 0.577807843685
58781 4 0.577426850796
25772 1 0.577416539192
56049 1 0.577390432358
45977 1 0.575727641582
33603 1 0.57514667511
67112 4 0.574203252792
39432 4 0.573512136936
43041 1 0.573283612728
15614 1 0.572777152061
20713 1 0.572648406029
55939 4 0.572524607182
58485 1 0.572177767754
49853 2 0.572026491165
43580 1 0.57189822197
73889 7 0.571074724197
63155 1 0.571030199528
91099 1 0.569779753685
71585 4 0.569483995438
20435 2 0.569478869438
71477 1 0.569219529629
73337 1 0.569201827049
49274 1 0.56865888834
54586 1 0.568638980389
38380 1 0.568475604057
37167 2 0.56808245182
74567 1 0.568050205708
77254 1 0.567844569683
18571 1 0.567619681358
60801 3 0.567613184452
21852 1 0.567134261131
22551 2 0.567097306252
34070 1 0.566191315651
7539 1 0.566122591496
16012 1 0.565429508686
48585 1 0.564723193645
22638 1 0.563874661922
70856 3 0.563227236271
52350 1 0.563222944736
68717 1 0.563103854656
70353 1 0.562866508961
9882 4 0.56282055378
65082 1 0.56271225214
62046 1 0.562269449234
12353 1 0.562067687511
33834 4 0.56194293499
14744 4 0.561095654964
84841 1 0.560819149017
72592 1 0.560812592506
52532 1 0.560347497463
3366 4 0.560324311256
77205 1 0.560307502747
65748 3 0.560270190239
11716 1 0.560185670853
29440 4 0.560054779053
90399 4 0.559774577618
14021 2 0.559566140175
4025 1 0.559537172318
89731 1 0.559025704861
2802 2 0.558820545673
86305 4 0.558670759201
78575 3 0.558620452881
68189 4 0.558474421501
4788 2 0.558379650116
60685 1 0.557899653912
51665 1 0.557796597481
29148 1 0.556763589382
65147 1 0.556617021561
18704 1 0.556607782841
55929 4 0.556083858013
9227 2 0.555230200291
23861 4 0.555126368999
89669 1 0.554644525051
19373 2 0.554413080215
50966 3 0.554031610489
37567 2 0.553810119629
22219 1 0.552703678608
22704 1 0.552565038204
476 2 0.552153110504
57306 1 0.551893293858
17886 1 0.551816046238
5700 1 0.551711380482
65390 7 0.551377475262
13380 1 0.551237642765
67184 1 0.550589501858
8175 1 0.550355792046
48813 3 0.549488604069
60803 1 0.549160897732
25018 4 0.548608183861
59019 4 0.548388123512
38938 1 0.547127485275
63590 4 0.546681642532
6953 1 0.546544194221
89733 1 0.546382308006
28634 1 0.545605897903
30470 1 0.544956207275
45178 4 0.544719576836
53930 1 0.544491589069
65777 1 0.544329702854
16649 4 0.544188976288
75664 1 0.54411482811
78402 4 0.543933212757
70103 1 0.543878018856
70999 1 0.543696045876
15916 1 0.543592691422
46600 1 0.543488681316
74523 1 0.543469190598
41956 2 0.542164683342
33576 4 0.541894137859
51711 1 0.541758358479
3416 4 0.540689766407
13343 1 0.540528774261
3170 1 0.540399909019
67139 1 0.539785146713
63620 4 0.53969669342
31959 1 0.539192974567
11143 1 0.538760781288
8294 4 0.538550198078
19894 1 0.538543641567
3902 4 0.538526594639
39582 3 0.536909759045
38952 1 0.53671425581
55463 1 0.536474049091
83872 4 0.536000549793
66441 1 0.535976350307
67627 1 0.535874605179
33107 1 0.535707771778
15236 2 0.53486341238
33619 1 0.534826993942
28799 1 0.534578680992
7933 1 0.534093260765
47211 2 0.533971428871
89525 2 0.533951938152
12582 1 0.533373534679
46526 1 0.533275842667
76196 4 0.533076882362
43711 1 0.53302359581
21801 1 0.532804489136
18983 1 0.532388389111
83301 1 0.532343864441
67478 1 0.532329916954
79120 4 0.532288074493
37428 3 0.532122910023
37711 1 0.531422436237
55695 2 0.531302630901
5476 1 0.531158447266
9556 4 0.531099259853
32733 4 0.531093478203
85306 1 0.531044721603
10162 1 0.530868053436
82559 1 0.530761837959
11394 1 0.530186057091
965 4 0.530072331429
82915 4 0.530066907406
45646 4 0.529736161232
46242 1 0.529480040073
34803 3 0.529454171658
4525 4 0.529426157475
47991 2 0.52862983942
85799 1 0.528416693211
73938 2 0.528263449669
41696 1 0.528170824051
3737 4 0.52789658308
19386 2 0.527171194553
34787 1 0.526525199413
48389 1 0.525933861732
81777 1 0.525892555714
29437 1 0.525865972042
45817 1 0.525830030441
36103 4 0.525693297386
269 1 0.525591790676
1374 2 0.525152623653
40985 1 0.524844586849
1959 1 0.5246565938
24027 1 0.524605214596
88734 4 0.524207472801
20036 4 0.524179518223
49845 1 0.523757994175
44267 1 0.523661971092
84822 1 0.523638606071
74775 1 0.523417234421
4609 4 0.523240685463
13026 1 0.522734642029
17786 4 0.522557377815
52337 3 0.52245849371
33696 1 0.522199869156
5910 1 0.52113699913
10527 4 0.521025359631
84911 1 0.520827293396
88606 4 0.520634889603
37880 1 0.520213723183
51712 1 0.520146727562
60515 4 0.520030915737
68720 1 0.519963800907
88646 3 0.519578397274
13313 4 0.519548535347
66711 1 0.5189691782
924 1 0.518832325935
65353 2 0.51767039299
4679 1 0.517661213875
51490 4 0.517629086971
44463 4 0.517270922661
45492 1 0.517245650291
61513 1 0.516998171806
25736 4 0.516899585724
3306 3 0.516584873199
70410 1 0.51589179039
60726 1 0.513875246048
87941 1 0.513859927654
87338 1 0.513708472252
13247 1 0.513639211655
21416 1 0.513236343861
62787 1 0.513051867485
69962 1 0.512963533401
68313 2 0.512854397297
88594 1 0.512230813503
43202 1 0.512100756168
5916 1 0.511781036854
841 1 0.51111894846
82520 1 0.511036157608
80317 4 0.510623812675
90339 4 0.510232686996
40140 2 0.509863376617
42082 4 0.509798586369
3222 1 0.50977730751
43610 1 0.509686529636
10429 4 0.508820235729
56931 1 0.508753955364
40038 1 0.508568048477
70564 1 0.508451938629
83279 1 0.508048057556
31912 4 0.507981777191
25007 1 0.507539272308
53396 1 0.50751799345
16910 4 0.507320582867
90510 1 0.507156908512
27381 4 0.506998240948
55166 1 0.506802678108
15399 3 0.505919277668
79167 2 0.505477547646
10509 4 0.505236268044
49161 1 0.504202485085
8981 3 0.504175662994
21197 1 0.503570318222
70219 4 0.503526210785
87873 3 0.503489196301
69938 1 0.503398418427
7537 1 0.503221809864
67346 1 0.50316631794
32912 4 0.503156542778
56961 4 0.503140568733
54 1 0.502786576748
31204 1 0.50257730484
47436 1 0.502267062664
14166 3 0.502109408379
52339 4 0.502055466175
66444 1 0.501782059669
89055 4 0.501189231873
22639 1 0.501167535782
18924 4 0.50095975399
41755 1 0.500784218311
85394 1 0.500255703926
629 1 0.500188589096
21838 2 0.500062823296
18202 4 0.500025629997
23885 4 0.49996393919
73434 2 0.499784916639
69940 1 0.49977478385
25787 4 0.499114960432
21804 1 0.499106705189
89666 1 0.499005556107
45979 1 0.498894751072
24513 1 0.498667001724
5911 1 0.498657375574
57661 1 0.497937351465
10558 1 0.497613668442
9983 2 0.497485518456
22253 1 0.496870845556
22693 1 0.496861964464
4681 1 0.496675699949
1879 4 0.496638566256
59516 4 0.495853424072
90173 1 0.495852530003
28460 1 0.495344936848
82790 4 0.495298594236
54821 4 0.495284616947
59742 4 0.495156168938
69952 1 0.495135486126
23176 1 0.494561463594
28772 1 0.494194924831
51690 1 0.493844628334
84730 1 0.493690252304
42531 1 0.493411839008
24165 1 0.493404239416
28001 2 0.493385136127
32220 1 0.493331044912
80523 4 0.493067055941
77284 4 0.492804169655
56548 3 0.492802470922
49687 7 0.492796927691
62552 1 0.491925060749
25135 4 0.490298837423
33782 1 0.490015745163
66443 7 0.489892065525
89050 1 0.489740878344
5766 3 0.489312142134
35727 1 0.489098131657
91113 4 0.488943427801
30444 3 0.487776517868
55928 4 0.487078100443
34791 1 0.486552000046
61250 1 0.485897868872
39640 2 0.48576772213
37596 1 0.485154986382
1178 1 0.484858363867
41802 1 0.484833806753
21305 3 0.482034087181
76854 3 0.481934070587
34381 4 0.481225192547
30906 2 0.480508238077
2557 1 0.480426818132
57650 7 0.480406463146
69804 4 0.4802120924
9210 1 0.479773521423
83254 2 0.47972381115
728 2 0.479654371738
32239 3 0.479271203279
16051 1 0.479123920202
76234 4 0.478881269693
85392 1 0.478845000267
75247 1 0.478685557842
19755 1 0.478365451097
87269 4 0.478307902813
83988 3 0.477892190218
26412 4 0.477165311575
44450 4 0.477128893137
34367 3 0.476996541023
17468 3 0.476580440998
50349 1 0.476420760155
33438 4 0.475208520889
6026 4 0.475204646587
10511 4 0.475155562162
2796 1 0.473450124264
78878 2 0.472783565521
26687 1 0.472381860018
42426 1 0.471899479628
60466 2 0.47149336338
78576 4 0.468775451183
72603 2 0.468601554632
84140 3 0.466136574745
65469 4 0.466028660536
70680 3 0.465251743793
56386 4 0.464786916971
70706 4 0.464447468519
82176 4 0.463641017675
67138 1 0.46308940649
57819 3 0.462746471167
8786 3 0.462556898594
19774 2 0.461890876293
67978 4 0.460644692183
4179 4 0.460285574198
29481 2 0.459152907133
18999 3 0.45597243309
7336 3 0.454762727022
64098 2 0.454507857561
35121 4 0.454300552607
31584 1 0.45417997241
52709 3 0.45410066843
90359 1 0.452142834663
6859 1 0.451630562544
627 3 0.449744969606
89018 4 0.449458897114
29277 4 0.449158728123
84887 3 0.44851487875
14768 4 0.448106855154
85093 2 0.447977006435
32904 1 0.44723546505
47719 2 0.445790141821
38743 2 0.44483011961
72839 3 0.44460195303
19426 2 0.444149255753
37363 4 0.443828493357
61053 1 0.443443208933
5970 2 0.442232012749
57759 4 0.441990852356
62556 7 0.441662043333
2700 4 0.440833300352
52404 4 0.440088272095
45153 4 0.436778277159
21051 3 0.436647683382
18501 3 0.436357438564
27918 2 0.434913814068
19391 2 0.434584707022
39936 2 0.430540531874
52617 3 0.430347412825
57449 2 0.430329054594
21086 4 0.429421365261
38093 1 0.42811447382
40822 4 0.427696228027
70185 2 0.426543265581
32139 1 0.426474481821
73431 4 0.424465656281
80528 4 0.423829764128
33268 2 0.423690229654
28315 2 0.422607302666
34403 3 0.422034233809
5897 2 0.421218007803
67419 2 0.420801341534
64201 4 0.420241385698
29777 4 0.418865799904
34458 7 0.417817533016
67918 3 0.416058838367
57753 4 0.415571004152
90934 4 0.415563493967
65060 4 0.414532333612
83505 2 0.414507001638
14342 2 0.413431555033
74793 2 0.413202613592
41628 4 0.411218851805
51542 4 0.410032510757
4355 2 0.409994006157
89262 2 0.40954503417
52852 4 0.409523248672
11050 2 0.408230751753
69978 4 0.407437294722
31776 3 0.404495686293
51400 4 0.404236137867
49493 3 0.403952330351
42425 1 0.403767257929
6832 4 0.40371093154
46409 4 0.403217583895
9458 3 0.40225610137
19649 4 0.401802659035
72758 4 0.400968819857
83775 2 0.4008063972
76765 4 0.400613933802
4416 2 0.399508118629
49199 3 0.399136006832
65391 7 0.39912328124
4447 4 0.398412704468
2754 2 0.398158013821
69029 4 0.397030770779
28709 2 0.395695537329
4118 4 0.394203811884
59767 2 0.393727451563
62517 3 0.393227368593
70378 2 0.39194253087
86317 2 0.388232111931
44291 4 0.387873202562
72574 2 0.387691020966
55467 2 0.386533170938
32292 3 0.386151522398
75770 4 0.385386765003
74777 3 0.383254915476
90380 3 0.381984293461
57726 4 0.379733115435
59884 4 0.379383713007
52789 3 0.376039177179
73473 3 0.375236868858
23683 3 0.374629169703
91608 2 0.372383981943
83982 3 0.3714402318
4356 2 0.370061844587
10531 2 0.368966162205
33308 1 0.367246836424
26143 2 0.363754540682
35411 4 0.363662064075
343 4 0.361586391926
55750 3 0.360657125711
57728 4 0.360022515059
31709 2 0.358329623938
45754 2 0.355132997036
79107 4 0.35409539938
791 2 0.353552132845
65013 3 0.353230327368
64020 2 0.350730448961
65561 4 0.349521368742
72465 2 0.348855227232
18954 4 0.346784114838
654 2 0.345515668392
12705 2 0.344763636589
82856 2 0.343622028828
78482 3 0.342683076859
42038 2 0.341712355614
72584 2 0.340002983809
30630 3 0.339052051306
69549 4 0.338770031929
18428 2 0.338017523289
70220 4 0.336828500032
969 4 0.33653485775
47042 2 0.335024744272
57222 4 0.334404319525
58203 2 0.332792073488
50738 2 0.332374066114
58326 2 0.326843231916
12547 2 0.326524376869
60813 2 0.326232284307
75963 2 0.323551595211
50773 4 0.323341816664
67934 2 0.322396814823
50352 4 0.32036319375
51404 2 0.320344388485
15873 4 0.318033218384
84447 2 0.316545933485
23507 3 0.31645488739
73474 3 0.316139012575
35120 3 0.313353657722
87447 2 0.303764730692
90043 3 0.302188158035
12476 4 0.300843954086
49681 4 0.300751179457
894 2 0.296797931194
5591 2 0.292744725943
43175 2 0.288902580738
30361 2 0.287094116211
1596 4 0.281330764294
33441 2 0.277854204178
17280 3 0.275556206703
8490 3 0.269619911909
3117 2 0.269572019577
37927 2 0.266509056091
29832 2 0.265757530928
82079 2 0.259964674711
27125 2 0.255031615496
56223 2 0.254468411207
81145 2 0.253847390413
58874 3 0.241809770465
59770 2 0.238472536206
10181 2 0.226069420576
22774 2 0.224112406373
9814 2 0.222813159227
27668 6 0.210443884134
9510 3 0.208785682917
33207 6 0.190830737352
