1.0 0.0
1.0 0.000577367205543
1.0 0.00115473441109
1.0 0.00173210161663
0.75 0.00173210161663
0.6 0.00173210161663
0.5 0.00173210161663
0.428571428571 0.00173210161663
0.5 0.00230946882217
0.555555555556 0.00288683602771
0.6 0.00346420323326
0.636363636364 0.0040415704388
0.666666666667 0.00461893764434
0.692307692308 0.00519630484988
0.714285714286 0.00577367205543
0.733333333333 0.00635103926097
0.6875 0.00635103926097
0.705882352941 0.00692840646651
0.722222222222 0.00750577367206
0.736842105263 0.0080831408776
0.75 0.00866050808314
0.761904761905 0.00923787528868
0.772727272727 0.00981524249423
0.782608695652 0.0103926096998
0.791666666667 0.0109699769053
0.8 0.0115473441109
0.807692307692 0.0121247113164
0.777777777778 0.0121247113164
0.75 0.0121247113164
0.758620689655 0.0127020785219
0.733333333333 0.0127020785219
0.741935483871 0.0132794457275
0.75 0.013856812933
0.757575757576 0.0144341801386
0.764705882353 0.0150115473441
0.742857142857 0.0150115473441
0.75 0.0155889145497
0.72972972973 0.0155889145497
0.736842105263 0.0161662817552
0.717948717949 0.0161662817552
0.725 0.0167436489607
0.731707317073 0.0173210161663
0.714285714286 0.0173210161663
0.720930232558 0.0178983833718
0.704545454545 0.0178983833718
0.688888888889 0.0178983833718
0.695652173913 0.0184757505774
0.702127659574 0.0190531177829
0.6875 0.0190531177829
0.673469387755 0.0190531177829
0.68 0.0196304849885
0.666666666667 0.0196304849885
0.673076923077 0.020207852194
0.679245283019 0.0207852193995
0.685185185185 0.0213625866051
0.690909090909 0.0219399538106
0.696428571429 0.0225173210162
0.701754385965 0.0230946882217
0.689655172414 0.0230946882217
0.677966101695 0.0230946882217
0.666666666667 0.0230946882217
0.655737704918 0.0230946882217
0.661290322581 0.0236720554273
0.666666666667 0.0242494226328
0.65625 0.0242494226328
0.661538461538 0.0248267898383
0.651515151515 0.0248267898383
0.641791044776 0.0248267898383
0.632352941176 0.0248267898383
0.63768115942 0.0254041570439
0.628571428571 0.0254041570439
0.633802816901 0.0259815242494
0.638888888889 0.026558891455
0.643835616438 0.0271362586605
0.635135135135 0.0271362586605
0.626666666667 0.0271362586605
0.631578947368 0.0277136258661
0.623376623377 0.0277136258661
0.628205128205 0.0282909930716
0.620253164557 0.0282909930716
0.6125 0.0282909930716
0.604938271605 0.0282909930716
0.609756097561 0.0288683602771
0.602409638554 0.0288683602771
0.607142857143 0.0294457274827
0.611764705882 0.0300230946882
0.616279069767 0.0306004618938
0.620689655172 0.0311778290993
0.625 0.0317551963048
0.629213483146 0.0323325635104
0.622222222222 0.0323325635104
0.626373626374 0.0329099307159
0.630434782609 0.0334872979215
0.634408602151 0.034064665127
0.63829787234 0.0346420323326
0.642105263158 0.0352193995381
0.645833333333 0.0357967667436
0.649484536082 0.0363741339492
0.642857142857 0.0363741339492
0.646464646465 0.0369515011547
0.65 0.0375288683603
0.643564356436 0.0375288683603
0.647058823529 0.0381062355658
0.640776699029 0.0381062355658
0.634615384615 0.0381062355658
0.628571428571 0.0381062355658
0.622641509434 0.0381062355658
0.626168224299 0.0386836027714
0.62962962963 0.0392609699769
0.623853211009 0.0392609699769
0.627272727273 0.0398383371824
0.621621621622 0.0398383371824
0.616071428571 0.0398383371824
0.619469026549 0.040415704388
0.622807017544 0.0409930715935
0.617391304348 0.0409930715935
0.612068965517 0.0409930715935
0.606837606838 0.0409930715935
0.601694915254 0.0409930715935
0.605042016807 0.0415704387991
0.6 0.0415704387991
0.595041322314 0.0415704387991
0.598360655738 0.0421478060046
0.593495934959 0.0421478060046
0.588709677419 0.0421478060046
0.584 0.0421478060046
0.587301587302 0.0427251732102
0.582677165354 0.0427251732102
0.578125 0.0427251732102
0.581395348837 0.0433025404157
0.584615384615 0.0438799076212
0.587786259542 0.0444572748268
0.583333333333 0.0444572748268
0.578947368421 0.0444572748268
0.574626865672 0.0444572748268
0.577777777778 0.0450346420323
0.580882352941 0.0456120092379
0.576642335766 0.0456120092379
0.572463768116 0.0456120092379
0.568345323741 0.0456120092379
0.564285714286 0.0456120092379
0.567375886525 0.0461893764434
0.56338028169 0.0461893764434
0.559440559441 0.0461893764434
0.5625 0.046766743649
0.558620689655 0.046766743649
0.561643835616 0.0473441108545
0.557823129252 0.0473441108545
0.554054054054 0.0473441108545
0.557046979866 0.04792147806
0.553333333333 0.04792147806
0.549668874172 0.04792147806
0.546052631579 0.04792147806
0.542483660131 0.04792147806
0.545454545455 0.0484988452656
0.541935483871 0.0484988452656
0.538461538462 0.0484988452656
0.541401273885 0.0490762124711
0.537974683544 0.0490762124711
0.534591194969 0.0490762124711
0.53125 0.0490762124711
0.534161490683 0.0496535796767
0.537037037037 0.0502309468822
0.533742331288 0.0502309468822
0.530487804878 0.0502309468822
0.527272727273 0.0502309468822
0.530120481928 0.0508083140878
0.526946107784 0.0508083140878
0.52380952381 0.0508083140878
0.520710059172 0.0508083140878
0.523529411765 0.0513856812933
0.520467836257 0.0513856812933
0.517441860465 0.0513856812933
0.514450867052 0.0513856812933
0.51724137931 0.0519630484988
0.514285714286 0.0519630484988
0.511363636364 0.0519630484988
0.508474576271 0.0519630484988
0.511235955056 0.0525404157044
0.508379888268 0.0525404157044
0.505555555556 0.0525404157044
0.502762430939 0.0525404157044
0.505494505495 0.0531177829099
0.508196721311 0.0536951501155
0.505434782609 0.0536951501155
0.508108108108 0.054272517321
0.510752688172 0.0548498845266
0.513368983957 0.0554272517321
0.510638297872 0.0554272517321
0.507936507937 0.0554272517321
0.505263157895 0.0554272517321
0.502617801047 0.0554272517321
0.5 0.0554272517321
0.502590673575 0.0560046189376
0.505154639175 0.0565819861432
0.502564102564 0.0565819861432
0.505102040816 0.0571593533487
0.502538071066 0.0571593533487
0.5 0.0571593533487
0.502512562814 0.0577367205543
0.5 0.0577367205543
0.502487562189 0.0583140877598
0.50495049505 0.0588914549654
0.507389162562 0.0594688221709
0.509803921569 0.0600461893764
0.507317073171 0.0600461893764
0.509708737864 0.060623556582
0.507246376812 0.060623556582
0.504807692308 0.060623556582
0.507177033493 0.0612009237875
0.504761904762 0.0612009237875
0.507109004739 0.0617782909931
0.509433962264 0.0623556581986
0.507042253521 0.0623556581986
0.504672897196 0.0623556581986
0.506976744186 0.0629330254042
0.50462962963 0.0629330254042
0.502304147465 0.0629330254042
0.504587155963 0.0635103926097
0.502283105023 0.0635103926097
0.504545454545 0.0640877598152
0.502262443439 0.0640877598152
0.504504504505 0.0646651270208
0.502242152466 0.0646651270208
0.504464285714 0.0652424942263
0.506666666667 0.0658198614319
0.504424778761 0.0658198614319
0.502202643172 0.0658198614319
0.504385964912 0.0663972286374
0.502183406114 0.0663972286374
0.504347826087 0.066974595843
0.502164502165 0.066974595843
0.5 0.066974595843
0.497854077253 0.066974595843
0.495726495726 0.066974595843
0.493617021277 0.066974595843
0.491525423729 0.066974595843
0.489451476793 0.066974595843
0.487394957983 0.066974595843
0.485355648536 0.066974595843
0.483333333333 0.066974595843
0.485477178423 0.0675519630485
0.48347107438 0.0675519630485
0.481481481481 0.0675519630485
0.479508196721 0.0675519630485
0.481632653061 0.068129330254
0.479674796748 0.068129330254
0.477732793522 0.068129330254
0.479838709677 0.0687066974596
0.477911646586 0.0687066974596
0.476 0.0687066974596
0.474103585657 0.0687066974596
0.47619047619 0.0692840646651
0.474308300395 0.0692840646651
0.476377952756 0.0698614318707
0.478431372549 0.0704387990762
0.4765625 0.0704387990762
0.47859922179 0.0710161662818
0.476744186047 0.0710161662818
0.474903474903 0.0710161662818
0.476923076923 0.0715935334873
0.475095785441 0.0715935334873
0.473282442748 0.0715935334873
0.475285171103 0.0721709006928
0.473484848485 0.0721709006928
0.475471698113 0.0727482678984
0.473684210526 0.0727482678984
0.475655430712 0.0733256351039
0.473880597015 0.0733256351039
0.475836431227 0.0739030023095
0.474074074074 0.0739030023095
0.472324723247 0.0739030023095
0.474264705882 0.074480369515
0.472527472527 0.074480369515
0.470802919708 0.074480369515
0.472727272727 0.0750577367206
0.471014492754 0.0750577367206
0.472924187726 0.0756351039261
0.471223021583 0.0756351039261
0.469534050179 0.0756351039261
0.467857142857 0.0756351039261
0.46975088968 0.0762124711316
0.468085106383 0.0762124711316
0.469964664311 0.0767898383372
0.468309859155 0.0767898383372
0.470175438596 0.0773672055427
0.472027972028 0.0779445727483
0.470383275261 0.0779445727483
0.46875 0.0779445727483
0.467128027682 0.0779445727483
0.465517241379 0.0779445727483
0.46735395189 0.0785219399538
0.465753424658 0.0785219399538
0.464163822526 0.0785219399538
0.462585034014 0.0785219399538
0.464406779661 0.0790993071594
0.466216216216 0.0796766743649
0.464646464646 0.0796766743649
0.463087248322 0.0796766743649
0.461538461538 0.0796766743649
0.46 0.0796766743649
0.458471760797 0.0796766743649
0.456953642384 0.0796766743649
0.455445544554 0.0796766743649
0.453947368421 0.0796766743649
0.455737704918 0.0802540415704
0.454248366013 0.0802540415704
0.456026058632 0.080831408776
0.454545454545 0.080831408776
0.453074433657 0.080831408776
0.454838709677 0.0814087759815
0.453376205788 0.0814087759815
0.451923076923 0.0814087759815
0.453674121406 0.0819861431871
0.452229299363 0.0819861431871
0.453968253968 0.0825635103926
0.45253164557 0.0825635103926
0.451104100946 0.0825635103926
0.452830188679 0.0831408775982
0.451410658307 0.0831408775982
0.45 0.0831408775982
0.448598130841 0.0831408775982
0.447204968944 0.0831408775982
0.445820433437 0.0831408775982
0.447530864198 0.0837182448037
0.446153846154 0.0837182448037
0.447852760736 0.0842956120092
0.449541284404 0.0848729792148
0.448170731707 0.0848729792148
0.449848024316 0.0854503464203
0.451515151515 0.0860277136259
0.450151057402 0.0860277136259
0.448795180723 0.0860277136259
0.447447447447 0.0860277136259
0.446107784431 0.0860277136259
0.444776119403 0.0860277136259
0.443452380952 0.0860277136259
0.445103857567 0.0866050808314
0.443786982249 0.0866050808314
0.442477876106 0.0866050808314
0.444117647059 0.087182448037
0.442815249267 0.087182448037
0.444444444444 0.0877598152425
0.443148688047 0.0877598152425
0.44476744186 0.088337182448
0.44347826087 0.088337182448
0.445086705202 0.0889145496536
0.443804034582 0.0889145496536
0.445402298851 0.0894919168591
0.446991404011 0.0900692840647
0.445714285714 0.0900692840647
0.447293447293 0.0906466512702
0.446022727273 0.0906466512702
0.444759206799 0.0906466512702
0.446327683616 0.0912240184758
0.445070422535 0.0912240184758
0.443820224719 0.0912240184758
0.442577030812 0.0912240184758
0.441340782123 0.0912240184758
0.440111420613 0.0912240184758
0.441666666667 0.0918013856813
0.440443213296 0.0918013856813
0.439226519337 0.0918013856813
0.438016528926 0.0918013856813
0.436813186813 0.0918013856813
0.435616438356 0.0918013856813
0.437158469945 0.0923787528868
0.435967302452 0.0923787528868
0.4375 0.0929561200924
0.439024390244 0.0935334872979
0.437837837838 0.0935334872979
0.436657681941 0.0935334872979
0.438172043011 0.0941108545035
0.436997319035 0.0941108545035
0.438502673797 0.094688221709
0.44 0.0952655889145
0.438829787234 0.0952655889145
0.440318302387 0.0958429561201
0.439153439153 0.0958429561201
0.440633245383 0.0964203233256
0.439473684211 0.0964203233256
0.438320209974 0.0964203233256
0.437172774869 0.0964203233256
0.436031331593 0.0964203233256
0.4375 0.0969976905312
0.436363636364 0.0969976905312
0.435233160622 0.0969976905312
0.43669250646 0.0975750577367
0.438144329897 0.0981524249423
0.437017994859 0.0981524249423
0.435897435897 0.0981524249423
0.437340153453 0.0987297921478
0.436224489796 0.0987297921478
0.437659033079 0.0993071593533
0.43654822335 0.0993071593533
0.435443037975 0.0993071593533
0.436868686869 0.0998845265589
0.435768261965 0.0998845265589
0.437185929648 0.100461893764
0.438596491228 0.10103926097
0.44 0.101616628176
0.441396508728 0.102193995381
0.440298507463 0.102193995381
0.439205955335 0.102193995381
0.438118811881 0.102193995381
0.437037037037 0.102193995381
0.435960591133 0.102193995381
0.434889434889 0.102193995381
0.433823529412 0.102193995381
0.432762836186 0.102193995381
0.431707317073 0.102193995381
0.430656934307 0.102193995381
0.429611650485 0.102193995381
0.428571428571 0.102193995381
0.427536231884 0.102193995381
0.426506024096 0.102193995381
0.427884615385 0.102771362587
0.426858513189 0.102771362587
0.425837320574 0.102771362587
0.424821002387 0.102771362587
0.42380952381 0.102771362587
0.425178147268 0.103348729792
0.424170616114 0.103348729792
0.425531914894 0.103926096998
0.424528301887 0.103926096998
0.423529411765 0.103926096998
0.424882629108 0.104503464203
0.426229508197 0.105080831409
0.427570093458 0.105658198614
0.426573426573 0.105658198614
0.425581395349 0.105658198614
0.424593967517 0.105658198614
0.425925925926 0.10623556582
0.424942263279 0.10623556582
0.426267281106 0.106812933025
0.427586206897 0.107390300231
0.426605504587 0.107390300231
0.427917620137 0.107967667436
0.426940639269 0.107967667436
0.425968109339 0.107967667436
0.425 0.107967667436
0.424036281179 0.107967667436
0.423076923077 0.107967667436
0.422121896163 0.107967667436
0.421171171171 0.107967667436
0.420224719101 0.107967667436
0.419282511211 0.107967667436
0.418344519016 0.107967667436
0.417410714286 0.107967667436
0.418708240535 0.108545034642
0.417777777778 0.108545034642
0.416851441242 0.108545034642
0.41814159292 0.109122401848
0.417218543046 0.109122401848
0.416299559471 0.109122401848
0.415384615385 0.109122401848
0.414473684211 0.109122401848
0.415754923414 0.109699769053
0.414847161572 0.109699769053
0.41394335512 0.109699769053
0.413043478261 0.109699769053
0.412147505423 0.109699769053
0.411255411255 0.109699769053
0.410367170626 0.109699769053
0.409482758621 0.109699769053
0.408602150538 0.109699769053
0.407725321888 0.109699769053
0.406852248394 0.109699769053
0.40811965812 0.110277136259
0.409381663113 0.110854503464
0.408510638298 0.110854503464
0.407643312102 0.110854503464
0.406779661017 0.110854503464
0.405919661734 0.110854503464
0.405063291139 0.110854503464
0.406315789474 0.11143187067
0.405462184874 0.11143187067
0.404612159329 0.11143187067
0.403765690377 0.11143187067
0.402922755741 0.11143187067
0.402083333333 0.11143187067
0.401247401247 0.11143187067
0.402489626556 0.112009237875
0.4016563147 0.112009237875
0.400826446281 0.112009237875
0.4 0.112009237875
0.399176954733 0.112009237875
0.400410677618 0.112586605081
0.399590163934 0.112586605081
0.398773006135 0.112586605081
0.4 0.113163972286
0.399185336049 0.113163972286
0.39837398374 0.113163972286
0.397565922921 0.113163972286
0.396761133603 0.113163972286
0.39595959596 0.113163972286
0.397177419355 0.113741339492
0.396378269618 0.113741339492
0.395582329317 0.113741339492
0.396793587174 0.114318706697
0.396 0.114318706697
0.397205588822 0.114896073903
0.396414342629 0.114896073903
0.395626242545 0.114896073903
0.396825396825 0.115473441109
0.39603960396 0.115473441109
0.395256916996 0.115473441109
0.394477317554 0.115473441109
0.393700787402 0.115473441109
0.392927308448 0.115473441109
0.392156862745 0.115473441109
0.391389432485 0.115473441109
0.390625 0.115473441109
0.389863547758 0.115473441109
0.391050583658 0.116050808314
0.390291262136 0.116050808314
0.389534883721 0.116050808314
0.388781431335 0.116050808314
0.389961389961 0.11662817552
0.389210019268 0.11662817552
0.388461538462 0.11662817552
0.389635316699 0.117205542725
0.390804597701 0.117782909931
0.390057361377 0.117782909931
0.391221374046 0.118360277136
0.390476190476 0.118360277136
0.391634980989 0.118937644342
0.390891840607 0.118937644342
0.392045454545 0.119515011547
0.391304347826 0.119515011547
0.392452830189 0.120092378753
0.393596986817 0.120669745958
0.392857142857 0.120669745958
0.392120075047 0.120669745958
0.393258426966 0.121247113164
0.392523364486 0.121247113164
0.393656716418 0.12182448037
0.3947858473 0.122401847575
0.39405204461 0.122401847575
0.395176252319 0.122979214781
0.394444444444 0.122979214781
0.393715341959 0.122979214781
0.394833948339 0.123556581986
0.394106813996 0.123556581986
0.393382352941 0.123556581986
0.392660550459 0.123556581986
0.391941391941 0.123556581986
0.391224862888 0.123556581986
0.390510948905 0.123556581986
0.389799635701 0.123556581986
0.389090909091 0.123556581986
0.388384754991 0.123556581986
0.38768115942 0.123556581986
0.386980108499 0.123556581986
0.386281588448 0.123556581986
0.387387387387 0.124133949192
0.386690647482 0.124133949192
0.387791741472 0.124711316397
0.388888888889 0.125288683603
0.388193202147 0.125288683603
0.3875 0.125288683603
0.386809269162 0.125288683603
0.386120996441 0.125288683603
0.385435168739 0.125288683603
0.38475177305 0.125288683603
0.38407079646 0.125288683603
0.385159010601 0.125866050808
0.384479717813 0.125866050808
0.383802816901 0.125866050808
0.383128295255 0.125866050808
0.382456140351 0.125866050808
0.38353765324 0.126443418014
0.382867132867 0.126443418014
0.38219895288 0.126443418014
0.381533101045 0.126443418014
0.380869565217 0.126443418014
0.381944444444 0.127020785219
0.381282495667 0.127020785219
0.38062283737 0.127020785219
0.379965457686 0.127020785219
0.379310344828 0.127020785219
0.380378657487 0.127598152425
0.381443298969 0.12817551963
0.382504288165 0.128752886836
0.381849315068 0.128752886836
0.382905982906 0.129330254042
0.382252559727 0.129330254042
0.381601362862 0.129330254042
0.380952380952 0.129330254042
0.382003395586 0.129907621247
0.381355932203 0.129907621247
0.380710659898 0.129907621247
0.380067567568 0.129907621247
0.381112984823 0.130484988453
0.380471380471 0.130484988453
0.379831932773 0.130484988453
0.379194630872 0.130484988453
0.378559463987 0.130484988453
0.377926421405 0.130484988453
0.377295492487 0.130484988453
0.378333333333 0.131062355658
0.377703826955 0.131062355658
0.378737541528 0.131639722864
0.378109452736 0.131639722864
0.379139072848 0.132217090069
0.378512396694 0.132217090069
0.377887788779 0.132217090069
0.37726523888 0.132217090069
0.376644736842 0.132217090069
0.377668308703 0.132794457275
0.377049180328 0.132794457275
0.378068739771 0.13337182448
0.377450980392 0.13337182448
0.376835236542 0.13337182448
0.376221498371 0.13337182448
0.375609756098 0.13337182448
0.375 0.13337182448
0.374392220421 0.13337182448
0.373786407767 0.13337182448
0.373182552504 0.13337182448
0.372580645161 0.13337182448
0.373590982287 0.133949191686
0.372990353698 0.133949191686
0.372391653291 0.133949191686
0.371794871795 0.133949191686
0.3712 0.133949191686
0.370607028754 0.133949191686
0.371610845295 0.134526558891
0.37101910828 0.134526558891
0.370429252782 0.134526558891
0.369841269841 0.134526558891
0.370839936609 0.135103926097
0.370253164557 0.135103926097
0.369668246445 0.135103926097
0.369085173502 0.135103926097
0.368503937008 0.135103926097
0.369496855346 0.135681293303
0.370486656201 0.136258660508
0.369905956113 0.136258660508
0.370892018779 0.136836027714
0.3703125 0.136836027714
0.369734789392 0.136836027714
0.369158878505 0.136836027714
0.368584758942 0.136836027714
0.36801242236 0.136836027714
0.367441860465 0.136836027714
0.368421052632 0.137413394919
0.369397217929 0.137990762125
0.368827160494 0.137990762125
0.368258859784 0.137990762125
0.367692307692 0.137990762125
0.36712749616 0.137990762125
0.368098159509 0.13856812933
0.367534456355 0.13856812933
0.368501529052 0.139145496536
0.369465648855 0.139722863741
0.370426829268 0.140300230947
0.369863013699 0.140300230947
0.369300911854 0.140300230947
0.370257966616 0.140877598152
0.369696969697 0.140877598152
0.369137670197 0.140877598152
0.368580060423 0.140877598152
0.36802413273 0.140877598152
0.367469879518 0.140877598152
0.366917293233 0.140877598152
0.366366366366 0.140877598152
0.367316341829 0.141454965358
0.366766467066 0.141454965358
0.366218236173 0.141454965358
0.365671641791 0.141454965358
0.365126676602 0.141454965358
0.364583333333 0.141454965358
0.365527488856 0.142032332564
0.36646884273 0.142609699769
0.365925925926 0.142609699769
0.365384615385 0.142609699769
0.366322008863 0.143187066975
0.365781710914 0.143187066975
0.365243004418 0.143187066975
0.364705882353 0.143187066975
0.36563876652 0.14376443418
0.366568914956 0.144341801386
0.366032210835 0.144341801386
0.365497076023 0.144341801386
0.36496350365 0.144341801386
0.36443148688 0.144341801386
0.365356622999 0.144919168591
0.364825581395 0.144919168591
0.364296081277 0.144919168591
0.363768115942 0.144919168591
0.363241678726 0.144919168591
0.362716763006 0.144919168591
0.362193362193 0.144919168591
0.363112391931 0.145496535797
0.362589928058 0.145496535797
0.362068965517 0.145496535797
0.362984218077 0.146073903002
0.363896848138 0.146651270208
0.363376251788 0.146651270208
0.362857142857 0.146651270208
0.362339514979 0.146651270208
0.361823361823 0.146651270208
0.362731152205 0.147228637413
0.362215909091 0.147228637413
0.36170212766 0.147228637413
0.3611898017 0.147228637413
0.360678925035 0.147228637413
0.360169491525 0.147228637413
0.359661495063 0.147228637413
0.360563380282 0.147806004619
0.361462728551 0.148383371824
0.36095505618 0.148383371824
0.361851332398 0.14896073903
0.362745098039 0.149538106236
0.362237762238 0.149538106236
0.361731843575 0.149538106236
0.361227336123 0.149538106236
0.360724233983 0.149538106236
0.360222531293 0.149538106236
0.361111111111 0.150115473441
0.361997226075 0.150692840647
0.361495844875 0.150692840647
0.360995850622 0.150692840647
0.360497237569 0.150692840647
0.36 0.150692840647
0.359504132231 0.150692840647
0.359009628611 0.150692840647
0.35989010989 0.151270207852
0.359396433471 0.151270207852
0.358904109589 0.151270207852
0.358413132695 0.151270207852
0.357923497268 0.151270207852
0.358799454297 0.151847575058
0.358310626703 0.151847575058
0.357823129252 0.151847575058
0.358695652174 0.152424942263
0.359565807327 0.153002309469
0.359078590786 0.153002309469
0.358592692828 0.153002309469
0.358108108108 0.153002309469
0.357624831309 0.153002309469
0.357142857143 0.153002309469
0.35666218035 0.153002309469
0.356182795699 0.153002309469
0.355704697987 0.153002309469
0.355227882038 0.153002309469
0.354752342704 0.153002309469
0.354278074866 0.153002309469
0.355140186916 0.153579676674
0.354666666667 0.153579676674
0.354194407457 0.153579676674
0.355053191489 0.15415704388
0.354581673307 0.15415704388
0.354111405836 0.15415704388
0.354966887417 0.154734411085
0.35582010582 0.155311778291
0.356671070013 0.155889145497
0.357519788918 0.156466512702
0.357048748353 0.156466512702
0.357894736842 0.157043879908
0.357424441524 0.157043879908
0.356955380577 0.157043879908
0.356487549148 0.157043879908
0.357329842932 0.157621247113
0.356862745098 0.157621247113
0.356396866841 0.157621247113
0.35593220339 0.157621247113
0.35546875 0.157621247113
0.356306892068 0.158198614319
0.355844155844 0.158198614319
0.355382619974 0.158198614319
0.354922279793 0.158198614319
0.355756791721 0.158775981524
0.355297157623 0.158775981524
0.356129032258 0.15935334873
0.355670103093 0.15935334873
0.355212355212 0.15935334873
0.356041131105 0.159930715935
0.355584082157 0.159930715935
0.355128205128 0.159930715935
0.35595390525 0.160508083141
0.355498721228 0.160508083141
0.355044699872 0.160508083141
0.354591836735 0.160508083141
0.355414012739 0.161085450346
0.354961832061 0.161085450346
0.354510800508 0.161085450346
0.354060913706 0.161085450346
0.3536121673 0.161085450346
0.353164556962 0.161085450346
0.352718078382 0.161085450346
0.352272727273 0.161085450346
0.351828499369 0.161085450346
0.351385390428 0.161085450346
0.350943396226 0.161085450346
0.350502512563 0.161085450346
0.350062735257 0.161085450346
0.350877192982 0.161662817552
0.350438047559 0.161662817552
0.35125 0.162240184758
0.350811485643 0.162240184758
0.351620947631 0.162817551963
0.352428393524 0.163394919169
0.353233830846 0.163972286374
0.354037267081 0.16454965358
0.353598014888 0.16454965358
0.353159851301 0.16454965358
0.352722772277 0.16454965358
0.353522867738 0.165127020785
0.354320987654 0.165704387991
0.353884093711 0.165704387991
0.353448275862 0.165704387991
0.353013530135 0.165704387991
0.353808353808 0.166281755196
0.354601226994 0.166859122402
0.354166666667 0.166859122402
0.353733170135 0.166859122402
0.354523227384 0.167436489607
0.355311355311 0.168013856813
0.35487804878 0.168013856813
0.354445797808 0.168013856813
0.35401459854 0.168013856813
0.353584447145 0.168013856813
0.353155339806 0.168013856813
0.352727272727 0.168013856813
0.352300242131 0.168013856813
0.351874244256 0.168013856813
0.351449275362 0.168013856813
0.351025331725 0.168013856813
0.350602409639 0.168013856813
0.350180505415 0.168013856813
0.350961538462 0.168591224018
0.350540216086 0.168591224018
0.350119904077 0.168591224018
0.349700598802 0.168591224018
0.349282296651 0.168591224018
0.348864994026 0.168591224018
0.348448687351 0.168591224018
0.348033373063 0.168591224018
0.34880952381 0.169168591224
0.348394768133 0.169168591224
0.347980997625 0.169168591224
0.347568208778 0.169168591224
0.347156398104 0.169168591224
0.34674556213 0.169168591224
0.347517730496 0.16974595843
0.347107438017 0.16974595843
0.346698113208 0.16974595843
0.347467608952 0.170323325635
0.348235294118 0.170900692841
0.347826086957 0.170900692841
0.347417840376 0.170900692841
0.347010550996 0.170900692841
0.346604215457 0.170900692841
0.347368421053 0.171478060046
0.346962616822 0.171478060046
0.346557759627 0.171478060046
0.346153846154 0.171478060046
0.345750873108 0.171478060046
0.345348837209 0.171478060046
0.344947735192 0.171478060046
0.344547563805 0.171478060046
0.344148319815 0.171478060046
0.34375 0.171478060046
0.343352601156 0.171478060046
0.342956120092 0.171478060046
0.342560553633 0.171478060046
0.34331797235 0.172055427252
0.342922899885 0.172055427252
0.342528735632 0.172055427252
0.342135476464 0.172055427252
0.341743119266 0.172055427252
0.342497136312 0.172632794457
0.343249427918 0.173210161663
0.342857142857 0.173210161663
0.342465753425 0.173210161663
0.343215507412 0.173787528868
0.342824601367 0.173787528868
0.342434584755 0.173787528868
0.343181818182 0.174364896074
0.342792281498 0.174364896074
0.342403628118 0.174364896074
0.34201585504 0.174364896074
0.341628959276 0.174364896074
0.341242937853 0.174364896074
0.34085778781 0.174364896074
0.340473506201 0.174364896074
0.34009009009 0.174364896074
0.339707536558 0.174364896074
0.340449438202 0.174942263279
0.340067340067 0.174942263279
0.340807174888 0.175519630485
0.341545352744 0.176096997691
0.341163310962 0.176096997691
0.341899441341 0.176674364896
0.341517857143 0.176674364896
0.341137123746 0.176674364896
0.340757238307 0.176674364896
0.34149054505 0.177251732102
0.342222222222 0.177829099307
0.341842397336 0.177829099307
0.341463414634 0.177829099307
0.341085271318 0.177829099307
0.340707964602 0.177829099307
0.340331491713 0.177829099307
0.341059602649 0.178406466513
0.340683572216 0.178406466513
0.34140969163 0.178983833718
0.34103410341 0.178983833718
0.340659340659 0.178983833718
0.340285400659 0.178983833718
0.339912280702 0.178983833718
0.339539978094 0.178983833718
0.339168490153 0.178983833718
0.338797814208 0.178983833718
0.338427947598 0.178983833718
0.338058887677 0.178983833718
0.338779956427 0.179561200924
0.338411316649 0.179561200924
0.339130434783 0.180138568129
0.338762214984 0.180138568129
0.338394793926 0.180138568129
0.339111592633 0.180715935335
0.338744588745 0.180715935335
0.338378378378 0.180715935335
0.338012958963 0.180715935335
0.33764832794 0.180715935335
0.337284482759 0.180715935335
0.336921420883 0.180715935335
0.336559139785 0.180715935335
0.33619763695 0.180715935335
0.335836909871 0.180715935335
0.335476956056 0.180715935335
0.336188436831 0.18129330254
0.335828877005 0.18129330254
0.33547008547 0.18129330254
0.335112059765 0.18129330254
0.334754797441 0.18129330254
0.33439829606 0.18129330254
0.334042553191 0.18129330254
0.333687566419 0.18129330254
0.333333333333 0.18129330254
0.334040296925 0.181870669746
0.333686440678 0.181870669746
0.333333333333 0.181870669746
0.334038054968 0.182448036952
0.33368532207 0.182448036952
0.333333333333 0.182448036952
0.332982086407 0.182448036952
0.333684210526 0.183025404157
0.333333333333 0.183025404157
0.332983193277 0.183025404157
0.332633788038 0.183025404157
0.333333333333 0.183602771363
0.332984293194 0.183602771363
0.332635983264 0.183602771363
0.332288401254 0.183602771363
0.331941544885 0.183602771363
0.332638164755 0.184180138568
0.333333333333 0.184757505774
0.332986472425 0.184757505774
0.33264033264 0.184757505774
0.332294911734 0.184757505774
0.331950207469 0.184757505774
0.331606217617 0.184757505774
0.331262939959 0.184757505774
0.330920372285 0.184757505774
0.330578512397 0.184757505774
0.330237358101 0.184757505774
0.330927835052 0.185334872979
0.330587023687 0.185334872979
0.33024691358 0.185334872979
0.329907502569 0.185334872979
0.329568788501 0.185334872979
0.329230769231 0.185334872979
0.328893442623 0.185334872979
0.328556806551 0.185334872979
0.328220858896 0.185334872979
0.327885597549 0.185334872979
0.328571428571 0.185912240185
0.328236493374 0.185912240185
0.327902240326 0.185912240185
0.327568667345 0.185912240185
0.327235772358 0.185912240185
0.326903553299 0.185912240185
0.326572008114 0.185912240185
0.326241134752 0.185912240185
0.325910931174 0.185912240185
0.325581395349 0.185912240185
0.325252525253 0.185912240185
0.325933400605 0.18648960739
0.32560483871 0.18648960739
0.32527693857 0.18648960739
0.325955734406 0.187066974596
0.325628140704 0.187066974596
0.325301204819 0.187066974596
0.324974924774 0.187066974596
0.324649298597 0.187066974596
0.324324324324 0.187066974596
0.324 0.187066974596
0.323676323676 0.187066974596
0.323353293413 0.187066974596
0.323030907278 0.187066974596
0.322709163347 0.187066974596
0.322388059701 0.187066974596
0.322067594433 0.187066974596
0.321747765641 0.187066974596
0.321428571429 0.187066974596
0.321110009911 0.187066974596
0.320792079208 0.187066974596
0.321463897132 0.187644341801
0.321146245059 0.187644341801
0.320829220138 0.187644341801
0.320512820513 0.187644341801
0.320197044335 0.187644341801
0.320866141732 0.188221709007
0.320550639135 0.188221709007
0.320235756385 0.188221709007
0.319921491658 0.188221709007
0.320588235294 0.188799076212
0.32027424094 0.188799076212
0.320939334638 0.189376443418
0.320625610948 0.189376443418
0.3203125 0.189376443418
0.320975609756 0.189953810624
0.321637426901 0.190531177829
0.322297955209 0.191108545035
0.322957198444 0.19168591224
0.322643343052 0.19168591224
0.322330097087 0.19168591224
0.322017458778 0.19168591224
0.321705426357 0.19168591224
0.321393998064 0.19168591224
0.321083172147 0.19168591224
0.32077294686 0.19168591224
0.320463320463 0.19168591224
0.320154291225 0.19168591224
0.320809248555 0.192263279446
0.320500481232 0.192263279446
0.320192307692 0.192263279446
0.320845341018 0.192840646651
0.320537428023 0.192840646651
0.320230105465 0.192840646651
0.319923371648 0.192840646651
0.320574162679 0.193418013857
0.321223709369 0.193995381062
0.321872015282 0.194572748268
0.321564885496 0.194572748268
0.321258341277 0.194572748268
0.320952380952 0.194572748268
0.320647002854 0.194572748268
0.320342205323 0.194572748268
0.320037986705 0.194572748268
0.319734345351 0.194572748268
0.319431279621 0.194572748268
0.319128787879 0.194572748268
0.318826868496 0.194572748268
0.318525519849 0.194572748268
0.318224740321 0.194572748268
0.317924528302 0.194572748268
0.317624882187 0.194572748268
0.318267419962 0.195150115473
0.317968015052 0.195150115473
0.317669172932 0.195150115473
0.318309859155 0.195727482679
0.318011257036 0.195727482679
0.31771321462 0.195727482679
0.317415730337 0.195727482679
0.317118802619 0.195727482679
0.317757009346 0.196304849885
0.31746031746 0.196304849885
0.317164179104 0.196304849885
0.316868592731 0.196304849885
0.316573556797 0.196304849885
0.316279069767 0.196304849885
0.315985130112 0.196304849885
0.315691736305 0.196304849885
0.315398886827 0.196304849885
0.315106580167 0.196304849885
0.314814814815 0.196304849885
0.314523589269 0.196304849885
0.315157116451 0.19688221709
0.31486611265 0.19688221709
0.314575645756 0.19688221709
0.314285714286 0.19688221709
0.313996316759 0.19688221709
0.313707451702 0.19688221709
0.313419117647 0.19688221709
0.313131313131 0.19688221709
0.312844036697 0.19688221709
0.313473877177 0.197459584296
0.313186813187 0.197459584296
0.312900274474 0.197459584296
0.31352833638 0.198036951501
0.313242009132 0.198036951501
0.31295620438 0.198036951501
0.313582497721 0.198614318707
0.313296903461 0.198614318707
0.313921747043 0.199191685912
0.314545454545 0.199769053118
0.314259763851 0.199769053118
0.313974591652 0.199769053118
0.313689936537 0.199769053118
0.313405797101 0.199769053118
0.313122171946 0.199769053118
0.312839059675 0.199769053118
0.312556458898 0.199769053118
0.312274368231 0.199769053118
0.311992786294 0.199769053118
0.311711711712 0.199769053118
0.311431143114 0.199769053118
0.311151079137 0.199769053118
0.310871518419 0.199769053118
0.310592459605 0.199769053118
0.311210762332 0.200346420323
0.310931899642 0.200346420323
0.310653536258 0.200346420323
0.310375670841 0.200346420323
0.310991957105 0.200923787529
0.310714285714 0.200923787529
0.310437109723 0.200923787529
0.311051693405 0.201501154734
0.310774710597 0.201501154734
0.310498220641 0.201501154734
0.310222222222 0.201501154734
0.310834813499 0.20207852194
0.311446317657 0.202655889145
0.311170212766 0.202655889145
0.311780336581 0.203233256351
0.312389380531 0.203810623557
0.312113174182 0.203810623557
0.31183745583 0.203810623557
0.311562224184 0.203810623557
0.311287477954 0.203810623557
0.311013215859 0.203810623557
0.31073943662 0.203810623557
0.310466138962 0.203810623557
0.310193321617 0.203810623557
0.309920983319 0.203810623557
0.309649122807 0.203810623557
0.309377738826 0.203810623557
0.309982486865 0.204387990762
0.309711286089 0.204387990762
0.309440559441 0.204387990762
0.310043668122 0.204965357968
0.309773123909 0.204965357968
0.309503051439 0.204965357968
0.309233449477 0.204965357968
0.308964316797 0.204965357968
0.308695652174 0.204965357968
0.309296264118 0.205542725173
0.309027777778 0.205542725173
0.308759757155 0.205542725173
0.30849220104 0.205542725173
0.308225108225 0.205542725173
0.307958477509 0.205542725173
0.307692307692 0.205542725173
0.307426597582 0.205542725173
0.307161345988 0.205542725173
0.30775862069 0.206120092379
0.307493540052 0.206120092379
0.307228915663 0.206120092379
0.306964746346 0.206120092379
0.306701030928 0.206120092379
0.30643776824 0.206120092379
0.306174957118 0.206120092379
0.305912596401 0.206120092379
0.305650684932 0.206120092379
0.30624465355 0.206697459584
0.305982905983 0.206697459584
0.305721605465 0.206697459584
0.305460750853 0.206697459584
0.306052855925 0.20727482679
0.305792163543 0.20727482679
0.305531914894 0.20727482679
0.305272108844 0.20727482679
0.305012744265 0.20727482679
0.304753820034 0.20727482679
0.30449533503 0.20727482679
0.304237288136 0.20727482679
0.303979678239 0.20727482679
0.30372250423 0.20727482679
0.303465765004 0.20727482679
0.303209459459 0.20727482679
0.302953586498 0.20727482679
0.303541315346 0.207852193995
0.303285593934 0.207852193995
0.30303030303 0.207852193995
0.302775441548 0.207852193995
0.302521008403 0.207852193995
0.302267002519 0.207852193995
0.302013422819 0.207852193995
0.301760268231 0.207852193995
0.301507537688 0.207852193995
0.301255230126 0.207852193995
0.301839464883 0.208429561201
0.301587301587 0.208429561201
0.301335559265 0.208429561201
0.301084236864 0.208429561201
0.300833333333 0.208429561201
0.300582847627 0.208429561201
0.300332778702 0.208429561201
0.30008312552 0.208429561201
0.299833887043 0.208429561201
0.299585062241 0.208429561201
0.300165837479 0.209006928406
0.299917149959 0.209006928406
0.299668874172 0.209006928406
0.299421009098 0.209006928406
0.299173553719 0.209006928406
0.298926507019 0.209006928406
0.299504950495 0.209584295612
0.299258037923 0.209584295612
0.299835255354 0.210161662818
0.299588477366 0.210161662818
0.299342105263 0.210161662818
0.299096138044 0.210161662818
0.298850574713 0.210161662818
0.299425758819 0.210739030023
0.299180327869 0.210739030023
0.299754299754 0.211316397229
0.299509001637 0.211316397229
0.299264104661 0.211316397229
0.299019607843 0.211316397229
0.298775510204 0.211316397229
0.298531810767 0.211316397229
0.299103504482 0.211893764434
0.299674267101 0.21247113164
0.299430431245 0.21247113164
0.3 0.213048498845
0.299756295695 0.213048498845
0.299512987013 0.213048498845
0.299270072993 0.213048498845
0.299837925446 0.213625866051
0.3004048583 0.214203233256
0.300161812298 0.214203233256
0.299919159256 0.214203233256
0.299676898223 0.214203233256
0.299435028249 0.214203233256
0.299193548387 0.214203233256
0.298952457695 0.214203233256
0.298711755233 0.214203233256
0.298471440064 0.214203233256
0.298231511254 0.214203233256
0.297991967871 0.214203233256
0.298555377207 0.214780600462
0.2983159583 0.214780600462
0.298076923077 0.214780600462
0.297838270616 0.214780600462
0.2976 0.214780600462
0.297362110312 0.214780600462
0.297124600639 0.214780600462
0.296887470072 0.214780600462
0.296650717703 0.214780600462
0.297211155378 0.215357967667
0.296974522293 0.215357967667
0.296738265712 0.215357967667
0.297297297297 0.215935334873
0.297061159651 0.215935334873
0.297619047619 0.216512702079
0.297383029342 0.216512702079
0.297147385103 0.216512702079
0.296912114014 0.216512702079
0.29746835443 0.217090069284
0.297233201581 0.217090069284
0.296998420221 0.217090069284
0.296764009471 0.217090069284
0.296529968454 0.217090069284
0.297084318361 0.21766743649
0.296850393701 0.21766743649
0.296616837136 0.21766743649
0.296383647799 0.21766743649
0.296150824823 0.21766743649
0.295918367347 0.21766743649
0.29568627451 0.21766743649
0.295454545455 0.21766743649
0.295223179327 0.21766743649
0.294992175274 0.21766743649
0.294761532447 0.21766743649
0.29453125 0.21766743649
0.294301327088 0.21766743649
0.294071762871 0.21766743649
0.294621979735 0.218244803695
0.294392523364 0.218244803695
0.294163424125 0.218244803695
0.293934681182 0.218244803695
0.294483294483 0.218822170901
0.295031055901 0.219399538106
0.295577967417 0.219976905312
0.295348837209 0.219976905312
0.295120061967 0.219976905312
0.294891640867 0.219976905312
0.294663573086 0.219976905312
0.294435857805 0.219976905312
0.294980694981 0.220554272517
0.29475308642 0.220554272517
0.294525828836 0.220554272517
0.294298921418 0.220554272517
0.294072363356 0.220554272517
0.293846153846 0.220554272517
0.293620292083 0.220554272517
0.293394777266 0.220554272517
0.293169608596 0.220554272517
0.292944785276 0.220554272517
0.293486590038 0.221131639723
0.2932618683 0.221131639723
0.293037490436 0.221131639723
0.292813455657 0.221131639723
0.293353705118 0.221709006928
0.293129770992 0.221709006928
0.29290617849 0.221709006928
0.293445121951 0.222286374134
0.293983244478 0.222863741339
0.293759512938 0.222863741339
0.293536121673 0.222863741339
0.293313069909 0.222863741339
0.293849658314 0.223441108545
0.293626707132 0.223441108545
0.293404094011 0.223441108545
0.293181818182 0.223441108545
0.293716881151 0.224018475751
0.294251134644 0.224595842956
0.294784580499 0.225173210162
0.294561933535 0.225173210162
0.294339622642 0.225173210162
0.294117647059 0.225173210162
0.293896006029 0.225173210162
0.293674698795 0.225173210162
0.293453724605 0.225173210162
0.293984962406 0.225750577367
0.293764087153 0.225750577367
0.293543543544 0.225750577367
0.293323330833 0.225750577367
0.293103448276 0.225750577367
0.292883895131 0.225750577367
0.292664670659 0.225750577367
0.293193717277 0.226327944573
0.293721973094 0.226905311778
0.293502613891 0.226905311778
0.29328358209 0.226905311778
0.293064876957 0.226905311778
0.292846497765 0.226905311778
0.292628443783 0.226905311778
0.292410714286 0.226905311778
0.292936802974 0.227482678984
0.292719167905 0.227482678984
0.293244246474 0.228060046189
0.293026706231 0.228060046189
0.29280948851 0.228060046189
0.292592592593 0.228060046189
0.292376017765 0.228060046189
0.292159763314 0.228060046189
0.292682926829 0.228637413395
0.293205317578 0.2292147806
0.293726937269 0.229792147806
0.293510324484 0.229792147806
0.293294030951 0.229792147806
0.29381443299 0.230369515012
0.293598233996 0.230369515012
0.293382352941 0.230369515012
0.293166789126 0.230369515012
0.29295154185 0.230369515012
0.293470286134 0.230946882217
0.293255131965 0.230946882217
0.29304029304 0.230946882217
0.292825768668 0.230946882217
0.292611558157 0.230946882217
0.293128654971 0.231524249423
0.292914536158 0.231524249423
0.292700729927 0.231524249423
0.292487235594 0.231524249423
0.292274052478 0.231524249423
0.292061179898 0.231524249423
0.291848617176 0.231524249423
0.291636363636 0.231524249423
0.291424418605 0.231524249423
0.291212781409 0.231524249423
0.291001451379 0.231524249423
0.290790427846 0.231524249423
0.290579710145 0.231524249423
0.29036929761 0.231524249423
0.29015918958 0.231524249423
0.289949385394 0.231524249423
0.289739884393 0.231524249423
0.290252707581 0.232101616628
0.290043290043 0.232101616628
0.289834174477 0.232101616628
0.289625360231 0.232101616628
0.289416846652 0.232101616628
0.289208633094 0.232101616628
0.289000718907 0.232101616628
0.288793103448 0.232101616628
0.288585786073 0.232101616628
0.288378766141 0.232101616628
0.288888888889 0.232678983834
0.288681948424 0.232678983834
0.288475304223 0.232678983834
0.288268955651 0.232678983834
0.288062902073 0.232678983834
0.287857142857 0.232678983834
0.287651677373 0.232678983834
0.287446504993 0.232678983834
0.287241625089 0.232678983834
0.287037037037 0.232678983834
0.286832740214 0.232678983834
0.286628733997 0.232678983834
0.286425017768 0.232678983834
0.286221590909 0.232678983834
0.286018452803 0.232678983834
0.285815602837 0.232678983834
0.285613040397 0.232678983834
0.285410764873 0.232678983834
0.285208775655 0.232678983834
0.285007072136 0.232678983834
0.28480565371 0.232678983834
0.284604519774 0.232678983834
0.285109386027 0.233256351039
0.285613540197 0.233833718245
0.285412262156 0.233833718245
0.285211267606 0.233833718245
0.285010555947 0.233833718245
0.285513361463 0.23441108545
0.285312719606 0.23441108545
0.285112359551 0.23441108545
0.285614035088 0.234988452656
0.286115007013 0.235565819861
0.286615276804 0.236143187067
0.286414565826 0.236143187067
0.286913925822 0.236720554273
0.286713286713 0.236720554273
0.286512928022 0.236720554273
0.286312849162 0.236720554273
0.286113049546 0.236720554273
0.285913528591 0.236720554273
0.285714285714 0.236720554273
0.286211699164 0.237297921478
0.286012526096 0.237297921478
0.285813630042 0.237297921478
0.285615010424 0.237297921478
0.285416666667 0.237297921478
0.285218598196 0.237297921478
0.285714285714 0.237875288684
0.286209286209 0.238452655889
0.286703601108 0.239030023095
0.286505190311 0.239030023095
0.286307053942 0.239030023095
0.286109191431 0.239030023095
0.28591160221 0.239030023095
0.286404416839 0.2396073903
0.286206896552 0.2396073903
0.286009648518 0.2396073903
0.28650137741 0.240184757506
0.286304198211 0.240184757506
0.286795048143 0.240762124711
0.286597938144 0.240762124711
0.286401098901 0.240762124711
0.286204529856 0.240762124711
0.286008230453 0.240762124711
0.286497601097 0.241339491917
0.286301369863 0.241339491917
0.286789869952 0.241916859122
0.28659370725 0.241916859122
0.286397812714 0.241916859122
0.286885245902 0.242494226328
0.286689419795 0.242494226328
0.287175989086 0.243071593533
0.286980231766 0.243071593533
0.286784741144 0.243071593533
0.286589516678 0.243071593533
0.286394557823 0.243071593533
0.286199864038 0.243071593533
0.286684782609 0.243648960739
0.286490156144 0.243648960739
0.28697421981 0.244226327945
0.287457627119 0.24480369515
0.287262872629 0.24480369515
0.287068381855 0.24480369515
0.286874154263 0.24480369515
0.286680189317 0.24480369515
0.287162162162 0.245381062356
0.286968264686 0.245381062356
0.28677462888 0.245381062356
0.286581254214 0.245381062356
0.286388140162 0.245381062356
0.286195286195 0.245381062356
0.28600269179 0.245381062356
0.285810356422 0.245381062356
0.286290322581 0.245958429561
0.286098052384 0.245958429561
0.285906040268 0.245958429561
0.285714285714 0.245958429561
0.285522788204 0.245958429561
0.28533154722 0.245958429561
0.285140562249 0.245958429561
0.285618729097 0.246535796767
0.285427807487 0.246535796767
0.285905143621 0.247113163972
0.285714285714 0.247113163972
0.285523682455 0.247113163972
0.285333333333 0.247113163972
0.285143237841 0.247113163972
0.285619174434 0.247690531178
0.285429141717 0.247690531178
0.285239361702 0.247690531178
0.285049833887 0.247690531178
0.285524568393 0.248267898383
0.285335102853 0.248267898383
0.285809018568 0.248845265589
0.286282306163 0.249422632794
0.286092715232 0.249422632794
0.286565188617 0.25
0.287037037037 0.250577367206
0.287508261732 0.251154734411
0.287318361955 0.251154734411
0.287128712871 0.251154734411
0.286939313984 0.251154734411
0.28740936058 0.251732101617
0.28722002635 0.251732101617
0.287030941409 0.251732101617
0.286842105263 0.251732101617
0.287310979619 0.252309468822
0.287779237845 0.252886836028
0.287590282337 0.252886836028
0.287401574803 0.252886836028
0.287868852459 0.253464203233
0.287680209699 0.253464203233
0.287491814014 0.253464203233
0.287303664921 0.253464203233
0.287115761936 0.253464203233
0.286928104575 0.253464203233
0.286740692358 0.253464203233
0.286553524804 0.253464203233
0.286366601435 0.253464203233
0.286179921773 0.253464203233
0.28664495114 0.254041570439
0.287109375 0.254618937644
0.287573194535 0.25519630485
0.287386215865 0.25519630485
0.287199480182 0.25519630485
0.287012987013 0.25519630485
0.286826735886 0.25519630485
0.286640726329 0.25519630485
0.287103046014 0.255773672055
0.287564766839 0.256351039261
0.287378640777 0.256351039261
0.287839586028 0.256928406467
0.288299935359 0.257505773672
0.288759689922 0.258083140878
0.288573273079 0.258083140878
0.288387096774 0.258083140878
0.288201160542 0.258083140878
0.288015463918 0.258083140878
0.287830006439 0.258083140878
0.287644787645 0.258083140878
0.287459807074 0.258083140878
0.287275064267 0.258083140878
0.287090558767 0.258083140878
0.286906290116 0.258083140878
0.286722257858 0.258083140878
0.287179487179 0.258660508083
0.286995515695 0.258660508083
0.28681177977 0.258660508083
0.287268074216 0.259237875289
0.287084398977 0.259237875289
0.286900958466 0.259237875289
0.286717752235 0.259237875289
0.286534779834 0.259237875289
0.286989795918 0.259815242494
0.287444231995 0.2603926097
0.287261146497 0.2603926097
0.28707829408 0.2603926097
0.2868956743 0.2603926097
0.287349014622 0.260969976905
0.287166454892 0.260969976905
0.286984126984 0.260969976905
0.286802030457 0.260969976905
0.28662016487 0.260969976905
0.286438529785 0.260969976905
0.286257124763 0.260969976905
0.286075949367 0.260969976905
0.285895003163 0.260969976905
0.285714285714 0.260969976905
0.285533796589 0.260969976905
0.285353535354 0.260969976905
0.285173501577 0.260969976905
0.28499369483 0.260969976905
0.284814114682 0.260969976905
0.284634760705 0.260969976905
0.284455632473 0.260969976905
0.28427672956 0.260969976905
0.28409805154 0.260969976905
0.28391959799 0.260969976905
0.283741368487 0.260969976905
0.28356336261 0.260969976905
0.283385579937 0.260969976905
0.28320802005 0.260969976905
0.28303068253 0.260969976905
0.282853566959 0.260969976905
0.282676672921 0.260969976905
0.2825 0.260969976905
0.282323547783 0.260969976905
0.282771535581 0.261547344111
0.282595134124 0.261547344111
0.282418952618 0.261547344111
0.282866043614 0.262124711316
0.282689912827 0.262124711316
0.282514001245 0.262124711316
0.282338308458 0.262124711316
0.282162834058 0.262124711316
0.28198757764 0.262124711316
0.281812538796 0.262124711316
0.281637717122 0.262124711316
0.281463112213 0.262124711316
0.281908302354 0.262702078522
0.282352941176 0.263279445727
0.282178217822 0.263279445727
0.282003710575 0.263279445727
0.281829419036 0.263279445727
0.281655342804 0.263279445727
0.281481481481 0.263279445727
0.28130783467 0.263279445727
0.281134401973 0.263279445727
0.280961182994 0.263279445727
0.28078817734 0.263279445727
0.281230769231 0.263856812933
0.281672816728 0.264434180139
0.281499692686 0.264434180139
0.281326781327 0.264434180139
0.281154082259 0.264434180139
0.280981595092 0.264434180139
0.280809319436 0.264434180139
0.280637254902 0.264434180139
0.280465401102 0.264434180139
0.28029375765 0.264434180139
0.280122324159 0.264434180139
0.279951100244 0.264434180139
0.280390959071 0.265011547344
0.28083028083 0.26558891455
0.280658938377 0.26558891455
0.281097560976 0.266166281755
0.280926264473 0.266166281755
0.280755176614 0.266166281755
0.280584297018 0.266166281755
0.28102189781 0.266743648961
0.28085106383 0.266743648961
0.280680437424 0.266743648961
0.280510018215 0.266743648961
0.280946601942 0.267321016166
0.280776228017 0.267321016166
0.280606060606 0.267321016166
0.281041792853 0.267898383372
0.281476997579 0.268475750577
0.281911675741 0.269053117783
0.282345828295 0.269630484988
0.282175226586 0.269630484988
0.282004830918 0.269630484988
0.281834640917 0.269630484988
0.281664656212 0.269630484988
0.281494876432 0.269630484988
0.281325301205 0.269630484988
0.281155930163 0.269630484988
0.281588447653 0.270207852194
0.282020444979 0.2707852194
0.281850961538 0.2707852194
0.281681681682 0.2707852194
0.281512605042 0.2707852194
0.281343731254 0.2707852194
0.281774580336 0.271362586605
0.282204913122 0.271939953811
0.282035928144 0.271939953811
0.281867145422 0.271939953811
0.281698564593 0.271939953811
0.282127913927 0.272517321016
0.282556750299 0.273094688222
0.282388059701 0.273094688222
0.282219570406 0.273094688222
0.282051282051 0.273094688222
0.281883194279 0.273094688222
0.28171530673 0.273094688222
0.281547619048 0.273094688222
0.281380130874 0.273094688222
0.281807372176 0.273672055427
0.281639928699 0.273672055427
0.281472684086 0.273672055427
0.281305637982 0.273672055427
0.281138790036 0.273672055427
0.281564908121 0.274249422633
0.281990521327 0.274826789838
0.281823564239 0.274826789838
0.281656804734 0.274826789838
0.28149024246 0.274826789838
0.281323877069 0.274826789838
0.281748375665 0.275404157044
0.282172373081 0.275981524249
0.282595870206 0.276558891455
0.282429245283 0.276558891455
0.282262816735 0.276558891455
0.282685512367 0.277136258661
0.282519128899 0.277136258661
0.282352941176 0.277136258661
0.282186948854 0.277136258661
0.282021151586 0.277136258661
0.281855549031 0.277136258661
0.281690140845 0.277136258661
0.281524926686 0.277136258661
0.281359906213 0.277136258661
0.281780902168 0.277713625866
0.282201405152 0.278290993072
0.282036278525 0.278290993072
0.281871345029 0.278290993072
0.281706604325 0.278290993072
0.281542056075 0.278290993072
0.281961471103 0.278868360277
0.281796966161 0.278868360277
0.281632653061 0.278868360277
0.281468531469 0.278868360277
0.281304601048 0.278868360277
0.281140861467 0.278868360277
0.280977312391 0.278868360277
0.280813953488 0.278868360277
0.280650784428 0.278868360277
0.281068524971 0.279445727483
0.281485780615 0.280023094688
0.2813225058 0.280023094688
0.28115942029 0.280023094688
0.280996523754 0.280023094688
0.280833815866 0.280023094688
0.280671296296 0.280023094688
0.280508964719 0.280023094688
0.280346820809 0.280023094688
0.28018486424 0.280023094688
0.280023094688 0.280023094688
0.279861511829 0.280023094688
0.280276816609 0.280600461894
0.280691642651 0.281177829099
0.281105990783 0.281755196305
0.281519861831 0.28233256351
0.281357882624 0.28233256351
0.281771132835 0.282909930716
0.281609195402 0.282909930716
0.281447443998 0.282909930716
0.281285878301 0.282909930716
0.281698221457 0.283487297921
0.281536697248 0.283487297921
0.281375358166 0.283487297921
0.281214203895 0.283487297921
0.281053234116 0.283487297921
0.280892448513 0.283487297921
0.28073184677 0.283487297921
0.280571428571 0.283487297921
0.280411193604 0.283487297921
0.280821917808 0.284064665127
0.280661722761 0.284064665127
0.280501710376 0.284064665127
0.280911680912 0.284642032333
0.280751708428 0.284642032333
0.280591918042 0.284642032333
0.281001137656 0.285219399538
0.280841387152 0.285219399538
0.280681818182 0.285219399538
0.280522430437 0.285219399538
0.28036322361 0.285219399538
0.280204197391 0.285219399538
0.280045351474 0.285219399538
0.279886685552 0.285219399538
0.280294450736 0.285796766744
0.28013582343 0.285796766744
0.279977375566 0.285796766744
0.27981910684 0.285796766744
0.279661016949 0.285796766744
0.27950310559 0.285796766744
0.27934537246 0.285796766744
0.279187817259 0.285796766744
0.279030439684 0.285796766744
0.279436619718 0.286374133949
0.279279279279 0.286374133949
0.279684862127 0.286951501155
0.280089988751 0.28752886836
0.280494659921 0.288106235566
0.280337078652 0.288106235566
0.28017967434 0.288106235566
0.280022446689 0.288106235566
0.279865395401 0.288106235566
0.279708520179 0.288106235566
0.279551820728 0.288106235566
0.279395296753 0.288106235566
0.279238947957 0.288106235566
0.279082774049 0.288106235566
0.278926774734 0.288106235566
0.278770949721 0.288106235566
0.278615298716 0.288106235566
0.278459821429 0.288106235566
0.278304517568 0.288106235566
0.278706800446 0.288683602771
0.278551532033 0.288683602771
0.278396436526 0.288683602771
0.278241513634 0.288683602771
0.27808676307 0.288683602771
0.277932184547 0.288683602771
0.277777777778 0.288683602771
0.277623542476 0.288683602771
0.277469478357 0.288683602771
0.277315585136 0.288683602771
0.277161862528 0.288683602771
0.277008310249 0.288683602771
0.276854928018 0.288683602771
0.276701715551 0.288683602771
0.276548672566 0.288683602771
0.276395798784 0.288683602771
0.276243093923 0.288683602771
0.276090557703 0.288683602771
0.276490066225 0.289260969977
0.276337562052 0.289260969977
0.27618522602 0.289260969977
0.276033057851 0.289260969977
0.276431718062 0.289838337182
0.276279581728 0.289838337182
0.276127612761 0.289838337182
0.275975810885 0.289838337182
0.275824175824 0.289838337182
0.275672707304 0.289838337182
0.27607025247 0.290415704388
0.27591881514 0.290415704388
0.276315789474 0.290993071594
0.276164383562 0.290993071594
0.276013143483 0.290993071594
0.275862068966 0.290993071594
0.275711159737 0.290993071594
0.275560415528 0.290993071594
0.275409836066 0.290993071594
0.275805570726 0.291570438799
0.276200873362 0.292147806005
0.276050190944 0.292147806005
0.275899672846 0.292147806005
0.276294277929 0.29272517321
0.27614379085 0.29272517321
0.27599346761 0.29272517321
0.276387377584 0.293302540416
0.276237085372 0.293302540416
0.276086956522 0.293302540416
0.275936990766 0.293302540416
0.275787187839 0.293302540416
0.275637547477 0.293302540416
0.275488069414 0.293302540416
0.275338753388 0.293302540416
0.275189599133 0.293302540416
0.275040606389 0.293302540416
0.274891774892 0.293302540416
0.274743104381 0.293302540416
0.274594594595 0.293302540416
0.274446245273 0.293302540416
0.274298056156 0.293302540416
0.274150026983 0.293302540416
0.274002157497 0.293302540416
0.273854447439 0.293302540416
0.274245689655 0.293879907621
0.274098007539 0.293879907621
0.273950484392 0.293879907621
0.273803119957 0.293879907621
0.274193548387 0.294457274827
0.274046211714 0.294457274827
0.273899033298 0.294457274827
0.273752012882 0.294457274827
0.273605150215 0.294457274827
0.27345844504 0.294457274827
0.273311897106 0.294457274827
0.27316550616 0.294457274827
0.273019271949 0.294457274827
0.272873194222 0.294457274827
0.272727272727 0.294457274827
0.272581507215 0.294457274827
0.272435897436 0.294457274827
0.272290443139 0.294457274827
0.272145144077 0.294457274827
0.272 0.294457274827
0.271855010661 0.294457274827
0.271710175812 0.294457274827
0.271565495208 0.294457274827
0.2714209686 0.294457274827
0.271276595745 0.294457274827
0.271132376396 0.294457274827
0.271519659936 0.295034642032
0.271375464684 0.295034642032
0.271231422505 0.295034642032
0.271618037135 0.295612009238
0.271474019088 0.295612009238
0.271330153683 0.295612009238
0.271186440678 0.295612009238
0.271042879831 0.295612009238
0.270899470899 0.295612009238
0.270756213644 0.295612009238
0.270613107822 0.295612009238
0.270470153196 0.295612009238
0.270327349525 0.295612009238
0.27018469657 0.295612009238
0.270569620253 0.296189376443
0.270426989984 0.296189376443
0.270284510011 0.296189376443
0.270142180095 0.296189376443
0.27 0.296189376443
0.26985796949 0.296189376443
0.269716088328 0.296189376443
0.270099842354 0.296766743649
0.269957983193 0.296766743649
0.269816272966 0.296766743649
0.269674711438 0.296766743649
0.270057682223 0.297344110855
0.269916142558 0.297344110855
0.269774751179 0.297344110855
0.269633507853 0.297344110855
0.26949241235 0.297344110855
0.269351464435 0.297344110855
0.269210663879 0.297344110855
0.269592476489 0.29792147806
0.269451697128 0.29792147806
0.269311064718 0.29792147806
0.26917057903 0.29792147806
0.269030239833 0.29792147806
0.268890046899 0.29792147806
0.26875 0.29792147806
0.268610098907 0.29792147806
0.268470343392 0.29792147806
0.268330733229 0.29792147806
0.268191268191 0.29792147806
0.268051948052 0.29792147806
0.267912772586 0.29792147806
0.267773741567 0.29792147806
0.267634854772 0.29792147806
0.267496111975 0.29792147806
0.267357512953 0.29792147806
0.267219057483 0.29792147806
0.267080745342 0.29792147806
0.266942576306 0.29792147806
0.266804550155 0.29792147806
0.266666666667 0.29792147806
0.26652892562 0.29792147806
0.266907589055 0.298498845266
0.266769865841 0.298498845266
0.266632284683 0.298498845266
0.266494845361 0.298498845266
0.266872746007 0.299076212471
0.266735324408 0.299076212471
0.266598044261 0.299076212471
0.26646090535 0.299076212471
0.266838046272 0.299653579677
0.267214799589 0.300230946882
0.267077555213 0.300230946882
0.267453798768 0.300808314088
0.267316572601 0.300808314088
0.267179487179 0.300808314088
0.267555099949 0.301385681293
0.267930327869 0.301963048499
0.268305171531 0.302540415704
0.268167860798 0.302540415704
0.268030690537 0.302540415704
0.267893660532 0.302540415704
0.267756770567 0.302540415704
0.267620020429 0.302540415704
0.267483409903 0.302540415704
0.267857142857 0.30311778291
0.267720550739 0.30311778291
0.267584097859 0.30311778291
0.267447784004 0.30311778291
0.267311608961 0.30311778291
0.267175572519 0.30311778291
0.267548321465 0.303695150115
0.267920691408 0.304272517321
0.267784552846 0.304272517321
0.267648552565 0.304272517321
0.268020304569 0.304849884527
0.267884322679 0.304849884527
0.267748478702 0.304849884527
0.267612772428 0.304849884527
0.267477203647 0.304849884527
0.267341772152 0.304849884527
0.267206477733 0.304849884527
0.267071320182 0.304849884527
0.266936299292 0.304849884527
0.267306720566 0.305427251732
0.267171717172 0.305427251732
0.267036850076 0.305427251732
0.266902119072 0.305427251732
0.266767523954 0.305427251732
0.266633064516 0.305427251732
0.266498740554 0.305427251732
0.266364551863 0.305427251732
0.266230498239 0.305427251732
0.266096579477 0.305427251732
0.265962795375 0.305427251732
0.265829145729 0.305427251732
0.266197890507 0.306004618938
0.266064257028 0.306004618938
0.265930757652 0.306004618938
0.265797392177 0.306004618938
0.265664160401 0.306004618938
0.265531062124 0.306004618938
0.265398097146 0.306004618938
0.265265265265 0.306004618938
0.265132566283 0.306004618938
0.265 0.306004618938
0.265367316342 0.306581986143
0.265234765235 0.306581986143
0.26510234648 0.306581986143
0.26497005988 0.306581986143
0.264837905237 0.306581986143
0.264705882353 0.306581986143
0.264573991031 0.306581986143
0.264442231076 0.306581986143
0.26431060229 0.306581986143
0.264179104478 0.306581986143
0.264047737444 0.306581986143
0.263916500994 0.306581986143
0.263785394933 0.306581986143
0.263654419067 0.306581986143
0.263523573201 0.306581986143
0.263392857143 0.306581986143
0.263262270699 0.306581986143
0.263627353816 0.307159353349
0.263496780584 0.307159353349
0.263366336634 0.307159353349
0.263236021771 0.307159353349
0.263105835806 0.307159353349
0.262975778547 0.307159353349
0.262845849802 0.307159353349
0.262716049383 0.307159353349
0.262586377098 0.307159353349
0.262456832758 0.307159353349
0.262327416174 0.307159353349
0.262690980779 0.307736720554
0.263054187192 0.30831408776
0.263417035943 0.308891454965
0.263287401575 0.308891454965
0.263157894737 0.308891454965
0.263028515241 0.308891454965
0.262899262899 0.308891454965
0.262770137525 0.308891454965
0.26264113893 0.308891454965
0.262512266928 0.308891454965
0.262383521334 0.308891454965
0.262254901961 0.308891454965
0.262126408623 0.308891454965
0.261998041136 0.308891454965
0.261869799315 0.308891454965
0.261741682975 0.308891454965
0.261613691932 0.308891454965
0.261485826002 0.308891454965
0.261358085002 0.308891454965
0.26123046875 0.308891454965
0.261102977062 0.308891454965
0.260975609756 0.308891454965
0.26084836665 0.308891454965
0.260721247563 0.308891454965
0.260594252314 0.308891454965
0.260467380721 0.308891454965
0.260827250608 0.309468822171
0.260700389105 0.309468822171
0.261059795819 0.310046189376
0.260932944606 0.310046189376
0.26080621661 0.310046189376
0.261165048544 0.310623556582
0.261523532266 0.311200923788
0.261881668283 0.311778290993
0.262239457101 0.312355658199
0.262112403101 0.312355658199
0.261985472155 0.312355658199
0.261858664085 0.312355658199
0.261731978713 0.312355658199
0.261605415861 0.312355658199
0.26147897535 0.312355658199
0.261352657005 0.312355658199
0.261226460647 0.312355658199
0.2611003861 0.312355658199
0.260974433189 0.312355658199
0.260848601736 0.312355658199
0.260722891566 0.312355658199
0.260597302505 0.312355658199
0.260471834377 0.312355658199
0.260346487007 0.312355658199
0.260221260221 0.312355658199
0.260096153846 0.312355658199
0.259971167708 0.312355658199
0.259846301633 0.312355658199
0.259721555449 0.312355658199
0.259596928983 0.312355658199
0.259472422062 0.312355658199
0.259348034516 0.312355658199
0.259223766172 0.312355658199
0.259099616858 0.312355658199
0.258975586405 0.312355658199
0.259330143541 0.312933025404
0.259206121473 0.312933025404
0.259082217973 0.312933025404
0.258958432871 0.312933025404
0.258834765998 0.312933025404
0.258711217184 0.312933025404
0.25858778626 0.312933025404
0.258464473057 0.312933025404
0.258341277407 0.312933025404
0.258218199142 0.312933025404
0.258095238095 0.312933025404
0.257972394098 0.312933025404
0.257849666984 0.312933025404
0.257727056586 0.312933025404
0.257604562738 0.312933025404
0.257482185273 0.312933025404
0.257359924027 0.312933025404
0.257237778832 0.312933025404
0.257115749526 0.312933025404
0.256993835941 0.312933025404
0.256872037915 0.312933025404
0.256750355282 0.312933025404
0.256628787879 0.312933025404
0.256507335542 0.312933025404
0.256385998108 0.312933025404
0.256264775414 0.312933025404
0.256143667297 0.312933025404
0.256022673595 0.312933025404
0.256373937677 0.31351039261
0.256252949504 0.31351039261
0.256132075472 0.31351039261
0.256011315417 0.31351039261
0.25589066918 0.31351039261
0.255770136599 0.31351039261
0.255649717514 0.31351039261
0.255529411765 0.31351039261
0.255409219191 0.31351039261
0.255289139633 0.31351039261
