1.0 0.0
1.0 0.000577367205543
1.0 0.00115473441109
1.0 0.00173210161663
1.0 0.00230946882217
1.0 0.00288683602771
0.833333333333 0.00288683602771
0.714285714286 0.00288683602771
0.75 0.00346420323326
0.777777777778 0.0040415704388
0.8 0.00461893764434
0.818181818182 0.00519630484988
0.833333333333 0.00577367205543
0.846153846154 0.00635103926097
0.857142857143 0.00692840646651
0.8 0.00692840646651
0.8125 0.00750577367206
0.823529411765 0.0080831408776
0.777777777778 0.0080831408776
0.789473684211 0.00866050808314
0.75 0.00866050808314
0.761904761905 0.00923787528868
0.772727272727 0.00981524249423
0.782608695652 0.0103926096998
0.75 0.0103926096998
0.76 0.0109699769053
0.730769230769 0.0109699769053
0.740740740741 0.0115473441109
0.75 0.0121247113164
0.758620689655 0.0127020785219
0.733333333333 0.0127020785219
0.741935483871 0.0132794457275
0.75 0.013856812933
0.727272727273 0.013856812933
0.735294117647 0.0144341801386
0.742857142857 0.0150115473441
0.75 0.0155889145497
0.756756756757 0.0161662817552
0.763157894737 0.0167436489607
0.769230769231 0.0173210161663
0.775 0.0178983833718
0.780487804878 0.0184757505774
0.785714285714 0.0190531177829
0.790697674419 0.0196304849885
0.795454545455 0.020207852194
0.8 0.0207852193995
0.782608695652 0.0207852193995
0.787234042553 0.0213625866051
0.770833333333 0.0213625866051
0.775510204082 0.0219399538106
0.78 0.0225173210162
0.764705882353 0.0225173210162
0.769230769231 0.0230946882217
0.77358490566 0.0236720554273
0.777777777778 0.0242494226328
0.763636363636 0.0242494226328
0.767857142857 0.0248267898383
0.771929824561 0.0254041570439
0.775862068966 0.0259815242494
0.762711864407 0.0259815242494
0.766666666667 0.026558891455
0.770491803279 0.0271362586605
0.774193548387 0.0277136258661
0.777777777778 0.0282909930716
0.765625 0.0282909930716
0.753846153846 0.0282909930716
0.742424242424 0.0282909930716
0.746268656716 0.0288683602771
0.735294117647 0.0288683602771
0.724637681159 0.0288683602771
0.728571428571 0.0294457274827
0.718309859155 0.0294457274827
0.708333333333 0.0294457274827
0.698630136986 0.0294457274827
0.702702702703 0.0300230946882
0.693333333333 0.0300230946882
0.697368421053 0.0306004618938
0.701298701299 0.0311778290993
0.692307692308 0.0311778290993
0.683544303797 0.0311778290993
0.675 0.0311778290993
0.679012345679 0.0317551963048
0.670731707317 0.0317551963048
0.674698795181 0.0323325635104
0.666666666667 0.0323325635104
0.670588235294 0.0329099307159
0.662790697674 0.0329099307159
0.655172413793 0.0329099307159
0.659090909091 0.0334872979215
0.662921348315 0.034064665127
0.655555555556 0.034064665127
0.659340659341 0.0346420323326
0.663043478261 0.0352193995381
0.666666666667 0.0357967667436
0.659574468085 0.0357967667436
0.663157894737 0.0363741339492
0.666666666667 0.0369515011547
0.659793814433 0.0369515011547
0.663265306122 0.0375288683603
0.656565656566 0.0375288683603
0.65 0.0375288683603
0.643564356436 0.0375288683603
0.647058823529 0.0381062355658
0.650485436893 0.0386836027714
0.644230769231 0.0386836027714
0.638095238095 0.0386836027714
0.632075471698 0.0386836027714
0.626168224299 0.0386836027714
0.62037037037 0.0386836027714
0.623853211009 0.0392609699769
0.627272727273 0.0398383371824
0.621621621622 0.0398383371824
0.625 0.040415704388
0.628318584071 0.0409930715935
0.631578947368 0.0415704387991
0.634782608696 0.0421478060046
0.637931034483 0.0427251732102
0.641025641026 0.0433025404157
0.635593220339 0.0433025404157
0.63025210084 0.0433025404157
0.633333333333 0.0438799076212
0.636363636364 0.0444572748268
0.631147540984 0.0444572748268
0.626016260163 0.0444572748268
0.629032258065 0.0450346420323
0.624 0.0450346420323
0.619047619048 0.0450346420323
0.622047244094 0.0456120092379
0.6171875 0.0456120092379
0.62015503876 0.0461893764434
0.623076923077 0.046766743649
0.625954198473 0.0473441108545
0.628787878788 0.04792147806
0.631578947368 0.0484988452656
0.634328358209 0.0490762124711
0.62962962963 0.0490762124711
0.625 0.0490762124711
0.627737226277 0.0496535796767
0.630434782609 0.0502309468822
0.625899280576 0.0502309468822
0.628571428571 0.0508083140878
0.631205673759 0.0513856812933
0.633802816901 0.0519630484988
0.636363636364 0.0525404157044
0.638888888889 0.0531177829099
0.634482758621 0.0531177829099
0.630136986301 0.0531177829099
0.632653061224 0.0536951501155
0.635135135135 0.054272517321
0.630872483221 0.054272517321
0.626666666667 0.054272517321
0.622516556291 0.054272517321
0.618421052632 0.054272517321
0.614379084967 0.054272517321
0.61038961039 0.054272517321
0.612903225806 0.0548498845266
0.615384615385 0.0554272517321
0.617834394904 0.0560046189376
0.613924050633 0.0560046189376
0.610062893082 0.0560046189376
0.60625 0.0560046189376
0.60248447205 0.0560046189376
0.604938271605 0.0565819861432
0.60736196319 0.0571593533487
0.609756097561 0.0577367205543
0.606060606061 0.0577367205543
0.60843373494 0.0583140877598
0.610778443114 0.0588914549654
0.607142857143 0.0588914549654
0.609467455621 0.0594688221709
0.605882352941 0.0594688221709
0.608187134503 0.0600461893764
0.610465116279 0.060623556582
0.612716763006 0.0612009237875
0.609195402299 0.0612009237875
0.605714285714 0.0612009237875
0.602272727273 0.0612009237875
0.598870056497 0.0612009237875
0.601123595506 0.0617782909931
0.603351955307 0.0623556581986
0.6 0.0623556581986
0.602209944751 0.0629330254042
0.604395604396 0.0635103926097
0.606557377049 0.0640877598152
0.603260869565 0.0640877598152
0.6 0.0640877598152
0.602150537634 0.0646651270208
0.598930481283 0.0646651270208
0.595744680851 0.0646651270208
0.592592592593 0.0646651270208
0.589473684211 0.0646651270208
0.586387434555 0.0646651270208
0.583333333333 0.0646651270208
0.580310880829 0.0646651270208
0.582474226804 0.0652424942263
0.579487179487 0.0652424942263
0.576530612245 0.0652424942263
0.573604060914 0.0652424942263
0.570707070707 0.0652424942263
0.572864321608 0.0658198614319
0.57 0.0658198614319
0.567164179104 0.0658198614319
0.569306930693 0.0663972286374
0.566502463054 0.0663972286374
0.56862745098 0.066974595843
0.570731707317 0.0675519630485
0.572815533981 0.068129330254
0.570048309179 0.068129330254
0.567307692308 0.068129330254
0.569377990431 0.0687066974596
0.571428571429 0.0692840646651
0.57345971564 0.0698614318707
0.575471698113 0.0704387990762
0.577464788732 0.0710161662818
0.57476635514 0.0710161662818
0.572093023256 0.0710161662818
0.569444444444 0.0710161662818
0.566820276498 0.0710161662818
0.56880733945 0.0715935334873
0.570776255708 0.0721709006928
0.572727272727 0.0727482678984
0.570135746606 0.0727482678984
0.572072072072 0.0733256351039
0.569506726457 0.0733256351039
0.571428571429 0.0739030023095
0.573333333333 0.074480369515
0.570796460177 0.074480369515
0.568281938326 0.074480369515
0.570175438596 0.0750577367206
0.56768558952 0.0750577367206
0.565217391304 0.0750577367206
0.562770562771 0.0750577367206
0.560344827586 0.0750577367206
0.557939914163 0.0750577367206
0.559829059829 0.0756351039261
0.56170212766 0.0762124711316
0.559322033898 0.0762124711316
0.556962025316 0.0762124711316
0.554621848739 0.0762124711316
0.55230125523 0.0762124711316
0.55 0.0762124711316
0.551867219917 0.0767898383372
0.54958677686 0.0767898383372
0.551440329218 0.0773672055427
0.549180327869 0.0773672055427
0.551020408163 0.0779445727483
0.548780487805 0.0779445727483
0.550607287449 0.0785219399538
0.548387096774 0.0785219399538
0.546184738956 0.0785219399538
0.548 0.0790993071594
0.545816733068 0.0790993071594
0.547619047619 0.0796766743649
0.545454545455 0.0796766743649
0.547244094488 0.0802540415704
0.545098039216 0.0802540415704
0.54296875 0.0802540415704
0.540856031128 0.0802540415704
0.538759689922 0.0802540415704
0.53667953668 0.0802540415704
0.538461538462 0.080831408776
0.536398467433 0.080831408776
0.538167938931 0.0814087759815
0.539923954373 0.0819861431871
0.537878787879 0.0819861431871
0.535849056604 0.0819861431871
0.537593984962 0.0825635103926
0.535580524345 0.0825635103926
0.533582089552 0.0825635103926
0.53531598513 0.0831408775982
0.533333333333 0.0831408775982
0.531365313653 0.0831408775982
0.533088235294 0.0837182448037
0.531135531136 0.0837182448037
0.529197080292 0.0837182448037
0.530909090909 0.0842956120092
0.528985507246 0.0842956120092
0.527075812274 0.0842956120092
0.528776978417 0.0848729792148
0.52688172043 0.0848729792148
0.528571428571 0.0854503464203
0.53024911032 0.0860277136259
0.531914893617 0.0866050808314
0.530035335689 0.0866050808314
0.531690140845 0.087182448037
0.529824561404 0.087182448037
0.531468531469 0.0877598152425
0.529616724739 0.0877598152425
0.527777777778 0.0877598152425
0.525951557093 0.0877598152425
0.524137931034 0.0877598152425
0.525773195876 0.088337182448
0.527397260274 0.0889145496536
0.525597269625 0.0889145496536
0.52380952381 0.0889145496536
0.522033898305 0.0889145496536
0.523648648649 0.0894919168591
0.521885521886 0.0894919168591
0.523489932886 0.0900692840647
0.52508361204 0.0906466512702
0.526666666667 0.0912240184758
0.528239202658 0.0918013856813
0.526490066225 0.0918013856813
0.524752475248 0.0918013856813
0.523026315789 0.0918013856813
0.524590163934 0.0923787528868
0.52614379085 0.0929561200924
0.527687296417 0.0935334872979
0.529220779221 0.0941108545035
0.527508090615 0.0941108545035
0.525806451613 0.0941108545035
0.524115755627 0.0941108545035
0.525641025641 0.094688221709
0.523961661342 0.094688221709
0.525477707006 0.0952655889145
0.52380952381 0.0952655889145
0.522151898734 0.0952655889145
0.520504731861 0.0952655889145
0.518867924528 0.0952655889145
0.520376175549 0.0958429561201
0.51875 0.0958429561201
0.517133956386 0.0958429561201
0.518633540373 0.0964203233256
0.517027863777 0.0964203233256
0.518518518519 0.0969976905312
0.52 0.0975750577367
0.518404907975 0.0975750577367
0.516819571865 0.0975750577367
0.515243902439 0.0975750577367
0.51367781155 0.0975750577367
0.515151515152 0.0981524249423
0.516616314199 0.0987297921478
0.518072289157 0.0993071593533
0.516516516517 0.0993071593533
0.517964071856 0.0998845265589
0.519402985075 0.100461893764
0.517857142857 0.100461893764
0.516320474777 0.100461893764
0.51775147929 0.10103926097
0.516224188791 0.10103926097
0.517647058824 0.101616628176
0.516129032258 0.101616628176
0.514619883041 0.101616628176
0.513119533528 0.101616628176
0.511627906977 0.101616628176
0.510144927536 0.101616628176
0.508670520231 0.101616628176
0.507204610951 0.101616628176
0.505747126437 0.101616628176
0.504297994269 0.101616628176
0.502857142857 0.101616628176
0.504273504274 0.102193995381
0.502840909091 0.102193995381
0.501416430595 0.102193995381
0.502824858757 0.102771362587
0.501408450704 0.102771362587
0.5 0.102771362587
0.498599439776 0.102771362587
0.497206703911 0.102771362587
0.49860724234 0.103348729792
0.5 0.103926096998
0.501385041551 0.104503464203
0.5 0.104503464203
0.501377410468 0.105080831409
0.502747252747 0.105658198614
0.501369863014 0.105658198614
0.5 0.105658198614
0.50136239782 0.10623556582
0.5 0.10623556582
0.50135501355 0.106812933025
0.502702702703 0.107390300231
0.501347708895 0.107390300231
0.5 0.107390300231
0.501340482574 0.107967667436
0.5 0.107967667436
0.498666666667 0.107967667436
0.5 0.108545034642
0.498673740053 0.108545034642
0.497354497354 0.108545034642
0.496042216359 0.108545034642
0.497368421053 0.109122401848
0.496062992126 0.109122401848
0.494764397906 0.109122401848
0.493472584856 0.109122401848
0.494791666667 0.109699769053
0.493506493506 0.109699769053
0.492227979275 0.109699769053
0.49354005168 0.110277136259
0.492268041237 0.110277136259
0.491002570694 0.110277136259
0.489743589744 0.110277136259
0.488491048593 0.110277136259
0.487244897959 0.110277136259
0.486005089059 0.110277136259
0.484771573604 0.110277136259
0.486075949367 0.110854503464
0.484848484848 0.110854503464
0.48362720403 0.110854503464
0.482412060302 0.110854503464
0.481203007519 0.110854503464
0.48 0.110854503464
0.478802992519 0.110854503464
0.477611940299 0.110854503464
0.476426799007 0.110854503464
0.475247524752 0.110854503464
0.474074074074 0.110854503464
0.472906403941 0.110854503464
0.474201474201 0.11143187067
0.475490196078 0.112009237875
0.474327628362 0.112009237875
0.475609756098 0.112586605081
0.474452554745 0.112586605081
0.473300970874 0.112586605081
0.47215496368 0.112586605081
0.471014492754 0.112586605081
0.469879518072 0.112586605081
0.46875 0.112586605081
0.467625899281 0.112586605081
0.466507177033 0.112586605081
0.467780429594 0.113163972286
0.469047619048 0.113741339492
0.467933491686 0.113741339492
0.46682464455 0.113741339492
0.465721040189 0.113741339492
0.466981132075 0.114318706697
0.468235294118 0.114896073903
0.469483568075 0.115473441109
0.468384074941 0.115473441109
0.467289719626 0.115473441109
0.468531468531 0.116050808314
0.467441860465 0.116050808314
0.466357308585 0.116050808314
0.467592592593 0.11662817552
0.466512702079 0.11662817552
0.465437788018 0.11662817552
0.466666666667 0.117205542725
0.465596330275 0.117205542725
0.464530892449 0.117205542725
0.463470319635 0.117205542725
0.462414578588 0.117205542725
0.461363636364 0.117205542725
0.460317460317 0.117205542725
0.4592760181 0.117205542725
0.458239277652 0.117205542725
0.457207207207 0.117205542725
0.456179775281 0.117205542725
0.455156950673 0.117205542725
0.454138702461 0.117205542725
0.455357142857 0.117782909931
0.456570155902 0.118360277136
0.455555555556 0.118360277136
0.454545454545 0.118360277136
0.453539823009 0.118360277136
0.452538631347 0.118360277136
0.45154185022 0.118360277136
0.450549450549 0.118360277136
0.451754385965 0.118937644342
0.450765864333 0.118937644342
0.451965065502 0.119515011547
0.450980392157 0.119515011547
0.452173913043 0.120092378753
0.451193058568 0.120092378753
0.450216450216 0.120092378753
0.449244060475 0.120092378753
0.450431034483 0.120669745958
0.451612903226 0.121247113164
0.452789699571 0.12182448037
0.453961456103 0.122401847575
0.452991452991 0.122401847575
0.452025586354 0.122401847575
0.451063829787 0.122401847575
0.450106157113 0.122401847575
0.449152542373 0.122401847575
0.448202959831 0.122401847575
0.449367088608 0.122979214781
0.448421052632 0.122979214781
0.447478991597 0.122979214781
0.448637316562 0.123556581986
0.449790794979 0.124133949192
0.44885177453 0.124133949192
0.447916666667 0.124133949192
0.446985446985 0.124133949192
0.448132780083 0.124711316397
0.447204968944 0.124711316397
0.446280991736 0.124711316397
0.445360824742 0.124711316397
0.444444444444 0.124711316397
0.443531827515 0.124711316397
0.44262295082 0.124711316397
0.441717791411 0.124711316397
0.440816326531 0.124711316397
0.441955193483 0.125288683603
0.441056910569 0.125288683603
0.440162271805 0.125288683603
0.441295546559 0.125866050808
0.440404040404 0.125866050808
0.441532258065 0.126443418014
0.440643863179 0.126443418014
0.439759036145 0.126443418014
0.440881763527 0.127020785219
0.44 0.127020785219
0.439121756487 0.127020785219
0.438247011952 0.127020785219
0.437375745527 0.127020785219
0.436507936508 0.127020785219
0.437623762376 0.127598152425
0.436758893281 0.127598152425
0.435897435897 0.127598152425
0.435039370079 0.127598152425
0.434184675835 0.127598152425
0.435294117647 0.12817551963
0.434442270059 0.12817551963
0.43359375 0.12817551963
0.43469785575 0.128752886836
0.43579766537 0.129330254042
0.434951456311 0.129330254042
0.434108527132 0.129330254042
0.433268858801 0.129330254042
0.432432432432 0.129330254042
0.431599229287 0.129330254042
0.430769230769 0.129330254042
0.429942418426 0.129330254042
0.429118773946 0.129330254042
0.428298279159 0.129330254042
0.427480916031 0.129330254042
0.428571428571 0.129907621247
0.429657794677 0.130484988453
0.430740037951 0.131062355658
0.429924242424 0.131062355658
0.429111531191 0.131062355658
0.428301886792 0.131062355658
0.429378531073 0.131639722864
0.428571428571 0.131639722864
0.427767354597 0.131639722864
0.426966292135 0.131639722864
0.428037383178 0.132217090069
0.42723880597 0.132217090069
0.42644320298 0.132217090069
0.425650557621 0.132217090069
0.424860853432 0.132217090069
0.425925925926 0.132794457275
0.425138632163 0.132794457275
0.426199261993 0.13337182448
0.425414364641 0.13337182448
0.424632352941 0.13337182448
0.423853211009 0.13337182448
0.423076923077 0.13337182448
0.422303473492 0.13337182448
0.423357664234 0.133949191686
0.422586520947 0.133949191686
0.423636363636 0.134526558891
0.422867513612 0.134526558891
0.422101449275 0.134526558891
0.423146473779 0.135103926097
0.42238267148 0.135103926097
0.421621621622 0.135103926097
0.420863309353 0.135103926097
0.420107719928 0.135103926097
0.41935483871 0.135103926097
0.418604651163 0.135103926097
0.419642857143 0.135681293303
0.420677361854 0.136258660508
0.419928825623 0.136258660508
0.420959147425 0.136836027714
0.421985815603 0.137413394919
0.421238938053 0.137413394919
0.420494699647 0.137413394919
0.41975308642 0.137413394919
0.419014084507 0.137413394919
0.418277680141 0.137413394919
0.417543859649 0.137413394919
0.416812609457 0.137413394919
0.416083916084 0.137413394919
0.417102966841 0.137990762125
0.41637630662 0.137990762125
0.415652173913 0.137990762125
0.414930555556 0.137990762125
0.415944540728 0.13856812933
0.415224913495 0.13856812933
0.414507772021 0.13856812933
0.413793103448 0.13856812933
0.413080895009 0.13856812933
0.412371134021 0.13856812933
0.413379073756 0.139145496536
0.414383561644 0.139722863741
0.413675213675 0.139722863741
0.412969283276 0.139722863741
0.413969335605 0.140300230947
0.413265306122 0.140300230947
0.412563667233 0.140300230947
0.413559322034 0.140877598152
0.412859560068 0.140877598152
0.413851351351 0.141454965358
0.413153456998 0.141454965358
0.414141414141 0.142032332564
0.413445378151 0.142032332564
0.414429530201 0.142609699769
0.413735343384 0.142609699769
0.413043478261 0.142609699769
0.412353923205 0.142609699769
0.411666666667 0.142609699769
0.410981697171 0.142609699769
0.41196013289 0.143187066975
0.41127694859 0.143187066975
0.41059602649 0.143187066975
0.409917355372 0.143187066975
0.409240924092 0.143187066975
0.408566721582 0.143187066975
0.409539473684 0.14376443418
0.408866995074 0.14376443418
0.408196721311 0.14376443418
0.407528641571 0.14376443418
0.406862745098 0.14376443418
0.406199021207 0.14376443418
0.405537459283 0.14376443418
0.40487804878 0.14376443418
0.404220779221 0.14376443418
0.403565640194 0.14376443418
0.402912621359 0.14376443418
0.402261712439 0.14376443418
0.401612903226 0.14376443418
0.402576489533 0.144341801386
0.40192926045 0.144341801386
0.401284109149 0.144341801386
0.400641025641 0.144341801386
0.4 0.144341801386
0.400958466454 0.144919168591
0.400318979266 0.144919168591
0.399681528662 0.144919168591
0.400635930048 0.145496535797
0.401587301587 0.146073903002
0.400950871632 0.146073903002
0.400316455696 0.146073903002
0.399684044234 0.146073903002
0.400630914826 0.146651270208
0.40157480315 0.147228637413
0.400943396226 0.147228637413
0.400313971743 0.147228637413
0.399686520376 0.147228637413
0.400625978091 0.147806004619
0.4 0.147806004619
0.400936037441 0.148383371824
0.40031152648 0.148383371824
0.399688958009 0.148383371824
0.400621118012 0.14896073903
0.4 0.14896073903
0.399380804954 0.14896073903
0.398763523957 0.14896073903
0.398148148148 0.14896073903
0.397534668721 0.14896073903
0.396923076923 0.14896073903
0.396313364055 0.14896073903
0.395705521472 0.14896073903
0.39663093415 0.149538106236
0.396024464832 0.149538106236
0.395419847328 0.149538106236
0.394817073171 0.149538106236
0.394216133942 0.149538106236
0.393617021277 0.149538106236
0.394537177542 0.150115473441
0.395454545455 0.150692840647
0.394856278366 0.150692840647
0.394259818731 0.150692840647
0.393665158371 0.150692840647
0.394578313253 0.151270207852
0.395488721805 0.151847575058
0.396396396396 0.152424942263
0.395802098951 0.152424942263
0.395209580838 0.152424942263
0.396113602392 0.153002309469
0.39552238806 0.153002309469
0.396423248882 0.153579676674
0.397321428571 0.15415704388
0.398216939079 0.154734411085
0.39762611276 0.154734411085
0.397037037037 0.154734411085
0.396449704142 0.154734411085
0.395864106352 0.154734411085
0.395280235988 0.154734411085
0.39469808542 0.154734411085
0.394117647059 0.154734411085
0.393538913363 0.154734411085
0.392961876833 0.154734411085
0.392386530015 0.154734411085
0.391812865497 0.154734411085
0.392700729927 0.155311778291
0.392128279883 0.155311778291
0.393013100437 0.155889145497
0.392441860465 0.155889145497
0.391872278665 0.155889145497
0.391304347826 0.155889145497
0.390738060781 0.155889145497
0.39161849711 0.156466512702
0.391053391053 0.156466512702
0.391930835735 0.157043879908
0.391366906475 0.157043879908
0.390804597701 0.157043879908
0.390243902439 0.157043879908
0.389684813754 0.157043879908
0.38912732475 0.157043879908
0.388571428571 0.157043879908
0.389443651926 0.157621247113
0.388888888889 0.157621247113
0.388335704125 0.157621247113
0.387784090909 0.157621247113
0.38865248227 0.158198614319
0.389518413598 0.158775981524
0.388967468175 0.158775981524
0.388418079096 0.158775981524
0.387870239774 0.158775981524
0.388732394366 0.15935334873
0.388185654008 0.15935334873
0.38904494382 0.159930715935
0.388499298738 0.159930715935
0.389355742297 0.160508083141
0.388811188811 0.160508083141
0.389664804469 0.161085450346
0.389121338912 0.161085450346
0.388579387187 0.161085450346
0.388038942976 0.161085450346
0.3875 0.161085450346
0.386962552011 0.161085450346
0.386426592798 0.161085450346
0.385892116183 0.161085450346
0.385359116022 0.161085450346
0.386206896552 0.161662817552
0.385674931129 0.161662817552
0.385144429161 0.161662817552
0.384615384615 0.161662817552
0.384087791495 0.161662817552
0.383561643836 0.161662817552
0.384404924761 0.162240184758
0.385245901639 0.162817551963
0.384720327422 0.162817551963
0.385558583106 0.163394919169
0.385034013605 0.163394919169
0.385869565217 0.163972286374
0.385345997286 0.163972286374
0.384823848238 0.163972286374
0.384303112314 0.163972286374
0.383783783784 0.163972286374
0.38326585695 0.163972286374
0.38409703504 0.16454965358
0.383580080754 0.16454965358
0.384408602151 0.165127020785
0.385234899329 0.165704387991
0.38471849866 0.165704387991
0.385542168675 0.166281755196
0.385026737968 0.166281755196
0.385847797063 0.166859122402
0.385333333333 0.166859122402
0.38482023968 0.166859122402
0.384308510638 0.166859122402
0.38379814077 0.166859122402
0.384615384615 0.167436489607
0.384105960265 0.167436489607
0.383597883598 0.167436489607
0.384412153236 0.168013856813
0.385224274406 0.168591224018
0.384716732543 0.168591224018
0.384210526316 0.168591224018
0.38370565046 0.168591224018
0.384514435696 0.169168591224
0.384010484928 0.169168591224
0.383507853403 0.169168591224
0.383006535948 0.169168591224
0.382506527415 0.169168591224
0.383311603651 0.16974595843
0.384114583333 0.170323325635
0.383615084525 0.170323325635
0.383116883117 0.170323325635
0.38261997406 0.170323325635
0.382124352332 0.170323325635
0.381630012937 0.170323325635
0.381136950904 0.170323325635
0.381935483871 0.170900692841
0.381443298969 0.170900692841
0.380952380952 0.170900692841
0.381748071979 0.171478060046
0.381258023107 0.171478060046
0.382051282051 0.172055427252
0.382842509603 0.172632794457
0.383631713555 0.173210161663
0.383141762452 0.173210161663
0.383928571429 0.173787528868
0.383439490446 0.173787528868
0.382951653944 0.173787528868
0.382465057179 0.173787528868
0.381979695431 0.173787528868
0.381495564005 0.173787528868
0.381012658228 0.173787528868
0.380530973451 0.173787528868
0.380050505051 0.173787528868
0.379571248424 0.173787528868
0.379093198992 0.173787528868
0.378616352201 0.173787528868
0.378140703518 0.173787528868
0.377666248432 0.173787528868
0.378446115288 0.174364896074
0.379224030038 0.174942263279
0.37875 0.174942263279
0.378277153558 0.174942263279
0.377805486284 0.174942263279
0.377334993773 0.174942263279
0.376865671642 0.174942263279
0.377639751553 0.175519630485
0.37841191067 0.176096997691
0.377942998761 0.176096997691
0.377475247525 0.176096997691
0.377008652658 0.176096997691
0.376543209877 0.176096997691
0.377311960543 0.176674364896
0.37684729064 0.176674364896
0.376383763838 0.176674364896
0.375921375921 0.176674364896
0.375460122699 0.176674364896
0.376225490196 0.177251732102
0.37576499388 0.177251732102
0.375305623472 0.177251732102
0.376068376068 0.177829099307
0.376829268293 0.178406466513
0.376370280146 0.178406466513
0.375912408759 0.178406466513
0.375455650061 0.178406466513
0.375 0.178406466513
0.374545454545 0.178406466513
0.375302663438 0.178983833718
0.37484885127 0.178983833718
0.375603864734 0.179561200924
0.376357056695 0.180138568129
0.375903614458 0.180138568129
0.375451263538 0.180138568129
0.376201923077 0.180715935335
0.376950780312 0.18129330254
0.377697841727 0.181870669746
0.377245508982 0.181870669746
0.376794258373 0.181870669746
0.376344086022 0.181870669746
0.375894988067 0.181870669746
0.376638855781 0.182448036952
0.37619047619 0.182448036952
0.375743162901 0.182448036952
0.37648456057 0.183025404157
0.376037959668 0.183025404157
0.375592417062 0.183025404157
0.375147928994 0.183025404157
0.375886524823 0.183602771363
0.376623376623 0.184180138568
0.376179245283 0.184180138568
0.375736160188 0.184180138568
0.375294117647 0.184180138568
0.374853113984 0.184180138568
0.37441314554 0.184180138568
0.373974208675 0.184180138568
0.373536299766 0.184180138568
0.374269005848 0.184757505774
0.373831775701 0.184757505774
0.374562427071 0.185334872979
0.374125874126 0.185334872979
0.373690337602 0.185334872979
0.373255813953 0.185334872979
0.372822299652 0.185334872979
0.372389791183 0.185334872979
0.371958285052 0.185334872979
0.371527777778 0.185334872979
0.371098265896 0.185334872979
0.37182448037 0.185912240185
0.372549019608 0.18648960739
0.372119815668 0.18648960739
0.372842347526 0.187066974596
0.373563218391 0.187644341801
0.373134328358 0.187644341801
0.373853211009 0.188221709007
0.373424971363 0.188221709007
0.37299771167 0.188221709007
0.372571428571 0.188221709007
0.372146118721 0.188221709007
0.371721778791 0.188221709007
0.371298405467 0.188221709007
0.370875995449 0.188221709007
0.370454545455 0.188221709007
0.370034052213 0.188221709007
0.37074829932 0.188799076212
0.370328425821 0.188799076212
0.371040723982 0.189376443418
0.370621468927 0.189376443418
0.370203160271 0.189376443418
0.369785794814 0.189376443418
0.370495495495 0.189953810624
0.37120359955 0.190531177829
0.370786516854 0.190531177829
0.371492704826 0.191108545035
0.371076233184 0.191108545035
0.370660694289 0.191108545035
0.370246085011 0.191108545035
0.369832402235 0.191108545035
0.369419642857 0.191108545035
0.36900780379 0.191108545035
0.36859688196 0.191108545035
0.368186874305 0.191108545035
0.368888888889 0.19168591224
0.368479467259 0.19168591224
0.368070953437 0.19168591224
0.367663344408 0.19168591224
0.367256637168 0.19168591224
0.367955801105 0.192263279446
0.367549668874 0.192263279446
0.367144432194 0.192263279446
0.366740088106 0.192263279446
0.366336633663 0.192263279446
0.365934065934 0.192263279446
0.365532381998 0.192263279446
0.366228070175 0.192840646651
0.366922234392 0.193418013857
0.366520787746 0.193418013857
0.366120218579 0.193418013857
0.365720524017 0.193418013857
0.3653217012 0.193418013857
0.364923747277 0.193418013857
0.364526659412 0.193418013857
0.365217391304 0.193995381062
0.364820846906 0.193995381062
0.365509761388 0.194572748268
0.36511375948 0.194572748268
0.364718614719 0.194572748268
0.364324324324 0.194572748268
0.363930885529 0.194572748268
0.363538295577 0.194572748268
0.363146551724 0.194572748268
0.362755651238 0.194572748268
0.363440860215 0.195150115473
0.363050483351 0.195150115473
0.362660944206 0.195150115473
0.363344051447 0.195727482679
0.36295503212 0.195727482679
0.36256684492 0.195727482679
0.362179487179 0.195727482679
0.362860192102 0.196304849885
0.363539445629 0.19688221709
0.364217252396 0.197459584296
0.363829787234 0.197459584296
0.36344314559 0.197459584296
0.364118895966 0.198036951501
0.363732767762 0.198036951501
0.363347457627 0.198036951501
0.364021164021 0.198614318707
0.363636363636 0.198614318707
0.363252375924 0.198614318707
0.362869198312 0.198614318707
0.36248682824 0.198614318707
0.362105263158 0.198614318707
0.361724500526 0.198614318707
0.361344537815 0.198614318707
0.360965372508 0.198614318707
0.360587002096 0.198614318707
0.360209424084 0.198614318707
0.360878661088 0.199191685912
0.361546499478 0.199769053118
0.361169102296 0.199769053118
0.360792492179 0.199769053118
0.360416666667 0.199769053118
0.360041623309 0.199769053118
0.359667359667 0.199769053118
0.360332294912 0.200346420323
0.359958506224 0.200346420323
0.359585492228 0.200346420323
0.359213250518 0.200346420323
0.358841778697 0.200346420323
0.35847107438 0.200346420323
0.358101135191 0.200346420323
0.358762886598 0.200923787529
0.358393408857 0.200923787529
0.359053497942 0.201501154734
0.358684480987 0.201501154734
0.359342915811 0.20207852194
0.358974358974 0.20207852194
0.358606557377 0.20207852194
0.359263050154 0.202655889145
0.359918200409 0.203233256351
0.359550561798 0.203233256351
0.359183673469 0.203233256351
0.358817533129 0.203233256351
0.359470468432 0.203810623557
0.359104781282 0.203810623557
0.358739837398 0.203810623557
0.358375634518 0.203810623557
0.358012170385 0.203810623557
0.358662613982 0.204387990762
0.358299595142 0.204387990762
0.357937310415 0.204387990762
0.357575757576 0.204387990762
0.35721493441 0.204387990762
0.35685483871 0.204387990762
0.356495468278 0.204387990762
0.356136820926 0.204387990762
0.356783919598 0.204965357968
0.356425702811 0.204965357968
0.356068204614 0.204965357968
0.355711422846 0.204965357968
0.355355355355 0.204965357968
0.355 0.204965357968
0.355644355644 0.205542725173
0.355289421158 0.205542725173
0.35593220339 0.206120092379
0.355577689243 0.206120092379
0.355223880597 0.206120092379
0.354870775348 0.206120092379
0.35551142006 0.206697459584
0.355158730159 0.206697459584
0.355797819623 0.20727482679
0.355445544554 0.20727482679
0.35509396637 0.20727482679
0.354743083004 0.20727482679
0.35538005923 0.207852193995
0.355029585799 0.207852193995
0.355665024631 0.208429561201
0.35531496063 0.208429561201
0.354965585054 0.208429561201
0.354616895874 0.208429561201
0.355250245339 0.209006928406
0.355882352941 0.209584295612
0.355533790402 0.209584295612
0.356164383562 0.210161662818
0.356793743891 0.210739030023
0.357421875 0.211316397229
0.357073170732 0.211316397229
0.356725146199 0.211316397229
0.356377799416 0.211316397229
0.357003891051 0.211893764434
0.356656948494 0.211893764434
0.357281553398 0.21247113164
0.357904946654 0.213048498845
0.357558139535 0.213048498845
0.357212003872 0.213048498845
0.357833655706 0.213625866051
0.35845410628 0.214203233256
0.358108108108 0.214203233256
0.357762777242 0.214203233256
0.357418111753 0.214203233256
0.357074109721 0.214203233256
0.357692307692 0.214780600462
0.358309317963 0.215357967667
0.357965451056 0.215357967667
0.358581016299 0.215935334873
0.359195402299 0.216512702079
0.358851674641 0.216512702079
0.358508604207 0.216512702079
0.358166189112 0.216512702079
0.357824427481 0.216512702079
0.357483317445 0.216512702079
0.358095238095 0.217090069284
0.357754519505 0.217090069284
0.357414448669 0.217090069284
0.357075023742 0.217090069284
0.356736242884 0.217090069284
0.356398104265 0.217090069284
0.357007575758 0.21766743649
0.35761589404 0.218244803695
0.357277882798 0.218244803695
0.356940509915 0.218244803695
0.357547169811 0.218822170901
0.357210179076 0.218822170901
0.356873822976 0.218822170901
0.35747883349 0.219399538106
0.357142857143 0.219399538106
0.356807511737 0.219399538106
0.356472795497 0.219399538106
0.356138706654 0.219399538106
0.355805243446 0.219399538106
0.355472404116 0.219399538106
0.355140186916 0.219399538106
0.355742296919 0.219976905312
0.355410447761 0.219976905312
0.356011183597 0.220554272517
0.355679702048 0.220554272517
0.355348837209 0.220554272517
0.355018587361 0.220554272517
0.354688950789 0.220554272517
0.355287569573 0.221131639723
0.354958294717 0.221131639723
0.355555555556 0.221709006928
0.356151711378 0.222286374134
0.355822550832 0.222286374134
0.355493998153 0.222286374134
0.355166051661 0.222286374134
0.355760368664 0.222863741339
0.355432780847 0.222863741339
0.35602575897 0.223441108545
0.356617647059 0.224018475751
0.356290174472 0.224018475751
0.355963302752 0.224018475751
0.356553620532 0.224595842956
0.357142857143 0.225173210162
0.35681610247 0.225173210162
0.356489945155 0.225173210162
0.357077625571 0.225750577367
0.356751824818 0.225750577367
0.356426618049 0.225750577367
0.356102003643 0.225750577367
0.356687898089 0.226327944573
0.356363636364 0.226327944573
0.356039963669 0.226327944573
0.355716878403 0.226327944573
0.355394378966 0.226327944573
0.355072463768 0.226327944573
0.355656108597 0.226905311778
0.356238698011 0.227482678984
0.355916892502 0.227482678984
0.35559566787 0.227482678984
0.355275022543 0.227482678984
0.354954954955 0.227482678984
0.354635463546 0.227482678984
0.354316546763 0.227482678984
0.353998203055 0.227482678984
0.35368043088 0.227482678984
0.3533632287 0.227482678984
0.353046594982 0.227482678984
0.352730528201 0.227482678984
0.352415026834 0.227482678984
0.352100089366 0.227482678984
0.351785714286 0.227482678984
0.351471900089 0.227482678984
0.351158645276 0.227482678984
0.350845948353 0.227482678984
0.350533807829 0.227482678984
0.350222222222 0.227482678984
0.349911190053 0.227482678984
0.349600709849 0.227482678984
0.349290780142 0.227482678984
0.348981399469 0.227482678984
0.348672566372 0.227482678984
0.348364279399 0.227482678984
0.348056537102 0.227482678984
0.348631950574 0.228060046189
0.348324514991 0.228060046189
0.348017621145 0.228060046189
0.348591549296 0.228637413395
0.348284960422 0.228637413395
0.347978910369 0.228637413395
0.347673397717 0.228637413395
0.347368421053 0.228637413395
0.347063978966 0.228637413395
0.346760070053 0.228637413395
0.347331583552 0.2292147806
0.347027972028 0.2292147806
0.347598253275 0.229792147806
0.347294938918 0.229792147806
0.346992153444 0.229792147806
0.34668989547 0.229792147806
0.34725848564 0.230369515012
0.346956521739 0.230369515012
0.346655082537 0.230369515012
0.346354166667 0.230369515012
0.346053772767 0.230369515012
0.34575389948 0.230369515012
0.345454545455 0.230369515012
0.345155709343 0.230369515012
0.344857389801 0.230369515012
0.345423143351 0.230946882217
0.345125107852 0.230946882217
0.345689655172 0.231524249423
0.345391903531 0.231524249423
0.345094664372 0.231524249423
0.344797936371 0.231524249423
0.344501718213 0.231524249423
0.344206008584 0.231524249423
0.344768439108 0.232101616628
0.344473007712 0.232101616628
0.344178082192 0.232101616628
0.343883661249 0.232101616628
0.34358974359 0.232101616628
0.343296327925 0.232101616628
0.343003412969 0.232101616628
0.342710997442 0.232101616628
0.342419080068 0.232101616628
0.342127659574 0.232101616628
0.341836734694 0.232101616628
0.341546304163 0.232101616628
0.341256366723 0.232101616628
0.34096692112 0.232101616628
0.340677966102 0.232101616628
0.340389500423 0.232101616628
0.340101522843 0.232101616628
0.340659340659 0.232678983834
0.341216216216 0.233256351039
0.341772151899 0.233833718245
0.342327150084 0.23441108545
0.342038753159 0.23441108545
0.342592592593 0.234988452656
0.342304457527 0.234988452656
0.342016806723 0.234988452656
0.342569269521 0.235565819861
0.342281879195 0.235565819861
0.34283319363 0.236143187067
0.342546063652 0.236143187067
0.342259414226 0.236143187067
0.342809364548 0.236720554273
0.342522974102 0.236720554273
0.34223706177 0.236720554273
0.341951626355 0.236720554273
0.341666666667 0.236720554273
0.341382181515 0.236720554273
0.341098169717 0.236720554273
0.341645885287 0.237297921478
0.34219269103 0.237875288684
0.341908713693 0.237875288684
0.341625207297 0.237875288684
0.341342170671 0.237875288684
0.341059602649 0.237875288684
0.340777502068 0.237875288684
0.340495867769 0.237875288684
0.340214698596 0.237875288684
0.339933993399 0.237875288684
0.340478153339 0.238452655889
0.340197693575 0.238452655889
0.340740740741 0.239030023095
0.340460526316 0.239030023095
0.340180772391 0.239030023095
0.339901477833 0.239030023095
0.340442986054 0.2396073903
0.340163934426 0.2396073903
0.339885339885 0.2396073903
0.340425531915 0.240184757506
0.340147179068 0.240184757506
0.339869281046 0.240184757506
0.339591836735 0.240184757506
0.339314845024 0.240184757506
0.339038304808 0.240184757506
0.338762214984 0.240184757506
0.338486574451 0.240184757506
0.338211382114 0.240184757506
0.337936636881 0.240184757506
0.337662337662 0.240184757506
0.337388483374 0.240184757506
0.337115072934 0.240184757506
0.336842105263 0.240184757506
0.336569579288 0.240184757506
0.336297493937 0.240184757506
0.336833602585 0.240762124711
0.337368845843 0.241339491917
0.337903225806 0.241916859122
0.338436744561 0.242494226328
0.338164251208 0.242494226328
0.337892196299 0.242494226328
0.337620578778 0.242494226328
0.33734939759 0.242494226328
0.337078651685 0.242494226328
0.337610264635 0.243071593533
0.33733974359 0.243071593533
0.337069655725 0.243071593533
0.3368 0.243071593533
0.33653077538 0.243071593533
0.336261980831 0.243071593533
0.335993615323 0.243071593533
0.335725677831 0.243071593533
0.335458167331 0.243071593533
0.335191082803 0.243071593533
0.335719968178 0.243648960739
0.336248012719 0.244226327945
0.335980937252 0.244226327945
0.335714285714 0.244226327945
0.336241078509 0.24480369515
0.33676703645 0.245381062356
0.336500395883 0.245381062356
0.336234177215 0.245381062356
0.335968379447 0.245381062356
0.336492890995 0.245958429561
0.336227308603 0.245958429561
0.33596214511 0.245958429561
0.335697399527 0.245958429561
0.335433070866 0.245958429561
0.335955940205 0.246535796767
0.335691823899 0.246535796767
0.335428122545 0.246535796767
0.335949764521 0.247113163972
0.33568627451 0.247113163972
0.335423197492 0.247113163972
0.335160532498 0.247113163972
0.33489827856 0.247113163972
0.334636434715 0.247113163972
0.334375 0.247113163972
0.334113973458 0.247113163972
0.333853354134 0.247113163972
0.333593141076 0.247113163972
0.333333333333 0.247113163972
0.333073929961 0.247113163972
0.332814930016 0.247113163972
0.332556332556 0.247113163972
0.332298136646 0.247113163972
0.33204034135 0.247113163972
0.331782945736 0.247113163972
0.332300542215 0.247690531178
0.332043343653 0.247690531178
0.331786542923 0.247690531178
0.331530139104 0.247690531178
0.331274131274 0.247690531178
0.331018518519 0.247690531178
0.330763299923 0.247690531178
0.330508474576 0.247690531178
0.33025404157 0.247690531178
0.330769230769 0.248267898383
0.33051498847 0.248267898383
0.330261136713 0.248267898383
0.330007674597 0.248267898383
0.330521472393 0.248845265589
0.330268199234 0.248845265589
0.330015313936 0.248845265589
0.329762815608 0.248845265589
0.330275229358 0.249422632794
0.330022918258 0.249422632794
0.330534351145 0.25
0.331045003814 0.250577367206
0.330792682927 0.250577367206
0.330540746382 0.250577367206
0.330289193303 0.250577367206
0.330038022814 0.250577367206
0.330547112462 0.251154734411
0.330296127563 0.251154734411
0.330804248862 0.251732101617
0.330553449583 0.251732101617
0.330303030303 0.251732101617
0.330052990159 0.251732101617
0.330559757943 0.252309468822
0.330309901738 0.252309468822
0.330060422961 0.252309468822
0.329811320755 0.252309468822
0.329562594268 0.252309468822
0.329314242653 0.252309468822
0.32906626506 0.252309468822
0.328818660647 0.252309468822
0.328571428571 0.252309468822
0.328324567994 0.252309468822
0.328078078078 0.252309468822
0.328582145536 0.252886836028
0.328335832084 0.252886836028
0.32808988764 0.252886836028
0.327844311377 0.252886836028
0.327599102468 0.252886836028
0.32735426009 0.252886836028
0.32710978342 0.252886836028
0.327611940299 0.253464203233
0.327367636092 0.253464203233
0.327123695976 0.253464203233
0.326880119136 0.253464203233
0.326636904762 0.253464203233
0.326394052045 0.253464203233
0.326151560178 0.253464203233
0.326651818857 0.254041570439
0.326409495549 0.254041570439
0.326167531505 0.254041570439
0.326666666667 0.254618937644
0.326424870466 0.254618937644
0.326183431953 0.254618937644
0.326681448633 0.25519630485
0.326440177253 0.25519630485
0.326937269373 0.255773672055
0.327433628319 0.256351039261
0.327192336035 0.256351039261
0.326951399116 0.256351039261
0.326710816777 0.256351039261
0.326470588235 0.256351039261
0.326230712711 0.256351039261
0.326725403818 0.256928406467
0.326485693324 0.256928406467
0.326246334311 0.256928406467
0.32673992674 0.257505773672
0.326500732064 0.257505773672
0.326261887345 0.257505773672
0.326754385965 0.258083140878
0.326515704894 0.258083140878
0.326277372263 0.258083140878
0.326768781911 0.258660508083
0.326530612245 0.258660508083
0.326292789512 0.258660508083
0.326783114993 0.259237875289
0.326545454545 0.259237875289
0.326308139535 0.259237875289
0.326797385621 0.259815242494
0.326560232221 0.259815242494
0.327048585932 0.2603926097
0.326811594203 0.2603926097
0.326574945692 0.2603926097
0.326338639653 0.2603926097
0.326825741142 0.260969976905
0.326589595376 0.260969976905
0.327075812274 0.261547344111
0.32683982684 0.261547344111
0.326604181687 0.261547344111
0.326368876081 0.261547344111
0.326133909287 0.261547344111
0.325899280576 0.261547344111
0.326383896477 0.262124711316
0.326149425287 0.262124711316
0.326633165829 0.262702078522
0.326398852224 0.262702078522
0.326164874552 0.262702078522
0.325931232092 0.262702078522
0.325697924123 0.262702078522
0.325464949928 0.262702078522
0.325947105075 0.263279445727
0.325714285714 0.263279445727
0.325481798715 0.263279445727
0.325249643367 0.263279445727
0.325730577334 0.263856812933
0.325498575499 0.263856812933
0.325978647687 0.264434180139
0.325746799431 0.264434180139
0.325515280739 0.264434180139
0.325284090909 0.264434180139
0.325053229241 0.264434180139
0.325531914894 0.265011547344
0.325301204819 0.265011547344
0.32507082153 0.265011547344
0.325548478415 0.26558891455
0.32531824611 0.26558891455
0.325088339223 0.26558891455
0.324858757062 0.26558891455
0.324629498941 0.26558891455
0.324400564175 0.26558891455
0.324171952079 0.26558891455
0.324647887324 0.266166281755
0.324419422942 0.266166281755
0.324191279887 0.266166281755
0.323963457484 0.266166281755
0.324438202247 0.266743648961
0.324210526316 0.266743648961
0.323983169705 0.266743648961
0.323756131745 0.266743648961
0.323529411765 0.266743648961
0.323303009097 0.266743648961
0.323076923077 0.266743648961
0.32285115304 0.266743648961
0.322625698324 0.266743648961
0.322400558269 0.266743648961
0.322873082287 0.267321016166
0.322648083624 0.267321016166
0.322423398329 0.267321016166
0.322199025748 0.267321016166
0.321974965229 0.267321016166
0.322446143155 0.267898383372
0.322222222222 0.267898383372
0.322692574601 0.268475750577
0.323162274619 0.269053117783
0.322938322938 0.269053117783
0.32271468144 0.269053117783
0.322491349481 0.269053117783
0.322268326418 0.269053117783
0.32204561161 0.269053117783
0.32182320442 0.269053117783
0.322291235335 0.269630484988
0.322068965517 0.269630484988
0.322536181943 0.270207852194
0.322314049587 0.270207852194
0.322092222987 0.270207852194
0.321870701513 0.270207852194
0.321649484536 0.270207852194
0.322115384615 0.2707852194
0.322580645161 0.271362586605
0.322359396433 0.271362586605
0.322138450994 0.271362586605
0.321917808219 0.271362586605
0.322381930185 0.271939953811
0.322161422709 0.271939953811
0.321941216678 0.271939953811
0.322404371585 0.272517321016
0.322184300341 0.272517321016
0.321964529332 0.272517321016
0.321745057941 0.272517321016
0.321525885559 0.272517321016
0.321307011572 0.272517321016
0.321088435374 0.272517321016
0.320870156356 0.272517321016
0.320652173913 0.272517321016
0.320434487441 0.272517321016
0.320217096336 0.272517321016
0.32 0.272517321016
0.319783197832 0.272517321016
0.320243737305 0.273094688222
0.320027063599 0.273094688222
0.319810682894 0.273094688222
0.319594594595 0.273094688222
0.319378798109 0.273094688222
0.31983805668 0.273672055427
0.320296695887 0.274249422633
0.320754716981 0.274826789838
0.320538720539 0.274826789838
0.320323014805 0.274826789838
0.320107599193 0.274826789838
0.320564516129 0.275404157044
0.32034922767 0.275404157044
0.320134228188 0.275404157044
0.320590207914 0.275981524249
0.320375335121 0.275981524249
0.320830542532 0.276558891455
0.320615796519 0.276558891455
0.320401337793 0.276558891455
0.320855614973 0.277136258661
0.320641282565 0.277136258661
0.320427236315 0.277136258661
0.32021347565 0.277136258661
0.320666666667 0.277713625866
0.320453031312 0.277713625866
0.320239680426 0.277713625866
0.320691949434 0.278290993072
0.321143617021 0.278868360277
0.320930232558 0.278868360277
0.320717131474 0.278868360277
0.320504313205 0.278868360277
0.320291777188 0.278868360277
0.320079522863 0.278868360277
0.320529801325 0.279445727483
0.320979483786 0.280023094688
0.320767195767 0.280023094688
0.320555188367 0.280023094688
0.32034346103 0.280023094688
0.320792079208 0.280600461894
0.320580474934 0.280600461894
0.320369149637 0.280600461894
0.320158102767 0.280600461894
0.319947333772 0.280600461894
0.319736842105 0.280600461894
0.320184089415 0.281177829099
0.319973718791 0.281177829099
0.319763624425 0.281177829099
0.319553805774 0.281177829099
0.319344262295 0.281177829099
0.319134993447 0.281177829099
0.31892599869 0.281177829099
0.318717277487 0.281177829099
0.3185088293 0.281177829099
0.318300653595 0.281177829099
0.318745917701 0.281755196305
0.318537859008 0.281755196305
0.318982387476 0.28233256351
0.318774445893 0.28233256351
0.318566775244 0.28233256351
0.318359375 0.28233256351
0.31880286272 0.282909930716
0.318595578674 0.282909930716
0.318388564003 0.282909930716
0.318831168831 0.283487297921
0.318624269955 0.283487297921
0.31906614786 0.284064665127
0.318859364874 0.284064665127
0.318652849741 0.284064665127
0.318446601942 0.284064665127
0.318240620957 0.284064665127
0.31803490627 0.284064665127
0.318475452196 0.284642032333
0.318269851517 0.284642032333
0.318064516129 0.284642032333
0.317859445519 0.284642032333
0.317654639175 0.284642032333
0.317450096587 0.284642032333
0.317245817246 0.284642032333
0.317041800643 0.284642032333
